Around the World
Daft Punk

EDM
around_the_world
1025x5168
2661

0|2701|26.655271530151367
0|2944|22.23798370361328
1|2753|28.03928565979004
2|152|33.089900970458984
2|155|32.728389739990234
2|157|33.757835388183594
2|159|34.4158935546875
2|322|30.730552673339844
2|324|27.407869338989258
2|329|29.118167877197266
2|491|33.15201187133789
2|493|33.30729675292969
2|496|31.2026309967041
2|498|32.32609558105469
2|500|33.48031234741211
2|663|32.35438919067383
2|670|30.91956901550293
2|833|34.24652862548828
2|837|30.51180648803711
2|839|30.689908981323242
2|841|31.99098014831543
2|1004|35.82545471191406
2|1009|33.58995056152344
2|1011|35.213558197021484
2|1174|33.89607620239258
2|1178|31.94971466064453
2|1182|33.52436065673828
2|1345|34.323551177978516
2|1348|32.5838737487793
2|1350|33.986812591552734
2|1352|35.593441009521484
2|1515|37.32563400268555
2|1519|30.649797439575195
2|1522|31.5343017578125
2|1684|35.86258316040039
2|1689|33.260066986083984
2|1691|31.56342124938965
2|1693|32.685401916503906
2|1856|36.98053741455078
2|1863|28.71613121032715
2|2026|39.287105560302734
2|2030|34.547420501708984
2|2032|31.614944458007812
2|2034|32.31343460083008
2|2197|35.99369812011719
2|2202|30.568649291992188
2|2204|32.66600799560547
2|2276|26.822736740112305
2|2367|35.42506408691406
2|2375|30.378141403198242
2|2500|30.592853546142578
2|2536|35.04677200317383
2|2538|35.748531341552734
2|2545|31.536598205566406
2|2691|173.602294921875
2|2708|31.52806282043457
2|2711|28.921306610107422
2|2714|38.006919860839844
2|2742|66.13829040527344
2|2745|66.91515350341797
2|2789|62.539798736572266
2|2900|27.325490951538086
2|3388|54.7676887512207
2|3391|49.196834564208984
2|3394|49.4918098449707
2|3396|50.88164138793945
2|3410|44.901546478271484
2|4070|50.80736541748047
2|4079|52.70219039916992
2|4153|29.596345901489258
2|4750|46.40690994262695
2|4753|49.73987579345703
2|4757|46.87480163574219
2|4761|47.20931625366211
3|12|64.71791076660156
3|53|50.327457427978516
3|57|56.44362258911133
3|69|48.64378356933594
3|73|38.81308364868164
3|95|52.066978454589844
3|98|52.51845932006836
3|111|50.45232391357422
3|115|32.50049591064453
3|119|34.66788864135742
3|140|66.18519592285156
3|164|46.35612106323242
3|168|35.60404586791992
3|171|36.96710968017578
3|185|60.05874252319336
3|224|48.799381256103516
3|227|58.64869689941406
3|239|47.33110427856445
3|245|41.339473724365234
3|266|54.108253479003906
3|269|54.74805450439453
3|281|50.10354995727539
3|289|36.715911865234375
3|310|67.25434112548828
3|335|42.72074508666992
3|339|36.30950927734375
3|341|37.786128997802734
3|353|62.484710693359375
3|395|54.28236389160156
3|398|53.34650802612305
3|410|48.24049758911133
3|416|44.840789794921875
3|436|53.7278938293457
3|439|57.113792419433594
3|441|57.53837966918945
3|452|50.60820770263672
3|460|37.69768524169922
3|481|68.78459930419922
3|505|44.5428466796875
3|510|36.71855926513672
3|512|37.83796691894531
3|523|63.906925201416016
3|526|53.75539779663086
3|565|51.97825241088867
3|568|53.63324737548828
3|580|45.37389373779297
3|586|45.6232795715332
3|607|57.524959564208984
3|611|58.60391616821289
3|622|52.516319274902344
3|630|37.41088104248047
3|652|62.552452087402344
3|676|45.6682243347168
3|678|37.67276382446289
3|682|41.668758392333984
3|694|65.42906188964844
3|736|53.24065017700195
3|739|52.76289367675781
3|751|46.74839782714844
3|757|46.12008285522461
3|777|57.24164581298828
3|782|59.48832321166992
3|793|51.93057632446289
3|801|41.135379791259766
3|822|67.62642669677734
3|846|44.33822250366211
3|853|44.166343688964844
3|906|51.858341217041016
3|909|55.20878601074219
3|921|48.88456726074219
3|927|45.81712341308594
3|947|55.25413513183594
3|950|55.8262939453125
3|963|52.6118278503418
3|971|36.80382537841797
3|992|63.358760833740234
3|1016|44.875762939453125
3|1019|36.0293083190918
3|1022|37.921104431152344
3|1035|64.34577941894531
3|1079|59.841636657714844
3|1092|46.025386810302734
3|1095|42.71568298339844
3|1097|44.01286697387695
3|1118|56.08047866821289
3|1121|54.13566589355469
3|1134|53.79999923706055
3|1141|37.65159606933594
3|1163|59.83222198486328
3|1187|46.02982711791992
3|1190|32.565879821777344
3|1193|34.91450500488281
3|1205|67.53600311279297
3|1250|59.406192779541016
3|1262|48.59223175048828
3|1268|44.66591262817383
3|1288|53.885948181152344
3|1293|56.77354431152344
3|1304|52.76460266113281
3|1312|40.032249450683594
3|1333|65.01805114746094
3|1357|47.41822052001953
3|1361|35.03688049316406
3|1364|35.148319244384766
3|1378|50.405757904052734
3|1417|50.808895111083984
3|1420|62.292442321777344
3|1438|42.97011947631836
3|1459|52.53179931640625
3|1463|59.1041145324707
3|1474|45.09469223022461
3|1482|43.2123908996582
3|1503|59.47332763671875
3|1528|44.5321159362793
3|1532|36.5858039855957
3|1534|37.52940368652344
3|1546|68.6476058959961
3|1591|61.671363830566406
3|1603|34.647274017333984
3|1609|47.907901763916016
3|1629|56.83836364746094
3|1634|54.8309326171875
3|1645|48.54884338378906
3|1653|43.45045471191406
3|1674|66.86066436767578
3|1698|37.91781234741211
3|1704|38.763885498046875
3|1716|64.06634521484375
3|1719|53.92232894897461
3|1761|58.89331817626953
3|1779|46.06636428833008
3|1804|54.79408264160156
3|1815|50.66978454589844
3|1823|38.417022705078125
3|1844|62.02767562866211
3|1869|45.22945022583008
3|1875|41.436180114746094
3|1887|67.84400939941406
3|1931|57.451900482177734
3|1944|37.165863037109375
3|1949|40.0754508972168
3|1970|57.09235382080078
3|1975|49.69293975830078
3|1986|45.332786560058594
3|1990|35.348854064941406
3|1993|36.41627883911133
3|2015|66.8915023803711
3|2039|43.81631851196289
3|2045|39.898311614990234
3|2057|64.64952850341797
3|2060|63.415714263916016
3|2102|60.04584503173828
3|2114|36.712093353271484
3|2120|38.62291717529297
3|2140|54.84177017211914
3|2144|51.081512451171875
3|2156|48.76081848144531
3|2160|30.945383071899414
3|2162|31.182239532470703
3|2164|34.63414001464844
3|2185|69.5146255493164
3|2210|43.6700553894043
3|2216|40.93569564819336
3|2228|64.07373046875
3|2230|56.268959045410156
3|2269|48.89546585083008
3|2272|56.2296028137207
3|2285|34.77842712402344
3|2290|37.30164337158203
3|2314|58.0792121887207
3|2327|43.73398208618164
3|2334|39.75698471069336
3|2356|62.45309829711914
3|2380|43.21339416503906
3|2386|43.51911544799805
3|2398|64.92930603027344
3|2401|62.46530532836914
3|2440|47.17056655883789
3|2443|53.70775604248047
3|2455|35.87764358520508
3|2461|43.03458023071289
3|2482|56.89476013183594
3|2484|54.884525299072266
3|2486|56.18270492553711
3|2497|47.90406799316406
3|2501|32.31111526489258
3|2505|38.550254821777344
3|2526|64.442138671875
3|2551|41.3011589050293
3|2553|38.681968688964844
3|2555|40.57638931274414
3|2557|41.38236999511719
3|2568|58.35483169555664
3|2571|53.717620849609375
3|2610|47.3394889831543
3|2613|52.120460510253906
3|2626|32.2768440246582
3|2631|45.825218200683594
3|2652|52.5635871887207
3|2656|61.32836151123047
3|2667|42.1282844543457
3|2675|36.8201789855957
3|2689|100.04105377197266
3|2698|25.17816162109375
3|2709|23.677038192749023
3|2739|118.1270751953125
3|2744|57.1056022644043
3|2781|121.65902709960938
3|2786|53.593788146972656
3|2821|99.62776947021484
3|2825|117.94953155517578
3|2829|65.07640838623047
3|2833|49.20720291137695
3|2867|108.59149932861328
3|2872|62.25787353515625
3|2875|33.597991943359375
3|2880|60.504661560058594
3|2883|57.84004592895508
3|2887|60.37819290161133
3|2890|72.71354675292969
3|2897|62.506534576416016
3|2907|111.08159637451172
3|2914|38.14704132080078
3|2951|111.6014175415039
3|2960|65.43761444091797
3|2962|58.76942443847656
3|2984|31.67644500732422
3|2995|74.06322479248047
3|3000|90.35591888427734
3|3034|69.87030792236328
3|3038|73.65919494628906
3|3042|88.75139617919922
3|3053|56.158111572265625
3|3056|58.70423889160156
3|3078|100.59284973144531
3|3085|39.43830871582031
3|3123|120.77432250976562
3|3166|123.16632080078125
3|3207|108.0592269897461
3|3210|66.26216125488281
3|3251|97.85395050048828
3|3256|30.851093292236328
3|3293|96.93283081054688
3|3307|56.49755096435547
3|3311|58.0997200012207
3|3335|103.9270248413086
3|3340|38.22332763671875
3|3348|47.94208908081055
3|3351|44.94867706298828
3|3355|44.917171478271484
3|3375|83.36307525634766
3|3379|110.85360717773438
3|3405|51.45815658569336
3|3408|48.482276916503906
3|3418|94.01634216308594
3|3421|95.27833557128906
3|3426|38.21033477783203
3|3460|71.65283966064453
3|3464|113.32373809814453
3|3468|60.448463439941406
3|3472|43.26604461669922
3|3504|107.55895233154297
3|3508|74.8475570678711
3|3515|36.44854736328125
3|3546|91.96967315673828
3|3550|80.05126953125
3|3554|44.029605865478516
3|3562|59.98831558227539
3|3569|57.53285598754883
3|3572|54.24824142456055
3|3578|58.14478302001953
3|3581|48.02556610107422
3|3591|92.0143051147461
3|3596|37.95250701904297
3|3635|72.50748443603516
3|3638|77.81192779541016
3|3644|57.08795928955078
3|3676|110.14250183105469
3|3684|33.64393615722656
3|3718|105.6950454711914
3|3727|52.445281982421875
3|3732|55.98958969116211
3|3738|55.25407409667969
3|3762|97.29886627197266
3|3766|35.13837814331055
3|3803|100.31301879882812
3|3807|63.355262756347656
3|3836|24.351896286010742
3|3846|113.01589965820312
3|3850|60.13014602661133
3|3887|82.14472198486328
3|3891|100.96578216552734
3|3894|50.104286193847656
3|3932|97.1727294921875
3|3937|39.1275749206543
3|3974|87.23829650878906
3|3979|36.09321212768555
3|3988|54.83676528930664
3|3991|54.19572830200195
3|3994|54.16215133666992
3|4016|109.68538665771484
3|4022|37.73979568481445
3|4031|40.72056579589844
3|4033|41.08271789550781
3|4037|40.07697677612305
3|4057|91.59331512451172
3|4061|99.96195220947266
3|4080|46.4975471496582
3|4086|47.10350036621094
3|4091|50.09185028076172
3|4100|92.4542007446289
3|4107|36.88607406616211
3|4142|87.51362609863281
3|4147|73.53589630126953
3|4151|41.0335807800293
3|4154|28.658781051635742
3|4177|27.01445770263672
3|4187|114.51930236816406
3|4192|39.40053176879883
3|4196|51.19981384277344
3|4229|100.2562484741211
3|4238|54.12507247924805
3|4244|50.19444274902344
3|4246|50.889034271240234
3|4250|55.59252166748047
3|4262|65.73999786376953
3|4271|96.8834457397461
3|4278|36.11899948120117
3|4314|97.71484375
3|4324|53.74414825439453
3|4326|50.50779342651367
3|4355|88.3958740234375
3|4360|77.6998519897461
3|4363|69.05097961425781
3|4398|80.9028549194336
3|4402|82.10374450683594
3|4405|61.79241180419922
3|4414|50.52547836303711
3|4419|52.21519470214844
3|4442|92.5029296875
3|4448|36.303375244140625
3|4484|75.94888305664062
3|4487|93.46127319335938
3|4491|54.707275390625
3|4518|27.660791397094727
3|4530|92.4559097290039
3|4534|55.806793212890625
3|4571|99.52716827392578
3|4575|55.677085876464844
3|4578|27.37369155883789
3|4603|24.140520095825195
3|4615|89.35427856445312
3|4654|94.0871810913086
3|4661|36.83594512939453
3|4671|51.7753791809082
3|4675|51.89206314086914
3|4696|95.60855865478516
3|4704|35.7562141418457
3|4712|42.224822998046875
3|4719|42.765995025634766
3|4740|82.58065795898438
3|4743|86.16870880126953
3|4766|42.2829475402832
3|4768|40.55302810668945
3|4771|42.598941802978516
3|4774|58.24568176269531
3|4783|93.82844543457031
3|4789|37.93889236450195
3|4819|31.591876983642578
3|4826|100.90166473388672
3|4831|31.947534561157227
3|4834|51.45549392700195
3|4870|107.00655364990234
3|4874|56.13743209838867
3|4878|43.46975326538086
3|4912|106.0516128540039
3|4917|56.12744903564453
3|4920|35.77893829345703
3|4925|53.466026306152344
3|4931|53.516475677490234
3|4933|52.654212951660156
3|4942|51.16959762573242
3|4952|87.21935272216797
3|4955|83.31930541992188
3|4960|33.777862548828125
3|4995|82.41886901855469
3|4998|80.95245361328125
3|5002|62.54018020629883
3|5008|55.11043167114258
3|5039|97.0499267578125
3|5046|44.92378616333008
3|5082|86.11743927001953
3|5088|50.80567169189453
3|5096|50.918968200683594
3|5101|52.0816650390625
3|5123|82.55339813232422
3|5126|79.30967712402344
3|5130|37.04884338378906
3|5167|83.49726104736328
4|8|61.0604248046875
4|15|71.197021484375
4|26|62.62090301513672
4|31|52.82634735107422
4|52|47.39988327026367
4|58|41.49833679199219
4|94|64.11417388916016
4|137|54.34449005126953
4|143|52.333770751953125
4|151|34.79507064819336
4|179|54.63089370727539
4|182|67.4412612915039
4|186|68.5608901977539
4|196|64.98674011230469
4|202|51.13106918334961
4|221|51.40101623535156
4|265|52.8972053527832
4|307|58.099937438964844
4|349|60.04572296142578
4|356|68.7863540649414
4|367|65.9627914428711
4|370|56.8007698059082
4|390|45.33620071411133
4|392|44.0674934387207
4|399|41.8173828125
4|435|63.812599182128906
4|442|44.864131927490234
4|450|22.64689064025879
4|477|54.443851470947266
4|484|51.353755950927734
4|520|61.15328598022461
4|527|68.17033386230469
4|537|67.6309814453125
4|543|51.259708404541016
4|563|49.07319641113281
4|605|58.220672607421875
4|631|29.95640754699707
4|648|58.23084259033203
4|690|55.604618072509766
4|697|62.35084915161133
4|708|63.8386344909668
4|713|54.39650344848633
4|733|49.737396240234375
4|776|60.082977294921875
4|783|40.77926254272461
4|818|52.70368194580078
4|825|55.203983306884766
4|833|35.62797927856445
4|861|62.773902893066406
4|864|66.6798095703125
4|868|68.14437866210938
4|878|66.15271759033203
4|883|53.269290924072266
4|903|41.018463134765625
4|910|41.50410461425781
4|946|62.940223693847656
4|953|39.272281646728516
4|989|60.99430847167969
4|995|55.78255081176758
4|1031|67.3401870727539
4|1034|62.078025817871094
4|1038|65.18740844726562
4|1049|63.0640754699707
4|1072|37.050296783447266
4|1074|45.6221809387207
4|1117|59.48292541503906
4|1159|62.378143310546875
4|1202|58.973663330078125
4|1209|66.32145690917969
4|1219|67.4057388305664
4|1225|55.595088958740234
4|1251|46.7310791015625
4|1287|68.28624725341797
4|1294|40.61663055419922
4|1329|55.63426971435547
4|1351|33.095279693603516
4|1372|60.12840270996094
4|1375|65.63172912597656
4|1379|66.96350860595703
4|1389|54.30126190185547
4|1395|50.42551803588867
4|1415|48.788360595703125
4|1457|57.664695739746094
4|1500|59.274044036865234
4|1512|47.603363037109375
4|1518|28.516429901123047
4|1542|56.20030212402344
4|1549|55.571537017822266
4|1560|53.65207290649414
4|1564|44.9850959777832
4|1585|46.84134292602539
4|1592|39.374080657958984
4|1628|61.19036865234375
4|1635|37.04404830932617
4|1670|55.68577194213867
4|1677|51.59773635864258
4|1690|32.20660400390625
4|1713|59.35683059692383
4|1720|65.9869613647461
4|1730|59.922584533691406
4|1798|61.52903366088867
4|1841|55.3148078918457
4|1848|49.66069793701172
4|1883|59.607234954833984
4|1890|65.10057067871094
4|1901|56.025569915771484
4|1906|44.407806396484375
4|1926|48.06600570678711
4|1969|57.91728973388672
4|2011|54.91867446899414
4|2018|49.900787353515625
4|2026|35.444496154785156
4|2031|29.032333374023438
4|2053|55.119720458984375
4|2061|67.78865051269531
4|2071|55.222923278808594
4|2076|51.26632308959961
4|2097|43.522003173828125
4|2139|64.84760284423828
4|2146|34.44767379760742
4|2182|47.20367431640625
4|2188|48.59775924682617
4|2196|34.67852020263672
4|2203|31.44009017944336
4|2224|64.0908432006836
4|2231|69.5526351928711
4|2242|55.345237731933594
4|2246|54.86430740356445
4|2310|57.83687210083008
4|2352|55.96292495727539
4|2359|48.790733337402344
4|2373|26.29545021057129
4|2394|57.35884475708008
4|2412|55.965816497802734
4|2415|48.54179000854492
4|2418|46.7778434753418
4|2437|46.608543395996094
4|2444|41.39765548706055
4|2480|58.74626159667969
4|2487|43.5629997253418
4|2522|53.09771728515625
4|2529|49.551780700683594
4|2537|35.46268844604492
4|2539|30.623945236206055
4|2542|26.330467224121094
4|2544|28.597455978393555
4|2565|53.3891487121582
4|2572|65.18677520751953
4|2582|54.057682037353516
4|2588|54.60554885864258
4|2608|39.21475601196289
4|2650|59.04667282104492
4|2693|21.949737548828125
4|2716|24.275110244750977
4|2734|102.49205780029297
4|2777|94.59436798095703
4|2779|78.92047882080078
4|2820|121.01025390625
4|2823|85.97254943847656
4|2863|94.15690612792969
4|2865|75.70667266845703
4|2906|97.21412658691406
4|2916|36.89951705932617
4|2946|85.9610366821289
4|2948|83.55448913574219
4|2964|34.488285064697266
4|2990|118.35799407958984
4|3032|91.66520690917969
4|3057|52.467899322509766
4|3061|64.91447448730469
4|3063|65.00004577636719
4|3075|121.64453887939453
4|3118|84.26210021972656
4|3127|74.46821594238281
4|3130|48.76251983642578
4|3161|105.90563201904297
4|3170|68.9323959350586
4|3214|67.20056915283203
4|3248|106.357666015625
4|3264|57.87700653076172
4|3268|60.567840576171875
4|3287|90.97161102294922
4|3331|105.88887023925781
4|3373|80.96134948730469
4|3376|80.18688201904297
4|3384|22.28472137451172
4|3417|118.70866394042969
4|3459|90.35612487792969
4|3501|90.76725006103516
4|3543|82.98983001708984
4|3587|110.82762145996094
4|3629|89.39185333251953
4|3671|94.98472595214844
4|3682|24.865291595458984
4|3713|80.41246795654297
4|3722|47.559017181396484
4|3743|64.40335083007812
4|3757|97.02593994140625
4|3798|81.89358520507812
4|3810|63.86698532104492
4|3841|90.64761352539062
4|3853|59.65946960449219
4|3885|99.69068145751953
4|3892|81.20240020751953
4|3896|66.47663116455078
4|3928|113.31161499023438
4|3935|75.15239715576172
4|3945|57.60756301879883
4|3951|55.19235610961914
4|3970|97.2282943725586
4|4012|96.38434600830078
4|4056|80.2671890258789
4|4067|35.8801155090332
4|4097|90.84821319580078
4|4139|76.3902587890625
4|4183|110.29133605957031
4|4226|84.11315155029297
4|4233|37.963233947753906
4|4267|94.87525939941406
4|4310|77.15125274658203
4|4354|105.85314178466797
4|4365|53.72941970825195
4|4396|84.11123657226562
4|4413|46.575584411621094
4|4425|58.3872184753418
4|4438|89.11015319824219
4|4481|92.06167602539062
4|4493|67.95481872558594
4|4524|116.0641860961914
4|4536|62.92225646972656
4|4567|64.46391296386719
4|4576|59.124752044677734
4|4609|74.22274017333984
4|4612|102.22875213623047
4|4618|46.69517517089844
4|4628|41.143062591552734
4|4633|51.06374740600586
4|4652|94.69198608398438
4|4695|101.83332824707031
4|4737|86.6979751586914
4|4780|98.72854614257812
4|4822|88.0455093383789
4|4865|95.00206756591797
4|4908|75.91386413574219
4|4935|43.49269485473633
4|4951|97.41033935546875
4|4993|85.67374420166016
4|5004|45.56525802612305
4|5035|94.446533203125
4|5043|48.631080627441406
4|5077|81.598388671875
4|5085|44.6041259765625
4|5091|35.4248161315918
4|5107|51.40514373779297
4|5112|50.27047348022461
4|5121|110.12662506103516
4|5163|61.32732391357422
5|17|62.217960357666016
5|20|48.790042877197266
5|55|29.553781509399414
5|62|70.29847717285156
5|105|71.22743225097656
5|111|55.58894729614258
5|118|43.8946647644043
5|142|35.07451248168945
5|145|67.93730926513672
5|147|68.72278594970703
5|152|36.731197357177734
5|160|34.39811325073242
5|165|53.314510345458984
5|168|45.50491714477539
5|170|49.620033264160156
5|188|58.017879486083984
5|190|55.48516845703125
5|195|46.50899124145508
5|233|67.76184844970703
5|270|25.463878631591797
5|276|68.39230346679688
5|282|60.38018798828125
5|284|47.43402099609375
5|287|49.22615432739258
5|317|72.93680572509766
5|321|40.78515625
5|323|37.989097595214844
5|325|35.54846954345703
5|328|36.59617614746094
5|330|39.45330810546875
5|336|46.67877197265625
5|339|40.426151275634766
5|358|62.0967903137207
5|361|52.24968719482422
5|397|27.133544921875
5|403|74.1757583618164
5|446|69.110107421875
5|452|63.448997497558594
5|456|46.470638275146484
5|459|49.812381744384766
5|483|32.13088607788086
5|486|67.36959838867188
5|488|72.59447479248047
5|501|36.41668701171875
5|506|53.82521438598633
5|508|46.05128479003906
5|511|47.27012252807617
5|516|117.45367431640625
5|528|63.75975036621094
5|531|51.63217544555664
5|536|48.27511215209961
5|568|27.934240341186523
5|571|52.127872467041016
5|574|66.65969848632812
5|616|72.70745849609375
5|623|58.605289459228516
5|628|41.72806930541992
5|657|69.8839340209961
5|676|48.74446487426758
5|681|49.995182037353516
5|699|63.019771575927734
5|702|55.11504364013672
5|737|25.25266456604004
5|744|72.66836547851562
5|787|72.03688049316406
5|793|58.265071868896484
5|797|42.16799545288086
5|800|46.18954849243164
5|814|115.77934265136719
5|829|75.43897247314453
5|834|36.93950271606445
5|836|36.657833099365234
5|838|34.96072006225586
5|842|39.130313873291016
5|847|51.345035552978516
5|850|45.566368103027344
5|852|47.69121170043945
5|869|61.47126770019531
5|872|50.34613800048828
5|877|50.983856201171875
5|914|73.88758850097656
5|952|26.540258407592773
5|957|68.10755920410156
5|967|40.39686584472656
5|970|45.1170768737793
5|999|70.22320556640625
5|1008|31.594322204589844
5|1012|37.44207763671875
5|1017|50.78165817260742
5|1022|46.56553268432617
5|1040|62.591651916503906
5|1043|57.66935729980469
5|1085|69.55796813964844
5|1122|23.061119079589844
5|1128|72.19287872314453
5|1134|63.869503021240234
5|1139|42.91606521606445
5|1141|45.159271240234375
5|1168|74.1029281616211
5|1170|73.65132141113281
5|1182|34.193328857421875
5|1188|51.78361129760742
5|1191|43.495750427246094
5|1193|43.425819396972656
5|1210|63.34292221069336
5|1213|50.56275939941406
5|1218|53.343223571777344
5|1248|25.973020553588867
5|1255|72.04570007324219
5|1298|68.5594253540039
5|1304|55.84621810913086
5|1308|43.72085952758789
5|1311|45.44395446777344
5|1335|34.094425201416016
5|1338|69.81341552734375
5|1340|72.98869323730469
5|1347|32.19540023803711
5|1349|31.961774826049805
5|1353|37.67404556274414
5|1358|54.172603607177734
5|1363|43.226558685302734
5|1381|57.875240325927734
5|1383|47.39760971069336
5|1426|63.569339752197266
5|1469|63.544342041015625
5|1475|46.935733795166016
5|1480|42.14714050292969
5|1482|41.180606842041016
5|1509|61.749725341796875
5|1511|61.835479736328125
5|1514|38.29610824584961
5|1519|27.932207107543945
5|1521|28.9381160736084
5|1523|31.57721710205078
5|1529|42.866336822509766
5|1532|42.445709228515625
5|1551|53.428470611572266
5|1554|54.236087799072266
5|1589|25.050254821777344
5|1596|60.90320587158203
5|1639|62.58172607421875
5|1645|49.475833892822266
5|1649|42.25418472290039
5|1652|47.47377014160156
5|1679|66.14807891845703
5|1681|70.57952117919922
5|1685|37.59697341918945
5|1694|33.32868576049805
5|1699|36.2242546081543
5|1702|36.61560821533203
5|1704|38.417633056640625
5|1714|40.997737884521484
5|1724|42.907100677490234
5|1729|38.794437408447266
5|1761|25.162551879882812
5|1767|60.697227478027344
5|1810|58.48994064331055
5|1816|50.637046813964844
5|1821|34.60940933227539
5|1851|64.10379028320312
5|1859|25.986970901489258
5|1864|27.476381301879883
5|1871|42.28923416137695
5|1874|46.91853332519531
5|1892|59.3433723449707
5|1895|48.38051986694336
5|1937|61.473331451416016
5|1980|67.72954559326172
5|1986|47.45395278930664
5|1991|40.94120788574219
5|1993|40.68720245361328
5|2022|67.71051788330078
5|2027|35.39786911010742
5|2029|33.57514190673828
5|2034|30.133413314819336
5|2040|47.681888580322266
5|2043|48.074623107910156
5|2045|47.63002014160156
5|2062|53.529727935791016
5|2065|47.777957916259766
5|2070|38.576473236083984
5|2100|23.175586700439453
5|2107|63.496421813964844
5|2145|23.122154235839844
5|2150|58.58058547973633
5|2157|45.16849136352539
5|2163|44.31656265258789
5|2192|68.50857543945312
5|2198|35.6014289855957
5|2201|28.765674591064453
5|2205|35.7516975402832
5|2210|40.1208610534668
5|2212|42.224449157714844
5|2215|42.570735931396484
5|2233|55.04600143432617
5|2236|46.801876068115234
5|2271|24.677438735961914
5|2278|63.856597900390625
5|2315|22.25172233581543
5|2321|62.300819396972656
5|2327|49.43585968017578
5|2332|34.081321716308594
5|2334|36.03303146362305
5|2363|65.7039794921875
5|2370|27.537954330444336
5|2375|29.798494338989258
5|2381|45.06984329223633
5|2384|43.274906158447266
5|2386|43.71751022338867
5|2403|56.41276550292969
5|2406|50.64427185058594
5|2448|61.20329284667969
5|2491|66.25675201416016
5|2498|46.802494049072266
5|2504|41.548072814941406
5|2533|68.1773910522461
5|2546|31.74444007873535
5|2551|45.015907287597656
5|2556|41.95869445800781
5|2561|102.28680419921875
5|2573|53.888710021972656
5|2576|40.572845458984375
5|2581|37.4193000793457
5|2619|64.40424346923828
5|2661|60.04440689086914
5|2668|43.83731460571289
5|2674|36.93345260620117
5|2701|22.113353729248047
5|2704|38.46760940551758
5|2714|22.683547973632812
5|2744|43.471065521240234
5|2746|47.341312408447266
5|2789|71.870849609375
5|2870|46.611019134521484
5|2911|32.63383102416992
5|2914|37.23810958862305
5|2917|42.57826614379883
5|3002|47.07091522216797
5|3084|36.334266662597656
5|3087|42.40031433105469
5|3114|201.58766174316406
5|3157|213.68247985839844
5|3173|37.5822639465332
5|3209|38.89590835571289
5|3258|39.79271697998047
5|3297|37.83671188354492
5|3300|43.15152359008789
5|3340|37.08198547363281
5|3343|43.99613952636719
5|3348|40.16764450073242
5|3352|38.33404541015625
5|3355|36.6968879699707
5|3378|41.8629035949707
5|3390|37.17481994628906
5|3393|32.7998046875
5|3398|38.72346496582031
5|3402|45.828067779541016
5|3404|42.83388900756836
5|3407|40.631587982177734
5|3425|37.35749053955078
5|3428|43.1555290222168
5|3467|39.41960525512695
5|3510|66.47264099121094
5|3513|61.870628356933594
5|3540|197.4047393798828
5|3553|56.91405487060547
5|3556|65.55095672607422
5|3596|34.176578521728516
5|3598|38.44176483154297
5|3766|36.02376937866211
5|3769|41.63652420043945
5|3852|41.17308044433594
5|3881|181.42532348632812
5|3889|33.16059875488281
5|3934|51.25288391113281
5|3936|63.5320930480957
5|3939|34.10249710083008
5|3976|27.662841796875
5|3979|32.54322814941406
5|3982|37.950199127197266
5|4022|33.44789505004883
5|4025|38.50153350830078
5|4030|37.40024948120117
5|4033|35.060951232910156
5|4036|37.109527587890625
5|4038|38.409481048583984
5|4061|51.64018249511719
5|4064|49.159446716308594
5|4066|36.14675521850586
5|4073|31.01197624206543
5|4076|32.09650802612305
5|4083|43.286293029785156
5|4085|39.625606536865234
5|4088|39.79790115356445
5|4090|35.959999084472656
5|4104|31.781232833862305
5|4107|35.769737243652344
5|4110|39.55326461791992
5|4149|61.72506332397461
5|4152|63.25434112548828
5|4189|36.24807357788086
5|4195|54.16920852661133
5|4231|44.052005767822266
5|4277|34.534507751464844
5|4280|40.52268981933594
5|4319|37.92204666137695
5|4362|40.804866790771484
5|4404|35.80721664428711
5|4448|32.175418853759766
5|4451|36.858463287353516
5|4486|32.138938903808594
5|4529|29.001779556274414
5|4579|27.179384231567383
5|4621|36.00943374633789
5|4648|170.84823608398438
5|4660|31.48226547241211
5|4663|37.981624603271484
5|4703|32.93836975097656
5|4706|38.95090866088867
5|4714|34.72807312011719
5|4716|36.925437927246094
5|4719|38.27344512939453
5|4749|52.59429931640625
5|4752|27.162233352661133
5|4756|29.22174644470215
5|4760|30.793209075927734
5|4766|37.20469665527344
5|4768|33.92113494873047
5|4771|35.82588577270508
5|4789|31.657257080078125
5|4792|34.52314376831055
5|4828|38.60520935058594
5|4834|43.26319122314453
5|4873|43.762813568115234
5|4916|48.719120025634766
5|4959|33.98573684692383
5|4962|39.50925064086914
5|5001|31.230009078979492
5|5046|39.36971664428711
5|5074|170.7755584716797
5|5089|44.9499626159668
5|5117|185.17637634277344
5|5129|31.655832290649414
5|5132|37.19181442260742
6|4|164.25868225097656
6|10|24.41689682006836
6|24|36.0858268737793
6|46|172.53929138183594
6|54|25.4068603515625
6|69|60.08350372314453
6|74|54.54338836669922
6|89|164.21522521972656
6|95|40.23448181152344
6|131|158.70803833007812
6|164|54.349239349365234
6|171|40.93562698364258
6|174|173.8184814453125
6|216|165.04795837402344
6|223|32.30910873413086
6|240|59.00202178955078
6|245|51.728546142578125
6|259|167.52256774902344
6|267|39.76788330078125
6|281|59.285091400146484
6|302|153.92913818359375
6|312|31.38092803955078
6|345|165.76953125
6|365|38.279666900634766
6|387|178.51353454589844
6|394|38.373634338378906
6|410|60.17839431762695
6|414|50.218379974365234
6|430|169.52743530273438
6|438|42.384464263916016
6|472|162.47402954101562
6|505|50.79521179199219
6|515|172.03778076171875
6|523|26.111228942871094
6|557|167.0525665283203
6|565|26.599105834960938
6|580|57.457489013671875
6|586|50.171566009521484
6|600|173.89910888671875
6|608|36.99821853637695
6|622|55.44133758544922
6|643|150.17987060546875
6|653|35.104976654052734
6|675|44.952003479003906
6|686|161.682861328125
6|706|43.06727981567383
6|728|178.2499542236328
6|734|30.08869171142578
6|751|58.868072509765625
6|756|44.937313079833984
6|771|164.63743591308594
6|779|38.69141387939453
6|792|54.00754165649414
6|813|162.0978546142578
6|819|27.502634048461914
6|846|50.44683837890625
6|856|172.54385375976562
6|898|174.81927490234375
6|904|36.94439697265625
6|909|25.58326530456543
6|921|57.843162536621094
6|926|47.423492431640625
6|941|179.1368408203125
6|949|43.1495246887207
6|963|58.79331588745117
6|983|151.50672912597656
6|1016|46.5670051574707
6|1026|158.7455291748047
6|1069|167.67935180664062
6|1075|25.20868492126465
6|1077|25.800119400024414
6|1092|57.933746337890625
6|1097|55.01655960083008
6|1112|164.31732177734375
6|1120|38.20220947265625
6|1133|52.129722595214844
6|1154|158.18605041503906
6|1164|30.279804229736328
6|1187|51.1482048034668
6|1197|169.44424438476562
6|1203|32.351348876953125
6|1239|181.12353515625
6|1247|29.86354637145996
6|1262|59.50548553466797
6|1282|171.3026123046875
6|1290|38.07536697387695
6|1293|23.08116912841797
6|1324|158.64089965820312
6|1330|26.96780776977539
6|1357|51.54460525512695
6|1364|33.31437301635742
6|1367|153.26980590820312
6|1409|142.07083129882812
6|1438|35.960609436035156
6|1452|153.5255584716797
6|1460|32.92158508300781
6|1474|43.23603439331055
6|1495|146.74017333984375
6|1538|142.53895568847656
6|1558|27.349821090698242
6|1580|153.36080932617188
6|1603|34.631874084472656
6|1608|39.16426467895508
6|1623|156.9936065673828
6|1630|34.94736862182617
6|1644|40.35816955566406
6|1665|134.61167907714844
6|1698|35.99909973144531
6|1705|30.971155166625977
6|1708|149.1207733154297
6|1750|132.84429931640625
6|1774|33.522239685058594
6|1779|35.934974670410156
6|1793|146.9518585205078
6|1802|30.311302185058594
6|1815|46.3126220703125
6|1836|118.92306518554688
6|1846|25.744359970092773
6|1879|127.041748046875
6|1899|29.3978328704834
6|1921|129.6604766845703
6|1927|26.049724578857422
6|1944|37.139190673828125
6|1949|32.372257232666016
6|1964|135.69140625
6|1972|31.36701774597168
6|1985|40.92461395263672
6|2006|117.4796371459961
6|2012|23.1536865234375
6|2016|22.641799926757812
6|2039|38.64613723754883
6|2046|34.30167770385742
6|2049|138.93173217773438
6|2091|122.52742767333984
6|2114|36.29356002807617
6|2120|39.78557205200195
6|2134|137.57012939453125
6|2140|36.130775451660156
6|2142|36.707374572753906
6|2156|42.03010940551758
6|2176|100.41996002197266
6|2209|35.99581527709961
6|2219|130.6795196533203
6|2262|113.01922607421875
6|2290|41.714717864990234
6|2305|126.34500885009766
6|2313|31.951066970825195
6|2326|43.795780181884766
6|2347|112.94139099121094
6|2357|24.099048614501953
6|2380|38.952152252197266
6|2387|29.653160095214844
6|2390|141.3603057861328
6|2410|24.15725326538086
6|2432|117.39566040039062
6|2439|27.46572494506836
6|2460|39.37186050415039
6|2475|138.89439392089844
6|2483|29.292766571044922
6|2517|106.1448745727539
6|2550|35.74359893798828
6|2557|31.17020606994629
6|2560|133.9257049560547
6|2602|102.04417419433594
6|2626|31.75784683227539
6|2631|38.989952087402344
6|2645|124.79505157470703
6|2653|32.275123596191406
6|2667|36.643760681152344
6|2688|141.70101928710938
6|2707|32.88524627685547
6|2730|243.76844787597656
6|2772|224.8684539794922
6|2815|230.7690887451172
6|2822|26.18133544921875
6|2858|239.57630920410156
6|2880|42.71546173095703
6|2883|43.54547119140625
6|2886|44.58536911010742
6|2892|44.91941452026367
6|2895|48.12120056152344
6|2901|225.7896728515625
6|2907|24.18941307067871
6|2943|252.8504180908203
6|2950|29.25543785095215
6|2953|42.630584716796875
6|2956|46.30024719238281
6|2960|61.137325286865234
6|2963|43.36389923095703
6|2986|273.31170654296875
6|2992|30.571630477905273
6|2996|60.39798355102539
6|3028|254.66683959960938
6|3035|33.20831298828125
6|3038|62.4482421875
6|3041|59.198455810546875
6|3045|59.739200592041016
6|3071|234.68504333496094
6|3113|233.81350708007812
6|3156|250.76295471191406
6|3199|221.7747802734375
6|3208|26.518423080444336
6|3241|231.47132873535156
6|3284|229.1026611328125
6|3293|31.052953720092773
6|3306|48.116539001464844
6|3309|43.97412109375
6|3312|44.732078552246094
6|3327|227.92697143554688
6|3335|31.644474029541016
6|3356|27.972248077392578
6|3369|242.3076171875
6|3386|50.38435363769531
6|3412|248.65660095214844
6|3454|233.9444580078125
6|3497|253.12559509277344
6|3539|221.31434631347656
6|3547|27.309040069580078
6|3562|39.9794807434082
6|3565|39.87582015991211
6|3570|40.915348052978516
6|3575|44.38275909423828
6|3582|253.54312133789062
6|3589|28.77645492553711
6|3625|220.12429809570312
6|3635|58.59606170654297
6|3638|51.68710708618164
6|3641|61.163944244384766
6|3668|235.2670440673828
6|3674|40.69558334350586
6|3678|46.45994186401367
6|3681|41.4664306640625
6|3684|46.072479248046875
6|3710|228.27426147460938
6|3719|46.717960357666016
6|3723|39.86662292480469
6|3726|61.419315338134766
6|3753|247.35629272460938
6|3795|232.05691528320312
6|3804|26.83838653564453
6|3838|241.7257080078125
6|3847|28.793237686157227
6|3880|222.35523986816406
6|3890|28.566591262817383
6|3923|230.91455078125
6|3966|207.00653076171875
6|3974|30.10934066772461
6|3988|45.780941009521484
6|3991|43.334259033203125
6|3995|41.6037712097168
6|4008|224.96380615234375
6|4015|29.685894012451172
6|4029|35.957950592041016
6|4039|29.419374465942383
6|4051|208.56558227539062
6|4094|227.80224609375
6|4136|227.70033264160156
6|4179|225.0638885498047
6|4221|215.0794677734375
6|4227|22.83101463317871
6|4243|41.88800048828125
6|4250|40.02366256713867
6|4253|41.80410385131836
6|4264|248.994140625
6|4270|33.85973358154297
6|4306|217.7274169921875
6|4316|43.79891586303711
6|4323|54.08612060546875
6|4326|44.825801849365234
6|4349|231.78836059570312
6|4359|47.66482925415039
6|4392|200.98019409179688
6|4401|41.675357818603516
6|4408|40.857200622558594
6|4435|210.24655151367188
6|4477|204.57415771484375
6|4520|226.38768005371094
6|4562|225.94468688964844
6|4605|233.42172241210938
6|4647|209.82542419433594
6|4674|40.811851501464844
6|4690|236.9552459716797
6|4698|37.08527755737305
6|4733|205.6238555908203
6|4775|219.3197479248047
6|4781|25.46463394165039
6|4784|25.781700134277344
6|4818|207.9403533935547
6|4824|24.4844970703125
6|4861|217.59716796875
6|4878|24.54191017150879
6|4903|225.11839294433594
6|4925|36.984798431396484
6|4927|39.015724182128906
6|4932|40.58646011352539
6|4935|47.43619918823242
6|4942|39.860450744628906
6|4946|225.70135498046875
6|4952|32.2647590637207
6|4988|227.67477416992188
6|4994|29.316295623779297
6|4997|42.1456413269043
6|5004|39.19355010986328
6|5007|37.622962951660156
6|5031|225.60113525390625
6|5037|36.10103225708008
6|5040|50.03724670410156
6|5073|202.62109375
6|5079|25.170642852783203
6|5082|41.857627868652344
6|5116|219.7442626953125
6|5159|199.27613830566406
7|3|149.255615234375
7|53|24.495601654052734
7|88|132.02052307128906
7|148|38.32854080200195
7|151|38.62354278564453
7|155|36.1366081237793
7|157|38.225555419921875
7|159|39.686283111572266
7|224|28.013912200927734
7|246|39.06324005126953
7|301|143.72975158691406
7|322|38.85152053833008
7|329|38.46428680419922
7|335|54.76274490356445
7|344|139.47369384765625
7|417|33.81080627441406
7|493|40.809513092041016
7|496|37.65298843383789
7|498|39.73790740966797
7|500|40.56272888183594
7|587|38.48100662231445
7|642|143.16639709472656
7|663|45.496177673339844
7|668|43.895694732666016
7|670|46.05621337890625
7|676|50.012298583984375
7|735|26.87510108947754
7|830|40.237152099609375
7|835|42.125022888183594
7|837|39.345001220703125
7|839|39.99958419799805
7|841|40.097084045410156
7|853|40.237693786621094
7|928|38.95643997192383
7|1004|44.53803634643555
7|1009|40.03397750854492
7|1011|39.448829650878906
7|1068|145.35145568847656
7|1073|23.415693283081055
7|1076|26.118553161621094
7|1171|40.64642333984375
7|1174|44.13324737548828
7|1178|40.99927520751953
7|1180|41.519737243652344
7|1196|133.9673614501953
7|1269|34.68589782714844
7|1345|38.541900634765625
7|1348|34.23857879638672
7|1350|35.962188720703125
7|1352|37.5959358215332
7|1439|27.732627868652344
7|1515|31.556053161621094
7|1520|26.81275749206543
7|1522|27.500469207763672
7|1528|35.780426025390625
7|1682|32.07709884643555
7|1685|32.554378509521484
7|1689|30.302366256713867
7|1691|31.04606819152832
7|1693|31.076702117919922
7|1780|26.880956649780273
7|1856|33.59028625488281
7|1863|27.288774490356445
7|2023|31.70934295654297
7|2026|34.131591796875
7|2028|33.428001403808594
7|2032|27.551555633544922
7|2034|27.224580764770508
7|2121|30.130203247070312
7|2197|32.8370246887207
7|2202|28.391376495361328
7|2204|28.947629928588867
7|2216|34.311744689941406
7|2367|31.577198028564453
7|2371|25.00174331665039
7|2375|30.130990982055664
7|2462|24.482255935668945
7|2538|31.843242645263672
7|2541|26.154216766357422
7|2543|25.71236801147461
7|2545|27.73914909362793
7|2632|29.163354873657227
7|2716|28.92721176147461
7|2737|32.682254791259766
7|2780|29.58538055419922
7|2787|24.17684555053711
7|2823|36.280677795410156
7|2830|22.31414031982422
7|2833|31.853294372558594
7|2873|22.307781219482422
7|2879|34.41986846923828
7|2908|25.458955764770508
7|3050|52.78374099731445
7|3056|50.50946807861328
7|3068|40.3054084777832
7|3122|38.30712890625
7|3124|32.45470428466797
7|3126|34.67205047607422
7|3129|40.573951721191406
7|3165|37.23360824584961
7|3167|32.42879104614258
7|3169|31.874488830566406
7|3172|43.711666107177734
7|3205|28.461483001708984
7|3210|27.561246871948242
7|3215|46.2469367980957
7|3288|23.166126251220703
7|3292|32.267738342285156
7|3377|30.918703079223633
7|3389|35.55781555175781
7|3394|30.60032844543457
7|3398|35.918601989746094
7|3411|181.84417724609375
7|3462|29.97793960571289
7|3469|23.458152770996094
7|3472|25.905229568481445
7|3505|32.44916915893555
7|3512|26.65322494506836
7|3548|26.005504608154297
7|3550|26.658233642578125
7|3561|32.23462677001953
7|3734|45.87369155883789
7|3738|46.41136932373047
7|3757|26.455896377563477
7|3802|25.482309341430664
7|3806|24.808040618896484
7|3845|32.91965866088867
7|3888|29.150989532470703
7|3892|22.604293823242188
7|3895|30.725542068481445
7|4065|25.92438507080078
7|4067|22.440704345703125
7|4070|29.85254669189453
7|4072|30.63906478881836
7|4074|29.55325698852539
7|4077|30.875436782836914
7|4079|31.764528274536133
7|4144|29.705305099487305
7|4151|27.099899291992188
7|4187|31.633394241333008
7|4194|28.166643142700195
7|4237|30.117259979248047
7|4414|46.29342269897461
7|4420|46.568328857421875
7|4441|25.773040771484375
7|4484|30.128860473632812
7|4491|27.367647171020508
7|4494|33.812896728515625
7|4527|32.60585021972656
7|4534|29.05329132080078
7|4570|38.31025314331055
7|4577|32.28034210205078
7|4652|22.267797470092773
7|4655|22.619091033935547
7|4720|25.60389518737793
7|4740|30.624666213989258
7|4750|30.694015502929688
7|4753|31.077674865722656
7|4757|29.088918685913086
7|4759|29.28741455078125
7|4761|29.465538024902344
7|4765|27.756607055664062
7|4826|26.42301368713379
7|4833|28.771160125732422
7|4876|23.385995864868164
7|5091|29.218772888183594
7|5095|46.020626068115234
7|5102|45.06777572631836
7|5106|35.392276763916016
7|5123|28.53595733642578
7|5167|43.71049880981445
8|25|87.74003601074219
8|28|53.34290313720703
8|31|55.91903305053711
8|111|65.69451904296875
8|118|51.045650482177734
8|165|56.563148498535156
8|168|44.182918548583984
8|170|46.275272369384766
8|184|44.102725982666016
8|196|99.32217407226562
8|199|61.67610549926758
8|201|63.67204284667969
8|282|62.55665969848633
8|285|40.69947052001953
8|287|42.506649017333984
8|289|43.76094436645508
8|340|46.617610931396484
8|366|89.17174530029297
8|369|66.72257995605469
8|372|58.19905471801758
8|452|66.20794677734375
8|456|45.6778678894043
8|459|45.07482147216797
8|506|56.98722839355469
8|508|48.47810745239258
8|511|52.02930450439453
8|525|46.343177795410156
8|537|97.21825408935547
8|540|53.23295974731445
8|542|52.28255844116211
8|622|63.461551666259766
8|628|45.244876861572266
8|630|47.16033935546875
8|678|46.842506408691406
8|681|50.28373718261719
8|707|92.91124725341797
8|710|58.0594596862793
8|713|52.48905944824219
8|793|66.43389892578125
8|797|41.98301696777344
8|800|41.970882415771484
8|847|57.02125930786133
8|850|44.84775924682617
8|852|48.03418731689453
8|861|25.09099006652832
8|863|40.74654769897461
8|878|95.3006820678711
8|880|63.9266471862793
8|947|22.380491256713867
8|963|64.74935150146484
8|970|42.62226486206055
8|1017|51.67587661743164
8|1019|45.60640335083008
8|1022|47.85812759399414
8|1031|30.46312141418457
8|1036|42.14277267456055
8|1048|97.89013671875
8|1051|60.64452362060547
8|1054|53.22895812988281
8|1134|67.35700988769531
8|1139|46.06182861328125
8|1141|49.16390609741211
8|1188|51.88665771484375
8|1191|46.529056549072266
8|1193|47.08477020263672
8|1202|32.58926773071289
8|1219|91.13311767578125
8|1221|58.89090347290039
8|1224|53.73422622680664
8|1304|66.68392944335938
8|1308|39.81911849975586
8|1311|47.44972610473633
8|1358|56.93663024902344
8|1363|36.85344314575195
8|1372|26.710119247436523
8|1377|28.278738021850586
8|1389|60.93828201293945
8|1392|46.22718811035156
8|1395|49.72502136230469
8|1475|38.12921905517578
8|1480|32.25157928466797
8|1482|33.16667938232422
8|1530|32.90454864501953
8|1545|26.654138565063477
8|1547|27.28584861755371
8|1559|54.69945526123047
8|1562|35.48640823364258
8|1564|36.09450149536133
8|1645|41.32724380493164
8|1652|36.285484313964844
8|1699|30.970558166503906
8|1704|35.16912078857422
8|1718|27.15251922607422
8|1730|60.88987731933594
8|1735|39.521297454833984
8|1816|39.84749221801758
8|1821|33.06501007080078
8|1823|33.08978271484375
8|1874|32.123836517333984
8|1888|24.869613647460938
8|1900|53.66215896606445
8|1903|42.60277557373047
8|1905|42.71858215332031
8|1986|37.285343170166016
8|1991|28.826112747192383
8|1993|29.335044860839844
8|2040|34.8586540222168
8|2043|32.87908935546875
8|2045|33.35995864868164
8|2056|27.424442291259766
8|2071|56.17451477050781
8|2074|39.64442825317383
8|2076|41.878787994384766
8|2156|39.02317428588867
8|2160|31.066694259643555
8|2164|29.95289421081543
8|2210|34.617069244384766
8|2215|38.581764221191406
8|2229|29.72775650024414
8|2241|57.188385009765625
8|2244|35.47346496582031
8|2246|34.08561325073242
8|2327|36.55811309814453
8|2329|28.65993309020996
8|2334|32.948280334472656
8|2381|33.94196319580078
8|2386|34.88882827758789
8|2412|51.17440414428711
8|2414|42.096553802490234
8|2416|38.43473434448242
8|2497|37.8265495300293
8|2501|25.425418853759766
8|2504|27.354167938232422
8|2551|36.56503677368164
8|2556|32.655311584472656
8|2567|23.049325942993164
8|2570|24.489933013916016
8|2582|55.455474853515625
8|2585|41.56261444091797
8|2667|33.1483039855957
8|2675|28.785919189453125
8|2790|33.12812042236328
8|2822|23.351478576660156
8|2867|26.049837112426758
8|2874|22.201387405395508
8|3061|48.64368438720703
8|3063|48.482810974121094
8|3067|46.58283996582031
8|3123|35.31736373901367
8|3158|23.114484786987305
8|3161|27.04348373413086
8|3246|22.591360092163086
8|3249|24.822242736816406
8|3264|42.534183502197266
8|3269|44.575931549072266
8|3348|32.64506530761719
8|3352|29.402122497558594
8|3355|28.928550720214844
8|3402|37.118927001953125
8|3509|22.965126037597656
8|3515|31.91497802734375
8|3549|25.162818908691406
8|3551|25.31083106994629
8|3743|47.143978118896484
8|3749|44.19737243652344
8|3756|23.373870849609375
8|3758|23.206567764282227
8|3812|42.489479064941406
8|3853|36.773075103759766
8|3891|23.117311477661133
8|3896|31.29178810119629
8|3931|22.99396324157715
8|3946|42.37837219238281
8|3948|41.44187927246094
8|3951|41.116153717041016
8|4033|27.62128448486328
8|4036|27.43180274963379
8|4038|32.999393463134766
8|4083|34.168216705322266
8|4085|31.216556549072266
8|4088|31.271339416503906
8|4146|25.514802932739258
8|4149|23.12441062927246
8|4188|22.2939453125
8|4197|27.155908584594727
8|4254|47.5601806640625
8|4425|44.488319396972656
8|4429|41.995182037353516
8|4432|42.449241638183594
8|4440|22.69851303100586
8|4531|24.719501495361328
8|4536|30.922733306884766
8|4571|29.605632781982422
8|4575|31.26698112487793
8|4578|31.833316802978516
8|4609|22.4871883392334
8|4611|25.026348114013672
8|4627|31.448684692382812
8|4632|37.98054504394531
8|4713|27.805559158325195
8|4716|28.186351776123047
8|4719|27.937009811401367
8|4762|22.681997299194336
8|4766|28.871009826660156
8|4769|26.59742546081543
8|4771|28.20795440673828
8|4870|23.74638557434082
8|4878|22.319013595581055
8|5107|37.71034622192383
8|5111|38.97679138183594
9|11|41.939186096191406
9|14|45.11884307861328
9|69|56.085575103759766
9|73|54.15249252319336
9|148|36.2130241394043
9|152|45.277870178222656
9|155|41.939876556396484
9|157|44.1092529296875
9|159|46.22001266479492
9|171|39.97456359863281
9|181|41.1866340637207
9|185|44.48318099975586
9|195|74.72663116455078
9|240|58.23432159423828
9|245|59.74549865722656
9|290|34.1609001159668
9|313|23.614463806152344
9|322|49.71681594848633
9|324|47.906002044677734
9|326|45.39414978027344
9|329|47.68180465698242
9|352|39.99046325683594
9|355|47.36850357055664
9|410|60.35075759887695
9|415|59.71290969848633
9|484|22.35585594177246
9|489|37.89786148071289
9|493|45.186607360839844
9|496|39.57582473754883
9|498|41.40517044067383
9|500|42.66266632080078
9|512|42.51704788208008
9|523|40.42798614501953
9|526|47.29709243774414
9|536|76.1793441772461
9|581|57.64266586303711
9|586|66.06885528564453
9|654|22.55805015563965
9|659|36.16301345825195
9|663|45.59838104248047
9|665|41.45880126953125
9|670|42.788578033447266
9|693|40.015098571777344
9|696|47.9212760925293
9|751|57.94496154785156
9|756|53.814640045166016
9|830|35.75327682495117
9|834|45.39432907104492
9|837|42.783748626708984
9|839|44.895835876464844
9|841|46.83855056762695
9|867|48.145389556884766
9|877|83.30363464355469
9|922|57.19987487792969
9|927|56.23514938354492
9|995|23.78012466430664
9|1000|39.74885559082031
9|1004|51.14838409423828
9|1009|44.88185119628906
9|1011|46.322750091552734
9|1034|40.722049713134766
9|1037|46.3031120300293
9|1092|58.13349914550781
9|1097|54.689762115478516
9|1165|23.71786880493164
9|1171|37.836429595947266
9|1174|45.45386505126953
9|1178|41.45100402832031
9|1180|41.676727294921875
9|1182|42.22512435913086
9|1204|39.81747055053711
9|1208|44.2843017578125
9|1263|58.877166748046875
9|1267|62.812713623046875
9|1336|23.343692779541016
9|1341|37.00888442993164
9|1345|43.97417449951172
9|1350|38.246219635009766
9|1352|40.410579681396484
9|1374|28.964147567749023
9|1378|30.60268783569336
9|1438|32.148616790771484
9|1515|29.5252628326416
9|1517|26.463802337646484
9|1522|28.445066452026367
9|1548|28.599672317504883
9|1603|26.088003158569336
9|1608|32.095924377441406
9|1682|23.127965927124023
9|1685|28.067546844482422
9|1689|25.86956214904785
9|1691|25.448286056518555
9|1693|25.349641799926758
9|1705|28.67682647705078
9|1716|24.838333129882812
9|1719|27.699983596801758
9|1729|44.630096435546875
9|1774|26.929826736450195
9|1779|31.184566497802734
9|1852|24.966571807861328
9|1856|30.683677673339844
9|1858|28.023944854736328
9|1863|23.09250831604004
9|1886|23.541118621826172
9|1889|25.59964370727539
9|1944|28.444976806640625
9|1949|34.74899673461914
9|2026|27.929418563842773
9|2030|22.15872573852539
9|2046|26.899763107299805
9|2060|27.670181274414062
9|2119|31.86612319946289
9|2192|23.997854232788086
9|2197|26.642606735229492
9|2202|24.0892276763916
9|2204|27.513629913330078
9|2230|29.408226013183594
9|2285|26.94008445739746
9|2290|31.152774810791016
9|2367|28.76906967163086
9|2371|22.795215606689453
9|2374|25.67710304260254
9|2387|25.373764038085938
9|2397|23.8941650390625
9|2400|25.079975128173828
9|2456|26.104562759399414
9|2460|30.869873046875
9|2534|25.092195510864258
9|2538|29.579713821411133
9|2543|25.641613006591797
9|2545|25.179874420166016
9|2571|26.313488006591797
9|2581|39.169376373291016
9|2631|34.88011169433594
9|2688|52.05470657348633
9|2880|37.029232025146484
9|2887|38.526710510253906
9|2892|44.14345169067383
9|2898|42.241172790527344
9|2962|41.41947555541992
9|2995|30.569580078125
9|3000|33.31211471557617
9|3037|26.89246368408203
9|3044|34.39085006713867
9|3248|28.875944137573242
9|3252|31.781721115112305
9|3306|44.1993522644043
9|3311|42.39015579223633
9|3356|24.409914016723633
9|3385|25.720003128051758
9|3387|28.791982650756836
9|3389|28.948631286621094
9|3392|25.50843620300293
9|3394|24.593658447265625
9|3396|27.14386749267578
9|3398|29.435150146484375
9|3563|36.370872497558594
9|3571|49.04817581176758
9|3576|40.86915969848633
9|3579|40.06089782714844
9|3644|38.47605895996094
9|3677|22.018592834472656
9|3682|29.547094345092773
9|3717|23.2293643951416
9|3726|36.57634735107422
9|3936|33.3834114074707
9|3988|39.04325866699219
9|3994|38.81657791137695
9|4070|27.040111541748047
9|4072|25.74099349975586
9|4074|25.31890296936035
9|4077|25.776933670043945
9|4079|26.941791534423828
9|4243|35.92267608642578
9|4245|32.773651123046875
9|4251|33.85416030883789
9|4323|34.83969497680664
9|4326|35.74335861206055
9|4360|25.602373123168945
9|4364|30.97478485107422
9|4402|24.246679306030273
9|4408|31.217403411865234
9|4422|25.88988494873047
9|4613|28.66282844543457
9|4617|29.434810638427734
9|4626|30.17063331604004
9|4669|34.86608123779297
9|4675|35.5504035949707
9|4750|22.128320693969727
9|4752|25.875816345214844
9|4755|22.61838150024414
9|4757|24.553266525268555
9|4759|25.51890754699707
9|4761|25.802392959594727
9|4925|30.69279670715332
9|4927|32.47340393066406
9|4931|32.315433502197266
9|4938|34.8863525390625
9|4943|39.57443618774414
9|4998|23.471193313598633
9|5008|36.299110412597656
9|5039|25.216123580932617
9|5046|31.109094619750977
9|5090|35.90516662597656
10|24|60.66778564453125
10|52|27.725372314453125
10|68|50.737548828125
10|88|75.7182388305664
10|112|52.63011169433594
10|115|47.6209602355957
10|118|44.449012756347656
10|160|36.82788848876953
10|164|89.11747741699219
10|170|39.55045700073242
10|223|25.559024810791016
10|238|49.7723388671875
10|258|62.3538932800293
10|282|55.559322357177734
10|284|49.2402458190918
10|287|47.6491584777832
10|289|46.0252571105957
10|335|90.24539947509766
10|393|29.668365478515625
10|409|53.47233581542969
10|429|77.77745819091797
10|453|53.72713088989258
10|456|42.882022857666016
10|459|43.476905822753906
10|501|34.37172317504883
10|505|98.13053894042969
10|511|46.0327262878418
10|564|26.489742279052734
10|579|49.06357955932617
10|599|68.06568908691406
10|623|56.38982009887695
10|628|43.44670867919922
10|675|86.74986267089844
10|680|49.216487884521484
10|706|63.20899963378906
10|735|28.384401321411133
10|750|52.99746322631836
10|794|51.74081039428711
10|797|41.8177604675293
10|800|42.062137603759766
10|842|36.17420196533203
10|846|92.7101821899414
10|852|44.903446197509766
10|905|25.645416259765625
10|920|51.22911071777344
10|940|74.1366958618164
10|964|56.86268997192383
10|967|47.10047912597656
10|970|49.667415618896484
10|1016|93.00414276123047
10|1047|70.849853515625
10|1075|25.504114151000977
10|1091|49.34580993652344
10|1134|52.037933349609375
10|1139|49.027076721191406
10|1141|50.94484329223633
10|1183|33.3405647277832
10|1187|98.72538757324219
10|1193|52.543094635009766
10|1246|25.593523025512695
10|1261|50.86525344848633
10|1281|77.54161834716797
10|1305|54.9527587890625
10|1308|39.934268951416016
10|1311|47.06438446044922
10|1353|33.50558853149414
10|1357|91.3868637084961
10|1388|48.634708404541016
10|1451|50.67192840576172
10|1475|33.491641998291016
10|1480|28.043338775634766
10|1527|55.54438018798828
10|1532|28.92945671081543
10|1534|27.839479446411133
10|1558|37.93772506713867
10|1602|22.49891471862793
10|1645|30.62064552307129
10|1649|28.374326705932617
10|1652|31.56574821472168
10|1698|48.109718322753906
10|1704|31.277801513671875
10|1772|25.629833221435547
10|1816|32.541378021240234
10|1818|26.677080154418945
10|1821|30.581188201904297
10|1868|54.23140335083008
10|1873|29.96854591369629
10|1899|36.71318054199219
10|1943|23.18516731262207
10|1986|29.44766616821289
10|1991|24.354171752929688
10|1993|24.833507537841797
10|2039|49.265098571777344
10|2043|29.302371978759766
10|2045|30.816097259521484
10|2113|23.317712783813477
10|2133|34.36284255981445
10|2157|31.72727394104004
10|2160|24.274078369140625
10|2163|24.48907470703125
10|2209|55.07938003540039
10|2215|28.21043586730957
10|2240|38.16999435424805
10|2327|31.702930450439453
10|2329|25.308799743652344
10|2332|23.498470306396484
10|2334|24.86688804626465
10|2380|46.25200271606445
10|2386|25.773958206176758
10|2410|32.13398361206055
10|2454|22.593042373657227
10|2498|29.759309768676758
10|2501|25.7445011138916
10|2504|27.358461380004883
10|2550|55.16490173339844
10|2556|27.37337303161621
10|2632|22.556827545166016
10|2644|27.973230361938477
10|2668|29.43064308166504
10|2720|28.946455001831055
10|2790|27.50436782836914
10|2833|25.52284812927246
10|2890|33.694820404052734
10|2899|45.843505859375
10|3050|47.591827392578125
10|3056|46.03932189941406
10|3291|25.613494873046875
10|3349|27.26954460144043
10|3352|27.041038513183594
10|3355|28.325332641601562
10|3404|30.8022403717041
10|3407|29.06380844116211
10|3471|22.37682342529297
10|3512|23.045658111572266
10|3516|26.235380172729492
10|3556|23.320720672607422
10|3561|25.218259811401367
10|3732|45.68390655517578
10|3738|42.309486389160156
10|3987|33.56848907470703
10|4030|31.716018676757812
10|4033|24.69147491455078
10|4036|25.750329971313477
10|4038|29.41884994506836
10|4083|32.08525848388672
10|4088|27.039560317993164
10|4151|22.259998321533203
10|4153|22.73293685913086
10|4197|24.13338279724121
10|4237|25.5496883392334
10|4414|40.896183013916016
10|4416|40.47962951660156
10|4420|41.1650390625
10|4424|33.105926513671875
10|4677|23.836814880371094
10|4713|26.170860290527344
10|4719|25.99836540222168
10|4766|30.047399520874023
10|4768|25.113962173461914
10|4772|22.79763412475586
10|4833|23.21611785888672
10|4935|54.623992919921875
10|5095|45.58511734008789
10|5101|40.082923889160156
10|5115|49.110416412353516
11|25|67.33509063720703
11|31|43.262577056884766
11|67|47.49266052246094
11|159|23.72924041748047
11|202|44.14373779296875
11|281|42.691368103027344
11|366|67.34700775146484
11|372|39.9493522644043
11|408|48.364017486572266
11|500|22.029590606689453
11|543|44.09151077270508
11|622|43.9027099609375
11|707|66.93798065185547
11|712|39.545623779296875
11|749|49.79204177856445
11|758|27.107208251953125
11|841|24.544221878051758
11|883|46.15977096557617
11|919|44.91279983520508
11|963|45.21187973022461
11|1011|24.132719039916992
11|1048|67.74504852294922
11|1053|50.039642333984375
11|1090|48.175655364990234
11|1218|67.38297271728516
11|1224|39.06877517700195
11|1260|46.56618118286133
11|1304|44.51588821411133
11|1352|22.635534286499023
11|1389|49.72057342529297
11|1395|42.38141632080078
11|1474|29.175247192382812
11|1559|40.56772994995117
11|1561|33.0943603515625
11|1601|26.51460075378418
11|1733|32.53680419921875
11|1750|32.167606353759766
11|1771|24.663503646850586
11|1815|28.00487518310547
11|1900|35.99489974975586
11|1903|27.223237991333008
11|1906|30.369388580322266
11|1985|25.264528274536133
11|2070|36.74372482299805
11|2077|28.05027198791504
11|2112|26.191869735717773
11|2156|26.768638610839844
11|2175|25.007362365722656
11|2241|36.35515213012695
11|2246|29.623374938964844
11|2261|26.17266273498535
11|2326|27.292184829711914
11|2411|37.84115219116211
11|2415|30.731748580932617
11|2417|30.321870803833008
11|2431|25.51399040222168
11|2453|26.745952606201172
11|2497|27.489349365234375
11|2516|24.82842445373535
11|2585|26.777931213378906
11|2587|29.02869987487793
11|2667|24.65214729309082
11|2880|26.925729751586914
11|2883|26.57451820373535
11|2886|27.454593658447266
11|3062|39.788482666015625
11|3070|56.61789321899414
11|3123|22.41217613220215
11|3130|33.11917495727539
11|3165|23.301136016845703
11|3172|30.559288024902344
11|3209|22.03068733215332
11|3215|31.560232162475586
11|3264|33.185821533203125
11|3266|32.74922180175781
11|3269|34.24565505981445
11|3562|22.717512130737305
11|3565|23.845409393310547
11|3568|26.098506927490234
11|3581|22.67988395690918
11|3739|31.85625648498535
11|3743|40.16415023803711
11|3747|35.557228088378906
11|3751|56.68898391723633
11|3811|30.4278564453125
11|3853|29.121845245361328
11|3896|28.48971939086914
11|3945|36.104732513427734
11|3951|32.80180358886719
11|4243|33.808982849121094
11|4246|23.843141555786133
11|4250|26.45121955871582
11|4425|42.01152420043945
11|4429|37.03646469116211
11|4433|56.63669204711914
11|4494|28.88044548034668
11|4536|27.523681640625
11|4578|25.644397735595703
11|4628|25.29027557373047
11|4634|30.379953384399414
11|4928|23.60848617553711
11|5106|33.996639251708984
11|5109|34.375789642333984
12|73|27.635778427124023
12|244|34.05259323120117
12|415|26.828826904296875
12|586|29.465232849121094
12|755|30.733675003051758
12|920|39.85215377807617
12|926|27.53493881225586
12|1096|30.209938049316406
12|1267|30.484445571899414
12|1396|38.960182189941406
12|1431|29.133102416992188
12|1438|25.468158721923828
12|1608|24.42218780517578
12|1772|25.962867736816406
12|1778|23.427204132080078
12|1907|28.011804580688477
12|1942|26.5647029876709
12|2113|24.96356201171875
12|2283|23.20205307006836
12|2289|22.060306549072266
12|2412|33.314640045166016
12|2461|23.603816986083984
12|2582|31.20113754272461
12|2586|26.519954681396484
12|2729|34.972293853759766
12|2887|27.264822006225586
12|2889|31.419082641601562
12|2895|29.275571823120117
12|2899|44.910282135009766
12|2960|26.365446090698242
12|2962|26.688596725463867
12|2999|25.030181884765625
12|3045|24.29241943359375
12|3198|31.74311637878418
12|3224|31.38856315612793
12|3309|28.339839935302734
12|3312|28.505905151367188
12|3569|25.166431427001953
12|3572|41.28628921508789
12|3575|27.77608871459961
12|3579|28.297687530517578
12|3643|25.241682052612305
12|3645|26.091644287109375
12|3726|23.504018783569336
12|3794|33.33845138549805
12|3812|29.462181091308594
12|3906|30.05919075012207
12|3965|27.705434799194336
12|3988|27.346023559570312
12|3993|26.717565536499023
12|4260|26.329593658447266
12|4323|23.76915168762207
12|4326|24.276838302612305
12|4519|33.671363830566406
12|4588|25.397560119628906
12|4604|35.13447952270508
12|4627|22.792980194091797
12|4669|24.603971481323242
12|4673|25.931182861328125
12|4774|36.836307525634766
12|4860|29.854827880859375
12|4932|25.840152740478516
12|4938|22.3828067779541
12|4944|43.385555267333984
12|5009|37.30924987792969
12|5090|24.142412185668945
12|5158|31.131980895996094
13|1361|21.929004669189453
13|1380|21.935258865356445
13|2985|40.863189697265625
13|3049|24.343647003173828
13|3539|24.663768768310547
13|3905|30.72084617614746
13|4008|29.288076400756836
13|4178|32.18820571899414
13|4220|33.07106018066406
13|4263|28.304410934448242
13|4413|21.981239318847656
13|4587|31.142900466918945
13|4689|43.091796875
13|4924|25.84992218017578
13|4987|27.52964210510254
13|5030|28.213970184326172
13|5095|24.249744415283203
14|2688|37.867103576660156
14|2879|36.534420013427734
14|2884|34.95896911621094
14|3222|23.071001052856445
14|3562|41.05487060546875
14|3567|24.963563919067383
14|4093|26.068532943725586
14|4247|36.36965560913086
14|4925|35.76905059814453
14|4931|26.537446975708008
15|166|24.788671493530273
15|337|22.97837257385254
15|507|23.717905044555664
15|678|24.080684661865234
15|848|23.14337158203125
15|1019|23.638160705566406
15|1189|22.13852882385254
15|1360|40.10384750366211
15|1366|39.055606842041016
15|1394|24.294246673583984
15|1409|31.985239028930664
15|1530|44.145103454589844
15|1701|34.25597381591797
15|1707|28.264135360717773
15|1792|22.6965389251709
15|1871|37.07572555541992
15|1878|22.226085662841797
15|2041|35.72518539428711
15|2212|38.25653839111328
15|2382|37.706398010253906
15|2553|35.06491470336914
15|2720|24.206628799438477
15|2726|26.259471893310547
15|2728|22.93415069580078
15|3234|23.763715744018555
15|3240|28.842304229736328
15|3403|39.22684097290039
15|3572|23.01323890686035
15|3915|22.81768035888672
15|4085|33.09534454345703
15|4766|30.608469009399414
15|4904|23.0854434967041
16|1363|32.07668685913086
16|1387|45.852134704589844
16|1534|28.72142219543457
16|1536|32.21244430541992
16|1728|30.766178131103516
16|1877|31.51370620727539
16|2045|25.808338165283203
16|2386|23.139366149902344
16|2557|31.718244552612305
16|2580|25.784717559814453
16|2729|27.18328094482422
16|3409|30.53290557861328
16|3453|23.098886489868164
16|4092|42.6270866394043
16|4220|41.10142135620117
16|4433|27.58071517944336
16|4774|37.905826568603516
16|4796|25.39122772216797
16|4902|31.439970016479492
17|68|52.40345764160156
17|238|56.52524948120117
17|409|54.20567321777344
17|579|56.11033630371094
17|750|53.67974853515625
17|920|56.343177795410156
17|1090|51.747066497802734
17|1261|55.208744049072266
17|1431|126.17735290527344
17|1451|33.70245361328125
17|1477|22.388025283813477
17|1602|100.10862731933594
17|1622|31.41139030456543
17|1772|99.99143981933594
17|1942|91.25904846191406
17|2113|89.67169952392578
17|2283|84.44428253173828
17|2454|84.63743591308594
17|2624|84.05016326904297
17|2648|24.70186996459961
17|2670|23.938026428222656
17|2730|21.999807357788086
17|2772|24.656089782714844
17|2815|27.069515228271484
17|2857|28.089162826538086
17|2942|25.143234252929688
17|2985|34.587955474853516
17|3028|24.195032119750977
17|3070|24.848834991455078
17|3113|24.43614387512207
17|3156|27.886003494262695
17|3198|26.018272399902344
17|3241|31.79674530029297
17|3326|31.516401290893555
17|3368|23.268112182617188
17|3497|29.484275817871094
17|3539|27.506439208984375
17|3582|33.3797492980957
17|3624|27.576126098632812
17|3667|27.601764678955078
17|3709|24.774150848388672
17|3752|22.338537216186523
17|3837|25.777725219726562
17|3880|23.37005615234375
17|3923|29.656850814819336
17|3965|23.506093978881836
17|4008|28.636371612548828
17|4050|24.226825714111328
17|4093|37.45341491699219
17|4135|24.994421005249023
17|4157|63.1065559387207
17|4178|23.781951904296875
17|4263|26.577533721923828
17|4306|23.696184158325195
17|4349|24.61314582824707
17|4434|27.955821990966797
17|4476|23.01527976989746
17|4519|27.09527015686035
17|4561|21.89702796936035
17|4604|24.497726440429688
17|4689|34.319610595703125
17|4732|22.549646377563477
17|4775|27.023128509521484
17|4860|24.94996452331543
17|4945|22.199220657348633
17|4987|24.280799865722656
17|5009|23.024005889892578
17|5030|26.056320190429688
17|5072|25.49092674255371
17|5158|22.246871948242188
18|1388|60.66279602050781
18|1476|24.393033981323242
18|1517|27.72986602783203
18|1520|29.03083610534668
18|1558|45.5164909362793
18|1687|23.07004165649414
18|1690|25.511539459228516
18|1729|46.224639892578125
18|1899|39.61323165893555
18|2070|41.420936584472656
18|2240|41.63225173950195
18|2411|37.51523971557617
18|2581|38.20891189575195
18|2645|23.96246337890625
18|2669|27.47366714477539
18|2687|22.2464656829834
18|2710|22.512771606445312
18|2712|22.72614860534668
18|3411|22.958824157714844
18|4328|49.841732025146484
18|4796|25.75348472595215
19|1516|27.703868865966797
19|1523|43.53011703491211
19|1693|31.844449996948242
19|1864|31.609439849853516
19|2034|31.814464569091797
19|2205|30.253662109375
19|2375|32.64231872558594
19|2546|29.759990692138672
19|2688|26.100910186767578
19|2716|35.829185485839844
19|3052|23.23139190673828
19|3397|23.693328857421875
19|3734|23.442401885986328
19|4079|25.25299835205078
19|4117|47.53022003173828
20|1644|27.985132217407227
20|1985|21.9810848236084
20|2545|27.407127380371094
20|3013|32.8336296081543
20|3051|23.497798919677734
20|3694|28.458833694458008
20|3733|21.914377212524414
20|4376|29.439889907836914
20|4415|24.466739654541016
20|5058|29.004024505615234
20|5107|56.50749588012695
21|1474|35.09592056274414
21|1516|25.60138511657715
21|1526|35.56610870361328
21|1697|28.07801055908203
21|1815|24.095510482788086
21|1867|26.570161819458008
21|2038|26.656959533691406
21|2208|25.00461769104004
21|2379|24.967313766479492
21|2549|24.10065460205078
21|4594|65.57564544677734
21|4860|38.933555603027344
22|1438|27.45787239074707
22|1609|24.834741592407227
22|4595|56.85417556762695
23|1431|23.797962188720703
23|1601|25.12696647644043
23|1608|22.563064575195312
23|1772|21.90458869934082
23|2608|23.063024520874023
23|2624|22.173269271850586
23|4841|31.66439437866211
25|4966|22.149921417236328
27|1559|53.79859924316406
27|1730|44.91349792480469
27|1900|35.201507568359375
27|2071|34.78463363647461
27|2241|33.247501373291016
27|2412|35.25099182128906
27|2582|29.637895584106445
27|3264|33.57518005371094
27|3946|31.067598342895508
27|4628|57.68347930908203
28|1566|45.33157730102539
28|1736|37.25496292114258
28|1907|32.45196533203125
28|2077|30.488428115844727
28|2247|28.358325958251953
28|2418|30.840843200683594
28|3269|31.61692237854004
28|3951|31.80046844482422
28|4633|28.47119903564453
28|4839|36.86315155029297
28|4967|48.66904067993164
30|4256|30.621414184570312
30|5104|28.534549713134766
31|4255|27.94849967956543
31|5105|30.02170753479004
32|4597|32.053688049316406
36|4625|48.4670524597168
38|4731|21.90453338623047
38|4968|26.645490646362305
39|1664|24.737133026123047
40|3903|22.346677780151367
41|4253|58.23091125488281
41|4765|24.781030654907227
43|1664|23.170988082885742
43|1749|24.683868408203125
44|1698|36.09419631958008
44|1868|30.847782135009766
44|2038|22.506107330322266
44|2209|24.887447357177734
44|2550|21.988746643066406
45|3913|34.59104919433594
46|2571|22.616350173950195
46|3232|35.70315933227539
46|4595|27.354169845581055
47|1664|25.516788482666016
48|1749|24.972333908081055
48|1834|24.066757202148438
51|4252|40.358123779296875
52|1664|32.56029510498047
52|1749|42.13544464111328
52|1834|35.86347961425781
52|1919|27.231409072875977
52|2005|23.07035255432129
52|2175|22.71769905090332
52|2771|21.975990295410156
52|4764|22.306270599365234
54|1815|26.372997283935547
54|2723|22.769502639770508
60|2712|23.780906677246094
60|3368|22.576242446899414
60|3794|27.80342674255371
61|1690|22.543790817260742
61|1822|28.398048400878906
61|1834|23.287281036376953
61|1860|43.901329040527344
61|1992|22.970481872558594
61|2031|30.948017120361328
61|2201|25.41102409362793
61|2372|23.74750518798828
61|2542|24.581995010375977
61|3010|26.920223236083984
61|3692|24.614356994628906
61|4374|22.75249481201172
61|5055|23.876853942871094
62|1777|23.226816177368164
62|1792|28.880207061767578
62|1947|23.223527908325195
63|2771|23.020824432373047
63|3112|24.176477432250977
63|3794|23.91667938232422
63|5157|24.558637619018555
64|1835|29.97539710998535
64|4391|22.844966888427734
64|4987|22.70600128173828
66|1835|26.761838912963867
66|2771|22.4187068939209
66|4561|25.402023315429688
66|5072|22.859113693237305
67|3197|30.93640899658203
67|4475|26.667186737060547
67|4816|23.30779266357422
68|1834|37.06877899169922
68|2005|26.20134925842285
68|2942|24.306983947753906
68|3112|25.066545486450195
68|3538|26.449562072753906
68|3794|21.97386932373047
68|3879|27.10781478881836
69|3064|29.489574432373047
69|3746|26.858985900878906
69|4428|25.67658042907715
69|5110|22.293672561645508
70|1919|29.007850646972656
70|3747|24.547250747680664
70|4498|25.683486938476562
73|1834|23.822154998779297
76|1792|22.403432846069336
76|1963|28.527429580688477
81|1899|29.446653366088867
81|1919|22.096242904663086
81|2070|24.809593200683594
81|2581|30.570165634155273
83|1963|31.5040225982666
83|4455|21.903512954711914
83|5137|22.30725860595703
84|1962|26.80535316467285
92|4455|23.735881805419922
92|5137|28.22730827331543
95|1962|22.33868980407715
101|5137|26.00339698791504
102|2030|21.978647232055664
113|2004|24.441560745239258
113|2090|29.90330696105957
118|2090|21.92508316040039
143|2113|25.608686447143555
143|2624|30.917715072631836
146|2133|23.356395721435547
171|2922|27.650718688964844
171|4285|23.51389503479004
184|2710|28.27690315246582
185|2330|23.60625648498535
185|2500|23.400108337402344
185|2670|28.952098846435547
225|2670|28.38037109375
256|2771|23.284847259521484
256|2856|25.637052536010742
259|2771|22.246286392211914