One More Time
Daft Punk

EDM
one_more_time
1025x5168
3716

0|2029|17.56557846069336
0|2113|21.99197769165039
0|2239|17.19364356994629
0|2281|17.11185073852539
0|2411|19.28986167907715
0|2453|20.25920295715332
0|2495|21.4235897064209
0|2537|17.317060470581055
0|2579|21.24248504638672
0|2621|20.682493209838867
0|2663|19.774837493896484
0|2786|18.592647552490234
0|2870|16.71405792236328
0|2912|16.49580955505371
0|2954|17.670841217041016
0|3378|20.29367446899414
0|3420|20.605613708496094
0|3459|16.422191619873047
0|3504|17.78925895690918
0|3585|16.606754302978516
0|3925|19.50937843322754
0|3967|19.476728439331055
0|4051|17.11403465270996
0|4093|19.704219818115234
0|4132|17.659496307373047
0|4174|16.425819396972656
0|4300|18.624984741210938
0|4598|17.690773010253906
0|4724|21.668458938598633
0|4892|18.246225357055664
0|5106|16.324525833129883
1|287|20.907197952270508
1|2037|22.35052490234375
1|2080|21.52044105529785
1|2119|39.44534683227539
1|2163|23.79943084716797
1|2245|33.86115264892578
1|2247|25.867116928100586
1|2287|35.86728286743164
1|2329|32.71693801879883
1|2374|28.581314086914062
1|2500|27.300613403320312
1|2584|29.08487892150879
1|2668|23.70259666442871
1|2710|20.028249740600586
1|2750|36.553253173828125
1|2836|18.488901138305664
1|2921|26.369022369384766
1|3002|37.73063278198242
1|3465|32.546783447265625
1|3509|22.578081130981445
1|3552|27.5394229888916
1|3593|20.727346420288086
1|3678|22.512773513793945
1|3720|21.45819091796875
1|3972|19.380367279052734
1|4141|22.092025756835938
1|4180|33.05448913574219
1|4225|17.852123260498047
1|4266|26.0407657623291
1|4432|21.595291137695312
1|4434|17.26062774658203
1|4516|29.594829559326172
1|4561|18.727741241455078
1|4645|27.3004207611084
1|4687|21.382949829101562
1|4811|34.86899185180664
1|4814|20.10218620300293
1|5021|27.366640090942383
2|3|17.73099708557129
2|10|42.936519622802734
2|16|27.5676212310791
2|27|30.272947311401367
2|33|37.41844177246094
2|43|21.129501342773438
2|55|20.097360610961914
2|60|30.846139907836914
2|62|29.165441513061523
2|68|18.263385772705078
2|75|27.861242294311523
2|81|21.46503448486328
2|89|19.573287963867188
2|94|20.973142623901367
2|98|20.091449737548828
2|101|25.757272720336914
2|115|23.430416107177734
2|127|21.229738235473633
2|133|28.18144416809082
2|151|31.17512321472168
2|154|20.263519287109375
2|170|18.066057205200195
2|173|26.556739807128906
2|185|31.541563034057617
2|190|21.629859924316406
2|195|26.361751556396484
2|199|30.537776947021484
2|211|32.99295425415039
2|226|19.491817474365234
2|235|16.370365142822266
2|240|27.7620792388916
2|247|22.882919311523438
2|256|25.172853469848633
2|265|18.068174362182617
2|269|29.467321395874023
2|276|22.451818466186523
2|280|25.74258041381836
2|283|24.90648078918457
2|289|45.31277084350586
2|295|27.605255126953125
2|301|27.039390563964844
2|305|21.367820739746094
2|307|29.310150146484375
2|317|17.901079177856445
2|320|27.103307723999023
2|322|27.1929874420166
2|325|26.809911727905273
2|337|22.121042251586914
2|346|18.839658737182617
2|358|26.520065307617188
2|370|22.06317901611328
2|403|19.98603057861328
2|411|20.09880256652832
2|426|17.742733001708984
2|429|18.591949462890625
2|435|18.20027732849121
2|450|20.23052978515625
2|468|17.941579818725586
2|474|24.13041114807129
2|519|16.912721633911133
2|2019|120.98351287841797
2|2022|93.8021011352539
2|2027|65.48023223876953
2|2030|57.21823501586914
2|2034|39.46104431152344
2|2061|123.4088363647461
2|2065|91.89998626708984
2|2069|74.24575805664062
2|2073|59.57866287231445
2|2076|44.385231018066406
2|2103|114.26605987548828
2|2107|93.15837097167969
2|2111|69.42674255371094
2|2115|56.123809814453125
2|2118|39.87592315673828
2|2144|134.60092163085938
2|2149|90.98467254638672
2|2153|65.67927551269531
2|2156|55.16611862182617
2|2160|40.43355178833008
2|2188|112.94331359863281
2|2191|88.77970886230469
2|2195|73.83858489990234
2|2199|54.42008972167969
2|2203|40.32248306274414
2|2206|24.154342651367188
2|2229|130.7135772705078
2|2233|96.09375
2|2237|65.76332092285156
2|2241|51.8147087097168
2|2244|39.976322174072266
2|2271|128.1184539794922
2|2275|87.56918334960938
2|2279|70.73843383789062
2|2283|52.92356872558594
2|2286|38.59367370605469
2|2313|124.73539733886719
2|2317|91.25241088867188
2|2321|69.58260345458984
2|2325|50.7526741027832
2|2328|36.105491638183594
2|2332|21.975431442260742
2|2351|46.68943405151367
2|2356|119.48439025878906
2|2363|71.7855224609375
2|2367|56.4188346862793
2|2371|40.57419967651367
2|2397|128.0672149658203
2|2401|90.77836608886719
2|2405|64.64008331298828
2|2409|53.63591003417969
2|2413|41.39350509643555
2|2416|25.004175186157227
2|2440|115.6688003540039
2|2443|89.05409240722656
2|2448|72.00276184082031
2|2451|56.16704177856445
2|2455|45.02906036376953
2|2458|19.941390991210938
2|2482|121.25858306884766
2|2485|91.65840148925781
2|2489|66.72342681884766
2|2493|55.77784729003906
2|2497|40.50297164916992
2|2524|115.9584732055664
2|2528|90.77664184570312
2|2532|70.86048889160156
2|2535|54.20193099975586
2|2539|42.1243896484375
2|2543|21.445314407348633
2|2565|121.74991607666016
2|2569|93.04600524902344
2|2573|65.57559204101562
2|2577|56.35884475708008
2|2581|37.688777923583984
2|2607|127.99066162109375
2|2611|92.97042083740234
2|2615|63.00825500488281
2|2619|47.11460876464844
2|2623|32.02584457397461
2|2626|22.75482177734375
2|2649|121.969970703125
2|2654|86.22728729248047
2|2657|67.22415161132812
2|2661|56.579158782958984
2|2665|42.630889892578125
2|2669|23.010337829589844
2|2692|117.1642074584961
2|2696|87.44679260253906
2|2700|68.29714965820312
2|2704|49.70330047607422
2|2707|38.35208511352539
2|2711|23.23008155822754
2|2734|120.24911499023438
2|2738|86.447509765625
2|2742|68.56214141845703
2|2746|53.813255310058594
2|2776|111.37096405029297
2|2780|84.71626281738281
2|2784|73.4115982055664
2|2788|57.29084396362305
2|2792|35.142948150634766
2|2795|22.796110153198242
2|2817|129.49911499023438
2|2822|89.69481658935547
2|2826|62.991676330566406
2|2829|52.08656311035156
2|2833|40.30542755126953
2|2860|114.29793548583984
2|2864|84.7614974975586
2|2868|71.56735229492188
2|2872|53.5376091003418
2|2876|37.808597564697266
2|2879|23.150941848754883
2|2902|118.85189056396484
2|2906|92.49369812011719
2|2910|67.6910400390625
2|2914|49.72587585449219
2|2917|39.416259765625
2|2943|130.748779296875
2|2948|90.12492370605469
2|2952|67.05814361572266
2|2956|49.81659698486328
2|2959|38.61003494262695
2|2963|23.01788902282715
2|2986|121.8339614868164
2|2990|88.18547821044922
2|2994|62.19109344482422
2|2998|54.44002151489258
2|3001|38.74010467529297
2|3364|127.2228775024414
2|3368|89.34208679199219
2|3372|65.10279846191406
2|3376|57.39847183227539
2|3380|41.826507568359375
2|3384|21.043659210205078
2|3406|135.36065673828125
2|3411|89.36363983154297
2|3415|66.47187042236328
2|3418|51.62259292602539
2|3422|44.58561325073242
2|3426|26.78936195373535
2|3449|109.998779296875
2|3457|71.9408187866211
2|3461|51.83456802368164
2|3464|39.98126220703125
2|3490|131.55422973632812
2|3495|86.88211059570312
2|3498|61.510337829589844
2|3502|48.98614501953125
2|3506|41.424774169921875
2|3533|114.79938507080078
2|3537|87.59819793701172
2|3541|71.49534606933594
2|3545|56.052242279052734
2|3549|35.58230972290039
2|3575|129.48582458496094
2|3579|89.50914764404297
2|3583|60.942962646484375
2|3586|45.91857147216797
2|3590|38.91413879394531
2|3617|123.90060424804688
2|3621|86.05709075927734
2|3625|61.68013000488281
2|3629|46.38570785522461
2|3632|33.245033264160156
2|3636|20.18425750732422
2|3659|123.71138000488281
2|3663|85.16919708251953
2|3667|61.46933364868164
2|3670|45.206871032714844
2|3674|28.341548919677734
2|3701|115.57611846923828
2|3709|62.3619499206543
2|3713|50.43352508544922
2|3717|36.67774963378906
2|3743|127.57734680175781
2|3747|88.09959411621094
2|3751|61.99870300292969
2|3755|41.7525520324707
2|3758|32.585479736328125
2|3785|109.71421813964844
2|3789|82.0860366821289
2|3793|62.41211700439453
2|3797|51.40287780761719
2|3800|32.12045669555664
2|3804|17.458175659179688
2|3827|126.66083526611328
2|3831|88.31254577636719
2|3835|62.17840576171875
2|3839|45.7004280090332
2|3843|35.12556838989258
2|3846|16.47188377380371
2|3869|114.58601379394531
2|3873|82.29668426513672
2|3877|58.27193832397461
2|3881|47.29368591308594
2|3885|30.023555755615234
2|3888|18.848066329956055
2|3911|126.80328369140625
2|3915|86.77306365966797
2|3919|62.5657844543457
2|3923|52.865081787109375
2|3927|34.163787841796875
2|3953|125.67837524414062
2|3957|83.61971282958984
2|3961|59.85136795043945
2|3965|50.32746887207031
2|3969|36.07297134399414
2|3995|116.43365478515625
2|3999|83.79039764404297
2|4003|58.58949279785156
2|4007|45.14998245239258
2|4011|32.26405334472656
2|4014|22.86960220336914
2|4038|111.10399627685547
2|4042|78.1905517578125
2|4046|64.87164306640625
2|4049|46.34640884399414
2|4053|36.052555084228516
2|4057|20.403106689453125
2|4079|125.81763458251953
2|4083|87.57898712158203
2|4087|63.000701904296875
2|4091|51.92637634277344
2|4095|40.77607345581055
2|4098|19.074703216552734
2|4122|109.35586547851562
2|4126|84.96685028076172
2|4130|64.43269348144531
2|4134|51.03038024902344
2|4137|41.5426139831543
2|4164|112.6126480102539
2|4168|84.67696380615234
2|4172|63.98377990722656
2|4176|51.01423645019531
2|4179|35.03596115112305
2|4183|21.26435661315918
2|4206|107.19412994384766
2|4210|83.41731262207031
2|4214|71.99036407470703
2|4218|45.79303741455078
2|4221|35.50819778442383
2|4248|123.80615234375
2|4252|83.48774719238281
2|4256|58.63204574584961
2|4259|41.69860076904297
2|4263|33.04831314086914
2|4267|23.96775245666504
2|4289|122.9067611694336
2|4294|83.0733871459961
2|4297|61.950897216796875
2|4301|45.199886322021484
2|4305|37.31525421142578
2|4332|115.4868392944336
2|4336|82.69554138183594
2|4340|58.253013610839844
2|4343|41.94584655761719
2|4347|35.60129165649414
2|4374|106.52130889892578
2|4378|79.70790100097656
2|4382|61.7449951171875
2|4386|45.37843322753906
2|4389|30.02573013305664
2|4393|19.27182388305664
2|4416|117.32072448730469
2|4420|82.6535415649414
2|4424|58.951202392578125
2|4428|37.42033004760742
2|4431|26.746965408325195
2|4435|16.454269409179688
2|4459|104.44538879394531
2|4462|80.96123504638672
2|4466|64.36585235595703
2|4470|44.98979187011719
2|4474|32.12028121948242
2|4500|119.0848617553711
2|4504|82.08733367919922
2|4508|59.829586029052734
2|4512|44.06864929199219
2|4515|31.78741455078125
2|4519|19.20738983154297
2|4543|108.39511108398438
2|4546|79.98483276367188
2|4550|58.309539794921875
2|4554|42.0230598449707
2|4558|31.34311866760254
2|4584|117.91674041748047
2|4588|83.75465393066406
2|4592|55.72846984863281
2|4596|45.97796630859375
2|4600|31.304651260375977
2|4603|22.88298225402832
2|4622|46.870059967041016
2|4626|116.39578247070312
2|4630|83.17000579833984
2|4634|58.56653594970703
2|4638|42.93009567260742
2|4642|27.420347213745117
2|4668|115.3398666381836
2|4672|81.83869934082031
2|4676|60.48711395263672
2|4680|43.06889343261719
2|4684|31.037254333496094
2|4711|108.8565902709961
2|4715|77.60277557373047
2|4719|60.056884765625
2|4722|44.83644485473633
2|4726|39.09457778930664
2|4730|20.45798110961914
2|4752|117.58918762207031
2|4756|84.1916275024414
2|4760|60.938392639160156
2|4764|51.2752685546875
2|4768|32.84389114379883
2|4771|20.348051071166992
2|4795|107.40210723876953
2|4799|79.20303344726562
2|4803|64.99215698242188
2|4806|46.06692886352539
2|4810|41.33918762207031
2|4837|109.88724517822266
2|4841|78.66209411621094
2|4845|61.63536071777344
2|4849|49.24964904785156
2|4852|30.496627807617188
2|4879|104.57559204101562
2|4882|80.684814453125
2|4887|58.57017517089844
2|4890|45.436336517333984
2|4894|30.910755157470703
2|4920|111.86900329589844
2|4924|81.71273040771484
2|4928|55.8158073425293
2|4932|40.76466751098633
2|4936|31.048301696777344
2|4963|111.72837829589844
2|4971|60.779850006103516
2|4974|43.40116882324219
2|4978|35.42133712768555
2|4981|17.4593505859375
2|5005|112.42491149902344
2|5009|75.74102020263672
2|5013|56.45442199707031
2|5017|39.72380447387695
2|5020|29.470321655273438
2|5047|106.08246612548828
2|5051|76.96186065673828
2|5055|62.2227783203125
2|5059|43.517189025878906
2|5062|36.165977478027344
2|5066|18.739791870117188
2|5089|111.60440826416016
2|5093|76.62924194335938
2|5097|53.682472229003906
2|5101|39.22081756591797
2|5104|31.841096878051758
2|5131|103.81310272216797
2|5135|76.4278564453125
2|5139|57.038169860839844
2|5143|40.65041732788086
2|5147|25.96848487854004
3|6|33.74993133544922
3|14|20.632333755493164
3|24|20.3333683013916
3|28|30.35352897644043
3|34|35.93332290649414
3|38|30.873674392700195
3|51|24.149873733520508
3|121|21.645462036132812
3|123|21.026594161987305
3|126|19.935022354125977
3|139|21.82456398010254
3|145|17.407238006591797
3|156|18.40473747253418
3|165|27.846099853515625
3|168|22.75381851196289
3|191|18.609460830688477
3|206|27.52981948852539
3|228|22.79118537902832
3|231|22.238630294799805
3|250|30.664674758911133
3|253|27.447202682495117
3|285|18.527786254882812
3|313|35.91347122192383
3|324|27.60210418701172
3|327|17.81001091003418
3|334|35.28656005859375
3|354|18.12508201599121
3|367|16.482378005981445
3|376|21.650432586669922
3|433|19.82891273498535
3|673|21.442964553833008
3|1262|16.297748565673828
3|1430|18.401777267456055
3|1727|16.928028106689453
3|1853|16.780519485473633
3|1895|17.20206642150879
3|2017|113.13712310791016
3|2058|107.44572448730469
3|2100|115.58100891113281
3|2142|144.25054931640625
3|2185|103.32842254638672
3|2227|139.31959533691406
3|2269|141.9226531982422
3|2311|133.98731994628906
3|2353|112.6268539428711
3|2395|118.37753295898438
3|2437|111.9420394897461
3|2479|112.51284790039062
3|2521|129.58421325683594
3|2563|118.52564239501953
3|2605|141.18411254882812
3|2647|139.3302001953125
3|2689|122.95089721679688
3|2731|106.5987777709961
3|2773|105.26734161376953
3|2815|139.58863830566406
3|2858|110.93321228027344
3|2900|119.08427429199219
3|2938|31.76682472229004
3|2942|147.7800750732422
3|2958|24.03089714050293
3|2984|116.7064437866211
3|3362|134.3223114013672
3|3404|143.54991149902344
3|3446|110.9783706665039
3|3488|135.1901397705078
3|3530|114.74748229980469
3|3572|135.67112731933594
3|3614|136.02383422851562
3|3656|139.41575622558594
3|3698|116.53715515136719
3|3741|134.56361389160156
3|3783|120.91468048095703
3|3825|137.86865234375
3|3867|117.84368133544922
3|3909|134.50430297851562
3|3951|142.61326599121094
3|3993|127.11451721191406
3|4035|112.50756072998047
3|4077|121.99952697753906
3|4119|110.53369903564453
3|4162|98.43561553955078
3|4203|108.53958129882812
3|4245|124.06944274902344
3|4284|27.493288040161133
3|4287|140.77615356445312
3|4326|31.275426864624023
3|4329|122.90052032470703
3|4371|101.80046844482422
3|4414|122.49518585205078
3|4455|106.3226089477539
3|4498|125.14105224609375
3|4540|101.26055145263672
3|4582|124.49198150634766
3|4624|129.11965942382812
3|4666|127.0926513671875
3|4708|106.7796401977539
3|4750|131.59400939941406
3|4792|111.46588134765625
3|4876|120.81147003173828
3|4919|101.5261001586914
3|4957|28.00047492980957
3|4960|118.7979736328125
3|4999|23.063623428344727
3|5002|112.67418670654297
3|5044|105.75724792480469
3|5087|110.13665008544922
3|5129|111.10102081298828
4|5|23.91291046142578
4|54|17.628114700317383
4|80|21.622339248657227
4|122|22.71843910217285
4|164|25.83651351928711
4|167|18.929841995239258
4|293|16.54754066467285
4|333|29.034996032714844
4|375|25.915771484375
4|417|22.0009765625
4|501|20.060977935791016
4|543|16.669954299926758
4|585|28.058927536010742
4|732|18.25414276123047
4|756|23.488399505615234
4|840|25.364818572998047
4|844|16.355316162109375
4|1008|22.574758529663086
4|1068|16.779165267944336
4|1092|25.500343322753906
4|1176|26.401281356811523
4|1261|24.27806854248047
4|1344|26.05548095703125
4|1429|27.465423583984375
4|1489|18.41265869140625
4|1513|25.472698211669922
4|1803|17.76398277282715
4|2140|91.47929382324219
4|2268|151.38137817382812
4|2436|110.84777069091797
4|2520|130.95033264160156
4|2604|162.27940368652344
4|2646|160.26878356933594
4|2688|137.35208129882812
4|2813|98.97964477539062
4|2898|103.33474731445312
4|2941|143.76187133789062
4|3361|152.10552978515625
4|3486|92.45845031738281
4|3655|162.3068084716797
4|3866|143.1623077392578
4|3907|112.85696411132812
4|3950|154.6298828125
4|3992|149.78306579589844
4|4034|128.9098358154297
4|4286|141.2844696044922
4|4623|143.25726318359375
4|4665|142.8857879638672
4|4707|113.59024047851562
4|4875|152.1165313720703
5|290|23.746259689331055
5|332|21.355579376220703
5|374|20.783790588378906
5|459|19.751171112060547
5|669|150.72305297851562
5|762|18.054418563842773
5|846|17.79241943359375
5|940|70.11955261230469
5|945|53.43717575073242
5|949|35.63131332397461
5|955|31.748966217041016
5|959|37.67070388793945
5|963|159.57118225097656
5|970|29.84002685546875
5|974|35.81639862060547
5|979|30.242511749267578
5|982|31.30695343017578
5|984|32.32389450073242
5|988|31.985002517700195
5|994|26.212093353271484
5|998|27.209571838378906
5|1000|27.498294830322266
5|1014|19.891483306884766
5|1258|155.04222106933594
5|1281|46.87009811401367
5|1287|30.684457778930664
5|1292|29.113073348999023
5|1296|35.36598205566406
5|1300|167.02084350585938
5|1306|23.909360885620117
5|1310|29.856210708618164
5|1316|29.50979232788086
5|1320|32.005245208740234
5|1325|31.686752319335938
5|1331|30.598819732666016
5|1334|23.15399742126465
5|1338|23.233654022216797
5|1617|46.07530212402344
5|1625|32.59135437011719
5|1631|29.84161376953125
5|1636|147.489501953125
5|1644|26.245695114135742
5|1647|28.290191650390625
5|1652|28.899410247802734
5|1655|27.722515106201172
5|1661|27.310434341430664
5|1663|25.771387100219727
5|1668|30.487571716308594
5|1671|24.309457778930664
5|1674|21.933307647705078
5|1681|116.68932342529297
5|1807|127.71690368652344
5|1829|17.71668815612793
5|1849|135.5327606201172
5|1891|126.31686401367188
5|1933|131.91041564941406
5|1952|27.57646942138672
5|1955|34.74917221069336
5|1963|30.08784294128418
5|1968|27.89188575744629
5|1973|141.08692932128906
5|1980|24.01459312438965
5|1984|22.93569564819336
5|1988|18.008487701416016
5|1990|17.65314483642578
5|1993|21.588882446289062
5|1998|23.5963077545166
5|2006|22.782146453857422
5|2096|27.326616287231445
5|2099|164.72108459472656
5|2183|160.28810119628906
5|2224|109.61003112792969
5|2267|155.63819885253906
5|2291|35.53670120239258
5|2296|24.93695640563965
5|2298|26.98744010925293
5|2301|23.731964111328125
5|2305|25.592411041259766
5|2309|156.47801208496094
5|2312|32.40110397338867
5|2321|16.53861427307129
5|2326|20.40765380859375
5|2334|26.054479598999023
5|2340|26.82506561279297
5|2345|19.86597442626953
5|2351|162.44830322265625
5|2603|148.29833984375
5|2626|33.88457489013672
5|2633|26.729164123535156
5|2636|24.685026168823242
5|2642|30.23830223083496
5|2663|21.55197525024414
5|2671|20.899959564208984
5|2677|24.513391494750977
5|2682|22.33342933654785
5|2687|168.6493682861328
5|2772|161.24600219726562
5|2812|103.3968734741211
5|2856|203.66624450683594
5|2897|129.36753845214844
5|2965|38.10159683227539
5|2971|22.568561553955078
5|2974|25.805105209350586
5|2976|25.439056396484375
5|2979|28.066303253173828
5|2982|162.72991943359375
5|2985|27.806018829345703
5|2999|21.239620208740234
5|3007|19.7612247467041
5|3010|21.77863311767578
5|3012|21.042875289916992
5|3017|25.07871437072754
5|3067|19.098854064941406
5|3109|17.20534324645996
5|3151|16.793445587158203
5|3235|22.368837356567383
5|3360|146.718505859375
5|3485|100.46469116210938
5|3613|158.4925537109375
5|3616|19.390666961669922
5|3636|38.337738037109375
5|3647|23.681978225708008
5|3650|30.453262329101562
5|3658|30.710033416748047
5|3673|17.8902530670166
5|3680|19.479175567626953
5|3692|17.362398147583008
5|3697|160.95980834960938
5|3781|177.15379333496094
5|3865|177.0917510986328
5|3906|122.44373321533203
5|3974|36.445152282714844
5|3980|22.273616790771484
5|3985|21.790666580200195
5|3987|22.389972686767578
5|3991|136.09393310546875
5|4009|18.650718688964844
5|4016|17.047208786010742
5|4022|17.8934383392334
5|4033|172.65036010742188
5|4118|138.8872528076172
5|4202|154.72218322753906
5|4310|31.40568733215332
5|4316|19.530210494995117
5|4322|25.542512893676758
5|4328|153.01992797851562
5|4331|27.2933349609375
5|4345|16.73685073852539
5|4355|18.038368225097656
5|4370|144.36956787109375
5|4622|114.27721405029297
5|4645|33.2033805847168
5|4651|23.947757720947266
5|4658|19.035741806030273
5|4660|19.1533203125
5|4664|118.59783172607422
5|4690|19.412128448486328
5|4696|18.553264617919922
5|4699|16.835872650146484
5|4706|148.03802490234375
5|4788|25.65765380859375
5|4959|147.53074645996094
5|4962|16.79167366027832
5|4981|28.6173038482666
5|4990|21.714759826660156
5|4994|23.05126190185547
5|4997|23.341115951538086
5|5001|139.88043212890625
5|5042|133.5377655029297
5|5127|175.45184326171875
6|249|21.43568229675293
6|678|19.849716186523438
6|680|17.608463287353516
6|710|194.8650665283203
6|731|64.87648010253906
6|753|198.8025665283203
6|764|18.369216918945312
6|794|198.13113403320312
6|815|61.103885650634766
6|837|192.48043823242188
6|848|17.14183235168457
6|857|18.40115737915039
6|878|179.40701293945312
6|899|54.34239196777344
6|921|190.43408203125
6|1004|175.9791259765625
6|1046|175.8839874267578
6|1068|58.55657958984375
6|1089|183.800048828125
6|1131|185.0051727294922
6|1152|54.458797454833984
6|1173|181.39564514160156
6|1183|18.262245178222656
6|1215|191.26954650878906
6|1236|53.951778411865234
6|1257|155.3842315673828
6|1274|31.558757781982422
6|1341|188.0244903564453
6|1383|197.73500061035156
6|1404|58.82284927368164
6|1426|183.69314575195312
6|1437|16.40472412109375
6|1467|198.13912963867188
6|1488|54.376705169677734
6|1510|180.58297729492188
6|1551|188.8093719482422
6|1573|58.24827575683594
6|1594|163.72445678710938
6|1680|118.48973846435547
6|1684|18.24443817138672
6|1722|185.78652954101562
6|1730|18.87445068359375
6|1764|182.93153381347656
6|1773|19.03944969177246
6|1806|186.12953186035156
6|1810|17.2161808013916
6|1848|183.88616943359375
6|1856|16.38020896911621
6|1890|186.4652557373047
6|1898|18.368404388427734
6|1932|179.49659729003906
6|2014|163.6060791015625
6|2056|169.319091796875
6|2098|158.2160186767578
6|2140|112.86028289794922
6|2161|35.557861328125
6|2246|38.963924407958984
6|2283|16.512086868286133
6|2308|81.0950698852539
6|2350|134.66661071777344
6|2392|165.369873046875
6|2414|33.13041305541992
6|2435|175.33282470703125
6|2476|155.19859313964844
6|2519|161.65267944335938
6|2560|154.95318603515625
6|2582|40.42583465576172
6|2729|189.24252319335938
6|2751|39.05841827392578
6|2771|161.023681640625
6|2813|102.18758392333984
6|2835|32.77515411376953
6|2919|33.9532585144043
6|2959|40.90202331542969
6|3023|134.21226501464844
6|3026|19.517229080200195
6|3066|17.93182945251465
6|3318|26.104625701904297
6|3402|133.8422088623047
6|3423|38.1367073059082
6|3444|157.5258331298828
6|3486|94.23085021972656
6|3507|36.34128952026367
6|3528|156.32913208007812
6|3570|128.83843994140625
6|3591|34.09347915649414
6|3738|132.95205688476562
6|3760|26.646535873413086
6|3822|125.10730743408203
6|3907|102.14203643798828
6|3928|36.46605682373047
6|4074|127.3939437866211
6|4096|33.58713150024414
6|4117|166.55157470703125
6|4159|159.88645935058594
6|4180|33.61610794067383
6|4201|163.1710968017578
6|4242|93.2761001586914
6|4264|28.78076171875
6|4411|109.24153900146484
6|4432|21.526729583740234
6|4454|148.75936889648438
6|4495|137.32437133789062
6|4517|28.590373992919922
6|4538|158.6431427001953
6|4579|112.90227508544922
6|4601|32.245845794677734
6|4747|116.43116760253906
6|4769|34.014286041259766
6|4790|158.91494750976562
6|4832|150.12586975097656
6|4853|32.36277770996094
6|4916|142.40631103515625
6|4937|31.69710922241211
6|4958|123.87361907958984
6|5000|106.03202056884766
6|5084|127.69026184082031
6|5106|25.63982582092285
6|5167|87.76622009277344
7|37|28.7058162689209
7|121|33.74980163574219
7|206|33.04933547973633
7|679|22.61527442932129
7|733|66.4657974243164
7|746|47.55615234375
7|758|22.133920669555664
7|763|21.2686824798584
7|818|59.4084358215332
7|830|46.118751525878906
7|841|21.824838638305664
7|847|19.809404373168945
7|856|16.77659797668457
7|901|55.11368179321289
7|904|50.87350082397461
7|907|45.76054763793945
7|914|43.39588165283203
7|917|33.551300048828125
7|925|26.252120971679688
7|930|36.22090530395508
7|936|38.55514144897461
7|941|55.21798324584961
7|945|52.990089416503906
7|973|19.224777221679688
7|997|16.564416885375977
7|1015|17.81714630126953
7|1069|58.86729431152344
7|1072|50.65851593017578
7|1077|42.87025833129883
7|1082|39.16500473022461
7|1086|33.95121383666992
7|1100|21.070526123046875
7|1153|54.972625732421875
7|1166|39.52812194824219
7|1178|20.966266632080078
7|1184|18.433345794677734
7|1237|53.773284912109375
7|1241|46.0035400390625
7|1243|45.584861755371094
7|1250|37.13019561767578
7|1254|31.69624137878418
7|1266|36.84169006347656
7|1273|39.29866027832031
7|1277|72.98722839355469
7|1309|18.81513023376465
7|1312|20.3492374420166
7|1340|139.67123413085938
7|1352|19.718229293823242
7|1406|52.6452751159668
7|1409|46.81944274902344
7|1419|38.45018005371094
7|1430|18.633989334106445
7|1436|19.677087783813477
7|1490|51.41807556152344
7|1494|46.86371612548828
7|1503|43.703895568847656
7|1506|29.565265655517578
7|1514|17.684402465820312
7|1574|58.187374114990234
7|1577|48.94609832763672
7|1581|41.935707092285156
7|1587|35.30702209472656
7|1590|30.09573745727539
7|1598|29.80828857421875
7|1603|37.41645050048828
7|1608|36.915008544921875
7|1614|68.13011169433594
7|1664|18.859525680541992
7|1677|154.24142456054688
7|1763|162.69595336914062
7|1950|46.3907470703125
7|2013|143.4243927001953
7|2079|40.875083923339844
7|2082|38.509098052978516
7|2084|39.55859375
7|2092|36.204811096191406
7|2095|29.514530181884766
7|2165|37.1270751953125
7|2168|39.58993911743164
7|2176|36.48092269897461
7|2182|150.34585571289062
7|2247|40.14425277709961
7|2251|40.72321701049805
7|2260|36.82655715942383
7|2265|73.18122863769531
7|2282|18.929521560668945
7|2287|51.195396423339844
7|2291|37.475154876708984
7|2416|40.87478256225586
7|2418|38.73484420776367
7|2421|35.57701873779297
7|2428|36.58446502685547
7|2434|143.07559204101562
7|2499|43.18634033203125
7|2503|37.2636604309082
7|2510|34.54177474975586
7|2515|28.92682647705078
7|2584|40.03006362915039
7|2586|39.409156799316406
7|2589|36.89164733886719
7|2592|40.1909294128418
7|2596|35.57869338989258
7|2602|99.3575668334961
7|2613|17.473533630371094
7|2618|21.422706604003906
7|2623|27.45538330078125
7|2632|37.9605598449707
7|2752|40.39023208618164
7|2759|36.430519104003906
7|2765|34.90755844116211
7|2768|31.069744110107422
7|2838|37.7011604309082
7|2842|35.229183197021484
7|2846|28.795658111572266
7|2849|30.186058044433594
7|2852|28.747604370117188
7|2921|36.40412521362305
7|2923|37.8238639831543
7|2926|35.807647705078125
7|2933|35.59646987915039
7|2940|108.17169189453125
7|2956|19.86444664001465
7|2960|43.869239807128906
7|2981|108.15389251708984
7|3004|17.41648292541504
7|3108|20.600852966308594
7|3150|21.872419357299805
7|3192|18.9013671875
7|3234|21.055644989013672
7|3276|20.140907287597656
7|3359|107.69758605957031
7|3425|39.274749755859375
7|3428|41.66734313964844
7|3435|30.46529197692871
7|3438|34.834938049316406
7|3441|31.921621322631836
7|3509|41.355098724365234
7|3514|32.481605529785156
7|3519|26.250869750976562
7|3522|27.089956283569336
7|3525|19.974348068237305
7|3595|38.888206481933594
7|3600|22.741168975830078
7|3604|25.70633316040039
7|3606|26.59172821044922
7|3611|61.00740432739258
7|3623|17.398313522338867
7|3627|16.772254943847656
7|3633|41.34236145019531
7|3761|28.728891372680664
7|3769|19.10605812072754
7|3774|21.552927017211914
7|3777|19.87055778503418
7|3845|33.24512481689453
7|3848|29.58973503112793
7|3855|16.611955642700195
7|3858|17.186569213867188
7|3861|16.2949275970459
7|3929|35.519615173339844
7|3933|29.291738510131836
7|3935|32.11322784423828
7|3942|34.54877853393555
7|3965|18.70545768737793
7|3969|50.098968505859375
7|3973|40.523067474365234
7|3990|70.8836441040039
7|4098|33.27048110961914
7|4100|36.423431396484375
7|4104|36.15902328491211
7|4110|32.77434539794922
7|4114|28.10403823852539
7|4182|35.362579345703125
7|4189|24.763578414916992
7|4191|26.364778518676758
7|4194|24.845924377441406
7|4269|32.108402252197266
7|4279|25.97091293334961
7|4300|19.010868072509766
7|4306|46.994361877441406
7|4435|22.804290771484375
7|4447|19.195465087890625
7|4450|17.800457000732422
7|4453|136.65875244140625
7|4519|29.728748321533203
7|4521|30.742961883544922
7|4532|17.192174911499023
7|4537|120.48197937011719
7|4602|34.084346771240234
7|4604|34.13351821899414
7|4608|30.04867172241211
7|4612|27.685415267944336
7|4615|28.98573112487793
7|4642|35.74711227416992
7|4705|100.9787826538086
7|4768|27.280088424682617
7|4770|33.06321716308594
7|4776|34.653316497802734
7|4783|29.185056686401367
7|4787|24.735055923461914
7|4854|32.613014221191406
7|4857|30.495277404785156
7|4864|24.247894287109375
7|4868|25.012996673583984
7|4873|81.77564239501953
7|4939|30.438100814819336
7|4945|27.67304229736328
7|4952|25.753881454467773
7|4973|16.512704849243164
7|4978|27.502622604370117
7|5107|27.90684700012207
7|5116|17.441804885864258
7|5121|17.42230224609375
7|5123|17.709840774536133
8|943|61.753074645996094
8|948|55.72368240356445
8|955|44.38176727294922
8|959|44.6092643737793
8|965|17.577241897583008
8|969|18.969619750976562
8|976|24.729101181030273
8|981|16.311325073242188
8|987|32.71153259277344
8|998|16.32895278930664
8|1093|20.740276336669922
8|1177|19.287919998168945
8|1279|74.52738189697266
8|1284|50.737144470214844
8|1291|41.07859802246094
8|1294|39.20832443237305
8|1301|18.47265625
8|1305|17.180477142333984
8|1316|20.47576141357422
8|1324|30.44285011291504
8|1615|70.08126068115234
8|1621|52.27585220336914
8|1626|39.909210205078125
8|1629|39.47386932373047
8|1642|18.687341690063477
8|1646|21.90388298034668
8|1649|18.275659561157227
8|1660|28.930702209472656
8|1683|25.5975341796875
8|1689|33.47346115112305
8|1702|37.14363479614258
8|1704|35.15584945678711
8|1709|34.13165283203125
8|1713|39.01295471191406
8|1717|29.161649703979492
8|1719|35.689208984375
8|1733|29.146923065185547
8|1744|32.902099609375
8|1746|29.333341598510742
8|1750|29.750925064086914
8|1753|32.7530632019043
8|1759|28.256441116333008
8|1775|31.087923049926758
8|1781|31.193838119506836
8|1786|28.08979034423828
8|1790|26.378793716430664
8|1793|30.9444580078125
8|1796|31.43916130065918
8|1815|33.00326156616211
8|1817|31.49024200439453
8|1820|28.260807037353516
8|1828|28.868417739868164
8|1832|28.41340446472168
8|1838|29.334550857543945
8|1857|29.331613540649414
8|1870|34.835262298583984
8|1881|28.595022201538086
8|1894|22.71604347229004
8|1899|29.545915603637695
8|1901|30.868879318237305
8|1904|32.95343780517578
8|1913|31.12772560119629
8|1916|28.272090911865234
8|1918|28.493797302246094
8|1920|29.793676376342773
8|1929|31.454334259033203
8|1937|21.56747055053711
8|1941|25.230091094970703
8|1947|28.117664337158203
8|1953|58.20472717285156
8|1958|47.43397521972656
8|1967|35.97226333618164
8|1974|17.533220291137695
8|1996|21.708314895629883
8|2288|58.48672103881836
8|2293|36.83908462524414
8|2296|38.171756744384766
8|2300|40.468807220458984
8|2307|93.04884338378906
8|2334|23.259674072265625
8|2626|52.51261901855469
8|2631|44.95402908325195
8|2637|36.474151611328125
8|2644|89.82897186279297
8|2670|22.26559829711914
8|2770|92.54834747314453
8|2854|89.12593841552734
8|2897|105.44141387939453
8|2939|132.81198120117188
8|2962|53.328975677490234
8|2967|44.51986312866211
8|2972|38.393497467041016
8|2977|31.0163631439209
8|3005|23.651634216308594
8|3233|17.094419479370117
8|3275|17.61139678955078
8|3443|113.0570297241211
8|3635|45.24647521972656
8|3639|40.60395050048828
8|3643|32.37836456298828
8|3648|35.71703338623047
8|3650|35.92824935913086
8|3653|80.67623138427734
8|3678|17.43885612487793
8|3863|62.3695182800293
8|3906|77.76080322265625
8|3971|58.35855484008789
8|3976|39.43122100830078
8|3982|34.18806838989258
8|3986|27.631582260131836
8|4015|24.188488006591797
8|4116|110.00269317626953
8|4285|88.72594451904297
8|4307|46.35948944091797
8|4313|35.400901794433594
8|4319|30.53980255126953
8|4323|31.962343215942383
8|4326|91.49626922607422
8|4644|37.6357307434082
8|4654|30.296506881713867
8|4689|18.080265045166016
8|4789|107.45388793945312
8|4977|21.643234252929688
8|4981|34.781089782714844
8|4985|30.686704635620117
8|4990|24.478553771972656
8|4992|26.79503059387207
8|4997|29.70680809020996
9|669|25.370248794555664
9|676|24.245859146118164
9|682|27.934612274169922
9|685|27.15475845336914
9|690|25.153440475463867
9|696|17.094314575195312
9|698|20.14219856262207
9|709|53.36647033691406
9|724|17.787492752075195
9|731|40.32522964477539
9|733|37.96931457519531
9|738|35.52397918701172
9|740|33.79511260986328
9|742|33.99525833129883
9|747|33.70836639404297
9|762|26.99662208557129
9|769|30.852102279663086
9|775|37.130821228027344
9|778|25.504467010498047
9|781|28.119104385375977
9|815|38.24494171142578
9|817|40.01649856567383
9|824|40.767860412597656
9|831|37.7613639831543
9|846|25.116363525390625
9|854|31.382652282714844
9|859|33.082298278808594
9|866|22.729389190673828
9|901|35.33207702636719
9|903|36.15440368652344
9|907|37.31678771972656
9|910|30.841449737548828
9|915|37.04951095581055
9|924|19.975032806396484
9|939|45.3693733215332
9|1015|27.17605209350586
9|1020|31.2154598236084
9|1022|32.41093063354492
9|1027|31.424211502075195
9|1034|22.88920783996582
9|1040|18.756725311279297
9|1048|18.616975784301758
9|1068|32.17808532714844
9|1071|35.51885223388672
9|1073|32.34077835083008
9|1077|30.39984893798828
9|1080|29.12666893005371
9|1083|29.908123016357422
9|1094|16.661714553833008
9|1098|25.40226936340332
9|1104|28.537168502807617
9|1107|28.9110107421875
9|1111|30.652130126953125
9|1120|22.717180252075195
9|1132|21.946443557739258
9|1152|31.773193359375
9|1155|33.467872619628906
9|1157|35.1823616027832
9|1162|35.6513786315918
9|1167|30.37555503845215
9|1180|19.0528507232666
9|1183|22.1299991607666
9|1187|23.956649780273438
9|1190|23.496639251708984
9|1196|26.38892936706543
9|1203|23.325565338134766
9|1214|52.17842483520508
9|1216|21.40705108642578
9|1236|36.37046813964844
9|1239|36.2026252746582
9|1241|34.5352783203125
9|1243|35.78421401977539
9|1246|34.86106491088867
9|1252|31.513336181640625
9|1260|19.871671676635742
9|1348|20.729055404663086
9|1353|23.9984073638916
9|1357|26.402124404907227
9|1364|26.36018180847168
9|1368|19.87729835510254
9|1371|20.109331130981445
9|1382|50.493221282958984
9|1384|21.42227554321289
9|1404|28.97687530517578
9|1407|32.68243408203125
9|1409|33.31624221801758
9|1411|32.15690231323242
9|1413|30.60042953491211
9|1416|27.231077194213867
9|1420|30.386974334716797
9|1435|22.247257232666016
9|1441|27.402923583984375
9|1448|23.92265510559082
9|1451|21.306377410888672
9|1455|21.518596649169922
9|1466|49.48109436035156
9|1488|32.67098617553711
9|1490|32.67179870605469
9|1492|32.920921325683594
9|1495|32.2337760925293
9|1498|35.404605865478516
9|1518|21.056079864501953
9|1521|21.605745315551758
9|1525|29.127723693847656
9|1531|28.094335556030273
9|1535|19.848121643066406
9|1539|21.446414947509766
9|1544|16.4459285736084
9|1550|52.26741027832031
9|1572|30.43558692932129
9|1574|29.666719436645508
9|1576|32.21320724487305
9|1579|32.53041458129883
9|1581|30.64618492126465
9|1583|32.14067840576172
9|1586|26.675212860107422
9|1588|27.91750717163086
9|1597|19.358928680419922
9|1612|28.713586807250977
9|1685|26.34391975402832
9|1690|32.68389892578125
9|1693|32.436553955078125
9|1696|36.413150787353516
9|1698|33.283443450927734
9|1700|34.25858688354492
9|1703|36.272884368896484
9|1705|35.129024505615234
9|1707|32.36136245727539
9|1715|36.57579803466797
9|1727|33.24691390991211
9|1730|29.498586654663086
9|1732|29.620393753051758
9|1734|28.893695831298828
9|1736|28.535905838012695
9|1740|36.89105224609375
9|1742|29.609817504882812
9|1747|32.49903869628906
9|1755|30.360326766967773
9|1757|25.94243621826172
9|1762|44.304725646972656
9|1769|25.880874633789062
9|1772|29.01644515991211
9|1776|32.726043701171875
9|1778|32.11909103393555
9|1780|32.92863845825195
9|1782|31.610307693481445
9|1784|29.16814613342285
9|1789|26.224544525146484
9|1791|26.88519287109375
9|1795|31.657136917114258
9|1797|29.98430824279785
9|1799|24.723766326904297
9|1801|23.757808685302734
9|1811|27.143775939941406
9|1818|31.017438888549805
9|1822|30.1691837310791
9|1824|31.513444900512695
9|1826|34.76923751831055
9|1830|28.035158157348633
9|1833|27.27330207824707
9|1836|29.670698165893555
9|1839|27.93259048461914
9|1841|28.755491256713867
9|1853|27.81186294555664
9|1856|28.472293853759766
9|1864|37.403812408447266
9|1866|33.740989685058594
9|1868|33.55121994018555
9|1873|32.322296142578125
9|1879|29.278120040893555
9|1883|28.028520584106445
9|1885|26.848798751831055
9|1895|26.404666900634766
9|1898|29.89963150024414
9|1905|33.47701644897461
9|1908|33.80915069580078
9|1910|30.142261505126953
9|1921|30.999780654907227
9|1923|25.993934631347656
9|1925|26.569461822509766
9|1927|26.15870475769043
9|1940|22.89716339111328
9|1943|25.993404388427734
9|1945|26.428878784179688
9|1949|37.11488342285156
9|2043|16.702974319458008
9|2045|16.544918060302734
9|2055|74.44983673095703
9|2077|17.64777946472168
9|2082|29.4668025970459
9|2084|25.54770851135254
9|2086|29.023582458496094
9|2089|28.79796028137207
9|2091|26.448617935180664
9|2095|18.38890266418457
9|2121|17.042221069335938
9|2127|18.123899459838867
9|2129|18.082304000854492
9|2140|45.34861373901367
9|2161|25.07638168334961
9|2164|27.509767532348633
9|2168|27.460609436035156
9|2170|29.277803421020508
9|2177|27.23320198059082
9|2205|21.231502532958984
9|2210|19.633743286132812
9|2213|19.32622718811035
9|2224|54.591331481933594
9|2249|25.337915420532227
9|2252|29.887163162231445
9|2254|30.651704788208008
9|2261|27.966970443725586
9|2266|92.76528930664062
9|2285|17.52037811279297
9|2308|90.8526382446289
9|2379|18.381202697753906
9|2394|28.6238956451416
9|2413|21.90285301208496
9|2417|30.318405151367188
9|2422|27.321821212768555
9|2424|28.299697875976562
9|2429|31.23155975341797
9|2452|16.78622817993164
9|2457|21.68939781188965
9|2462|18.3448543548584
9|2478|30.025869369506836
9|2498|25.099525451660156
9|2501|27.383596420288086
9|2503|28.536453247070312
9|2506|30.56192970275879
9|2510|24.606746673583984
9|2513|25.59073829650879
9|2541|21.25763511657715
9|2548|20.42462730407715
9|2562|26.56338882446289
9|2585|29.201902389526367
9|2590|28.770614624023438
9|2594|24.739112854003906
9|2599|20.943401336669922
9|2622|28.328184127807617
9|2709|20.750398635864258
9|2715|17.924821853637695
9|2718|16.38294792175293
9|2730|35.24943542480469
9|2750|18.963764190673828
9|2753|24.226215362548828
9|2755|24.012277603149414
9|2757|26.49123764038086
9|2761|26.74358367919922
9|2764|22.719627380371094
9|2766|22.379535675048828
9|2768|20.068387985229492
9|2788|17.202716827392578
9|2794|17.215946197509766
9|2802|19.710702896118164
9|2813|46.57720184326172
9|2836|20.906707763671875
9|2839|26.03795051574707
9|2843|29.708467483520508
9|2850|28.138933181762695
9|2886|18.48311996459961
9|2896|96.02532196044922
9|2922|28.688739776611328
9|2927|29.251468658447266
9|2929|30.344358444213867
9|2934|31.34149932861328
9|3377|17.410701751708984
9|3386|17.256017684936523
9|3388|17.955726623535156
9|3391|17.21196746826172
9|3399|16.655052185058594
9|3402|19.967050552368164
9|3423|19.348295211791992
9|3428|26.592845916748047
9|3433|29.909244537353516
9|3437|20.38106918334961
9|3439|21.90989112854004
9|3461|17.359668731689453
9|3467|20.368270874023438
9|3485|39.949668884277344
9|3507|18.85470199584961
9|3510|26.51487922668457
9|3512|25.42591667175293
9|3514|20.821298599243164
9|3517|25.441118240356445
9|3521|20.502559661865234
9|3567|26.09990692138672
9|3570|20.818431854248047
9|3593|20.87061309814453
9|3596|26.307537078857422
9|3598|21.999385833740234
9|3600|22.622098922729492
9|3602|22.821016311645508
9|3607|22.733043670654297
9|3611|72.99055480957031
9|3631|16.622289657592773
9|3726|21.73274803161621
9|3733|16.77983856201172
9|3738|23.33387565612793
9|3763|16.41223907470703
9|3770|16.83707618713379
9|3779|68.80609130859375
9|3822|29.114948272705078
9|3845|18.177688598632812
9|3847|20.154212951660156
9|3850|18.533401489257812
9|3852|16.68726348876953
9|3854|17.54319953918457
9|3895|17.075206756591797
9|3929|27.33014678955078
9|3936|38.47441482543945
9|3943|29.57750129699707
9|3948|107.95037841796875
9|4051|29.4528751373291
9|4055|16.348758697509766
9|4059|16.51775360107422
9|4064|17.735774993896484
9|4096|17.725366592407227
9|4101|25.66060447692871
9|4104|27.722646713256836
9|4106|27.552995681762695
9|4111|23.64801597595215
9|4134|17.46306610107422
9|4180|19.826236724853516
9|4183|20.375539779663086
9|4185|20.339269638061523
9|4187|22.026235580444336
9|4190|22.456960678100586
9|4196|17.099815368652344
9|4240|17.126602172851562
9|4243|52.14901351928711
9|4268|20.248620986938477
9|4271|20.876413345336914
9|4273|21.46210289001465
9|4280|22.648365020751953
9|4284|81.40734100341797
9|4399|17.080949783325195
9|4411|46.70509338378906
9|4441|16.742324829101562
9|4443|16.880521774291992
9|4495|46.53443908691406
9|4520|18.30260467529297
9|4523|18.061410903930664
9|4560|16.69664764404297
9|4579|44.4429931640625
9|4600|18.644943237304688
9|4606|26.389892578125
9|4612|27.985780715942383
9|4616|21.612285614013672
9|4621|79.48089599609375
9|4663|86.62333679199219
9|4728|19.216529846191406
9|4731|17.14811134338379
9|4735|17.71396827697754
9|4769|21.550033569335938
9|4772|21.61574935913086
9|4777|25.099803924560547
9|4779|23.84013557434082
9|4781|21.983699798583984
9|4784|24.570873260498047
9|4808|17.959728240966797
9|4812|17.435794830322266
9|4833|24.169675827026367
9|4854|17.022899627685547
9|4856|17.513076782226562
9|4858|18.165334701538086
9|4860|18.891427993774414
9|4867|16.61691665649414
9|4896|21.107370376586914
9|4937|21.069908142089844
9|4942|17.530384063720703
9|4944|19.741893768310547
9|4951|16.479351043701172
9|5073|20.708171844482422
9|5078|17.55221939086914
9|5125|63.94064712524414
10|668|28.672149658203125
10|693|18.651206970214844
10|708|48.56199645996094
10|721|25.364057540893555
10|752|72.23504638671875
10|793|59.43779373168945
10|836|60.06098937988281
10|877|59.90908432006836
10|927|24.353519439697266
10|931|28.974672317504883
10|934|27.149200439453125
10|940|37.307830810546875
10|948|33.251773834228516
10|962|42.651451110839844
10|976|23.46230125427246
10|981|29.70878791809082
10|984|32.25482940673828
10|988|35.69576644897461
10|992|33.365562438964844
10|997|28.114444732666016
10|1045|54.373050689697266
10|1088|57.30931854248047
10|1129|54.40631866455078
10|1172|56.864200592041016
10|1213|56.36204528808594
10|1256|41.35823059082031
10|1264|22.52655601501465
10|1267|25.0360164642334
10|1271|26.419143676757812
10|1277|35.68741989135742
10|1280|28.264665603637695
10|1285|28.028390884399414
10|1298|37.99405288696289
10|1313|25.63070297241211
10|1316|25.137048721313477
10|1319|29.006694793701172
10|1321|29.21453857421875
10|1324|25.81416893005371
10|1327|28.812349319458008
10|1332|29.75882339477539
10|1335|27.77842140197754
10|1425|54.78421401977539
10|1509|56.40367889404297
10|1600|26.074512481689453
10|1604|28.459354400634766
10|1607|24.672142028808594
10|1613|29.48300552368164
10|1623|32.38213348388672
10|1635|38.21556854248047
10|1648|22.47612953186035
10|1654|30.073986053466797
10|1659|29.310386657714844
10|1662|30.095163345336914
10|1667|29.03072166442871
10|1670|28.22207260131836
10|1959|25.212650299072266
10|1961|23.078182220458984
10|1972|31.989971160888672
10|1986|17.531049728393555
10|1989|18.586074829101562
10|1992|17.998414993286133
10|1997|22.81314468383789
10|2000|20.946613311767578
10|2006|23.764556884765625
10|2286|21.333608627319336
10|2294|27.903194427490234
10|2307|79.2635269165039
10|2328|18.070356369018555
10|2332|24.815067291259766
10|2335|26.634248733520508
10|2338|27.837310791015625
10|2341|24.897192001342773
10|2349|50.40616989135742
10|2391|79.7578125
10|2475|72.66341400146484
10|2560|68.93083953857422
10|2623|27.61476707458496
10|2629|22.140209197998047
10|2632|23.575319290161133
10|2665|19.38894271850586
10|2668|22.103281021118164
10|2673|24.709684371948242
10|2675|25.773283004760742
10|2679|25.16254234313965
10|2686|52.99060821533203
10|2960|32.629859924316406
10|3000|19.95867919921875
10|3003|18.815969467163086
10|3006|27.33426856994629
10|3008|25.918800354003906
10|3010|26.462663650512695
10|3014|26.829133987426758
10|3017|25.242900848388672
10|3550|27.056306838989258
10|3553|28.76116943359375
10|3564|21.496129989624023
10|3632|16.496246337890625
10|3635|22.484622955322266
10|3643|16.776756286621094
10|3645|17.68526268005371
10|3653|70.1632080078125
10|3679|27.637619018554688
10|3688|21.70248794555664
10|3695|41.39201354980469
10|3722|25.93560028076172
10|3736|22.81656837463379
10|3780|65.17698669433594
10|3820|21.164724349975586
10|3894|19.03594398498535
10|3969|23.855934143066406
10|3973|19.231395721435547
10|3978|23.93274688720703
10|3980|22.077072143554688
10|4008|18.5296630859375
10|4032|43.13201904296875
10|4049|19.03394889831543
10|4074|49.63420867919922
10|4223|29.30519676208496
10|4226|23.432035446166992
10|4237|28.154232025146484
10|4305|17.161447525024414
10|4312|19.610227584838867
10|4316|16.866857528686523
10|4345|16.441164016723633
10|4352|37.12687683105469
10|4359|35.604347229003906
10|4362|38.26851272583008
10|4368|35.56464767456055
10|4396|28.66266441345215
10|4494|43.55773162841797
10|4642|17.81589126586914
10|4648|17.87354850769043
10|4721|21.075439453125
10|4747|47.26959991455078
10|4899|24.6558780670166
10|4908|17.333730697631836
10|4911|24.96865463256836
10|4915|61.129154205322266
10|4978|20.37603759765625
10|4980|18.433996200561523
10|4986|21.09768295288086
10|5024|31.138389587402344
10|5034|26.21097183227539
10|5036|27.033306121826172
10|5041|50.67097854614258
10|5069|30.34994125366211
10|5083|62.83794403076172
10|5167|42.40817642211914
11|249|22.421110153198242
11|374|17.173625946044922
11|696|53.2299690246582
11|699|59.75471496582031
11|703|52.7889289855957
11|706|54.132232666015625
11|720|26.618589401245117
11|736|22.40851402282715
11|745|29.72174644470215
11|748|25.679323196411133
11|761|16.433700561523438
11|764|17.25111961364746
11|817|20.35601806640625
11|820|23.827417373657227
11|824|21.871505737304688
11|829|26.565176010131836
11|845|19.044076919555664
11|904|21.96211814880371
11|911|23.710769653320312
11|1011|16.760112762451172
11|1015|16.537473678588867
11|1032|16.432540893554688
11|1071|23.346403121948242
11|1073|23.886274337768555
11|1081|27.29610824584961
11|1158|20.627408981323242
11|1166|30.964601516723633
11|1236|18.667051315307617
11|1245|22.411287307739258
11|1249|22.16030502319336
11|1253|20.691829681396484
11|1351|17.54860496520996
11|1358|16.867321014404297
11|1404|18.390674591064453
11|1407|21.386474609375
11|1413|21.413177490234375
11|1419|24.909143447875977
11|1497|23.11572265625
11|1503|26.848291397094727
11|1526|17.37191390991211
11|1576|21.319562911987305
11|1581|21.32185935974121
11|1584|23.39456558227539
11|1588|24.1761531829834
11|1677|41.958518981933594
11|1706|16.365877151489258
11|1732|19.237783432006836
11|1736|19.938552856445312
11|1741|20.032258987426758
11|1748|19.89400863647461
11|1792|18.702857971191406
11|1803|24.870149612426758
11|1818|21.842477798461914
11|1859|18.956039428710938
11|1865|18.3687801361084
11|1874|19.636526107788086
11|1878|18.30495834350586
11|1884|17.841964721679688
11|1896|17.07735252380371
11|1903|20.366918563842773
11|1909|19.237075805664062
11|1916|20.263671875
11|1971|31.432281494140625
11|2045|54.2132453918457
11|2052|44.49868392944336
11|2079|20.529008865356445
11|2086|22.787216186523438
11|2092|22.73650550842285
11|2094|22.44213104248047
11|2139|38.626251220703125
11|2166|16.57052993774414
11|2170|19.383203506469727
11|2177|23.774028778076172
11|2179|23.137767791748047
11|2251|17.364112854003906
11|2260|20.673444747924805
11|2417|17.86421775817871
11|2427|19.998926162719727
11|2430|21.627172470092773
11|2504|17.53677749633789
11|2511|21.128915786743164
11|2516|21.18593406677246
11|2549|16.293621063232422
11|2590|16.89710807800293
11|2595|20.854475021362305
11|2598|20.466415405273438
11|2625|24.31972312927246
11|2765|20.046092987060547
11|2768|17.93384552001953
11|2812|22.213815689086914
11|3023|34.08894348144531
11|3065|17.783939361572266
11|3436|23.64564323425293
11|3439|22.314176559448242
11|3510|16.78537368774414
11|3520|19.22751235961914
11|3524|17.087343215942383
11|3554|27.303497314453125
11|3563|24.560823440551758
11|3569|36.63226318359375
11|3676|25.576648712158203
11|3719|31.681842803955078
11|3724|21.92974853515625
11|3862|39.51225280761719
11|3893|28.087738037109375
11|3943|17.349130630493164
11|4009|23.199682235717773
11|4012|37.00018310546875
11|4015|30.545875549316406
11|4018|31.555330276489258
11|4021|33.79834747314453
11|4025|32.36214828491211
11|4028|37.19585418701172
11|4031|47.4455680847168
11|4047|23.362802505493164
11|4096|18.054080963134766
11|4111|22.41768455505371
11|4114|22.252140045166016
11|4224|18.93691635131836
11|4228|24.852712631225586
11|4242|48.40336608886719
11|4391|19.254724502563477
11|4410|45.610408782958984
11|4566|33.11439895629883
11|4578|42.018951416015625
11|4603|29.338476181030273
11|4607|19.66115379333496
11|4616|24.675451278686523
11|4682|29.80927848815918
11|4686|32.0927848815918
11|4689|31.5469913482666
11|4692|34.490501403808594
11|4695|35.569820404052734
11|4698|30.623952865600586
11|4702|47.34695816040039
11|4705|51.25056076049805
11|4719|19.793458938598633
11|4746|39.196197509765625
11|4776|17.81346321105957
11|4784|22.753694534301758
11|4868|17.410932540893555
11|4898|23.471519470214844
11|4905|29.448171615600586
11|5065|24.005096435546875
11|5124|39.290889739990234
12|37|26.362911224365234
12|121|24.847043991088867
12|205|30.87877655029297
12|281|18.830663681030273
12|674|17.291963577270508
12|921|18.936851501464844
12|1340|42.635215759277344
12|1415|17.39105224609375
12|1613|17.35643196105957
12|1759|16.56585693359375
12|1763|31.29705238342285
12|1843|16.66246223449707
12|1847|16.976985931396484
12|1885|17.616291046142578
12|1889|31.928630828857422
12|1931|20.63166618347168
12|2054|39.70566177368164
12|2097|31.14448356628418
12|2181|28.858980178833008
12|2287|18.338871002197266
12|2350|50.42316818237305
12|2434|34.1872673034668
12|2518|39.834022521972656
12|2686|53.403751373291016
12|2980|42.20817947387695
12|3401|36.06083679199219
12|3443|31.35036849975586
12|3557|25.648508071899414
12|3696|53.66561508178711
12|3777|38.55581283569336
12|3863|46.03648376464844
12|3929|22.08272933959961
12|4116|31.49188804626465
12|4200|27.663433074951172
12|4347|21.3209285736084
12|4450|39.58479309082031
12|4452|46.642459869384766
12|4536|49.28595733642578
12|4602|27.653390884399414
12|4684|26.621503829956055
12|4687|22.599008560180664
12|4690|24.301071166992188
12|4693|29.826181411743164
12|4789|28.62004280090332
12|5123|40.13093185424805
13|248|17.048606872558594
13|270|16.712556838989258
13|280|19.526485443115234
13|296|16.725006103515625
13|619|94.59888458251953
13|632|24.567487716674805
13|667|18.372310638427734
13|687|17.197790145874023
13|693|27.248403549194336
13|708|35.87342071533203
13|792|31.505414962768555
13|876|31.774869918823242
13|1003|42.27578353881836
13|1278|16.675216674804688
13|1465|25.058292388916016
13|1615|23.25791358947754
13|1718|16.7941837310791
13|1738|16.43045425415039
13|1757|17.042640686035156
13|1760|18.06079864501953
13|1762|25.990697860717773
13|1777|16.385589599609375
13|1796|17.457862854003906
13|1802|16.33159065246582
13|1804|22.29440689086914
13|1844|16.518779754638672
13|1863|16.326915740966797
13|1874|17.06252670288086
13|1886|17.871946334838867
13|1902|17.07506561279297
13|1921|16.807851791381836
13|1967|68.40357208251953
13|1981|16.93389320373535
13|2039|26.448488235473633
13|2138|30.421964645385742
13|2223|37.263694763183594
13|2288|20.24675750732422
13|2349|54.97159194946289
13|2390|19.818763732910156
13|2474|17.824342727661133
13|2939|18.55463218688965
13|3022|37.359893798828125
13|3400|39.475440979003906
13|3485|30.040849685668945
13|3556|27.752185821533203
13|3673|18.48711395263672
13|3695|52.37916946411133
13|3737|52.33965301513672
13|3802|18.85207176208496
13|3810|41.999916076660156
13|3821|39.41459655761719
13|3860|27.359737396240234
13|3884|23.253368377685547
13|3887|16.400440216064453
13|4007|20.934682846069336
13|4031|22.639806747436523
13|4229|18.084754943847656
13|4346|24.300310134887695
13|4483|40.759254455566406
13|4533|32.25834274291992
13|4558|31.81407356262207
13|4643|16.59096908569336
13|4662|17.061859130859375
13|4681|21.88909339904785
13|4902|24.339723587036133
13|5019|17.143556594848633
13|5041|42.247344970703125
13|5156|34.7263298034668
14|618|86.46429443359375
14|621|93.868408203125
14|668|24.088016510009766
14|673|17.455385208129883
14|686|16.316143035888672
14|709|34.69495391845703
14|731|17.265499114990234
14|752|20.699193954467773
14|793|33.90863800048828
14|877|43.13419723510742
14|1045|38.14693832397461
14|1129|35.43628692626953
14|1213|29.6004695892334
14|1382|36.99300765991211
14|1466|28.842342376708984
14|1550|38.09449005126953
14|1805|23.37680435180664
14|1845|17.134639739990234
14|1970|49.065673828125
14|2055|21.716283798217773
14|2182|20.61229705810547
14|2760|16.297332763671875
14|2770|24.355266571044922
14|2812|27.686458587646484
14|2855|18.284276962280273
14|3594|41.9810905456543
14|3775|23.224777221679688
14|3780|18.923246383666992
14|3799|19.90288734436035
14|3803|17.247602462768555
14|3808|35.87529754638672
14|3858|22.36773681640625
14|3880|18.294708251953125
14|3948|34.57490921020508
14|4032|24.242788314819336
14|4158|18.883026123046875
14|4267|36.133514404296875
14|4284|20.856393814086914
14|4368|46.180274963378906
14|4448|22.8221435546875
14|4472|17.066162109375
14|4481|37.197906494140625
14|4531|26.830650329589844
14|4830|20.28734016418457
14|4940|26.754051208496094
14|5121|26.04802894592285
14|5154|31.632232666015625
15|302|17.22759437561035
15|334|19.520095825195312
15|374|19.676733016967773
15|416|17.001235961914062
15|418|18.418807983398438
15|461|19.197628021240234
15|502|17.364856719970703
15|541|16.803678512573242
15|544|16.43613052368164
15|616|103.47684478759766
15|653|16.47989273071289
15|836|16.294334411621094
15|941|24.584651947021484
15|944|35.83182907104492
15|948|27.145328521728516
15|963|17.019739151000977
15|1004|25.36210060119629
15|1088|20.833890914916992
15|1173|16.99347686767578
15|1214|22.212055206298828
15|1277|27.889698028564453
15|1280|36.14764404296875
15|1283|27.35637664794922
15|1425|18.232946395874023
15|1509|17.772092819213867
15|1613|26.63543128967285
15|1617|27.571882247924805
15|1623|18.752933502197266
15|1720|22.240053176879883
15|1762|28.0895938873291
15|1804|24.73955726623535
15|1846|21.324539184570312
15|1888|22.800508499145508
15|1929|23.161048889160156
15|1952|26.411977767944336
15|1955|28.361473083496094
15|1962|39.0703010559082
15|1971|30.968568801879883
15|1980|19.09815788269043
15|1999|18.3619441986084
15|2098|19.852140426635742
15|2289|32.04499816894531
15|2293|28.12165069580078
15|2559|29.009992599487305
15|2624|21.956411361694336
15|2627|29.71430206298828
15|2644|19.36273193359375
15|2964|36.6229362487793
15|2982|17.290891647338867
15|3191|16.862016677856445
15|3528|17.63753890991211
15|3552|41.07777404785156
15|3632|21.100936889648438
15|3635|18.598438262939453
15|3857|26.97241973876953
15|3970|19.269325256347656
15|3973|24.820581436157227
15|4117|21.117332458496094
15|4225|28.84130859375
15|4308|20.37165641784668
15|4530|24.56768226623535
15|4642|16.331281661987305
15|4645|21.975706100463867
15|4663|23.328462600708008
15|4705|30.255931854248047
15|4790|17.59865951538086
15|4898|29.333660125732422
15|4979|23.446081161499023
15|4982|17.96478843688965
15|4998|18.108753204345703
15|5120|21.032026290893555
15|5126|16.41851043701172
16|121|21.92900848388672
16|584|25.66594886779785
16|733|16.58805274963379
16|817|17.85555648803711
16|835|18.142656326293945
16|901|17.839248657226562
16|919|17.751840591430664
16|1172|16.8175106048584
16|1237|16.477802276611328
16|1278|20.943605422973633
16|1424|16.61139678955078
16|1508|16.519702911376953
16|1676|20.01690101623535
16|2287|24.879430770874023
16|2625|24.643545150756836
16|2728|19.09919548034668
16|2896|24.632213592529297
16|2939|17.850095748901367
16|2981|23.790138244628906
16|3107|20.074848175048828
16|3149|20.349355697631836
16|3275|18.955583572387695
16|3654|17.8037109375
16|3971|17.904815673828125
16|4118|18.409835815429688
16|4223|19.364665985107422
16|4284|20.730024337768555
16|4644|16.325536727905273
16|4980|17.55792999267578
17|36|22.756258010864258
17|120|21.083850860595703
17|204|22.09945297241211
17|251|16.590187072753906
17|586|40.667022705078125
17|608|22.411603927612305
17|677|16.925668716430664
17|772|16.515167236328125
17|849|16.427316665649414
17|920|21.419910430908203
17|929|16.856266021728516
17|1017|17.27204704284668
17|1098|16.685747146606445
17|1257|17.04286766052246
17|1350|17.655826568603516
17|1593|17.55126190185547
17|1602|16.887706756591797
17|1696|16.954334259033203
17|1947|16.62354850769043
17|2097|18.862018585205078
17|2391|22.296689987182617
17|2434|18.789331436157227
17|2475|20.755483627319336
17|2518|17.748367309570312
17|2897|20.003589630126953
17|2938|17.929853439331055
17|3359|16.675870895385742
17|3443|17.92669105529785
17|3508|26.759660720825195
17|3527|20.0685977935791
17|3737|16.31140899658203
17|3905|19.366140365600586
17|4074|26.302141189575195
17|4137|16.886211395263672
17|4181|22.58099937438965
17|4200|26.238788604736328
17|4494|23.961776733398438
17|4854|23.254865646362305
17|4915|24.842939376831055
17|5083|29.93103790283203
17|5167|20.03474998474121
18|82|21.599002838134766
18|88|17.106042861938477
18|172|18.48879051208496
18|600|20.174091339111328
18|606|18.719209671020508
18|1277|20.025516510009766
18|2286|16.449228286743164
18|4032|16.36939239501953
18|4662|16.817747116088867
18|4811|17.639453887939453
19|3696|19.121816635131836
20|165|18.673206329345703
20|275|20.118175506591797
20|949|21.185537338256836
20|956|16.91493797302246
20|1286|18.847888946533203
20|1622|19.740318298339844
20|1959|16.370830535888672
20|3679|83.93500518798828
20|3681|84.01052856445312
20|3685|85.38156127929688
20|4223|20.616960525512695
20|4351|73.11795043945312
20|4354|66.62311553955078
20|4357|69.84127807617188
20|5024|84.08848571777344
20|5030|84.05329132080078
20|5040|28.719173431396484
21|2349|17.075185775756836
21|3552|34.08063507080078
21|3677|68.37516021728516
21|3808|17.841636657714844
21|4200|19.054323196411133
21|4225|29.15542984008789
21|4227|26.952800750732422
21|4350|59.98485565185547
21|4452|16.604001998901367
21|4897|23.273637771606445
21|4899|26.42439842224121
21|4910|77.83328247070312
21|5023|64.44051361083984
21|5154|17.162843704223633
22|36|21.84967803955078
22|121|19.97425651550293
22|190|26.210922241210938
22|204|23.938173294067383
22|697|41.55644226074219
22|1043|24.496845245361328
22|1126|18.712055206298828
22|1380|17.64109230041504
22|2043|18.32649040222168
22|2053|27.885812759399414
22|2473|17.875446319580078
22|2727|18.424745559692383
22|2894|20.077795028686523
22|3399|18.94622039794922
22|3676|85.17034912109375
22|3719|25.15366554260254
22|3819|18.46582794189453
22|3930|83.48152923583984
22|4228|30.136852264404297
22|4349|59.22614669799805
22|4579|17.406387329101562
22|4603|62.049888610839844
22|4684|45.40424728393555
22|4811|19.0898380279541
22|5022|77.29344177246094
23|23|24.248090744018555
23|28|16.543445587158203
23|37|22.65544319152832
23|79|17.891061782836914
23|107|18.756271362304688
23|109|20.899667739868164
23|120|18.588703155517578
23|122|18.778810501098633
23|192|25.252960205078125
23|197|16.698266983032227
23|205|24.648542404174805
23|258|16.380483627319336
23|695|43.76632308959961
23|698|42.17753219604492
23|707|46.300743103027344
23|874|19.282487869262695
23|1031|23.15348243713379
23|1125|19.85414695739746
23|1369|16.924610137939453
23|1378|17.991361618041992
23|1535|16.452606201171875
23|1538|16.874549865722656
23|1545|16.873504638671875
23|1548|21.154739379882812
23|2040|20.47661781311035
23|2044|18.548572540283203
23|2051|29.695789337158203
23|2137|16.42247772216797
23|2222|16.466524124145508
23|2463|20.460966110229492
23|2883|18.977519989013672
23|2895|22.294004440307617
23|3386|17.08585548400879
23|3388|17.08804702758789
23|3562|162.85060119628906
23|3675|85.82604217529297
23|3711|52.76360321044922
23|3863|45.400184631347656
23|3887|61.75633239746094
23|3891|44.82135009765625
23|4013|60.89175796508789
23|4018|65.30997467041016
23|4030|64.4229507446289
23|4061|17.14642333984375
23|4071|16.841646194458008
23|4235|136.04920959472656
23|4348|58.630428314208984
23|4384|48.167335510253906
23|4536|44.71007537841797
23|4561|49.52909469604492
23|4564|63.342037200927734
23|4686|52.647586822509766
23|4691|51.18097686767578
23|4698|29.399803161621094
23|4703|43.56140899658203
23|4745|21.29412841796875
23|4812|17.266355514526367
23|4908|127.46192932128906
23|5021|80.45045471191406
23|5056|36.562644958496094
25|271|17.802919387817383
25|283|21.150070190429688
25|287|20.438936233520508
25|290|19.205474853515625
25|312|20.99492835998535
25|316|22.119924545288086
25|373|18.539613723754883
25|457|19.650358200073242
25|618|18.588722229003906
25|960|21.63072967529297
25|1296|20.11480712890625
25|1646|17.445301055908203
25|1673|20.797510147094727
25|1719|19.804805755615234
25|1762|16.48219108581543
25|1804|18.37908363342285
25|1887|16.363988876342773
25|1915|16.327587127685547
25|2333|16.57417869567871
25|3653|21.620874404907227
25|3864|28.53297233581543
25|4537|18.015033721923828
26|3695|22.062278747558594
26|3859|39.878787994384766
26|3883|21.029815673828125
26|4007|36.77153778076172
26|4532|43.78858184814453
26|4556|21.838144302368164
27|43|17.0826358795166
27|79|23.14246368408203
27|81|22.54153823852539
27|106|16.87179946899414
27|125|22.750247955322266
27|140|16.53293800354004
27|149|17.936840057373047
27|165|26.952743530273438
27|184|16.735431671142578
27|190|19.919677734375
27|209|20.78614616394043
27|223|16.305360794067383
27|231|17.242263793945312
27|235|17.11899757385254
27|630|64.87281799316406
27|674|27.282188415527344
27|677|24.130884170532227
27|686|21.93536949157715
27|1978|48.925453186035156
27|2039|17.848119735717773
27|3586|36.98826599121094
27|3593|40.350894927978516
27|3619|26.596405029296875
27|3661|32.55152130126953
27|3672|76.49537658691406
27|3744|26.301366806030273
27|3787|38.86350631713867
27|3791|36.75590896606445
27|3799|105.42488098144531
27|3805|77.81971740722656
27|3865|27.83428955078125
27|3867|19.403284072875977
27|3882|20.97076988220215
27|3905|20.82493019104004
27|4002|33.01690673828125
27|4006|36.91975021362305
27|4259|41.516178131103516
27|4266|55.98495864868164
27|4292|29.320491790771484
27|4334|28.011611938476562
27|4337|26.04320526123047
27|4345|56.09209442138672
27|4417|23.676584243774414
27|4460|39.12320327758789
27|4464|36.7008171081543
27|4472|95.59640502929688
27|4478|67.81481170654297
27|4538|19.93767547607422
27|4553|20.243877410888672
27|4625|16.962392807006836
27|4676|33.763580322265625
27|4680|35.42686462402344
27|4922|20.375810623168945
27|4932|38.73126220703125
27|4938|47.705543518066406
27|4965|28.951704025268555
27|5007|43.2513542175293
27|5015|61.26177978515625
27|5018|60.46213912963867
27|5090|21.19615364074707
27|5133|46.411048889160156
27|5136|44.77862548828125
27|5144|111.01516723632812
27|5151|68.1371841430664
28|626|44.61833953857422
28|1972|37.02388000488281
28|3748|26.355792999267578
28|3858|46.27923583984375
28|3906|21.798227310180664
28|4421|26.570096969604492
28|4531|52.76167678833008
28|5094|18.798873901367188
29|3634|23.184053421020508
29|4307|20.642017364501953
29|4650|21.946239471435547
29|4980|27.70323944091797
30|273|19.512107849121094
30|278|20.233783721923828
30|280|19.65593910217285
30|342|17.407394409179688
30|345|16.599897384643555
30|384|16.407699584960938
30|420|17.481184005737305
30|426|18.343318939208984
30|468|16.928686141967773
30|509|17.177196502685547
30|552|16.341041564941406
30|615|23.051700592041016
30|642|66.33829498291016
30|648|65.06924438476562
30|653|99.39461517333984
30|670|21.341623306274414
30|1986|63.70502853393555
30|1994|45.088016510009766
30|1999|67.62215423583984
30|3512|27.067996978759766
30|3626|17.389888763427734
30|3633|17.8780574798584
30|3640|92.16356658935547
30|3683|18.396770477294922
30|3719|23.105560302734375
30|3753|78.41204833984375
30|3759|103.81607818603516
30|3773|105.89759826660156
30|3839|18.05649185180664
30|3843|20.73785400390625
30|3849|21.103458404541016
30|3856|64.53961944580078
30|3963|20.192516326904297
30|3967|18.94766616821289
30|3972|19.720417022705078
30|3976|23.658985137939453
30|4006|18.05898094177246
30|4185|20.37104034423828
30|4300|16.44049072265625
30|4306|18.93763542175293
30|4313|87.70732116699219
30|4424|88.69147491455078
30|4431|99.67273712158203
30|4446|99.8547134399414
30|4511|17.732715606689453
30|4514|18.306537628173828
30|4519|20.502113342285156
30|4529|64.80195617675781
30|4636|29.025999069213867
30|4640|27.592988967895508
30|4649|25.977285385131836
30|4679|26.488248825073242
30|4858|19.411251068115234
30|4897|24.648273468017578
30|4972|20.427526473999023
30|4979|26.952781677246094
30|4986|120.11093139648438
30|5106|82.33391571044922
30|5119|83.14019012451172
31|638|60.481353759765625
31|1984|57.60185241699219
31|3551|41.83330535888672
31|3974|17.181150436401367
31|4184|19.925796508789062
31|4225|40.24253463745117
31|4646|22.057151794433594
31|4857|16.35086441040039
31|4898|26.708419799804688
32|3722|25.190473556518555
32|4395|18.413240432739258
32|5068|17.24266815185547
33|3720|33.093711853027344
33|3811|24.469223022460938
33|3863|18.881729125976562
33|4393|23.790313720703125
33|4484|27.31755828857422
33|4907|17.95733642578125
33|5066|26.28948974609375
33|5157|33.35133743286133
34|165|17.648611068725586
34|588|74.72409057617188
34|594|31.397891998291016
34|608|52.341400146484375
34|695|84.75659942626953
34|706|32.09273910522461
34|1936|32.475215911865234
34|1941|23.975261688232422
34|1953|45.90382766723633
34|2041|43.63424301147461
34|3474|60.932373046875
34|3479|62.75423812866211
34|3510|49.30256652832031
34|3522|40.34581756591797
34|3525|39.152610778808594
34|3545|32.93645095825195
34|3557|24.043567657470703
34|3675|18.008712768554688
34|3714|19.38149642944336
34|3719|30.428857803344727
34|3809|40.63908767700195
34|3857|29.111539840698242
34|3890|28.36988639831543
34|4012|17.472972869873047
34|4019|28.87249755859375
34|4023|27.16737174987793
34|4031|54.488059997558594
34|4041|17.642019271850586
34|4144|58.37451934814453
34|4147|59.01994705200195
34|4151|53.08645248413086
34|4183|42.14080047607422
34|4196|37.15940856933594
34|4218|29.728986740112305
34|4232|39.4234619140625
34|4482|41.36994552612305
34|4530|27.221088409423828
34|4562|17.679285049438477
34|4685|19.32392120361328
34|4692|29.983036041259766
34|4703|59.328277587890625
34|4793|17.625743865966797
34|4816|55.35523223876953
34|4825|53.23032760620117
34|4856|31.982831954956055
34|4868|34.509456634521484
34|4891|26.095117568969727
34|4904|36.06460952758789
34|5065|27.708988189697266
34|5154|45.52938461303711
35|597|30.574739456176758
35|606|49.91483688354492
35|708|19.368648529052734
35|1943|24.893863677978516
35|1952|43.391258239746094
35|3480|64.8233413696289
35|3715|18.254793167114258
35|3891|26.360748291015625
35|4153|55.433101654052734
35|4557|17.033138275146484
35|4564|17.410253524780273
35|4826|54.683162689208984
36|601|45.88243865966797
36|605|38.70088195800781
36|1947|38.7265510559082
36|1951|34.46086883544922
36|3482|89.84596252441406
36|3884|16.938865661621094
36|4155|79.86162567138672
36|4827|77.84352111816406
37|3832|30.226224899291992
37|3883|21.581754684448242
37|4505|28.375213623046875
37|4556|17.744441986083984
38|3830|24.603389739990234
38|3833|28.402772903442383
38|3856|17.30320930480957
38|3875|29.27838134765625
38|3886|24.722888946533203
38|4503|24.039194107055664
38|4506|27.396121978759766
38|4530|19.16309928894043
38|4548|22.692136764526367
38|4555|18.300161361694336
38|4558|22.587602615356445
39|684|24.40422248840332
39|3834|28.24007797241211
39|3854|24.226543426513672
39|3858|24.06452751159668
39|3874|34.380489349365234
39|3884|27.775880813598633
39|3888|17.667570114135742
39|4507|28.31279754638672
39|4527|21.307119369506836
39|4547|27.973243713378906
39|4557|24.59809112548828
40|273|28.07508659362793
40|277|24.74659538269043
40|287|23.935091018676758
40|309|18.91628074645996
40|610|16.32526969909668
40|614|18.83799934387207
40|633|25.84847640991211
40|675|31.111268997192383
40|689|81.08016967773438
40|2032|22.07373809814453
40|2036|26.970102310180664
40|2038|30.401840209960938
40|3555|32.45811080932617
40|3798|21.42005157470703
40|3810|31.764719009399414
40|3812|31.347618103027344
40|3835|20.095251083374023
40|3859|33.08383560180664
40|3872|30.596527099609375
40|3880|58.95133590698242
40|3882|45.562477111816406
40|4253|18.315589904785156
40|4344|16.391651153564453
40|4475|17.748567581176758
40|4485|33.72084045410156
40|4508|22.033374786376953
40|4532|28.508569717407227
40|4545|27.721689224243164
40|4552|49.746273040771484
40|4901|41.13052749633789
40|4932|22.354629516601562
40|5158|37.910987854003906
41|288|22.343046188354492
41|625|18.05115509033203
41|636|30.206132888793945
41|674|28.741683959960938
41|684|52.56784439086914
41|687|50.01030349731445
41|1981|18.58733558654785
41|2029|17.830459594726562
41|2033|21.864397048950195
41|3583|18.075241088867188
41|3586|18.223133087158203
41|3799|21.254112243652344
41|3806|29.193544387817383
41|3808|28.029132843017578
41|3871|27.06532859802246
41|3917|16.75831413269043
41|4228|37.19385528564453
41|4257|32.998138427734375
41|4472|25.033151626586914
41|4479|27.981460571289062
41|4531|31.418455123901367
41|4543|23.402587890625
41|4590|26.87150764465332
41|4930|24.221128463745117
41|5145|16.413246154785156
41|5154|26.01837158203125
42|3858|33.07620620727539
43|3722|23.494007110595703
43|3836|23.73775291442871
43|4235|20.942691802978516
43|4509|21.43495750427246
44|3721|24.770511627197266
44|4234|27.67432403564453
44|4914|17.354150772094727
45|458|17.32661247253418
45|644|34.750797271728516
45|651|32.28715515136719
45|690|20.217002868652344
45|695|34.54414367675781
45|716|16.322057723999023
45|1992|28.74083709716797
45|3514|28.572355270385742
45|3553|18.954349517822266
45|3560|19.37208366394043
45|3760|17.375120162963867
45|3762|17.881080627441406
45|3767|21.035951614379883
45|3771|21.625106811523438
45|3838|51.121097564697266
45|3841|47.412139892578125
45|3849|58.54355239868164
45|3863|28.839807510375977
45|4225|23.75679588317871
45|4232|38.85292053222656
45|4300|25.105304718017578
45|4439|22.969118118286133
45|4514|45.43975067138672
45|4520|48.89478302001953
45|4535|18.600975036621094
45|4898|23.69013023376465
45|4905|28.76096534729004
45|4973|38.088382720947266
45|4976|37.8693733215332
45|5112|18.150232315063477
46|638|29.487539291381836
46|641|25.984386444091797
46|647|38.845703125
46|1984|16.964902877807617
46|1988|20.771034240722656
46|1994|28.370716094970703
46|1997|22.817852020263672
46|3512|28.227764129638672
46|3517|38.51361083984375
46|3558|17.529573440551758
46|3631|30.487985610961914
46|3840|47.94709014892578
46|3845|54.81391143798828
46|3855|88.3383560180664
46|3970|17.22013282775879
46|4185|25.88158416748047
46|4190|28.604360580444336
46|4303|25.868410110473633
46|4443|29.082914352416992
46|4518|44.7359619140625
46|4528|91.75015258789062
46|4644|17.542238235473633
46|4858|19.68891716003418
46|4863|28.38519859313965
46|4904|24.78079605102539
46|5109|16.367647171020508
48|4530|21.807872772216797
49|3857|26.52680015563965
50|278|17.728649139404297
50|298|25.796297073364258
50|306|26.371337890625
50|319|21.563182830810547
50|636|20.30150604248047
50|961|18.21298599243164
50|1298|20.441654205322266
50|1328|24.51871109008789
50|2980|16.640117645263672
50|3014|19.30893898010254
50|3856|24.952051162719727
50|4506|16.58977508544922
51|280|17.05307388305664
51|295|23.183664321899414
51|311|18.619083404541016
51|441|16.886083602905273
51|591|68.82332611083984
51|631|16.34714126586914
51|635|18.97756576538086
51|972|22.368755340576172
51|979|25.4466609954834
51|991|26.316696166992188
51|997|25.851625442504883
51|1308|20.855104446411133
51|1316|22.915090560913086
51|1327|24.842634201049805
51|1333|19.83823585510254
51|1654|25.666698455810547
51|1672|20.447086334228516
51|1937|48.62942123413086
51|2006|18.960634231567383
51|2326|16.860660552978516
51|2337|17.939054489135742
51|2664|19.867036819458008
51|2681|18.19917869567871
51|3009|21.248523712158203
51|3015|23.174449920654297
51|3322|16.31858253479004
51|3466|39.61251449584961
51|3475|55.75205612182617
51|3478|48.08887481689453
51|3521|47.344566345214844
51|3526|46.31749725341797
51|3682|16.567031860351562
51|3875|17.510066986083984
51|3885|17.308147430419922
51|4122|18.80315399169922
51|4139|28.816974639892578
51|4148|51.77716827392578
51|4194|52.852542877197266
51|4198|55.684268951416016
51|4558|19.28868293762207
51|4813|40.36201858520508
51|4821|57.72842788696289
51|4867|45.493778228759766
51|4872|54.675384521484375
52|597|39.1497688293457
52|1942|26.495798110961914
52|4557|21.429719924926758
53|4|26.316129684448242
53|34|19.815515518188477
53|79|24.832902908325195
53|88|31.14418601989746
53|122|16.359453201293945
53|147|22.782732009887695
53|166|28.251632690429688
53|203|31.640714645385742
53|206|19.288070678710938
53|231|22.744548797607422
53|605|40.30656814575195
53|668|22.242097854614258
53|839|17.436965942382812
53|893|20.49397850036621
53|1183|21.647167205810547
53|1231|22.674840927124023
53|1943|26.323020935058594
53|1950|21.282407760620117
53|3883|32.363346099853516
53|4138|20.08060646057129
53|4225|28.126720428466797
53|4409|18.337051391601562
53|4556|23.47588348388672
53|4562|16.42001724243164
53|4826|41.94512939453125
54|5|30.132797241210938
54|12|30.433805465698242
54|21|42.244747161865234
54|35|21.28069496154785
54|52|26.86725425720215
54|62|19.986230850219727
54|72|21.650327682495117
54|75|19.43907928466797
54|83|29.4540958404541
54|89|34.18943405151367
54|96|36.07543182373047
54|105|49.5086669921875
54|119|26.190887451171875
54|127|19.38426399230957
54|132|19.34054183959961
54|136|23.23280143737793
54|145|24.930946350097656
54|149|19.310895919799805
54|151|20.648841857910156
54|156|26.761499404907227
54|160|17.519737243652344
54|163|23.622695922851562
54|167|31.12360191345215
54|173|38.348175048828125
54|180|42.145870208740234
54|189|60.61716842651367
54|202|30.834918975830078
54|211|20.456586837768555
54|216|21.471384048461914
54|220|25.361072540283203
54|230|21.211118698120117
54|235|22.962486267089844
54|240|27.411575317382812
54|244|23.840991973876953
54|251|19.03406524658203
54|256|20.33741569519043
54|601|60.30409240722656
54|635|58.629981994628906
54|673|22.722963333129883
54|677|25.285320281982422
54|683|44.006317138671875
54|688|33.13335037231445
54|692|39.35797882080078
54|695|43.21957778930664
54|701|17.270742416381836
54|706|27.0241641998291
54|719|33.44258117675781
54|726|29.959775924682617
54|737|18.696271896362305
54|744|25.430908203125
54|764|33.27592086791992
54|776|38.5164909362793
54|782|28.59310531616211
54|785|28.044662475585938
54|793|17.44235610961914
54|802|31.403039932250977
54|808|21.700162887573242
54|811|19.420578002929688
54|813|18.250946044921875
54|820|21.277915954589844
54|828|20.000537872314453
54|847|41.22564697265625
54|856|38.05541229248047
54|864|50.480106353759766
54|869|27.87164306640625
54|876|33.52882385253906
54|894|22.62911605834961
54|902|16.34108543395996
54|1016|29.541709899902344
54|1022|19.96970558166504
54|1028|38.16163635253906
54|1035|24.76551055908203
54|1037|25.2768497467041
54|1041|20.096654891967773
54|1055|36.73240661621094
54|1060|24.560558319091797
54|1063|19.69875717163086
54|1073|18.03367805480957
54|1080|22.587947845458984
54|1094|20.312702178955078
54|1099|27.200040817260742
54|1108|46.45962905883789
54|1116|53.769134521484375
54|1122|18.90645408630371
54|1127|37.174983978271484
54|1146|26.235301971435547
54|1165|19.0742244720459
54|1172|21.210920333862305
54|1185|24.049453735351562
54|1192|24.67572593688965
54|1197|40.524993896484375
54|1205|21.7041015625
54|1209|21.55828094482422
54|1223|31.813932418823242
54|1228|25.7971134185791
54|1240|18.501924514770508
54|1248|21.68935203552246
54|1346|21.371217727661133
54|1360|42.10475540161133
54|1367|46.538150787353516
54|1379|37.126739501953125
54|1391|25.91853141784668
54|1398|30.417713165283203
54|1417|22.446325302124023
54|1424|19.79315185546875
54|1430|18.048288345336914
54|1436|27.699817657470703
54|1444|39.762508392333984
54|1453|49.79620361328125
54|1458|20.854597091674805
54|1464|34.9708137512207
54|1483|23.452327728271484
54|1514|19.730236053466797
54|1528|40.47771453857422
54|1535|48.29514694213867
54|1547|34.06694412231445
54|1560|26.784889221191406
54|1567|30.229032516479492
54|1585|23.807106018066406
54|1945|40.184329986572266
54|1981|39.874732971191406
54|2036|41.09975051879883
54|2041|19.02637481689453
54|2043|16.88458824157715
54|2117|26.367704391479492
54|2125|38.24357223510742
54|2131|16.94306182861328
54|2137|35.25294494628906
54|2193|17.11821174621582
54|2202|17.934463500976562
54|2210|36.558021545410156
54|2215|25.60072135925293
54|2222|31.022645950317383
54|2373|17.785470962524414
54|2379|32.1899528503418
54|2383|26.65318489074707
54|2390|22.25982093811035
54|2459|29.89054298400879
54|2465|22.02635955810547
54|2471|18.319374084472656
54|2510|17.1060791015625
54|2543|26.062807083129883
54|2550|20.60850715637207
54|2555|22.318639755249023
54|2594|19.200820922851562
54|2707|20.844219207763672
54|2715|35.7950325012207
54|2720|22.29152488708496
54|2726|26.63511085510254
54|2763|22.45131492614746
54|2800|33.39614486694336
54|2804|24.25250816345215
54|2810|20.410140991210938
54|2874|27.28782844543457
54|2882|43.221290588378906
54|2893|35.37031555175781
54|2931|16.553653717041016
54|3381|18.276485443115234
54|3387|37.7796516418457
54|3393|23.78881072998047
54|3399|26.571950912475586
54|3443|17.304960250854492
54|3462|19.55459213256836
54|3469|30.68325424194336
54|3481|46.539756774902344
54|3549|21.176084518432617
54|3556|40.08610916137695
54|3585|41.1671142578125
54|3716|23.356258392333984
54|3722|29.717456817626953
54|3734|31.638357162475586
54|3744|28.921142578125
54|3748|28.852792739868164
54|3808|19.37274742126465
54|3811|19.322669982910156
54|3859|53.215232849121094
54|3880|39.167755126953125
54|3886|17.010740280151367
54|3893|26.781814575195312
54|3905|23.811189651489258
54|4053|19.503686904907227
54|4060|37.41337585449219
54|4066|18.86142349243164
54|4071|23.548192977905273
54|4127|18.743932723999023
54|4136|17.454242706298828
54|4145|26.455541610717773
54|4154|40.335472106933594
54|4224|29.39356231689453
54|4229|29.036046981811523
54|4256|33.94218444824219
54|4391|16.644643783569336
54|4397|29.00263786315918
54|4402|22.814191818237305
54|4408|21.064319610595703
54|4417|23.12869644165039
54|4420|27.32378578186035
54|4471|17.959436416625977
54|4477|25.16217803955078
54|4490|19.226497650146484
54|4532|46.877471923828125
54|4536|16.580699920654297
54|4553|27.374313354492188
54|4569|17.052946090698242
54|4589|18.870880126953125
54|4725|19.71531105041504
54|4731|27.464693069458008
54|4743|26.46868133544922
54|4781|17.41777992248535
54|4809|20.636219024658203
54|4817|29.519004821777344
54|4828|61.9003791809082
54|4897|25.947372436523438
54|4930|50.229610443115234
54|4936|16.967729568481445
54|4941|18.742008209228516
54|5061|17.914670944213867
54|5068|22.02587890625
54|5079|22.68145751953125
54|5089|23.21272850036621
55|2896|16.7255859375
55|3858|38.92678451538086
55|4234|17.19398307800293
55|4241|17.121212005615234
55|5094|21.370738983154297
56|4904|16.977882385253906
57|3863|26.671066284179688
57|3891|17.227161407470703
57|4536|17.878061294555664
57|4564|23.908924102783203
58|3836|26.881872177124023
58|4509|21.660171508789062
59|1720|22.28864860534668
59|3837|33.93229675292969
59|4510|27.65205955505371
60|338|19.12489128112793
60|380|18.342214584350586
60|422|17.193368911743164
60|464|17.54193687438965
60|506|19.772119522094727
60|511|16.60470199584961
60|548|17.867916107177734
60|619|18.78872299194336
60|981|17.175586700439453
60|1688|22.683496475219727
60|1693|17.93246078491211
60|1698|30.352651596069336
60|1703|24.503313064575195
60|1707|27.202791213989258
60|1716|20.799278259277344
60|1718|17.899045944213867
60|1730|26.306812286376953
60|1737|21.537099838256836
60|1740|30.28237533569336
60|1745|20.948444366455078
60|1750|23.778959274291992
60|1757|24.703264236450195
60|1772|25.511577606201172
60|1782|28.126361846923828
60|1787|25.846364974975586
60|1792|24.3995418548584
60|1800|19.70500373840332
60|1812|18.222545623779297
60|1820|26.442516326904297
60|1824|24.416072845458984
60|1830|22.64620590209961
60|1833|35.116920471191406
60|1837|26.70132827758789
60|1842|17.12939453125
60|1854|21.790517807006836
60|1870|19.54572105407715
60|1875|35.72002029418945
60|1879|26.619497299194336
60|1897|18.40346336364746
60|1909|18.960683822631836
60|1912|21.96634864807129
60|1918|41.48353958129883
60|1922|33.096736907958984
60|1940|21.50360679626465
60|1946|16.460613250732422
60|3838|36.38089370727539
60|3856|43.24257278442383
60|4309|16.821807861328125
60|4511|31.069019317626953
60|4529|37.555999755859375
60|4898|27.786056518554688
61|279|24.84341049194336
61|282|31.2861270904541
61|286|22.422456741333008
61|290|17.375587463378906
61|292|18.74728775024414
61|324|17.694963455200195
61|333|18.339181900024414
61|347|18.85517120361328
61|361|19.9623966217041
61|367|32.27244567871094
61|375|18.57301902770996
61|388|21.296823501586914
61|403|19.276716232299805
61|409|30.60142707824707
61|434|18.882539749145508
61|445|18.59512710571289
61|450|31.806591033935547
61|473|18.232181549072266
61|487|18.824968338012695
61|493|34.12163543701172
61|529|17.933652877807617
61|535|33.994422912597656
61|557|20.60057830810547
61|571|16.664690017700195
61|577|28.771682739257812
61|598|16.998157501220703
61|618|17.50539779663086
61|647|47.15752029418945
61|650|49.442161560058594
61|1692|16.326993942260742
61|1710|19.578155517578125
61|1781|23.564151763916016
61|1862|24.142370223999023
61|1867|19.591384887695312
61|1905|23.65673065185547
61|1910|18.030176162719727
61|1993|28.24112319946289
61|1996|32.24888610839844
61|2638|16.957460403442383
61|3058|21.008337020874023
61|3100|19.803199768066406
61|3142|19.457002639770508
61|3184|19.613990783691406
61|3226|19.667383193969727
61|3268|20.701784133911133
61|3309|17.706796646118164
61|3517|24.061006546020508
61|3552|20.709693908691406
61|3630|20.74407386779785
61|3638|34.21573257446289
61|3764|39.64585876464844
61|3771|66.08699798583984
61|3839|30.84181022644043
61|3850|79.24332427978516
61|4190|24.380598068237305
61|4225|33.78203201293945
61|4311|26.565673828125
61|4431|17.85445213317871
61|4436|24.035886764526367
61|4444|48.22812271118164
61|4512|27.355667114257812
61|4516|37.14297103881836
61|4523|68.25425720214844
61|4863|21.876840591430664
61|5106|31.940073013305664
61|5109|31.41290855407715
61|5117|45.152557373046875
62|606|16.80548667907715
62|3551|18.784629821777344
62|4896|18.408227920532227
63|3857|23.685373306274414
63|4530|16.53654670715332
64|4548|17.16265869140625
65|4546|18.936338424682617
65|4557|18.82861328125
66|604|18.88263702392578
66|684|26.516538619995117
66|3883|18.221294403076172
66|4556|24.25650405883789
67|109|18.98575210571289
67|120|16.492919921875
67|127|18.07892417907715
67|169|20.381704330444336
67|176|17.66318130493164
67|193|22.949241638183594
67|200|19.80153465270996
67|683|27.866535186767578
67|688|70.7700424194336
67|889|16.570505142211914
67|1038|17.283464431762695
67|1057|17.932266235351562
67|1061|17.933307647705078
67|2034|58.05012130737305
67|3555|24.236236572265625
67|3592|24.71884536743164
67|3811|21.696012496948242
67|3860|17.158771514892578
67|3872|17.89510154724121
67|3882|22.057353973388672
67|4228|18.82592010498047
67|4265|19.37973976135254
67|4483|19.524625778198242
67|4486|17.977996826171875
67|4555|27.85581398010254
67|4561|27.388669967651367
67|4589|26.624971389770508
67|4901|20.6478271484375
68|5|18.221187591552734
68|40|19.045969009399414
68|44|16.372657775878906
68|50|17.71352767944336
68|52|20.002845764160156
68|86|16.890485763549805
68|90|19.861827850341797
68|105|18.00933074951172
68|117|18.87996482849121
68|125|21.878332138061523
68|128|19.52392578125
68|132|17.24558448791504
68|135|22.33072853088379
68|168|20.1788387298584
68|170|20.382892608642578
68|174|20.56028175354004
68|177|19.618301391601562
68|189|21.86320686340332
68|201|21.559656143188477
68|209|26.220727920532227
68|212|16.44576072692871
68|219|22.046371459960938
68|594|23.19297981262207
68|682|27.607555389404297
68|696|26.669363021850586
68|744|18.695592880249023
68|762|20.41036605834961
68|766|20.5987491607666
68|850|19.44280433654785
68|855|17.74261474609375
68|861|18.67548370361328
68|894|23.990657806396484
68|1019|22.055992126464844
68|1023|17.83077049255371
68|1031|19.480575561523438
68|1062|17.13644790649414
68|1113|18.11050796508789
68|1118|17.957386016845703
68|1147|17.799802780151367
68|1183|19.451223373413086
68|1187|18.338167190551758
68|1352|18.587726593017578
68|1417|19.00760841369629
68|1450|18.558143615722656
68|1483|19.892532348632812
68|1519|17.20867156982422
68|1585|16.35529899597168
68|2029|20.702911376953125
68|2041|17.146902084350586
68|2549|17.559988021850586
68|3479|18.186548233032227
68|3523|46.99217224121094
68|3559|16.615163803100586
68|3586|20.731557846069336
68|3591|26.743709564208984
68|3593|16.723665237426758
68|3798|16.44771385192871
68|3806|21.302642822265625
68|3879|23.372617721557617
68|4141|16.39276885986328
68|4196|49.70001220703125
68|4215|18.444271087646484
68|4219|21.972806930541992
68|4264|19.487314224243164
68|4478|17.285295486450195
68|4552|42.34754943847656
68|4562|28.571958541870117
68|4567|17.49451446533203
68|4869|52.863624572753906
68|4900|20.992036819458008
68|4933|28.6148681640625
68|4937|25.876815795898438
68|5152|17.326148986816406
69|596|21.310585021972656
69|608|21.464061737060547
69|684|38.04386901855469
69|695|22.547826766967773
69|2030|24.94163703918457
70|597|16.461362838745117
70|607|26.85883903503418
71|605|49.00677490234375
72|1951|23.03485679626465
76|280|16.3499698638916
76|284|16.313405990600586
76|293|21.526905059814453
76|300|24.68803596496582
76|358|21.90789222717285
76|384|17.346141815185547
76|400|23.68077278137207
76|442|20.758380889892578
76|484|22.22281265258789
76|510|16.860210418701172
76|526|21.098440170288086
76|569|16.84382438659668
76|614|16.93271827697754
76|653|41.43751525878906
76|949|17.197187423706055
76|954|16.929780960083008
76|980|18.026033401489258
76|986|21.347414016723633
76|990|17.00269317626953
76|1001|24.147808074951172
76|1286|17.493288040161133
76|1289|17.98537826538086
76|1316|16.577661514282227
76|1323|21.086811065673828
76|1337|24.717283248901367
76|1633|19.194929122924805
76|1651|19.310216903686523
76|1659|20.41114616394043
76|1796|18.073928833007812
76|1970|18.385299682617188
76|1995|17.263858795166016
76|1999|40.752708435058594
76|2303|17.514694213867188
76|2636|17.550325393676758
76|2683|21.95556640625
76|3513|41.736045837402344
76|3553|20.992727279663086
76|3628|23.894235610961914
76|3632|26.653892517089844
76|3640|21.3684139251709
76|3652|17.3154354095459
76|3976|18.023588180541992
76|4187|59.968109130859375
76|4226|23.237119674682617
76|4302|25.492984771728516
76|4559|18.38203239440918
76|4859|59.11162567138672
76|4898|23.691652297973633
76|4978|18.4732608795166
77|3774|38.54047393798828
77|4447|25.695463180541992
77|4548|22.225854873657227
77|4558|18.068445205688477
77|5120|35.067569732666016
78|4547|22.069629669189453
78|4557|19.397361755371094
79|4556|19.552888870239258
79|4905|18.565338134765625
80|690|26.546661376953125
80|694|21.009014129638672
80|698|26.183427810668945
80|2036|17.532386779785156
80|2043|22.621795654296875
80|3811|33.44736862182617
80|3931|32.57705307006836
80|4484|41.40590286254883
80|4604|18.068035125732422
80|5158|18.43953514099121
81|144|18.72234535217285
81|228|20.426362991333008
81|677|32.73941421508789
81|683|27.72459602355957
81|688|26.675535202026367
81|693|31.35137367248535
81|728|17.56307601928711
81|866|19.53255271911621
81|1034|17.74333381652832
81|1108|19.9079647064209
81|1164|16.656238555908203
81|1192|18.899381637573242
81|1445|18.064306259155273
81|1542|16.69762420654297
81|2035|19.076793670654297
81|2038|23.926734924316406
81|3556|17.02337646484375
81|3796|24.665592193603516
81|3806|28.40775489807129
81|3880|19.3001708984375
81|4295|16.81179428100586
81|4472|26.99456787109375
81|4479|29.018070220947266
81|4544|17.18393898010254
81|4552|24.43108367919922
81|5143|17.830156326293945
81|5152|18.819608688354492
82|333|18.404808044433594
83|4854|40.81375503540039
84|3509|40.18438720703125
84|4182|53.287601470947266
84|4855|55.24209213256836
85|608|38.06730651855469
85|3520|24.72825050354004
85|3526|18.43234634399414
85|4193|42.59584426879883
85|4216|18.879220962524414
85|4871|23.51894760131836
85|4890|24.14998435974121
86|4866|36.82526397705078
87|607|25.118297576904297
88|606|25.670684814453125
88|3808|17.62324333190918
88|4903|16.50723648071289
89|335|38.235321044921875
89|377|30.19676971435547
89|381|30.640121459960938
89|421|31.635841369628906
89|462|31.553855895996094
89|501|27.061260223388672
89|504|29.87659454345703
89|546|28.44451904296875
89|587|25.05323600769043
89|1720|17.84044075012207
89|1762|19.05437660217285
89|1846|17.486221313476562
89|3068|17.62811851501465
89|3111|17.669754028320312
89|3151|16.42861557006836
89|3154|16.987436294555664
89|3195|18.461627960205078
89|3237|17.969995498657227
89|4904|19.99675750732422
90|198|16.983930587768555
90|340|26.10822105407715
90|345|22.114337921142578
90|365|18.69886589050293
90|379|27.869205474853516
90|382|33.99468231201172
90|387|22.9572696685791
90|424|33.86647033691406
90|429|25.876394271850586
90|448|17.242795944213867
90|464|32.58915710449219
90|466|30.542766571044922
90|471|27.345552444458008
90|508|30.58734893798828
90|513|22.957517623901367
90|550|25.586652755737305
90|553|22.061323165893555
90|555|21.468046188354492
90|590|21.445472717285156
90|592|19.711027145385742
90|597|17.676679611206055
90|601|20.13534164428711
90|787|17.92201805114746
90|1687|19.02659034729004
90|1690|16.699359893798828
90|1728|17.859407424926758
90|1770|17.985843658447266
90|1854|18.143312454223633
90|1858|16.798917770385742
90|1899|17.939617156982422
90|1921|16.37529945373535
90|1948|16.42020034790039
90|3071|18.665205001831055
90|3073|17.9174747467041
90|3157|16.962364196777344
90|3241|17.37010955810547
90|3246|16.56853675842285
90|3281|18.149635314941406
90|3284|18.93412208557129
90|4908|41.75875473022461
91|349|16.496858596801758
91|358|17.619686126708984
91|366|16.404939651489258
91|395|18.092426300048828
91|408|16.472301483154297
91|437|21.49053192138672
91|443|16.5950984954834
91|476|16.45244598388672
91|479|16.818056106567383
91|3561|39.4462890625
91|3964|25.439266204833984
91|3970|19.7792911529541
91|3976|40.25350570678711
91|4187|21.17915153503418
91|4234|33.8979606628418
91|4649|30.673870086669922
91|4859|20.134870529174805
91|4907|45.13071823120117
93|3776|16.988237380981445
94|3795|26.37221908569336
94|3952|17.296361923217773
94|4468|17.577787399291992
94|4476|23.612756729125977
94|5141|19.541366577148438
95|3670|24.45990753173828
95|3790|19.50366973876953
95|3799|38.53445816040039
95|3804|35.153480529785156
95|3951|18.565296173095703
95|4004|28.515605926513672
95|4343|18.872695922851562
95|4472|24.88040542602539
95|4677|21.52411651611328
95|5016|18.415285110473633
95|5144|24.281034469604492
95|5150|17.483219146728516
101|270|21.368635177612305
101|284|17.560787200927734
101|302|21.79220199584961
101|310|17.810026168823242
101|326|20.563066482543945
101|340|16.34599494934082
101|345|18.224172592163086
101|357|17.318862915039062
101|365|17.315967559814453
101|387|18.70928382873535
101|399|21.888471603393555
101|441|16.58807945251465
101|471|18.352888107299805
101|513|16.399707794189453
101|525|19.714801788330078
101|567|17.01741600036621
101|639|17.108739852905273
101|957|16.513452529907227
101|980|21.90105628967285
101|985|30.13202476501465
101|1316|23.416196823120117
101|1321|27.03606414794922
101|1652|25.541303634643555
101|1658|28.47792625427246
101|1744|16.5755615234375
101|1966|17.7051944732666
101|2302|17.708147048950195
101|2667|17.907318115234375
101|3329|16.405168533325195
101|3675|20.69833755493164
101|4684|17.339012145996094
101|5021|19.022804260253906
102|274|30.093549728393555
102|309|21.31611442565918
102|386|19.055416107177734
102|611|19.349533081054688
102|2662|17.36307144165039
102|4012|17.923919677734375
102|4015|17.81401824951172
103|4018|17.713165283203125
106|3967|25.97906494140625
106|3973|17.892921447753906
106|4633|19.375341415405273
106|4638|29.949111938476562
106|4642|24.5712833404541
106|4646|22.632408142089844
108|180|17.820344924926758
108|185|17.876319885253906
108|769|18.82578468322754
108|850|16.56819725036621
108|3798|19.199312210083008
121|370|25.74570083618164
121|412|24.827402114868164
121|454|23.896350860595703
121|496|22.104448318481445
121|538|23.17125129699707
121|580|22.178314208984375
121|1708|20.782573699951172
121|1716|21.93754768371582
121|1751|16.779329299926758
121|1753|18.49968910217285
121|1792|22.847888946533203
121|1795|18.343732833862305
121|1834|20.728656768798828
121|1881|18.65448570251465
121|1919|19.722835540771484
121|1926|16.87516975402832
122|1747|16.95771598815918
122|1789|17.879709243774414
125|3930|17.180932998657227
134|203|21.60647964477539
135|57|18.611852645874023
135|120|16.93941879272461
135|141|21.336782455444336
135|145|16.875280380249023
135|199|20.924917221069336
135|204|19.708702087402344
135|225|17.534013748168945
135|773|18.949148178100586
135|1150|16.468549728393555
135|1194|17.403640747070312
136|3467|19.270421981811523
136|3523|16.505123138427734
136|3773|19.569541931152344
136|4218|17.752761840820312
136|4233|19.19216537475586
136|4890|18.909725189208984
137|608|27.168733596801758
140|607|17.790258407592773
142|605|24.361791610717773
143|604|24.403715133666992
144|601|18.438121795654297
144|3483|28.431554794311523
144|4156|30.091690063476562
144|4829|23.784690856933594
152|592|17.47416114807129
152|639|20.807737350463867
152|641|18.383420944213867
152|646|25.397281646728516
152|1985|23.927165985107422
152|1990|20.156618118286133
152|3854|17.820852279663086
152|4527|16.896696090698242
153|590|19.011850357055664
153|595|22.614938735961914
153|608|25.543289184570312
153|3473|17.05903434753418
153|4145|16.46964454650879
160|605|32.95606994628906
160|1950|17.82737159729004
161|603|35.44764709472656
161|1949|19.96233367919922
162|602|36.40473937988281
162|1948|16.84113311767578
162|3481|18.739749908447266
162|4155|24.933732986450195
162|4828|22.14923858642578
163|601|33.877132415771484
163|605|20.68102264404297
167|640|20.110858917236328
167|645|18.600994110107422
169|589|16.7130126953125
170|3542|16.618755340576172
175|683|16.82862663269043
177|284|17.184621810913086
179|460|17.56889533996582
181|5117|17.84702491760254
182|640|18.54416275024414
182|645|27.48069953918457
182|647|27.577491760253906
182|651|24.66327476501465
182|3771|22.3177433013916
182|3853|21.472253799438477
182|4444|21.489906311035156
182|4526|22.01927947998047
182|5116|20.061664581298828
189|677|28.344839096069336
189|681|23.544240951538086
197|646|16.936176300048828
197|4431|19.9349308013916
203|634|21.74134635925293
217|599|19.8991756439209
228|647|32.06304931640625
238|3476|16.980182647705078
242|644|24.587303161621094
242|1994|32.510643005371094
243|640|19.313661575317383
243|647|31.976688385009766
243|650|35.642486572265625
244|638|20.55286407470703
272|3477|16.58833122253418
272|4818|18.404645919799805
272|4821|16.39559555053711
273|4817|18.51629638671875
287|666|29.48016357421875
292|666|16.6275577545166
333|3897|18.710180282592773
379|4569|17.611492156982422
383|666|16.78908348083496
388|3985|21.610828399658203
389|3982|18.615659713745117
389|3986|16.656320571899414
390|3602|17.45994758605957
392|3987|23.05111312866211
393|3986|33.26530456542969
398|3600|18.407718658447266
411|663|17.29540252685547
571|3599|16.4869441986084
572|3601|17.61651611328125
574|3602|16.42111587524414