The Real Slim Shady
Eminem

Rap
the_real_slim_shady
1025x5168
3567

0|5|32.42820739746094
0|78|30.402013778686523
0|203|38.52995681762695
0|205|39.429019927978516
0|302|50.58894729614258
0|598|32.853187561035156
0|601|26.386425018310547
0|697|20.65667152404785
0|794|24.715351104736328
0|796|35.6889533996582
0|895|22.887060165405273
0|994|44.208248138427734
0|997|33.92670440673828
0|1266|37.086917877197266
0|1390|48.915035247802734
0|1761|38.79765701293945
0|1884|23.88381576538086
0|2280|45.33647155761719
0|2354|31.077407836914062
0|2750|26.109058380126953
0|3467|21.000080108642578
0|3566|29.95863914489746
0|3937|20.000621795654297
0|4036|20.292247772216797
0|4333|24.781784057617188
0|4432|25.546953201293945
0|4778|27.42569923400879
0|4827|27.012653350830078
0|4951|31.401947021484375
0|5050|26.06841278076172
0|5149|29.72970962524414
1|57|34.06040954589844
1|66|22.153060913085938
1|317|20.323944091796875
1|319|22.831451416015625
1|453|30.98109245300293
1|458|22.543943405151367
1|460|21.626943588256836
1|463|20.78815460205078
1|674|24.348012924194336
1|849|35.23514175415039
1|856|23.10514259338379
1|1099|20.790111541748047
1|1201|24.446516036987305
1|1244|23.907512664794922
1|1246|21.841936111450195
1|1467|26.92218780517578
1|1851|23.25172996520996
1|1863|26.74436378479004
1|1992|22.977935791015625
1|2034|21.551136016845703
1|2257|23.35441780090332
1|2293|20.801156997680664
1|2827|25.08411407470703
1|3221|23.77608871459961
1|3223|24.811771392822266
1|3619|21.57866859436035
1|3841|19.864498138427734
1|4337|25.68266487121582
2|8|140.30560302734375
2|74|24.887065887451172
2|80|133.6119842529297
2|97|22.755157470703125
2|100|38.2060546875
2|106|141.7350616455078
2|116|28.190570831298828
2|181|53.5394287109375
2|185|39.80491638183594
2|189|35.916587829589844
2|194|36.72483444213867
2|196|34.64432907104492
2|199|35.235504150390625
2|226|22.056428909301758
2|296|24.096254348754883
2|298|30.56744384765625
2|303|171.4860382080078
2|323|26.564077377319336
2|378|171.4098358154297
2|385|46.49790573120117
2|389|47.18000030517578
2|428|21.827302932739258
2|466|30.570512771606445
2|470|37.2919807434082
2|478|152.19833374023438
2|491|34.20765686035156
2|495|24.055402755737305
2|503|158.71961975097656
2|512|42.37495422363281
2|576|64.18160247802734
2|585|50.06558609008789
2|591|25.4600772857666
2|691|30.110509872436523
2|699|163.54095458984375
2|774|149.9520263671875
2|779|60.100276947021484
2|784|42.002037048339844
2|798|176.64749145507812
2|821|21.061546325683594
2|866|29.171308517456055
2|889|20.345266342163086
2|896|125.67945861816406
2|906|40.67799758911133
2|908|40.95989990234375
2|971|66.7391128540039
2|975|51.74335861206055
2|979|46.97066879272461
2|986|32.35972595214844
2|1015|33.19954299926758
2|1094|149.5282745361328
2|1169|161.37289428710938
2|1180|36.70903396606445
2|1183|36.02055740356445
2|1193|143.4918975830078
2|1205|35.937644958496094
2|1219|20.549795150756836
2|1261|29.99488067626953
2|1268|122.01912689208984
2|1292|119.6333236694336
2|1302|37.35354232788086
2|1304|38.09034729003906
2|1308|40.549861907958984
2|1367|61.23896026611328
2|1375|43.46318817138672
2|1378|41.34728240966797
2|1391|149.420654296875
2|1393|141.74424743652344
2|1408|44.58953857421875
2|1479|24.87308120727539
2|1483|20.378236770629883
2|1490|129.36181640625
2|1509|23.470502853393555
2|1565|140.0918426513672
2|1570|44.187782287597656
2|1573|32.71769714355469
2|1575|31.91832160949707
2|1580|27.951723098754883
2|1610|22.388635635375977
2|1638|135.8660888671875
2|1640|138.49522399902344
2|1644|36.41682052612305
2|1656|28.69652557373047
2|1658|27.78879165649414
2|1663|162.08792114257812
2|1669|40.79835891723633
2|1679|29.433149337768555
2|1688|114.05665588378906
2|1762|111.4345703125
2|1768|57.061119079589844
2|1771|39.9068717956543
2|1775|33.04871368408203
2|1777|29.427082061767578
2|1782|25.958215713500977
2|1850|39.76729965209961
2|1880|25.806520462036133
2|1892|43.36333465576172
2|1961|127.72705078125
2|1971|34.22328567504883
2|1973|34.14907455444336
2|2051|25.686872482299805
2|2059|104.10738372802734
2|2079|30.852914810180664
2|2084|150.89315795898438
2|2090|54.96479797363281
2|2096|37.03281784057617
2|2159|47.624813079833984
2|2163|38.33494186401367
2|2167|35.6274528503418
2|2175|27.15367317199707
2|2184|125.75225067138672
2|2281|117.70222473144531
2|2356|114.4430160522461
2|2367|38.35986328125
2|2371|30.142990112304688
2|2380|129.16880798339844
2|2448|25.654939651489258
2|2455|118.48921203613281
2|2481|120.00545501708984
2|2554|48.41816711425781
2|2558|41.55198287963867
2|2562|37.70290756225586
2|2564|36.79219055175781
2|2578|158.136474609375
2|2584|44.26398849487305
2|2598|22.63406753540039
2|2677|119.29473114013672
2|2751|111.0942153930664
2|2763|27.659700393676758
2|2767|27.301908493041992
2|2877|132.55133056640625
2|2885|33.419761657714844
2|2887|33.0517578125
2|2889|33.19244384765625
2|2949|44.05091857910156
2|2953|35.68423080444336
2|2955|34.76013946533203
2|2959|31.54248046875
2|2994|19.87880516052246
2|3061|26.45452308654785
2|3064|19.970102310180664
2|3073|136.0644989013672
2|3147|130.75062561035156
2|3154|31.84833335876465
2|3160|33.32509994506836
2|3172|126.54824829101562
2|3178|46.360267639160156
2|3192|25.226163864135742
2|3198|21.403383255004883
2|3252|32.2905387878418
2|3261|23.345989227294922
2|3265|23.79921531677246
2|3277|32.79378890991211
2|3287|23.544715881347656
2|3345|41.76381301879883
2|3355|33.51493453979492
2|3543|136.70516967773438
2|3552|22.692180633544922
2|3556|22.411115646362305
2|3560|22.047170639038086
2|3567|126.63700866699219
2|3574|44.69843673706055
2|3643|101.39754486083984
2|3656|20.71527099609375
2|3661|25.173532485961914
2|3667|132.9353485107422
2|3673|38.86563491821289
2|3681|26.324121475219727
2|3742|31.735204696655273
2|3749|20.438413619995117
2|3755|26.902790069580078
2|3772|22.00794219970703
2|3938|96.66118621826172
2|3950|28.027952194213867
2|3963|122.8990707397461
2|4064|98.27983856201172
2|4072|19.724597930908203
2|4074|20.422502517700195
2|4078|22.510509490966797
2|4143|23.20560073852539
2|4147|20.543045043945312
2|4152|23.36481475830078
2|4161|125.17595672607422
2|4181|20.949100494384766
2|4334|94.66947174072266
2|4346|31.426328659057617
2|4350|22.74410629272461
2|4360|97.54661560058594
2|4427|22.707334518432617
2|4433|100.02130126953125
2|4435|96.974365234375
2|4533|28.95401954650879
2|4549|20.88414764404297
2|4552|27.856962203979492
2|4574|22.13020896911621
2|4655|117.90534210205078
2|4663|32.7999267578125
2|4742|21.35234832763672
2|4746|22.4227352142334
2|4774|21.64313507080078
2|4780|114.4797134399414
2|4823|19.874160766601562
2|4846|19.95553970336914
2|4848|24.619752883911133
2|4853|101.2794189453125
2|4855|105.88011169433594
2|4863|20.80084228515625
2|4865|20.216421127319336
2|4867|21.38765525817871
2|4927|32.326324462890625
2|4933|24.316152572631836
2|4937|22.413650512695312
2|4943|22.942176818847656
2|5051|113.68157958984375
2|5125|98.90377807617188
2|5132|44.437015533447266
2|5139|22.279090881347656
2|5141|21.383460998535156
2|5150|123.77545928955078
3|5|207.98184204101562
3|11|109.85343170166016
3|28|56.42110824584961
3|53|65.60961151123047
3|58|57.648719787597656
3|60|55.31012725830078
3|63|48.56178665161133
3|65|54.35700225830078
3|67|48.249507904052734
3|79|226.78700256347656
3|82|167.69961547851562
3|90|46.53371810913086
3|92|50.579734802246094
3|103|203.21746826171875
3|202|216.4631805419922
3|205|163.12379455566406
3|219|62.70068359375
3|277|71.59111022949219
3|279|63.78543472290039
3|281|58.918949127197266
3|283|55.246726989746094
3|288|41.9033317565918
3|290|46.35779571533203
3|292|49.167724609375
3|301|245.8170928955078
3|309|51.29753875732422
3|311|72.36447143554688
3|314|67.67180633544922
3|316|66.65478515625
3|318|62.30181121826172
3|375|218.42799377441406
3|400|228.23777770996094
3|403|206.24343872070312
3|418|61.61466979980469
3|420|57.34553527832031
3|423|50.1258659362793
3|450|98.90035247802734
3|457|73.25281524658203
3|459|72.64868927001953
3|464|39.55937194824219
3|474|207.0299835205078
3|477|166.44921875
3|480|80.47277069091797
3|484|50.19783401489258
3|499|202.29612731933594
3|502|170.05673217773438
3|572|66.80424499511719
3|598|243.81028747558594
3|602|150.6585693359375
3|606|68.03529357910156
3|614|62.726341247558594
3|671|81.6910629272461
3|680|52.86433029174805
3|682|52.66043472290039
3|686|43.249908447265625
3|697|200.7991943359375
3|700|199.100341796875
3|704|103.33788299560547
3|711|64.13831329345703
3|713|61.33750534057617
3|715|44.75624084472656
3|771|209.09877014160156
3|778|75.43914794921875
3|796|194.78367614746094
3|799|193.51608276367188
3|802|42.050331115722656
3|811|63.25593185424805
3|813|65.89640808105469
3|816|40.848655700683594
3|846|85.47139739990234
3|848|78.95410919189453
3|853|61.474483489990234
3|855|64.58663940429688
3|862|25.85964584350586
3|870|217.29319763183594
3|873|161.25241088867188
3|885|40.296630859375
3|895|182.09323120117188
3|898|155.14695739746094
3|994|204.83201599121094
3|997|177.2388458251953
3|1004|49.709327697753906
3|1006|53.23976516723633
3|1008|56.20349884033203
3|1067|63.03384780883789
3|1070|56.68839645385742
3|1072|52.34109878540039
3|1074|51.30779266357422
3|1076|47.06298828125
3|1081|39.609840393066406
3|1083|44.84617614746094
3|1085|42.81492614746094
3|1087|22.658018112182617
3|1093|204.0316162109375
3|1107|43.05348587036133
3|1112|51.29705047607422
3|1114|53.171287536621094
3|1167|189.3522491455078
3|1170|151.9929656982422
3|1173|67.0087661743164
3|1192|206.80357360839844
3|1195|115.99937438964844
3|1202|44.03369903564453
3|1210|47.94338607788086
3|1212|36.640594482421875
3|1241|86.95429229736328
3|1245|71.64601135253906
3|1250|64.63256072998047
3|1252|63.09407424926758
3|1266|199.5069580078125
3|1269|162.9188995361328
3|1276|39.24679946899414
3|1278|41.52800750732422
3|1282|33.1049690246582
3|1290|178.38369750976562
3|1294|152.48851013183594
3|1389|204.5718536376953
3|1398|64.8733901977539
3|1401|63.71375274658203
3|1403|65.20540618896484
3|1464|72.69623565673828
3|1466|58.43406677246094
3|1468|53.97891616821289
3|1470|50.9140510559082
3|1477|36.104061126708984
3|1488|213.45298767089844
3|1495|50.12904357910156
3|1502|40.73896026611328
3|1504|46.900390625
3|1506|48.06801986694336
3|1563|168.98963928222656
3|1566|134.54908752441406
3|1587|158.03640747070312
3|1590|187.7147674560547
3|1597|54.66777038574219
3|1605|46.63160705566406
3|1637|205.09884643554688
3|1643|40.52210998535156
3|1650|47.72397994995117
3|1652|39.827823638916016
3|1661|188.30470275878906
3|1672|45.94363021850586
3|1686|201.77243041992188
3|1689|149.58981323242188
3|1706|29.279521942138672
3|1760|207.51930236816406
3|1763|145.20993041992188
3|1767|63.71210479736328
3|1785|173.50189208984375
3|1788|169.97300720214844
3|1791|82.73446655273438
3|1849|49.649993896484375
3|1860|67.680908203125
3|1862|67.26666259765625
3|1866|59.09194564819336
3|1871|47.4345703125
3|1873|49.72792053222656
3|1884|210.45352172851562
3|1887|142.0139617919922
3|1893|52.98920822143555
3|1895|51.32266616821289
3|1897|52.68851852416992
3|1902|40.13579177856445
3|1904|33.65678405761719
3|1958|200.96302795410156
3|1966|49.38641357421875
3|1983|151.612548828125
3|1986|182.72486877441406
3|1991|51.66526794433594
3|1993|48.69075012207031
3|1998|51.10956573486328
3|2003|36.613800048828125
3|2006|24.97111701965332
3|2030|63.32859802246094
3|2033|45.70782470703125
3|2035|51.66566467285156
3|2040|39.90011215209961
3|2042|43.3801155090332
3|2057|172.84039306640625
3|2060|145.49285888671875
3|2070|48.07588195800781
3|2082|170.28726196289062
3|2085|150.27938842773438
3|2156|56.47773742675781
3|2181|145.6943817138672
3|2183|128.0299530029297
3|2186|69.30685424804688
3|2256|53.16668701171875
3|2258|53.40163803100586
3|2260|48.9435920715332
3|2262|48.10931396484375
3|2269|38.465213775634766
3|2271|37.917606353759766
3|2273|22.791248321533203
3|2280|190.7010955810547
3|2290|46.69396209716797
3|2292|51.94145965576172
3|2294|50.3922119140625
3|2299|39.43344497680664
3|2354|185.70826721191406
3|2357|121.27493286132812
3|2378|182.9818572998047
3|2382|96.9731216430664
3|2397|45.10126495361328
3|2400|29.917327880859375
3|2429|45.89071273803711
3|2431|50.28667068481445
3|2436|42.77799987792969
3|2438|41.94852828979492
3|2441|40.97140121459961
3|2443|37.869964599609375
3|2445|26.58036994934082
3|2453|152.05328369140625
3|2456|149.23199462890625
3|2460|80.18406677246094
3|2464|33.907188415527344
3|2478|161.83489990234375
3|2480|118.90069580078125
3|2576|168.0559539794922
3|2585|41.09861373901367
3|2587|40.09561538696289
3|2594|36.26704406738281
3|2596|32.89849853515625
3|2651|62.96689987182617
3|2653|55.34965515136719
3|2655|49.19434356689453
3|2662|38.67774200439453
3|2664|40.43470001220703
3|2666|43.113826751708984
3|2675|179.0660400390625
3|2682|38.502281188964844
3|2686|48.49075698852539
3|2691|43.25951385498047
3|2749|166.20254516601562
3|2753|125.18302917480469
3|2757|75.33647155761719
3|2766|24.25058364868164
3|2774|187.712890625
3|2780|86.69294738769531
3|2785|52.32542419433594
3|2790|57.13724899291992
3|2793|41.2205810546875
3|2795|31.002294540405273
3|2826|73.19761657714844
3|2830|59.52793502807617
3|2832|52.23235321044922
3|2835|44.468379974365234
3|2837|43.56108856201172
3|2839|40.59892654418945
3|2848|156.3429718017578
3|2851|146.47796630859375
3|2854|69.53353881835938
3|2865|31.980798721313477
3|2873|172.56561279296875
3|2876|140.52963256835938
3|2972|195.44189453125
3|2976|125.9686050415039
3|3046|52.3513069152832
3|3048|48.8579216003418
3|3055|33.077335357666016
3|3057|36.61907958984375
3|3059|35.0111083984375
3|3071|175.78546142578125
3|3078|56.12038803100586
3|3080|29.969131469726562
3|3082|36.9005126953125
3|3087|32.77088928222656
3|3089|38.83536911010742
3|3091|31.374469757080078
3|3145|133.9339599609375
3|3151|52.91950607299805
3|3170|183.07791137695312
3|3173|162.18788146972656
3|3181|49.889060974121094
3|3186|50.93181228637695
3|3189|38.68830490112305
3|3191|32.6666259765625
3|3220|58.22368240356445
3|3222|54.97865295410156
3|3227|48.98484420776367
3|3229|47.78936004638672
3|3234|38.794124603271484
3|3236|27.16044807434082
3|3244|131.2476348876953
3|3247|135.93907165527344
3|3250|54.45680618286133
3|3254|30.52165412902832
3|3256|33.44919204711914
3|3258|37.8515625
3|3269|169.01332092285156
3|3272|124.18336486816406
3|3342|43.28104019165039
3|3368|183.79969787597656
3|3371|126.09272003173828
3|3440|57.1985969543457
3|3447|37.773956298828125
3|3449|41.582359313964844
3|3451|36.24803924560547
3|3467|160.7997589111328
3|3470|141.81692504882812
3|3475|44.339576721191406
3|3482|37.54853439331055
3|3541|160.8018341064453
3|3547|42.212284088134766
3|3566|175.7738037109375
3|3569|116.1390380859375
3|3579|38.60527801513672
3|3584|31.93320083618164
3|3615|43.76846694946289
3|3620|35.06470489501953
3|3622|35.37804412841797
3|3627|36.96706771850586
3|3629|31.053672790527344
3|3640|128.37855529785156
3|3649|45.182701110839844
3|3654|33.66568374633789
3|3665|144.3310546875
3|3668|128.23828125
3|3763|133.39535522460938
3|3766|120.67159271240234
3|3769|56.843650817871094
3|3838|52.00965118408203
3|3840|42.694732666015625
3|3842|38.16793441772461
3|3849|29.532995223999023
3|3851|33.090423583984375
3|3853|28.628013610839844
3|3862|135.76548767089844
3|3865|134.52845764160156
3|3868|73.44374084472656
3|3870|69.7164077758789
3|3873|27.226476669311523
3|3875|31.995161056518555
3|3877|34.670166015625
3|3882|27.006988525390625
3|3937|147.9474334716797
3|3940|96.17493438720703
3|3944|54.48270034790039
3|3961|181.822021484375
3|3976|32.86835861206055
3|3981|23.611705780029297
3|4013|57.253257751464844
3|4018|43.70477294921875
3|4020|43.91254806518555
3|4025|35.5198974609375
3|4027|30.35941505432129
3|4035|148.98524475097656
3|4039|138.24163818359375
3|4043|63.802242279052734
3|4046|30.32414436340332
3|4048|32.877967834472656
3|4050|33.651947021484375
3|4060|150.47312927246094
3|4063|100.33364868164062
3|4159|165.1714630126953
3|4167|47.513450622558594
3|4172|32.31412124633789
3|4174|34.534515380859375
3|4176|39.45684051513672
3|4234|57.166770935058594
3|4243|41.54475402832031
3|4258|152.34356689453125
3|4261|121.51628112792969
3|4264|70.02168273925781
3|4268|33.97895812988281
3|4273|35.86601257324219
3|4332|144.48963928222656
3|4335|103.9007339477539
3|4340|55.41994857788086
3|4357|174.70053100585938
3|4364|87.85069274902344
3|4369|42.196250915527344
3|4374|39.590492248535156
3|4377|32.206642150878906
3|4379|20.135255813598633
3|4407|52.208221435546875
3|4414|42.443355560302734
3|4421|33.24552536010742
3|4423|23.39065933227539
3|4431|159.540771484375
3|4440|32.46098709106445
3|4443|30.88353729248047
3|4445|34.114070892333984
3|4447|34.663330078125
3|4456|156.76727294921875
3|4459|116.91300964355469
3|4555|175.3333282470703
3|4558|132.54782104492188
3|4562|69.12901306152344
3|4638|30.297515869140625
3|4640|33.76654052734375
3|4654|189.7658233642578
3|4657|124.57769775390625
3|4660|27.889110565185547
3|4666|32.435638427734375
3|4668|34.63584518432617
3|4673|33.126495361328125
3|4728|142.5880126953125
3|4731|111.2367935180664
3|4735|59.359642028808594
3|4755|36.77766799926758
3|4768|32.63087844848633
3|4771|34.798526763916016
3|4773|26.32830047607422
3|4777|159.00543212890625
3|4781|104.95716094970703
3|4802|43.128543853759766
3|4804|40.144325256347656
3|4807|35.3552360534668
3|4809|34.87649917602539
3|4811|32.51670837402344
3|4814|33.20418930053711
3|4816|33.482418060302734
3|4827|179.38116455078125
3|4830|99.8418197631836
3|4833|41.12130355834961
3|4836|47.17298889160156
3|4843|35.30744171142578
3|4852|139.39552307128906
3|4950|183.19808959960938
3|4954|135.79962158203125
3|4963|37.504817962646484
3|4965|42.953765869140625
3|5025|43.42121124267578
3|5032|30.1133975982666
3|5034|29.21320152282715
3|5041|25.424795150756836
3|5050|176.46531677246094
3|5053|97.22758483886719
3|5059|33.09254837036133
3|5062|27.438264846801758
3|5064|33.67655944824219
3|5066|39.197227478027344
3|5124|144.46400451660156
3|5127|109.41566467285156
3|5148|161.9356231689453
3|5151|142.64334106445312
3|5157|38.176597595214844
3|5162|44.8623046875
3|5164|39.42192459106445
3|5167|35.96249008178711
4|17|70.47377014160156
4|20|66.75874328613281
4|22|64.163818359375
4|25|68.80026245117188
4|32|22.602550506591797
4|55|78.05029296875
4|57|65.74446105957031
4|59|51.0511360168457
4|62|58.5874137878418
4|64|58.49893569946289
4|80|152.87586975097656
4|85|108.29285430908203
4|89|51.277584075927734
4|91|49.523956298828125
4|94|48.112884521484375
4|110|91.9260025024414
4|115|66.45161437988281
4|119|67.85496520996094
4|179|105.09822845458984
4|186|75.51853942871094
4|190|72.161865234375
4|209|96.40148162841797
4|212|57.46910095214844
4|214|64.84440612792969
4|216|65.86277770996094
4|218|64.1169662475586
4|221|69.16551971435547
4|223|67.94891357421875
4|278|77.68280792236328
4|280|62.87272644042969
4|287|55.96401596069336
4|289|54.42036437988281
4|308|88.49537658691406
4|310|71.80503845214844
4|313|75.92497253417969
4|315|76.71473693847656
4|317|59.9510383605957
4|320|63.490360260009766
4|380|100.55661010742188
4|384|70.07341766357422
4|401|163.88461303710938
4|409|59.88783264160156
4|412|65.10310363769531
4|415|64.14015197753906
4|417|63.02143096923828
4|449|79.61860656738281
4|452|87.24368286132812
4|454|86.40863037109375
4|456|77.05699157714844
4|461|67.6377944946289
4|463|44.27665710449219
4|481|70.38080596923828
4|483|53.48225021362305
4|485|49.25030517578125
4|488|53.69470977783203
4|490|38.063568115234375
4|506|93.68032836914062
4|510|56.5621452331543
4|516|33.00292205810547
4|574|80.23339080810547
4|581|57.47053909301758
4|605|68.23346710205078
4|609|65.6922836303711
4|611|67.53594207763672
4|613|68.9537582397461
4|615|64.13594055175781
4|670|55.59384536743164
4|672|85.4458236694336
4|677|68.04083251953125
4|679|66.82237243652344
4|681|65.06158447265625
4|683|60.2484245300293
4|698|166.9716033935547
4|701|114.4180679321289
4|703|114.16747283935547
4|708|67.39690399169922
4|710|70.05574798583984
4|712|58.87028503417969
4|777|83.82939910888672
4|800|122.8838119506836
4|805|68.43815612792969
4|808|67.8091812133789
4|810|61.96815872192383
4|845|72.9328842163086
4|847|81.84127044677734
4|850|69.64185333251953
4|852|70.25792694091797
4|854|65.1614761352539
4|857|56.989051818847656
4|859|59.21833038330078
4|863|21.74730682373047
4|876|105.2449951171875
4|881|55.9313850402832
4|883|61.27439498901367
4|899|131.52032470703125
4|901|130.9599609375
4|909|67.81147003173828
4|969|98.12509155273438
4|978|67.09173583984375
4|1001|93.32311248779297
4|1003|58.40663146972656
4|1005|59.32605743408203
4|1007|56.71919250488281
4|1010|55.10216522216797
4|1012|55.70016860961914
4|1069|74.66167449951172
4|1071|63.63637161254883
4|1073|54.53272247314453
4|1080|53.377384185791016
4|1082|47.85569763183594
4|1084|44.679351806640625
4|1099|63.85018539428711
4|1104|54.51572799682617
4|1109|59.36942672729492
4|1111|60.003265380859375
4|1113|52.22035598754883
4|1174|79.46721649169922
4|1193|119.97160339355469
4|1199|103.45601654052734
4|1201|54.94711685180664
4|1204|58.99641418457031
4|1207|49.93461608886719
4|1209|47.37976837158203
4|1240|78.95918273925781
4|1242|93.9875717163086
4|1244|76.39189910888672
4|1247|72.111328125
4|1249|74.01708221435547
4|1251|67.00416564941406
4|1254|53.20895767211914
4|1256|36.73973846435547
4|1273|81.30618286132812
4|1275|49.06309127807617
4|1277|48.73591613769531
4|1279|46.84226608276367
4|1297|139.83676147460938
4|1305|73.96846771240234
4|1365|106.2886734008789
4|1374|71.30518341064453
4|1376|69.22101593017578
4|1400|68.0600357055664
4|1402|64.87007904052734
4|1405|62.38200378417969
4|1407|45.783721923828125
4|1465|78.09667205810547
4|1467|65.84413146972656
4|1469|55.65641403198242
4|1472|52.51028823852539
4|1474|54.546077728271484
4|1476|48.068294525146484
4|1496|59.23760223388672
4|1499|44.48286819458008
4|1501|48.6664924621582
4|1503|46.50834274291992
4|1569|73.60942077636719
4|1572|36.693424224853516
4|1574|34.21288299560547
4|1596|59.727848052978516
4|1599|59.056678771972656
4|1602|57.04580307006836
4|1647|51.27349853515625
4|1649|50.559532165527344
4|1671|50.38608169555664
4|1674|48.5816650390625
4|1676|47.76423263549805
4|1697|48.1663932800293
4|1701|48.75852966308594
4|1703|49.220489501953125
4|1770|57.46842956542969
4|1787|105.33768463134766
4|1792|87.2626953125
4|1796|50.915122985839844
4|1799|50.271541595458984
4|1801|52.16771697998047
4|1803|51.60371780395508
4|1805|42.71908950805664
4|1859|63.892906188964844
4|1861|81.01235961914062
4|1863|72.02484893798828
4|1868|59.52606964111328
4|1870|61.038673400878906
4|1872|62.604400634765625
4|1874|49.75912857055664
4|1885|151.03466796875
4|1894|61.860748291015625
4|1896|54.753021240234375
4|1899|52.53631591796875
4|1901|48.960147857666016
4|1903|34.115596771240234
4|1963|88.28974151611328
4|1967|52.62855529785156
4|1992|60.497108459472656
4|1995|55.50471115112305
4|2000|51.478179931640625
4|2032|49.8229866027832
4|2034|58.81285095214844
4|2037|49.48819351196289
4|2039|53.52976608276367
4|2041|47.16065979003906
4|2044|45.935176849365234
4|2046|42.98164749145508
4|2058|115.40768432617188
4|2063|88.04978942871094
4|2068|43.534141540527344
4|2072|43.36628723144531
4|2086|84.65373229980469
4|2088|73.01154327392578
4|2092|38.599727630615234
4|2094|38.406070709228516
4|2099|43.46554183959961
4|2157|73.46952056884766
4|2166|49.11878967285156
4|2169|51.02483367919922
4|2187|62.956459045410156
4|2190|46.60124969482422
4|2192|56.00182342529297
4|2194|52.168128967285156
4|2196|55.909645080566406
4|2199|41.94783401489258
4|2201|31.324657440185547
4|2255|43.94515609741211
4|2257|65.46813201904297
4|2259|58.279624938964844
4|2261|47.796730041503906
4|2264|47.008846282958984
4|2266|47.989437103271484
4|2268|48.0944709777832
4|2270|43.26909637451172
4|2286|70.6171875
4|2289|53.5710563659668
4|2291|52.28325653076172
4|2296|47.98258590698242
4|2298|38.49394989013672
4|2355|144.72840881347656
4|2360|92.76554107666016
4|2363|41.56382369995117
4|2383|76.32467651367188
4|2389|48.266693115234375
4|2394|50.26496887207031
4|2428|36.86341857910156
4|2433|48.88142776489258
4|2435|47.2747917175293
4|2437|38.62765121459961
4|2440|48.008583068847656
4|2442|40.80098342895508
4|2454|109.0129165649414
4|2457|86.08601379394531
4|2459|90.22250366210938
4|2463|39.591312408447266
4|2466|38.33353805541992
4|2468|33.76072692871094
4|2492|52.924110412597656
4|2552|83.22895812988281
4|2586|42.8369026184082
4|2588|37.40525817871094
4|2591|38.712669372558594
4|2593|45.879852294921875
4|2595|38.89345932006836
4|2652|64.24771118164062
4|2657|49.60897445678711
4|2659|48.96574783325195
4|2661|48.24325180053711
4|2663|43.87586975097656
4|2683|57.861488342285156
4|2688|53.60442352294922
4|2690|49.77208709716797
4|2693|42.881980895996094
4|2695|38.45179748535156
4|2778|66.53947448730469
4|2784|55.46152114868164
4|2787|61.60240936279297
4|2792|42.16452407836914
4|2827|71.39641571044922
4|2829|65.27092742919922
4|2834|54.995365142822266
4|2836|47.177589416503906
4|2855|71.6125717163086
4|2860|41.195892333984375
4|2862|45.73954391479492
4|2864|41.19416809082031
4|2880|67.14054870605469
4|2886|39.11455535888672
4|2890|46.822933197021484
4|2948|74.87986755371094
4|2979|58.804019927978516
4|2983|53.3996696472168
4|2985|54.0796012878418
4|2987|52.287384033203125
4|3047|50.76161193847656
4|3050|39.093902587890625
4|3052|39.5298957824707
4|3054|40.157413482666016
4|3056|39.42649841308594
4|3058|33.48674774169922
4|3079|51.7477912902832
4|3081|35.99522018432617
4|3084|34.85337448120117
4|3086|35.353782653808594
4|3088|37.43996810913086
4|3144|93.37649536132812
4|3152|61.74630355834961
4|3171|111.73762512207031
4|3175|94.42346954345703
4|3180|51.23823547363281
4|3183|56.31717300415039
4|3188|41.81996154785156
4|3219|43.12036895751953
4|3224|56.28443145751953
4|3226|51.929603576660156
4|3228|43.578468322753906
4|3231|49.14898681640625
4|3233|44.88856506347656
4|3246|87.04065704345703
4|3251|56.508636474609375
4|3253|36.06824493408203
4|3255|34.30692672729492
4|3260|25.032363891601562
4|3273|84.70226287841797
4|3275|73.9187240600586
4|3280|41.61149978637695
4|3283|41.847320556640625
4|3344|53.822513580322266
4|3351|35.89651870727539
4|3354|37.365379333496094
4|3374|63.274085998535156
4|3378|40.06226348876953
4|3381|41.945404052734375
4|3383|43.13303756713867
4|3385|31.935579299926758
4|3442|56.51778793334961
4|3444|53.372440338134766
4|3446|50.245174407958984
4|3448|48.546627044677734
4|3450|40.26670837402344
4|3453|42.1610107421875
4|3455|40.741058349609375
4|3472|57.900550842285156
4|3477|37.49802017211914
4|3479|40.997535705566406
4|3481|35.459930419921875
4|3484|36.93224334716797
4|3486|29.129213333129883
4|3545|83.11054992675781
4|3549|42.99126052856445
4|3570|79.16645812988281
4|3576|41.344696044921875
4|3578|37.34410095214844
4|3581|37.56812286376953
4|3617|48.44427490234375
4|3619|38.75249099731445
4|3624|37.88123321533203
4|3626|34.023475646972656
4|3651|45.50838851928711
4|3653|40.26414489746094
4|3669|80.1581039428711
4|3671|73.84801483154297
4|3676|34.89126205444336
4|3678|35.23713684082031
4|3740|51.167964935302734
4|3747|36.38362121582031
4|3749|35.22589874267578
4|3770|52.815982818603516
4|3773|44.003257751464844
4|3775|46.7202262878418
4|3777|47.44065475463867
4|3779|44.34334182739258
4|3839|54.881065368652344
4|3841|44.503013610839844
4|3844|36.69514846801758
4|3846|37.52145004272461
4|3848|39.577972412109375
4|3850|38.6342887878418
4|3861|94.51771545410156
4|3867|71.42896270751953
4|3869|73.71096801757812
4|3872|36.17254638671875
4|3874|35.0311164855957
4|3879|42.90070343017578
4|3881|28.561241149902344
4|3938|104.88334655761719
4|3943|66.6329574584961
4|3949|28.409799575805664
4|3951|25.02554702758789
4|3968|79.52523803710938
4|3973|39.18601608276367
4|3978|34.754947662353516
4|4012|39.88741683959961
4|4015|54.728538513183594
4|4017|52.056983947753906
4|4019|42.85808563232422
4|4022|42.49734115600586
4|4024|42.60008239746094
4|4026|30.992700576782227
4|4045|37.566680908203125
4|4047|35.40996551513672
4|4049|35.756317138671875
4|4052|28.940244674682617
4|4067|87.05947875976562
4|4071|45.545677185058594
4|4075|45.65605163574219
4|4135|52.71969985961914
4|4145|34.908729553222656
4|4169|40.709922790527344
4|4171|40.993473052978516
4|4173|39.33860778808594
4|4236|58.19718933105469
4|4238|51.7729377746582
4|4240|49.89031219482422
4|4242|47.607994079589844
4|4244|44.69624328613281
4|4247|45.696868896484375
4|4249|35.43263244628906
4|4265|76.19635009765625
4|4270|36.60319519042969
4|4272|34.738014221191406
4|4275|34.949100494384766
4|4277|34.65538787841797
4|4339|67.30813598632812
4|4347|25.343351364135742
4|4363|92.16651916503906
4|4368|39.16913986206055
4|4371|45.38063430786133
4|4376|31.299884796142578
4|4406|39.35520553588867
4|4409|55.03756332397461
4|4411|51.703651428222656
4|4413|45.66783905029297
4|4416|41.19095230102539
4|4418|41.08010482788086
4|4420|38.91603469848633
4|4444|33.61555862426758
4|4463|76.60433959960938
4|4467|36.940086364746094
4|4472|41.169708251953125
4|4531|60.21531677246094
4|4542|41.95138168334961
4|4567|40.92865753173828
4|4569|42.44166564941406
4|4571|36.279911041259766
4|4628|34.873348236083984
4|4630|50.0384521484375
4|4633|43.21724319458008
4|4635|42.503841400146484
4|4637|40.395511627197266
4|4639|41.12171936035156
4|4641|38.04823684692383
4|4665|34.19654083251953
4|4667|30.85788917541504
4|4670|36.61835861206055
4|4672|36.287776947021484
4|4736|47.09745407104492
4|4752|40.6174430847168
4|4754|40.83035659790039
4|4757|39.81096267700195
4|4760|38.27330017089844
4|4762|38.86133575439453
4|4765|40.23712921142578
4|4784|43.267765045166016
4|4801|29.84587287902832
4|4806|44.366512298583984
4|4808|37.23722839355469
4|4813|38.45606231689453
4|4815|35.128841400146484
4|4834|44.749839782714844
4|4838|38.44425582885742
4|4840|39.7098503112793
4|4842|39.8962516784668
4|4858|69.979736328125
4|4868|42.23026657104492
4|4926|61.57145309448242
4|4935|41.57406234741211
4|4937|41.138980865478516
4|4955|83.4527587890625
4|4957|79.20128631591797
4|4960|47.32130432128906
4|4962|45.585567474365234
4|4964|45.46728515625
4|4966|39.76680374145508
4|5027|44.27412033081055
4|5029|38.54663848876953
4|5031|35.93133544921875
4|5033|32.70920944213867
4|5036|30.970075607299805
4|5038|30.73064613342285
4|5040|24.98542022705078
4|5063|34.45840835571289
4|5068|36.61493682861328
4|5131|79.39240264892578
4|5154|75.066162109375
4|5159|45.76671600341797
5|9|72.26997375488281
5|14|60.76240539550781
5|177|45.866695404052734
5|276|54.25551223754883
5|283|56.06633377075195
5|285|56.72666931152344
5|305|61.490943908691406
5|385|50.72153854370117
5|387|51.94586944580078
5|389|51.01256561279297
5|476|115.45445251464844
5|503|38.21784591674805
5|781|39.90090560913086
5|1067|57.31272506713867
5|1076|47.920196533203125
5|1078|55.29441833496094
5|1098|71.05906677246094
5|1102|50.025272369384766
5|1106|47.55375671386719
5|1171|44.63750457763672
5|1178|52.847694396972656
5|1493|40.15764236450195
5|1575|34.46016311645508
5|1593|54.2280387878418
5|1601|40.72159957885742
5|1644|58.12088394165039
5|1669|37.495445251464844
5|1694|30.89583969116211
5|1768|35.277809143066406
5|1890|54.263187408447266
5|1969|51.71849822998047
5|1989|48.472110748291016
5|2182|82.57994079589844
5|2189|41.676753997802734
5|2281|68.49481201171875
5|2365|43.96346664428711
5|2380|76.70835876464844
5|2391|49.42084503173828
5|2430|41.54053497314453
5|2484|25.91691017150879
5|2584|43.98454666137695
5|2680|40.58111572265625
5|2761|30.224864959716797
5|2765|23.0028133392334
5|3076|43.973873138427734
5|3155|37.13190841674805
5|3158|34.82386779785156
5|3177|50.655250549316406
5|3185|42.23143005371094
5|3550|41.47429656982422
5|3553|39.76507568359375
5|3567|74.75145721435547
5|3614|29.50181007385254
5|3641|72.70254516601562
5|3673|30.45475959777832
5|3765|72.75470733642578
5|3768|36.38969039916992
5|3947|31.0794677734375
5|3970|36.119056701660156
5|3972|31.59294319152832
5|3975|33.52433776855469
5|4062|67.76753234863281
5|4161|67.35204315185547
5|4165|39.16534423828125
5|4343|27.7987117767334
5|4348|22.654277801513672
5|4408|46.26131057739258
5|4439|37.00701141357422
5|4442|35.1646842956543
5|4529|35.28828811645508
5|4662|38.01406478881836
5|4740|28.708728790283203
5|4743|29.992740631103516
5|4803|38.90938949584961
5|5055|49.318511962890625
5|5058|36.97084045410156
5|5061|35.02557373046875
5|5135|40.12865447998047
5|5156|43.3127326965332
6|102|87.53826141357422
6|107|49.56599044799805
6|112|42.5025634765625
6|114|42.13056182861328
6|202|77.22208404541016
6|211|41.55601501464844
6|282|52.028621673583984
6|284|45.26795196533203
6|291|30.32579803466797
6|303|64.0623550415039
6|306|58.806053161621094
6|479|63.47080612182617
6|505|55.483882904052734
6|597|71.58961486816406
6|601|38.15687942504883
6|604|54.72970199584961
6|606|50.00991439819336
6|676|39.927371978759766
6|696|94.62409973144531
6|705|42.45026397705078
6|802|49.527809143066406
6|878|34.37036895751953
6|880|36.763519287109375
6|882|36.066131591796875
6|969|54.04976272583008
6|993|71.32406616210938
6|1009|36.434444427490234
6|1075|46.219058990478516
6|1077|46.85712814331055
6|1092|63.731082916259766
6|1097|69.17133331298828
6|1191|78.07755279541016
6|1196|51.035614013671875
6|1292|60.496952056884766
6|1388|86.68792724609375
6|1394|50.831539154052734
6|1404|23.989990234375
6|1494|39.92280960083008
6|1586|67.39777374267578
6|1636|66.3618392944336
6|1642|30.796852111816406
6|1665|39.7012825012207
6|1667|28.274118423461914
6|1675|31.66452980041504
6|1685|65.3800048828125
6|1691|49.273460388183594
6|1765|47.365997314453125
6|1798|28.38386344909668
6|1865|42.20963668823242
6|1867|36.088436126708984
6|1883|73.54776000976562
6|1886|62.774681091308594
6|1982|70.51781463623047
6|1990|40.917869567871094
6|2067|28.21038818359375
6|2081|48.60835266113281
6|2084|49.63504409790039
6|2089|28.0916805267334
6|2091|29.1731014251709
6|2093|29.62903594970703
6|2095|29.058135986328125
6|2169|33.45984649658203
6|2185|52.30660629272461
6|2198|28.53059959411621
6|2263|36.354251861572266
6|2265|31.828332901000977
6|2279|65.74516296386719
6|2284|44.26313018798828
6|2353|74.30294036865234
6|2381|54.93826675415039
6|2386|39.83760452270508
6|2467|22.08392906188965
6|2477|60.902374267578125
6|2481|36.23202896118164
6|2552|38.818687438964844
6|2582|34.071842193603516
6|2590|23.753662109375
6|2654|38.94908142089844
6|2656|33.02772903442383
6|2665|20.66850471496582
6|2679|41.358062744140625
6|2681|40.963523864746094
6|2853|39.162654876708984
6|2878|47.62841033935547
6|2975|34.59569549560547
6|2978|42.34642791748047
6|2980|35.45429229736328
6|3077|35.014732360839844
6|3169|70.67207336425781
6|3248|37.79413986206055
6|3257|30.556690216064453
6|3268|52.406009674072266
6|3271|52.84550476074219
6|3371|29.670177459716797
6|3376|28.292417526245117
6|3443|33.027008056640625
6|3452|27.044391632080078
6|3454|21.470285415649414
6|3466|55.85631561279297
6|3469|46.584434509277344
6|3471|25.375900268554688
6|3568|51.6959114074707
6|3573|30.27399253845215
6|3619|34.20001220703125
6|3639|64.96795654296875
6|3642|51.40774917602539
6|3644|37.390716552734375
6|3647|23.17124366760254
6|3667|40.2397346496582
6|3674|22.087081909179688
6|3843|30.827957153320312
6|3845|26.848758697509766
6|3847|24.926376342773438
6|3936|69.71712493896484
6|3961|44.67109680175781
6|4035|60.18150329589844
6|4040|36.71623992919922
6|4044|25.568317413330078
6|4069|30.481279373168945
6|4163|36.443294525146484
6|4166|29.601518630981445
6|4246|24.553239822387695
6|4267|27.984725952148438
6|4332|54.7193489074707
6|4365|25.751501083374023
6|4431|67.45368194580078
6|4433|49.929115295410156
6|4436|41.595069885253906
6|4446|21.727209091186523
6|4461|29.172056198120117
6|4465|23.332426071166992
6|4557|46.45130920410156
6|4562|34.3723030090332
6|4564|28.665224075317383
6|4632|29.8345947265625
6|4634|24.329395294189453
6|4643|23.765424728393555
6|4660|22.652099609375
6|4826|65.24729919433594
6|4829|39.61453628540039
6|4833|33.64509582519531
6|4835|34.67316436767578
6|4854|50.69987487792969
6|4861|27.640342712402344
6|4950|53.85316848754883
6|5035|23.230283737182617
6|5037|22.6397762298584
6|5148|67.91484069824219
6|5153|36.7318000793457
7|5|39.716026306152344
7|61|34.239418029785156
7|80|65.7359619140625
7|203|62.587364196777344
7|304|50.959232330322266
7|379|34.90264892578125
7|383|27.369136810302734
7|385|22.74911117553711
7|388|22.382732391357422
7|406|32.18227005004883
7|500|63.77008819580078
7|596|93.82019805908203
7|695|112.23573303222656
7|769|90.30461883544922
7|772|56.090492248535156
7|794|109.2852554321289
7|872|49.353675842285156
7|897|58.83755874633789
7|995|57.023399353027344
7|1095|53.84321975708008
7|1165|90.78764343261719
7|1168|63.20332336425781
7|1190|86.44995880126953
7|1192|43.072853088378906
7|1195|46.876564025878906
7|1268|58.469783782958984
7|1293|63.1158561706543
7|1387|84.77660369873047
7|1392|58.53974533081055
7|1486|82.45169067382812
7|1491|47.626914978027344
7|1585|80.40291595458984
7|1590|34.68375015258789
7|1662|46.04713821411133
7|1664|44.775020599365234
7|1687|49.123809814453125
7|1690|43.084590911865234
7|1762|55.5819091796875
7|1764|35.7169303894043
7|1783|83.42276763916016
7|1786|33.280067443847656
7|1882|85.18804168701172
7|1962|40.90118408203125
7|1981|83.26380157470703
7|2055|73.96292114257812
7|2182|44.294246673583984
7|2278|78.51532745361328
7|2282|48.847843170166016
7|2352|79.40687561035156
7|2356|68.94685363769531
7|2454|47.22899627685547
7|2478|43.183475494384766
7|2480|28.654022216796875
7|2577|54.645076751708984
7|2751|64.24034881591797
7|2772|73.22306060791016
7|2777|40.75565719604492
7|2832|22.276275634765625
7|2871|72.76268005371094
7|2874|56.1637077331543
7|2970|73.31549072265625
7|3069|69.86608123779297
7|3072|42.93073654174805
7|3074|44.798587799072266
7|3148|38.42598342895508
7|3245|33.1861686706543
7|3369|30.80473518371582
7|3468|40.24693298339844
7|3539|74.44485473632812
7|3545|39.130401611328125
7|3548|25.8528995513916
7|3564|71.56786346435547
7|3570|28.670246124267578
7|3615|36.16206359863281
7|3666|43.80498123168945
7|3863|37.57492446899414
7|3937|53.99583053588867
7|3964|39.530948638916016
7|4034|68.26830291748047
7|4038|47.96511459350586
7|4058|56.114402770996094
7|4066|34.30640411376953
7|4157|67.36175537109375
7|4160|32.728431701660156
7|4256|63.493194580078125
7|4259|50.607208251953125
7|4333|43.31349563598633
7|4360|48.547821044921875
7|4454|79.99053192138672
7|4457|42.84693908691406
7|4553|79.43767547607422
7|4655|27.540178298950195
7|4730|63.93207550048828
7|4778|38.42964553833008
7|4804|26.508594512939453
7|4825|68.46882629394531
7|4850|69.54326629638672
7|4951|47.934226989746094
7|4955|26.877058029174805
7|5052|22.768268585205078
7|5128|30.854896545410156
7|5130|24.613380432128906
7|5149|41.209800720214844
8|3|95.59571838378906
8|77|94.05868530273438
8|102|74.4130630493164
8|110|25.27874755859375
8|201|100.12142181396484
8|300|90.09659576416016
8|374|95.2248764038086
8|398|93.37281036376953
8|405|20.52729606628418
8|473|95.87646484375
8|497|103.87168884277344
8|502|30.9652156829834
8|798|30.38555145263672
8|868|89.62277221679688
8|893|89.76241302490234
8|992|91.6408462524414
8|1076|22.153301239013672
8|1091|81.5256118774414
8|1197|23.649194717407227
8|1264|97.13141632080078
8|1289|98.9676742553711
8|1388|94.45014953613281
8|1393|33.517765045166016
8|1462|20.185945510864258
8|1487|85.84423065185547
8|1561|98.97765350341797
8|1586|77.26668548583984
8|1635|83.28092956542969
8|1660|87.73445892333984
8|1684|79.86436462402344
8|1689|33.201171875
8|1758|72.33031463623047
8|1767|22.902820587158203
8|1871|23.79347038269043
8|1873|25.25156021118164
8|1956|87.9407958984375
8|2080|86.2214584350586
8|2085|26.94536781311035
8|2179|83.72492218017578
8|2188|30.041118621826172
8|2190|22.036640167236328
8|2264|23.500429153442383
8|2377|86.51345825195312
8|2451|88.38520812988281
8|2476|88.77903747558594
8|2575|79.11504364013672
8|2674|78.79810333251953
8|2748|81.16913604736328
8|2773|75.34910583496094
8|2822|114.2977294921875
8|2829|31.124958038330078
8|2847|75.43585968017578
8|2876|29.202472686767578
8|3144|79.69596099853516
8|3168|76.15502166748047
8|3243|65.76956939697266
8|3267|73.48417663574219
8|3272|27.707921981811523
8|3366|77.48054504394531
8|3465|74.72402954101562
8|3638|75.73457336425781
8|3663|85.2555160522461
8|3762|73.34867095947266
8|3861|77.63922119140625
8|3935|75.84207153320312
8|3960|61.07537841796875
8|4059|59.74818420410156
8|4158|72.36396789550781
8|4257|67.23628234863281
8|4331|76.3504867553711
8|4355|67.4332046508789
8|4430|71.86943817138672
8|4459|29.87755012512207
8|4652|76.55644226074219
8|4656|21.126422882080078
8|4726|66.66974639892578
8|4776|72.58248138427734
8|4830|24.55965232849121
8|4840|21.878673553466797
8|4949|51.92988586425781
8|5048|75.02336120605469
8|5053|24.447593688964844
8|5122|72.40375518798828
8|5147|71.28841400146484
9|383|26.081432342529297
9|386|26.641948699951172
9|602|21.637117385864258
9|1170|24.225536346435547
9|1177|22.683637619018555
9|1179|23.37736701965332
9|1389|69.15432739257812
9|1536|132.042236328125
9|1564|21.676944732666016
9|1566|26.440166473388672
9|1575|20.592769622802734
9|1712|23.5557918548584
9|1734|131.5235595703125
9|1833|130.62368774414062
9|1874|23.07160186767578
9|1913|22.05365753173828
9|1932|122.3789291381836
9|2031|121.21002197265625
9|2108|19.933753967285156
9|2130|119.72415924072266
9|2229|114.77296447753906
9|2279|57.52379608154297
9|2328|112.10945892333984
9|2353|59.0521354675293
9|2427|112.2933120727539
9|2480|22.746627807617188
9|2525|127.45606231689453
9|2625|119.82225799560547
9|2675|42.76716232299805
9|2724|117.15803527832031
9|2823|119.50379180908203
9|2828|30.574604034423828
9|2921|123.2477798461914
9|3020|124.40789794921875
9|3119|117.01383209228516
9|3145|51.040645599365234
9|3151|22.928394317626953
9|3156|25.956205368041992
9|3218|119.2559814453125
9|3282|20.425683975219727
9|3317|102.50460052490234
9|3416|102.4002456665039
9|3515|103.39086151123047
9|3614|98.5329360961914
9|3713|95.31185913085938
9|3812|103.51087188720703
9|3910|101.68408966064453
9|4009|99.65509033203125
9|4109|104.69469451904297
9|4208|101.1584243774414
9|4306|102.87117767333984
9|4340|19.737960815429688
9|4343|20.958261489868164
9|4405|103.25228118896484
9|4504|106.35631561279297
9|4603|105.21955871582031
9|4702|99.06086730957031
9|4751|94.704345703125
9|4801|96.58692932128906
9|4826|50.37139129638672
9|4851|43.388309478759766
9|4900|106.18793487548828
9|4999|102.09050750732422
9|5098|102.77665710449219
9|5148|50.991188049316406
10|400|32.87377166748047
10|598|34.26034164428711
10|896|22.25870704650879
10|1293|20.521608352661133
10|1852|23.184688568115234
10|1927|20.194732666015625
10|2293|22.185007095336914
10|2947|29.91086769104004
10|3068|29.103172302246094
10|3279|27.9775333404541
10|4054|28.82457733154297
10|4057|33.20789337158203
10|4566|20.792665481567383
10|4721|39.802696228027344
11|3|39.54085159301758
11|77|58.29676055908203
11|102|47.207515716552734
11|200|45.88152313232422
11|299|48.943424224853516
11|374|54.701541900634766
11|398|44.21863555908203
11|401|21.17131996154785
11|473|45.17165756225586
11|497|48.85666275024414
11|596|49.228458404541016
11|695|42.901554107666016
11|769|49.01398849487305
11|794|47.667667388916016
11|868|47.39697265625
11|893|50.4432373046875
11|992|48.92992401123047
11|1091|50.15024948120117
11|1165|37.2574577331543
11|1169|20.17278289794922
11|1190|38.33985137939453
11|1264|54.6423454284668
11|1288|40.03411865234375
11|1387|46.523521423339844
11|1486|45.25416946411133
11|1561|55.324241638183594
11|1585|45.3437385559082
11|1600|19.926862716674805
11|1615|33.489688873291016
11|1635|45.67498016357422
11|1659|38.52959442138672
11|1684|41.45144271850586
11|1687|22.31388282775879
11|1759|42.72921371459961
11|1783|51.977699279785156
11|1882|44.656646728515625
11|1886|30.212635040283203
11|1956|38.012813568115234
11|1981|47.52275085449219
11|2055|43.69139099121094
11|2080|50.54999542236328
11|2179|41.4144401550293
11|2201|22.483383178710938
11|2233|22.08139991760254
11|2278|47.22853469848633
11|2352|42.95694351196289
11|2377|40.27326965332031
11|2451|38.38152313232422
11|2476|38.079097747802734
11|2542|25.45160484313965
11|2575|39.54538345336914
11|2673|41.99224090576172
11|2748|29.537240982055664
11|2773|38.81254577636719
11|2847|37.88459396362305
11|2871|40.2080078125
11|2922|40.04655075073242
11|2945|48.22300720214844
11|2964|25.649370193481445
11|2970|35.245704650878906
11|2975|22.204044342041016
11|3049|32.73754119873047
11|3069|44.43391418457031
11|3082|20.321117401123047
11|3143|24.541563034057617
11|3146|39.84034729003906
11|3168|41.275508880615234
11|3242|37.045448303222656
11|3267|35.4034423828125
11|3366|38.90093231201172
11|3465|35.60096740722656
11|3539|36.35589599609375
11|3564|36.686065673828125
11|3638|32.850704193115234
11|3663|39.36280059814453
11|3762|36.469825744628906
11|3861|33.091285705566406
11|3935|33.454681396484375
11|3960|31.104074478149414
11|4034|47.84321594238281
11|4038|22.8988037109375
11|4056|26.319082260131836
11|4058|38.06272888183594
11|4157|46.30265426635742
11|4256|37.45578384399414
11|4330|34.69508743286133
11|4355|34.59159469604492
11|4429|33.90365982055664
11|4454|37.06513214111328
11|4553|36.678504943847656
11|4652|37.221946716308594
11|4726|34.15196990966797
11|4776|35.311851501464844
11|4825|40.29539108276367
11|4850|41.508827209472656
11|4949|31.977394104003906
11|5003|21.22081756591797
11|5048|35.1919059753418
11|5122|36.96775817871094
11|5146|33.071109771728516
12|2|33.77500534057617
12|301|29.824420928955078
12|402|26.979103088378906
12|810|19.67978858947754
12|1488|20.792116165161133
12|1560|43.236358642578125
12|1610|41.69337844848633
12|1616|32.705318450927734
12|1637|19.976303100585938
12|1644|26.352426528930664
12|1647|26.4865665435791
12|1651|30.634418487548828
12|1991|27.889799118041992
12|2162|21.510099411010742
12|2277|33.47765350341797
12|2477|20.09551429748535
12|2611|32.200538635253906
12|2618|20.686826705932617
12|2774|22.077587127685547
12|2940|25.348730087280273
12|2943|39.760528564453125
12|2972|22.364927291870117
12|2974|21.831674575805664
12|3103|26.92266082763672
12|3934|25.942279815673828
12|4063|25.075740814208984
12|4357|20.58852767944336
12|4555|20.590280532836914
12|4651|22.70024871826172
12|5044|31.368724822998047
13|376|20.200075149536133
13|867|28.420597076416016
13|1537|22.639131546020508
13|1735|25.51117706298828
13|1834|20.189531326293945
13|1933|20.84440803527832
13|1990|25.336084365844727
13|2131|20.410877227783203
13|2230|21.665555953979492
13|2586|31.32857322692871
13|2609|39.105369567871094
13|2724|20.760234832763672
13|2939|26.461923599243164
13|2997|23.881996154785156
13|3021|21.628671646118164
13|3052|20.027498245239258
13|3241|26.65729331970215
13|3243|27.506366729736328
13|3911|22.237102508544922
13|4406|24.600894927978516
13|4612|34.344703674316406
13|4737|26.640798568725586
14|76|33.90081024169922
14|101|40.38279342651367
14|200|36.406185150146484
14|299|39.33829116821289
14|794|34.44718933105469
14|991|33.15791320800781
14|994|21.416423797607422
14|1090|29.804542541503906
14|1165|39.328147888183594
14|1189|31.565977096557617
14|1263|30.082019805908203
14|1288|32.587181091308594
14|1486|32.487667083740234
14|1585|33.060447692871094
14|1734|25.30953025817871
14|1833|25.362577438354492
14|1932|25.202558517456055
14|1956|32.44186782836914
14|1981|29.901615142822266
14|2130|20.32915496826172
14|2351|22.460134506225586
14|2376|27.9284725189209
14|2405|21.269731521606445
14|2475|24.793933868408203
14|2525|25.407421112060547
14|2574|26.256683349609375
14|2587|33.75733184814453
14|2822|24.536481857299805
14|2846|25.36338233947754
14|3020|22.411026000976562
14|3119|23.786161422729492
14|3121|22.032550811767578
14|3143|32.54281234741211
14|3206|28.539121627807617
14|3218|21.37206268310547
14|3235|25.772069931030273
14|3242|34.92740249633789
14|3515|24.055618286132812
14|3761|22.759824752807617
14|3860|21.984254837036133
14|4330|21.228506088256836
14|4407|20.5037841796875
14|4553|28.723344802856445
14|4651|20.776994705200195
14|4751|21.894227981567383
14|4865|33.634071350097656
14|5047|29.248790740966797
15|3|23.665367126464844
15|77|39.60016632080078
15|374|40.72431182861328
15|398|35.69711685180664
15|415|20.712305068969727
15|473|32.28790283203125
15|497|39.1236686706543
15|596|32.646854400634766
15|695|38.2939453125
15|769|39.420047760009766
15|868|31.06782341003418
15|893|30.132368087768555
15|992|36.1238899230957
15|1091|30.8852596282959
15|1264|31.138490676879883
15|1387|29.75576400756836
15|1536|27.815441131591797
15|1635|28.897279739379883
15|1659|30.005666732788086
15|1684|30.947301864624023
15|1733|23.4372615814209
15|1758|33.16993713378906
15|1783|25.2597599029541
15|1832|27.484542846679688
15|1882|30.612258911132812
15|1931|25.32518196105957
15|2030|21.817218780517578
15|2055|30.85920524597168
15|2080|28.918590545654297
15|2129|22.824016571044922
15|2179|29.096435546875
15|2228|24.35409164428711
15|2278|27.66042709350586
15|2327|26.11006736755371
15|2352|29.780906677246094
15|2361|29.027305603027344
15|2377|29.8625545501709
15|2381|39.13264846801758
15|2393|39.74422073364258
15|2426|21.760536193847656
15|2451|25.701936721801758
15|2590|56.90375518798828
15|2601|24.610689163208008
15|2624|23.366304397583008
15|2673|30.023479461669922
15|2723|26.11396026611328
15|2748|24.72369384765625
15|2772|29.579612731933594
15|2871|25.32741928100586
15|2970|26.72221565246582
15|3019|20.114154815673828
15|3069|25.737329483032227
15|3118|23.620500564575195
15|3168|23.316415786743164
15|3208|25.066547393798828
15|3217|24.188865661621094
15|3267|22.327306747436523
15|3366|20.434579849243164
15|3415|21.48491668701172
15|3465|22.27474021911621
15|3514|23.2728271484375
15|3539|22.3347110748291
15|3563|32.2211799621582
15|3613|20.11491584777832
15|3638|26.707447052001953
15|3663|22.813146591186523
15|3811|19.885540008544922
15|3861|20.018024444580078
15|3910|23.10682487487793
15|3959|27.310731887817383
15|4033|19.77557945251465
15|4058|26.942567825317383
15|4157|24.754926681518555
15|4256|25.249431610107422
15|4329|23.245269775390625
15|4355|30.24934959411621
15|4429|23.22231101989746
15|4454|26.266637802124023
15|4652|25.75438117980957
15|4669|23.543926239013672
15|4701|20.93513298034668
15|4726|24.665237426757812
15|4766|29.44133758544922
15|4775|23.00074577331543
15|4800|23.79977035522461
15|4825|21.46356964111328
15|4899|21.254274368286133
15|4949|22.9500675201416
15|4998|21.357389450073242
15|5048|30.776647567749023
15|5097|21.415815353393555
15|5104|21.710859298706055
15|5122|25.087505340576172
15|5146|23.89997100830078
16|869|23.030607223510742
16|1955|25.208539962768555
16|1990|29.83430290222168
16|2056|24.157373428344727
16|2462|24.642837524414062
16|2492|20.62520408630371
16|2507|20.60253143310547
16|2559|26.008346557617188
16|2564|22.757444381713867
16|2591|38.85409164428711
16|2593|36.73320007324219
16|2597|40.39712142944336
16|2718|21.771371841430664
16|4332|24.81666374206543
16|4668|22.793798446655273
17|794|26.520849227905273
17|1705|30.169580459594727
17|1952|21.362382888793945
17|1988|26.559206008911133
17|2018|24.567398071289062
17|2183|32.766204833984375
17|2493|25.44432830810547
17|2505|22.547895431518555
17|2552|27.443647384643555
17|2596|34.0982666015625
17|2708|45.46561813354492
17|2737|33.03337097167969
17|2747|39.02340316772461
17|3069|21.275009155273438
17|3187|54.555599212646484
17|3192|26.347896575927734
17|3200|33.519325256347656
17|3437|21.078540802001953
17|4331|22.43158531188965
17|4334|27.831361770629883
17|4779|20.10712432861328
17|5079|30.999713897705078
18|14|21.50773048400879
18|795|29.139062881469727
18|807|20.01936912536621
18|1092|20.025243759155273
18|1166|23.104150772094727
18|1389|21.712234497070312
18|1696|27.036195755004883
18|1707|20.336009979248047
18|1793|23.72317886352539
18|1798|23.654239654541016
18|1872|22.27334976196289
18|1903|34.19192886352539
18|1913|40.4602165222168
18|1926|25.7625732421875
18|1951|22.515836715698242
18|2015|21.819242477416992
18|2031|25.576234817504883
18|2044|28.2742862701416
18|2047|35.4765739440918
18|2050|41.96748733520508
18|2149|49.051979064941406
18|2182|36.90446090698242
18|2215|23.947744369506836
18|2269|23.28925323486328
18|2475|25.86941909790039
18|2488|24.439016342163086
18|2494|29.410085678100586
18|2551|32.125247955322266
18|2790|20.205116271972656
18|2827|22.72772979736328
18|3119|22.678367614746094
18|3397|21.835222244262695
18|3411|27.285263061523438
18|3515|20.648296356201172
18|3555|20.16831398010254
18|3806|31.529842376708984
18|4173|24.645992279052734
18|4336|24.432008743286133
18|4445|22.315937042236328
18|4449|24.699567794799805
18|4598|25.1110897064209
18|4785|22.32808494567871
18|4801|21.512920379638672
18|5080|40.30005645751953
19|238|21.43931770324707
19|1536|23.404470443725586
19|1586|20.39297103881836
19|1693|46.160037994384766
19|1734|35.080101013183594
19|1792|21.69666290283203
19|1833|23.038732528686523
19|1927|41.99934768676758
19|1930|22.144901275634766
19|1932|24.412452697753906
19|1936|24.765636444091797
19|1946|23.746891021728516
19|2040|34.56135559082031
19|2046|42.40636444091797
19|2105|54.834983825683594
19|2129|20.614084243774414
19|2142|20.327157974243164
19|2189|86.47113037109375
19|2212|29.26690101623535
19|2295|36.764713287353516
19|2457|22.222375869750977
19|2478|25.215892791748047
19|2487|25.999895095825195
19|2495|27.132503509521484
19|2525|33.13032913208008
19|2547|20.239200592041016
19|2624|22.239852905273438
19|2723|22.678346633911133
19|2822|23.400279998779297
19|2829|35.792724609375
19|2922|22.546802520751953
19|3020|22.000102996826172
19|3050|31.020572662353516
19|3152|25.911821365356445
19|3218|25.596445083618164
19|3286|36.190059661865234
19|3297|30.79995346069336
19|3410|29.634241104125977
19|3475|22.841163635253906
19|3702|20.96893882751465
19|3712|22.74490737915039
19|3910|20.600589752197266
19|4108|19.868452072143555
19|4156|30.893510818481445
19|4172|24.56046485900879
19|4206|46.881893157958984
19|4338|23.40141487121582
19|4417|37.551513671875
19|4441|31.727886199951172
19|4444|25.779436111450195
19|4491|40.87932586669922
19|4554|20.964872360229492
19|4657|21.313447952270508
19|4702|20.849777221679688
19|4800|20.788236618041992
19|4948|27.056209564208984
19|5058|28.06352424621582
20|77|26.19780921936035
20|102|29.556949615478516
20|117|20.28807830810547
20|299|21.249874114990234
20|373|26.752140045166016
20|769|23.09736442565918
20|794|31.294267654418945
20|868|22.59939193725586
20|908|21.10220718383789
20|1165|28.99068832397461
20|1585|26.298921585083008
20|1659|21.317249298095703
20|1684|26.028812408447266
20|1754|44.10616683959961
20|1777|22.803569793701172
20|1783|21.3001651763916
20|1825|20.178462982177734
20|1928|42.75213623046875
20|1935|27.784215927124023
20|1956|21.51443862915039
20|1976|26.704429626464844
20|1981|22.906688690185547
20|2055|22.930036544799805
20|2094|31.913551330566406
20|2138|29.48993682861328
20|2208|30.2132625579834
20|2261|20.900726318359375
20|2352|21.619539260864258
20|2450|36.448089599609375
20|2456|20.32223892211914
20|2477|25.03437042236328
20|2545|34.808441162109375
20|2652|40.69743728637695
20|2830|29.2499942779541
20|3069|21.118667602539062
20|3275|58.95341873168945
20|3283|20.388771057128906
20|3373|20.764028549194336
20|3405|25.516454696655273
20|3477|20.340940475463867
20|3539|25.00970458984375
20|3626|27.56386375427246
20|3660|29.238386154174805
20|3690|22.54508399963379
20|3780|23.971078872680664
20|3784|23.169090270996094
20|3787|24.371335983276367
20|3797|22.798067092895508
20|3811|46.66209411621094
20|3942|63.18965530395508
20|4129|61.181427001953125
20|4168|35.45277404785156
20|4204|48.14133834838867
20|4228|50.585567474365234
20|4264|23.177623748779297
20|4273|30.320323944091797
20|4312|30.96729850769043
20|4440|44.754661560058594
20|4490|40.2283935546875
20|4498|23.67084312438965
20|4553|23.569467544555664
20|4658|28.379337310791016
20|4676|25.260055541992188
20|4698|26.966856002807617
20|5057|33.139434814453125
20|5082|23.734434127807617
20|5146|22.40104866027832
21|101|26.56790542602539
21|200|22.24860382080078
21|398|22.081085205078125
21|472|22.155010223388672
21|497|23.876352310180664
21|596|24.833786010742188
21|695|25.8598575592041
21|741|29.79328727722168
21|893|25.175800323486328
21|992|20.098527908325195
21|1090|22.37265968322754
21|1161|37.68453598022461
21|1264|23.943723678588867
21|1288|22.249370574951172
21|1387|21.957117080688477
21|1486|24.792007446289062
21|1560|21.1300106048584
21|1635|21.556550979614258
21|1729|54.101505279541016
21|1755|62.330814361572266
21|1778|32.68235397338867
21|1823|33.84434509277344
21|2028|81.00916290283203
21|2057|27.02157974243164
21|2167|39.67632293701172
21|2206|48.30814743041992
21|2238|48.56051254272461
21|2249|55.41996383666992
21|2526|53.548622131347656
21|2544|51.17741012573242
21|2649|36.86279296875
21|2684|70.10455322265625
21|2799|23.8798770904541
21|2831|34.79977798461914
21|2968|29.44182014465332
21|3200|20.136428833007812
21|3274|53.05647659301758
21|3371|23.030925750732422
21|3658|36.06149673461914
21|3689|22.597204208374023
21|3750|23.317537307739258
21|3759|27.596328735351562
21|3779|22.21967124938965
21|3786|29.154191970825195
21|3813|35.70271301269531
21|3817|38.75143051147461
21|3820|22.885221481323242
21|3904|32.74347686767578
21|3983|39.2417106628418
21|4029|43.18224334716797
21|4056|48.57411575317383
21|4090|33.091033935546875
21|4164|29.289621353149414
21|4167|40.19188690185547
21|4212|33.93048095703125
21|4229|54.07404327392578
21|4238|31.687063217163086
21|4263|20.08292579650879
21|4285|20.915346145629883
21|4296|23.97635269165039
21|4529|38.56611633300781
21|4626|37.3779411315918
21|5085|39.43439865112305
22|290|20.88983154296875
22|1180|19.69013786315918
22|1579|20.26801109313965
22|1599|26.550579071044922
22|1688|47.37065887451172
22|1820|43.79240417480469
22|1857|25.762014389038086
22|1931|32.99776840209961
22|1972|31.898927688598633
22|2088|52.91483688354492
22|2132|54.1048698425293
22|2205|55.15792465209961
22|2233|36.057403564453125
22|2256|47.06962585449219
22|2287|53.156864166259766
22|2348|39.71664810180664
22|2528|47.29384994506836
22|2543|48.85125732421875
22|2645|29.865314483642578
22|2683|65.22074890136719
22|2686|39.19481658935547
22|2832|27.723947525024414
22|2855|46.787750244140625
22|2969|27.412185668945312
22|3348|31.763408660888672
22|3359|24.18598175048828
22|3593|20.797624588012695
22|3680|37.828208923339844
22|3738|22.98146629333496
22|3905|29.530282974243164
22|3980|23.09636688232422
22|3982|31.249509811401367
22|3991|35.25931167602539
22|4036|55.71506881713867
22|4061|23.830957412719727
22|4088|45.968902587890625
22|4117|23.158931732177734
22|4163|26.967876434326172
22|4178|61.178321838378906
22|4213|36.45012283325195
22|4237|29.255525588989258
22|4530|35.24824523925781
22|4567|38.59968948364258
22|4688|21.107952117919922
22|4707|55.3994140625
22|4713|21.32699203491211
22|4725|36.25344467163086
22|4793|58.463932037353516
22|4800|27.076129913330078
22|4952|45.120216369628906
22|4977|25.665700912475586
22|5065|20.20244598388672
22|5086|49.477291107177734
22|5167|29.22968292236328
23|1178|20.967288970947266
23|1562|64.14816284179688
23|1574|20.222280502319336
23|1629|33.333946228027344
23|1726|85.62433624267578
23|1742|33.49472427368164
23|1818|88.07246398925781
23|1886|20.88350486755371
23|1966|65.66143035888672
23|2129|61.70965576171875
23|2164|43.301734924316406
23|2201|81.90213012695312
23|2232|24.13413429260254
23|2349|37.73619842529297
23|2641|28.38037872314453
23|3050|73.50843811035156
23|3123|58.04362106323242
23|3358|29.77168846130371
23|3884|25.399810791015625
23|3906|21.09284782409668
23|3981|26.920263290405273
23|4015|31.110198974609375
23|4076|54.70021438598633
23|4249|46.85388946533203
23|4357|20.36670684814453
23|4409|26.6652774810791
23|4568|35.290218353271484
23|4723|29.291860580444336
23|4870|21.74339485168457
23|4892|58.38779067993164
23|5111|34.48493194580078
24|292|35.02580261230469
24|336|37.77906799316406
24|355|28.355527877807617
24|361|22.436126708984375
24|756|22.57994842529297
24|769|26.138111114501953
24|906|24.758636474609375
24|1063|22.86332893371582
24|1301|23.941823959350586
24|1445|22.424549102783203
24|1563|52.194305419921875
24|1618|73.3763427734375
24|1647|21.26728630065918
24|2002|77.6977767944336
24|2128|85.5645980834961
24|2162|39.16215515136719
24|2229|26.377132415771484
24|2507|25.449691772460938
24|2556|21.80746841430664
24|2623|45.449371337890625
24|2639|57.08906555175781
24|2788|27.518136978149414
24|2836|45.46193313598633
24|3024|33.029720306396484
24|3547|21.654682159423828
24|4162|27.388282775878906
24|4180|31.75077247619629
24|4188|42.110477447509766
24|4318|20.289106369018555
24|4408|27.328933715820312
24|4570|33.028377532958984
24|4577|29.022096633911133
24|4636|30.299373626708984
24|4726|44.405479431152344
24|4893|47.9173698425293
25|316|41.0721321105957
25|359|25.021270751953125
25|547|29.64181137084961
25|606|29.983057022094727
25|897|26.78324317932129
25|1189|21.642803192138672
25|1643|36.35301971435547
25|1739|66.92533111572266
25|1954|30.070966720581055
25|2127|91.46556854248047
25|2282|62.08526611328125
25|2312|25.718515396118164
25|2505|28.781219482421875
25|2621|70.17265319824219
25|2789|31.876768112182617
25|2923|65.86372375488281
25|3015|34.63666534423828
25|3032|36.583778381347656
25|3103|75.7774887084961
25|3127|55.64260482788086
25|3306|29.402828216552734
25|3356|20.652326583862305
25|3424|25.386674880981445
25|3426|20.87482261657715
25|3500|20.6758975982666
25|3508|20.26734733581543
25|3851|24.77594566345215
25|3966|28.29984474182129
25|4317|22.444597244262695
25|4407|26.97616958618164
25|4572|36.64508056640625
25|4576|23.287677764892578
25|4807|31.566862106323242
25|4881|40.92251968383789
25|4903|58.869834899902344
25|4943|26.970012664794922
25|5142|35.16468811035156
26|572|22.802757263183594
26|919|24.81527328491211
26|1332|42.92817306518555
26|1655|63.302490234375
26|1801|33.09254455566406
26|1836|30.16642189025879
26|1980|22.48352813720703
26|1989|23.085241317749023
26|2016|42.92658615112305
26|2228|39.95719528198242
26|2268|24.83048439025879
26|2281|47.01462173461914
26|2440|33.54912185668945
26|2504|33.49818801879883
26|2738|28.606395721435547
26|2997|86.71995544433594
26|3028|69.43773651123047
26|3052|55.197574615478516
26|3128|57.66919708251953
26|3304|32.331111907958984
26|3320|21.110111236572266
26|3333|48.937400817871094
26|3400|27.818267822265625
26|3427|22.215742111206055
26|3507|21.35279655456543
26|3536|26.578651428222656
26|3550|23.463146209716797
26|3557|29.538578033447266
26|4614|21.29755210876465
26|4678|26.345674514770508
26|4770|27.777141571044922
26|4780|41.76945877075195
26|4804|51.00199508666992
26|4808|35.897518157958984
26|4868|43.99737548828125
26|4882|34.5211181640625
26|4904|44.31523513793945
26|4910|42.277740478515625
26|4944|24.219118118286133
26|5059|31.3414249420166
26|5110|30.818391799926758
27|570|27.875783920288086
27|589|36.02509689331055
27|610|23.687992095947266
27|1357|23.155546188354492
27|1573|27.19888687133789
27|1673|43.28239059448242
27|1794|31.66295623779297
27|1830|32.38618850708008
27|1873|30.2337703704834
27|1981|40.26618957519531
27|2042|40.920082092285156
27|2149|22.170150756835938
27|2215|22.553953170776367
27|2269|29.967023849487305
27|2409|31.47119903564453
27|2438|21.760286331176758
27|2488|23.999460220336914
27|3053|44.790462493896484
27|3085|55.71563720703125
27|3300|21.713478088378906
27|3302|26.845916748046875
27|3323|91.01155090332031
27|3401|31.926647186279297
27|3428|22.680831909179688
27|3454|30.829408645629883
27|3552|30.09285545349121
27|3569|30.798542022705078
27|4447|21.87383460998535
27|4769|31.524063110351562
27|4782|39.38566970825195
27|4805|32.07048034667969
27|4810|44.4349365234375
27|5020|30.830318450927734
27|5068|26.214601516723633
27|5156|22.867156982421875
28|1356|22.13468360900879
28|1672|30.24378204345703
28|1768|42.321258544921875
28|1792|25.95686149597168
28|1829|36.64931869506836
28|1867|33.101200103759766
28|2041|44.48009490966797
28|2214|29.997695922851562
28|2362|71.29263305664062
28|2370|66.27180480957031
28|2405|74.97814178466797
28|2486|29.543790817260742
28|2497|37.91265869140625
28|2672|29.704084396362305
28|2925|24.795034408569336
28|3054|45.0595588684082
28|3305|23.25682830810547
28|3332|43.2679328918457
28|3403|20.80425262451172
28|3570|35.86812210083008
28|3606|32.170860290527344
28|4397|25.806514739990234
28|4419|24.442155838012695
28|4552|29.545881271362305
28|4677|28.878250122070312
28|4685|21.192398071289062
28|4728|36.10080337524414
28|4761|26.254213333129883
28|4768|32.21675109863281
28|4784|24.75343894958496
28|4806|24.582094192504883
28|4854|37.6301383972168
28|4861|29.244409561157227
28|4904|46.4178466796875
28|4945|22.03105354309082
28|5019|38.08037185668945
28|5058|22.332500457763672
28|5067|24.71122169494629
29|826|33.917381286621094
29|1196|20.207761764526367
29|1222|27.190704345703125
29|1248|32.565834045410156
29|1691|24.58251190185547
29|1744|22.056699752807617
29|1785|20.17121124267578
29|1828|36.791507720947266
29|1865|38.817840576171875
29|1927|58.18106460571289
29|1979|42.04868698120117
29|2141|23.819631576538086
29|2398|50.91204071044922
29|2404|50.55772399902344
29|2479|39.86217498779297
29|2484|36.448822021484375
29|2664|23.66300392150879
29|2668|22.547914505004883
29|2926|20.486915588378906
29|3055|46.2340202331543
29|3284|25.427234649658203
29|3399|26.22222328186035
29|3571|51.342796325683594
29|3634|21.074220657348633
29|3711|20.564922332763672
29|4368|19.8023681640625
29|4682|29.931934356689453
29|4686|22.030872344970703
29|4809|29.415132522583008
29|4862|23.846094131469727
29|4966|25.847192764282227
30|1197|20.201955795288086
30|1664|42.774383544921875
30|1731|30.181913375854492
30|1743|21.01001739501953
30|1763|32.60382843017578
30|1781|31.36020278930664
30|1864|35.55183410644531
30|1896|20.338396072387695
30|1928|63.91707992553711
30|1976|53.25886535644531
30|2140|21.03481674194336
30|2260|21.772485733032227
30|2382|69.89714050292969
30|2397|61.79319381713867
30|2448|24.82632064819336
30|2483|30.704641342163086
30|2663|35.49794387817383
30|2859|35.43746566772461
30|3211|25.568225860595703
30|3228|43.84699249267578
30|3250|52.26713180541992
30|3524|34.289390563964844
30|3572|55.39690399169922
30|3692|29.426286697387695
30|3698|23.891407012939453
30|3797|20.874479293823242
30|3878|28.266216278076172
30|3939|23.14544105529785
30|4155|34.12977981567383
30|4385|24.65040397644043
30|4683|36.3071174621582
30|4744|28.123062133789062
30|4755|49.694759368896484
30|4808|25.04431915283203
30|4843|39.2111701965332
30|4964|21.728656768798828
31|1742|21.55321502685547
31|1762|31.138574600219727
31|1780|43.424598693847656
31|1862|22.28042221069336
31|1929|45.06243896484375
31|1975|38.39353561401367
31|2006|31.45819854736328
31|2137|21.3161563873291
31|2241|20.181257247924805
31|2259|24.217227935791016
31|2383|74.71123504638672
31|2390|26.20452880859375
31|2396|45.24787902832031
31|2450|30.014942169189453
31|2860|47.24482345581055
31|2864|40.69629669189453
31|3525|27.42072105407715
31|3595|20.459569931030273
31|3621|21.022754669189453
31|3787|34.715728759765625
31|3877|30.336009979248047
31|3880|30.349607467651367
31|4099|25.892383575439453
31|4105|20.114456176757812
31|4167|27.459196090698242
31|4369|27.239065170288086
31|4513|47.889591217041016
31|4684|34.765079498291016
31|4856|23.587814331054688
31|4963|28.276758193969727
32|1580|31.001127243041992
32|1728|32.776607513427734
32|1779|51.341129302978516
32|1853|45.719947814941406
32|1973|37.93439865112305
32|2005|34.57645034790039
32|2089|35.92616271972656
32|2206|44.15582275390625
32|2318|21.528167724609375
32|2362|20.17923927307129
32|2388|42.11200714111328
32|2419|21.390260696411133
32|2801|41.111045837402344
32|2858|49.58796691894531
32|3202|24.69338035583496
32|3527|40.06745529174805
32|3589|23.608028411865234
32|3718|21.438474655151367
32|3876|32.1243782043457
32|4002|23.497665405273438
32|4019|29.151491165161133
32|4079|33.97963333129883
32|4113|25.95722198486328
32|4166|24.2988338470459
32|4687|30.160659790039062
32|4710|33.34809494018555
32|4757|20.02711296081543
32|5013|21.997169494628906
33|1758|48.435325622558594
33|1887|33.545257568359375
33|1971|28.688220977783203
33|2004|50.85405731201172
33|2059|49.35561752319336
33|2204|50.297306060791016
33|2319|26.354572296142578
33|2420|21.72856330871582
33|2800|55.55759811401367
33|2833|36.86680221557617
33|3114|28.120899200439453
33|3588|20.412511825561523
33|3881|22.0916805267334
33|3992|42.23723602294922
33|4078|34.194358825683594
33|4711|33.29006576538086
34|1621|19.885929107666016
34|1687|27.1344051361084
34|1969|20.02353858947754
34|2003|46.09743118286133
34|2232|32.87791442871094
34|2286|25.0333194732666
34|2320|31.27436637878418
34|3110|22.94762420654297
34|3833|26.51795196533203
34|3923|28.60497283935547
34|3946|38.48494338989258
34|3964|26.587303161621094
34|4017|55.852970123291016
34|4568|25.784963607788086
34|4679|21.723644256591797
34|4857|24.198976516723633
35|554|21.485576629638672
35|1485|32.355072021484375
35|1737|22.78069305419922
35|2163|29.61202621459961
35|2231|28.683446884155273
35|2321|35.63694763183594
35|2439|23.94091796875
35|3834|36.63557434082031
35|3843|21.462255477905273
35|3947|39.94944381713867
36|747|31.539901733398438
36|1514|21.00094985961914
36|1518|24.45840835571289
36|2128|40.59844970703125
36|2230|30.801481246948242
36|2323|33.373435974121094
36|2335|23.26497459411621
36|2437|32.008148193359375
36|3835|37.958805084228516
36|3842|22.876750946044922
36|3968|26.413860321044922
36|4636|50.226593017578125
37|846|22.474163055419922
37|922|25.93370246887207
37|1453|29.44989585876465
37|2010|33.870269775390625
37|2229|29.239229202270508
37|2283|28.579442977905273
37|2324|29.92662239074707
37|2436|41.79820251464844
37|2487|22.55607795715332
37|3967|32.61621856689453
37|4386|38.925758361816406
38|316|25.584619522094727
38|921|41.46147155761719
38|1361|27.01898956298828
38|1732|22.60236930847168
38|1766|30.187698364257812
38|2009|38.73236083984375
38|2071|23.035564422607422
38|2127|58.18984603881836
38|2228|20.907108306884766
38|2282|26.87618064880371
38|2320|20.169876098632812
38|2327|20.930326461791992
38|2434|45.64042282104492
38|2670|39.160400390625
38|3837|30.56281852722168
38|3841|24.646949768066406
38|3931|33.0792236328125
38|3966|35.39813232421875
38|4534|20.979154586791992
38|4612|33.709659576416016
38|4981|20.149385452270508
39|573|20.50379753112793
39|578|26.289329528808594
39|920|42.202327728271484
39|1333|23.039337158203125
39|1360|40.4808464050293
39|1567|31.48805809020996
39|1730|24.56267547607422
39|1765|31.908601760864258
39|1786|21.413745880126953
39|1978|25.37567901611328
39|2008|25.16425895690918
39|2072|20.051923751831055
39|2261|28.957162857055664
39|2321|25.9733943939209
39|2331|28.44913673400879
39|2411|20.79520034790039
39|2432|39.786991119384766
39|2664|30.544212341308594
39|2998|61.75534439086914
39|3086|78.128173828125
39|3158|19.727331161499023
39|3637|24.292741775512695
39|3797|20.556421279907227
39|3928|42.93703842163086
39|4760|19.842803955078125
39|4847|20.436342239379883
40|1045|34.16241455078125
40|1358|50.424461364746094
40|1568|33.213401794433594
40|1729|30.56861114501953
40|1781|36.62858963012695
40|1826|26.09817123413086
40|1977|35.669700622558594
40|2006|40.64170455932617
40|2210|28.44207191467285
40|2260|31.050249099731445
40|2314|32.92489242553711
40|2323|29.972261428833008
40|2333|30.080842971801758
40|2338|21.539819717407227
40|2431|37.23602294921875
40|3573|26.575458526611328
40|3638|23.804649353027344
40|3643|26.379840850830078
40|3714|53.932716369628906
40|3878|23.083980560302734
40|4169|28.611711502075195
40|4855|20.635133743286133
41|570|28.34441375732422
41|1046|37.64799118041992
41|1492|21.94328498840332
41|1571|30.649503707885742
41|1582|61.90596008300781
41|1588|21.386259078979492
41|1728|33.181949615478516
41|1825|23.444013595581055
41|1974|22.981040954589844
41|2069|56.65092468261719
41|2139|32.37311935424805
41|2259|29.270566940307617
41|2315|38.754276275634766
41|2318|20.97304916381836
41|2325|36.868831634521484
41|2337|25.94544219970703
41|2408|56.91529846191406
41|2430|40.383331298828125
41|2999|55.3857307434082
41|3574|30.109399795532227
41|3644|25.376361846923828
41|3693|31.276931762695312
41|3697|20.947263717651367
41|3715|67.5046615600586
41|3788|21.97943878173828
41|3947|25.63627052307129
41|3996|33.42229080200195
41|4168|23.69057273864746
41|4229|19.720924377441406
41|4746|61.094947814941406
41|4756|28.150402069091797
42|242|23.8914737701416
42|506|20.105634689331055
42|1047|44.21744918823242
42|1669|82.28829193115234
42|1739|23.888463973999023
42|2201|20.333778381347656
42|2258|31.939990997314453
42|2326|36.847564697265625
42|2429|39.427650451660156
42|3258|47.85828399658203
42|3575|32.65697479248047
42|3718|30.1370849609375
42|3720|27.04241180419922
42|3948|36.87588882446289
42|3953|24.7971248626709
42|4055|30.802995681762695
42|4167|21.33767318725586
42|4239|25.084857940673828
42|4757|22.429399490356445
43|243|24.327783584594727
43|258|20.302576065063477
43|802|22.468158721923828
43|1048|39.43796920776367
43|1465|24.9322509765625
43|1668|86.36073303222656
43|1727|43.169700622558594
43|2062|30.6711483001709
43|2066|56.24897003173828
43|2089|51.031394958496094
43|2239|21.595542907714844
43|2321|20.612680435180664
43|2329|29.20787811279297
43|2406|30.37593650817871
43|2419|71.39427185058594
43|2428|42.820457458496094
43|2801|52.31989288330078
43|3086|36.44169235229492
43|3253|63.681270599365234
43|3577|43.43488693237305
43|3717|32.83393859863281
43|3949|36.600040435791016
43|3954|30.04467010498047
43|3973|48.18141555786133
43|3994|58.947479248046875
43|4057|30.508760452270508
43|4388|31.08138656616211
43|4688|29.62105369567871
44|246|24.98186683654785
44|249|24.878250122070312
44|768|19.81105613708496
44|927|21.676692962646484
44|1222|30.290401458740234
44|1464|24.88689613342285
44|1484|21.146808624267578
44|1666|72.36402893066406
44|1888|24.35608673095703
44|1968|40.85565185546875
44|2203|35.28433609008789
44|2332|34.47826385498047
44|2421|78.49412536621094
44|2438|35.85727310180664
44|3087|43.17580032348633
44|3113|30.980205535888672
44|3143|23.85053062438965
44|3969|27.82601547241211
44|4058|25.58982276916504
44|4725|19.682519912719727
44|4983|20.37542152404785
45|926|21.816295623779297
45|1049|33.16044616699219
45|1665|61.13920211791992
45|1818|39.09883499145508
45|1887|23.07984733581543
45|2202|42.06407165527344
45|2323|38.12042236328125
45|2325|36.74249267578125
45|2337|31.494115829467773
45|2382|21.25031280517578
45|2424|63.53455352783203
45|2437|34.25188446044922
45|3111|40.79148864746094
45|3951|22.149188995361328
45|3955|20.766517639160156
45|4255|28.45441436767578
45|4393|21.720792770385742
45|4723|23.397315979003906
46|295|22.5552978515625
46|1050|29.916475296020508
46|1366|20.620098114013672
46|1463|21.22256851196289
46|1982|19.790821075439453
46|2003|28.512489318847656
46|2231|34.11240005493164
46|2316|31.893573760986328
46|2318|39.706180572509766
46|2326|39.76734161376953
46|2436|35.42853546142578
46|2928|36.183841705322266
46|3110|47.75080871582031
46|3710|21.645967483520508
46|4395|28.10108184814453
46|4638|24.003929138183594
47|269|42.646705627441406
47|277|22.418537139892578
47|294|22.45116424560547
47|749|28.262157440185547
47|757|22.841764450073242
47|925|24.765853881835938
47|1365|20.525545120239258
47|1768|33.88311767578125
47|1829|25.740427017211914
47|1977|24.760221481323242
47|1980|19.702756881713867
47|2002|21.746490478515625
47|2162|39.00504684448242
47|2230|32.18611145019531
47|2285|34.17731475830078
47|2317|27.21990394592285
47|2321|48.294742584228516
47|2329|26.230939865112305
47|2435|34.10649108886719
47|3711|25.96156120300293
47|4637|26.909963607788086
47|4754|21.450178146362305
48|274|33.556602478027344
48|524|39.505550384521484
48|549|29.7177734375
48|748|29.70113754272461
48|924|26.161359786987305
48|2284|26.53305435180664
48|2322|45.18598937988281
48|2325|24.558324813842773
48|2334|38.49209213256836
48|2388|27.906776428222656
48|2434|31.413658142089844
48|2485|37.8375358581543
48|3109|55.724853515625
48|3161|53.41605758666992
48|3165|35.902774810791016
48|4179|36.35287857055664
48|4855|22.958810806274414
48|4965|24.942903518676758
49|527|30.027019500732422
49|548|23.962642669677734
49|862|22.39029312133789
49|904|26.764156341552734
49|922|23.959659576416016
49|1045|47.51512908935547
49|1363|21.694499969482422
49|1446|38.54356002807617
49|1587|27.01671600341797
49|2008|50.989742279052734
49|2320|27.60459327697754
49|2323|39.937255859375
49|2332|35.87544250488281
49|2335|31.577495574951172
49|2432|27.16576385498047
49|3111|54.48020935058594
49|3144|30.556764602661133
49|3162|57.35292434692383
49|3451|20.3720645904541
49|4180|31.537452697753906
49|4755|32.689231872558594
49|4843|27.27256965637207
49|5017|25.47896385192871
50|316|23.85494613647461
50|356|22.722299575805664
50|530|32.5948371887207
50|921|20.935882568359375
50|1302|20.848608016967773
50|1343|28.893949508666992
50|1362|23.661741256713867
50|1453|39.047515869140625
50|1473|23.34945297241211
50|1487|21.921470642089844
50|1493|20.538415908813477
50|1586|29.86471939086914
50|1896|29.03473472595215
50|2007|46.33491516113281
50|2141|19.99917984008789
50|2228|21.052227020263672
50|2316|41.47486114501953
50|2321|40.320945739746094
50|2330|20.48265266418457
50|2431|23.793792724609375
50|2805|50.179847717285156
50|3145|46.24330520629883
50|3841|25.993818283081055
50|4181|35.204959869384766
50|4744|40.970951080322266
50|4844|31.65327262878418
50|5016|25.186542510986328
51|240|20.139602661132812
51|919|35.764041900634766
51|1337|23.7778263092041
51|1361|21.788333892822266
51|1459|22.001169204711914
51|1486|30.864639282226562
51|1780|34.22660446166992
51|1895|33.01299285888672
51|2030|21.84244155883789
51|2282|83.90113830566406
51|2326|33.00313186645508
51|2430|21.483598709106445
51|2804|36.39598846435547
51|3001|45.179195404052734
51|3089|44.65096664428711
51|3573|33.389732360839844
51|3613|24.33873748779297
51|3623|19.728796005249023
51|3695|38.43959045410156
51|3840|33.90093231201172
51|3966|37.217864990234375
51|3996|36.68733596801758
51|4167|24.91199493408203
51|4180|28.322311401367188
51|4745|52.093082427978516
51|4756|52.158714294433594
51|4846|20.673744201660156
51|4856|26.263334274291992
52|511|32.3240852355957
52|740|37.4032096862793
52|1046|44.07451629638672
52|1458|23.851022720336914
52|1485|37.3732795715332
52|1779|32.676841735839844
52|1893|31.685583114624023
52|2005|20.654098510742188
52|2315|33.91640853881836
52|2325|27.913164138793945
52|2328|28.15866470336914
52|2335|40.480491638183594
52|3002|47.66326904296875
52|3144|20.21864891052246
52|3574|40.92545700073242
52|3620|25.4449462890625
52|3622|21.066387176513672
52|3794|30.221532821655273
52|3938|23.03400230407715
52|4098|37.04025650024414
52|4241|20.02813148498535
52|4747|39.7591552734375
52|5017|21.0424747467041
53|259|24.346364974975586
53|513|30.43425941467285
53|571|39.93656921386719
53|741|31.999967575073242
53|1047|43.595115661621094
53|1161|34.32863235473633
53|1358|36.51988983154297
53|1457|22.616222381591797
53|1503|30.62735939025879
53|1568|28.959657669067383
53|1573|28.07143783569336
53|1891|35.71284103393555
53|2029|20.699670791625977
53|2051|22.023483276367188
53|2240|22.210006713867188
53|2327|29.234811782836914
53|2331|23.43404197692871
53|2333|23.43978500366211
53|3090|27.429365158081055
53|3453|42.498653411865234
53|3974|28.15326690673828
53|4017|22.617027282714844
53|4020|24.620927810668945
53|4392|20.131610870361328
53|4686|20.737829208374023
53|4757|54.24000930786133
53|4854|20.88081932067871
54|257|23.454599380493164
54|1357|34.115421295166016
54|1570|39.98789978027344
54|1689|25.17407989501953
54|1757|28.08216667175293
54|1890|35.80604553222656
54|1966|21.519882202148438
54|2050|28.22115135192871
54|2091|50.49471664428711
54|2289|30.990230560302734
54|2419|44.40795135498047
54|3001|31.884153366088867
54|3152|19.729263305664062
54|3449|23.223947525024414
54|3973|28.525733947753906
54|4016|26.840810775756836
54|4019|32.828060150146484
54|4371|23.6883487701416
54|4393|25.872760772705078
54|4687|28.81656837463379
54|4758|43.826629638671875
54|4782|20.477527618408203
54|4857|45.18497848510742
54|5013|20.78383445739746
55|608|33.974979400634766
55|1180|21.16731834411621
55|1218|23.60215187072754
55|1562|19.70532989501953
55|1571|28.673982620239258
55|2330|27.054655075073242
55|2421|37.18861389160156
55|3002|34.1431884765625
55|3146|20.627315521240234
55|3968|23.072967529296875
55|4018|32.517181396484375
55|4164|19.756196975708008
55|4372|27.28287696838379
55|4856|32.84831237792969
55|4858|32.72108840942383
55|5014|24.475685119628906
56|298|28.35422134399414
56|762|26.92517852783203
56|785|20.390771865844727
56|1049|29.88431167602539
56|1163|21.264894485473633
56|1179|27.32500648498535
56|1688|22.061405181884766
56|2010|21.863466262817383
56|2163|33.097389221191406
56|2288|31.130582809448242
56|2331|27.702367782592773
56|2407|35.47189712524414
56|2423|22.494234085083008
56|3450|20.523193359375
56|3967|21.807697296142578
56|3970|29.107370376586914
56|4015|39.32724380493164
56|4761|27.59084701538086
56|4855|38.379920959472656
57|295|27.795625686645508
57|761|35.43231964111328
57|784|24.004066467285156
57|1050|31.344924926757812
57|1178|31.48619842529297
57|1687|26.231914520263672
57|2003|47.90200424194336
57|2039|21.318382263183594
57|2287|42.18589401245117
57|2406|29.683921813964844
57|3111|73.73043060302734
57|3257|27.84762191772461
57|3711|29.19023895263672
57|3965|23.370370864868164
57|4016|44.17461395263672
57|4643|38.069580078125
57|4857|26.38927459716797
57|4861|30.652185440063477
58|294|22.918630599975586
58|552|27.948745727539062
58|760|31.977519989013672
58|783|26.98511505126953
58|801|29.353179931640625
58|1051|27.910669326782227
58|1176|36.95029067993164
58|1514|39.08994674682617
58|1538|30.636388778686523
58|2162|69.52710723876953
58|2304|33.78801727294922
58|2317|41.675926208496094
58|2328|25.376218795776367
58|2405|23.302837371826172
58|2664|21.052291870117188
58|3096|30.513362884521484
58|3120|25.899093627929688
58|3253|37.823280334472656
58|3712|29.154848098754883
58|3888|26.942237854003906
58|3911|27.417194366455078
59|550|34.48848342895508
59|757|41.348876953125
59|782|25.73956298828125
59|1045|29.406221389770508
59|1220|39.58161544799805
59|1667|49.5363883972168
59|1693|21.377487182617188
59|1897|27.3355655670166
59|2285|24.20391845703125
59|2481|24.673227310180664
59|3108|23.81587028503418
59|3713|24.99711799621582
59|4859|33.12820053100586
60|549|30.97938346862793
60|1486|22.15751075744629
60|1896|41.21285629272461
60|1930|28.333620071411133
60|2663|24.807567596435547
60|3109|24.751747131347656
60|3226|21.884912490844727
60|4188|24.132884979248047
60|4369|26.368383407592773
60|4744|24.550466537475586
60|4844|60.200714111328125
61|1046|21.001941680908203
61|1485|20.347679138183594
61|1689|20.64702796936035
61|1895|44.94420623779297
61|1931|26.28020668029785
61|2229|22.892187118530273
61|2383|47.37468719482422
61|2928|23.15862464904785
61|3113|26.23694610595703
61|3451|32.55986785888672
61|3692|20.658035278320312
61|3695|32.24875259399414
61|4745|29.830705642700195
62|1446|23.034936904907227
62|1688|20.661256790161133
62|1894|37.6449089050293
62|2249|25.59814453125
62|2318|23.84414291381836
62|2384|44.73492431640625
62|2929|25.39103889465332
62|3112|22.424623489379883
62|3622|21.07666778564453
62|3791|30.225072860717773
62|3880|20.834592819213867
62|3996|23.445009231567383
62|4100|41.923309326171875
62|4747|22.00590705871582
63|1892|33.025901794433594
63|2166|24.661521911621094
63|2228|23.106287002563477
63|3085|33.169620513916016
63|3089|34.60581970214844
63|3792|22.3775577545166
63|4182|35.6053466796875
63|4393|28.636341094970703
64|2316|23.088401794433594
64|2383|19.9694766998291
64|2390|29.057371139526367
64|2831|28.681135177612305
64|3000|31.451772689819336
64|3027|31.79523468017578
64|3087|51.933597564697266
64|3091|29.54717445373535
64|4394|29.217817306518555
65|1889|55.750953674316406
65|2315|19.924915313720703
65|2529|25.78238868713379
65|3452|27.444364547729492
65|4395|21.780010223388672
66|3453|34.338863372802734
66|3969|20.559879302978516
66|5014|33.99925231933594
67|2040|25.81032943725586
67|2319|24.68784523010254
67|2322|19.961660385131836
67|2386|26.101093292236328
67|4979|21.211959838867188
68|2320|22.33930206298828
68|2388|30.657878875732422
68|2409|47.26518630981445
68|2664|22.1705379486084
68|3001|23.955259323120117
68|4388|28.885684967041016
68|4639|42.71855926513672
68|5015|29.907447814941406
69|294|22.103511810302734
69|1177|21.403303146362305
69|2406|42.944637298583984
69|4390|21.31581687927246
69|4642|30.042282104492188
70|553|19.86115264892578
70|758|33.681758880615234
70|1176|25.152507781982422
70|1669|25.983034133911133
70|2321|29.069988250732422
70|2805|21.95798110961914
70|3878|27.746458053588867
70|3953|23.65383529663086
70|4637|26.156116485595703
70|4847|20.727554321289062
70|5015|24.509191513061523
71|757|33.469905853271484
71|1629|20.905208587646484
71|1668|23.93836784362793
71|2322|27.443082809448242
71|2362|22.012971878051758
71|2369|27.70160484313965
71|2803|30.1102352142334
71|3252|23.100122451782227
71|3714|22.896757125854492
71|3877|19.988067626953125
71|3954|23.398902893066406
71|4391|23.8758544921875
71|4846|20.94412612915039
72|548|21.829618453979492
72|2047|30.56736183166504
72|2323|23.600011825561523
72|2361|19.674179077148438
72|3789|21.104551315307617
72|3996|37.66645812988281
73|2042|21.313020706176758
73|2324|23.666250228881836
73|2329|21.244768142700195
73|2396|24.193979263305664
73|3451|48.79149627685547
73|3524|23.55626678466797
73|3620|27.66165542602539
73|3995|28.02825164794922
73|5016|20.72184944152832
74|780|22.011083602905273
74|2330|23.76538848876953
74|2397|26.306169509887695
74|2802|29.812528610229492
75|1580|22.857877731323242
75|2997|35.80766677856445
75|3093|20.183300018310547
75|3167|21.570850372314453
76|2327|22.699024200439453
76|2395|39.52467727661133
76|2669|22.186031341552734
76|2998|52.441551208496094
76|3092|23.445457458496094
76|3450|20.074954986572266
77|2670|23.01818084716797
77|2833|27.894702911376953
77|3166|23.91262435913086
77|4088|23.856077194213867
79|1045|25.54429817199707
79|1621|23.308469772338867
79|3029|22.97117042541504
79|3165|20.821340560913086
80|571|22.887208938598633
80|1583|26.490835189819336
80|1620|30.279579162597656
80|3028|27.6702938079834
81|293|22.610315322875977
81|1582|24.157804489135742
81|2328|19.955135345458984
81|2526|21.292715072631836
81|2802|20.41279411315918
81|2922|20.312166213989258
81|2998|21.78619384765625
82|570|24.137636184692383
83|1581|24.063289642333984
83|1670|22.812013626098633
83|2371|31.58274269104004
83|3618|33.41487503051758
84|1580|22.85373878479004
84|2333|21.285423278808594
84|2370|35.26646041870117
84|3188|32.96563720703125
85|2060|27.87318992614746
85|2639|20.39573860168457
85|2800|39.503028869628906
85|3187|39.248435974121094
85|3194|20.312171936035156
85|3236|22.5018367767334
85|3993|22.161802291870117
86|257|29.810401916503906
86|1671|28.051530838012695
86|2062|19.869112014770508
86|2621|22.374847412109375
86|2856|34.11234664916992
86|3190|67.04861450195312
87|255|27.445438385009766
87|317|22.896787643432617
87|535|22.43993377685547
87|3211|22.730419158935547
88|532|20.05445098876953
88|2060|26.234046936035156
89|316|27.25771141052246
89|919|31.654987335205078
89|1223|23.88752555847168
89|2062|21.37510871887207
89|3123|32.88890075683594
89|3229|57.35226821899414
89|3283|25.25506019592285
89|3840|22.71880340576172
89|4290|22.6370792388916
90|1583|24.71942710876465
90|3124|21.855833053588867
90|3617|27.396188735961914
90|3839|22.439701080322266
91|2834|31.520965576171875
91|3030|29.56910514831543
91|3210|26.438264846801758
91|3609|20.960824966430664
91|3613|24.251937866210938
91|4314|24.659847259521484
92|1332|30.348371505737305
92|2859|34.06159210205078
92|3611|23.012414932250977
92|3947|21.144527435302734
92|4359|22.099781036376953
92|4514|42.13811111450195
93|588|20.961477279663086
93|1357|23.171510696411133
93|1610|20.13532257080078
93|4323|24.803447723388672
94|507|21.366676330566406
94|2067|25.10967254638672
94|3028|21.835233688354492
94|3201|39.87826919555664
94|3203|65.31928253173828
94|4708|31.813922882080078
95|241|22.544628143310547
95|272|21.82707977294922
95|525|21.832759857177734
95|2641|28.00603485107422
95|2835|29.089384078979492
95|3029|29.433441162109375
95|3286|21.4029541015625
95|3302|20.948835372924805
96|242|23.964101791381836
96|275|21.290945053100586
96|1858|22.295997619628906
96|2065|25.859704971313477
96|2861|30.902021408081055
96|3030|30.882383346557617
96|3125|28.790477752685547
96|3202|47.76375961303711
96|3296|20.290678024291992
96|3945|22.311922073364258
97|2066|23.2346134185791
97|2832|20.284164428710938
97|3126|26.556791305541992
97|3239|30.46329116821289
97|3298|19.733604431152344
98|245|22.95380401611328
98|2369|31.910036087036133
98|2836|23.701459884643555
98|3238|34.69411849975586
98|3301|21.10695457458496
98|3739|25.87100601196289
99|246|25.30841827392578
99|827|27.831716537475586
99|896|29.88861083984375
99|899|29.88591957092285
99|3299|20.176877975463867
99|4712|22.332067489624023
100|895|22.040966033935547
100|1249|30.01255989074707
100|3298|21.032230377197266
100|4116|21.45176124572754
101|1250|29.863277435302734
101|1863|36.74635696411133
101|3055|26.84465980529785
101|3613|21.621877670288086
101|4707|26.23757553100586
102|504|21.175762176513672
102|1862|33.413604736328125
102|2644|21.414840698242188
102|3050|29.023521423339844
102|3058|20.122779846191406
102|3124|24.836456298828125
102|4570|24.77406120300293
103|2643|19.782520294189453
103|2738|20.511856079101562
103|3229|22.536317825317383
103|3759|20.461759567260742
103|4569|19.693363189697266
103|4581|21.473133087158203
104|2544|20.242361068725586
104|3056|20.193464279174805
104|3127|20.872642517089844
105|1860|21.189537048339844
105|3058|22.08951759338379
105|4708|23.026992797851562
106|3052|20.29631996154785
108|832|21.068883895874023
108|2714|21.786712646484375
108|2967|20.890106201171875
108|2969|24.36758804321289
109|2966|29.073585510253906
110|831|21.07876205444336
112|830|20.675338745117188
112|1254|21.078916549682617
113|829|23.037715911865234
113|3358|21.864660263061523
114|2963|36.778656005859375
114|3062|21.53981590270996
115|1251|19.984609603881836
116|2964|25.831771850585938
116|3034|20.211788177490234
117|1307|21.63230323791504
117|2968|23.726909637451172
117|2974|30.20256996154785
117|3156|20.449264526367188
118|2963|23.556739807128906
118|3131|25.14802360534668
119|1952|24.66021728515625
119|2967|21.714401245117188
119|3132|25.885541915893555
120|2966|31.882217407226562
121|3123|27.33854866027832
121|3192|23.94440269470215
122|844|22.262828826904297
123|1084|30.93384552001953
123|1644|19.665889739990234
125|1083|26.75101089477539
126|1082|23.034631729125977
126|3238|21.265850067138672
127|242|20.51322364807129
127|3202|23.039104461669922
129|1889|20.573833465576172
131|1863|20.260976791381836
132|1862|22.441946029663086
133|3056|20.816810607910156
134|3057|20.28438949584961
135|1860|20.982690811157227
135|3058|22.321308135986328
138|2997|27.16142463684082
138|3210|21.823986053466797
139|3429|20.1897029876709
140|3430|21.425506591796875
141|828|21.232921600341797
143|1307|19.90357208251953
143|3055|21.14712142944336
143|3760|22.27473258972168
144|1250|22.712690353393555
146|3053|19.8221378326416
147|1357|20.237375259399414
147|3056|22.397476196289062
149|3358|19.671443939208984
150|3058|21.602907180786133
150|3373|19.76064682006836
151|3372|21.1541690826416
154|2965|22.899124145507812
157|1252|21.23911476135254
157|1310|25.363910675048828
158|1251|22.81941795349121
164|2964|20.1386775970459
165|2965|21.87233543395996
166|845|21.980358123779297
174|3191|20.48497200012207
176|2429|19.680917739868164
176|2528|20.306365966796875
176|3123|23.78594207763672
176|4902|20.13889503479004
195|1537|24.390117645263672
195|1735|23.661155700683594
195|1933|25.92021369934082
195|2625|21.701942443847656
195|2724|19.937578201293945
228|1834|21.384408950805664
228|2625|19.960020065307617
228|2823|20.67426300048828
235|2528|19.670616149902344
244|1834|21.141878128051758
244|2823|21.466123580932617
244|2922|20.830533981323242