Alone
Alan Walker

EDM
alone
1025x2584
2584

2.359532594680786|0|0
17.66112518310547|0|1
39.99152374267578|0|2
40.889076232910156|0|3
22.906145095825195|1|4
44.33366775512695|0|5
99.78055572509766|0|6
122.9267578125|0|7
110.8587646484375|0|8
75.19427490234375|0|9
32.40353775024414|1|10
34.76893615722656|0|11
56.40953826904297|0|12
46.29443359375|0|13
58.964820861816406|0|14
67.67713165283203|1|15
75.0165786743164|1|16
81.20075225830078|0|17
30.36540412902832|1|18
36.26651382446289|0|19
84.91825103759766|0|20
124.02777862548828|0|21
152.96676635742188|0|22
177.8174285888672|0|23
197.3652801513672|0|24
209.05987548828125|0|25
164.70103454589844|0|26
59.1031379699707|1|27
9.605363845825195|1|28
8.363446235656738|26|29
13.645064353942871|17|30
12.44803524017334|26|31
9.678704261779785|18|32
13.441654205322266|8|33
11.867904663085938|9|34
10.57279109954834|24|35
13.112020492553711|19|36
17.680295944213867|19|37
14.636427879333496|19|38
15.460904121398926|27|39
16.800323486328125|28|40
14.348047256469727|29|41
15.329021453857422|10|42
18.78865623474121|17|43
21.775814056396484|16|44
16.350894927978516|15|45
15.309700965881348|26|46
13.09713077545166|8|47
14.709946632385254|15|48
17.513694763183594|15|49
16.88109016418457|7|50
14.32324504852295|28|51
14.174236297607422|25|52
16.847177505493164|20|53
20.36823272705078|9|54
15.713935852050781|16|55
17.535900115966797|17|56
17.990755081176758|27|57
17.405807495117188|24|58
18.018308639526367|21|59
17.066499710083008|15|60
24.458511352539062|25|61
22.13860321044922|18|62
23.77446746826172|16|63
21.57932472229004|15|64
27.346269607543945|26|65
24.322948455810547|15|66
26.99336051940918|18|67
23.523239135742188|19|68
23.71835708618164|19|69
20.7613582611084|14|70
16.462432861328125|13|71
20.607547760009766|31|72
28.346553802490234|25|73
23.148197174072266|25|74
25.127981185913086|22|75
27.0833683013916|14|76
30.337772369384766|15|77
36.57710647583008|14|78
35.366554260253906|14|79
33.47734451293945|11|80
28.3028564453125|11|81
30.111576080322266|15|82
29.343055725097656|27|83
21.33624839782715|26|84
24.05380630493164|20|85
23.328336715698242|20|86
25.549104690551758|21|87
32.452049255371094|15|88
24.153169631958008|16|89
33.552330017089844|14|90
41.575843811035156|14|91
35.49845886230469|20|92
27.055648803710938|19|93
24.326021194458008|17|94
24.530628204345703|28|95
32.452388763427734|16|96
29.393817901611328|15|97
33.25177001953125|21|98
31.83765411376953|21|99
32.3194694519043|9|100
36.16469955444336|10|101
22.253326416015625|14|102
25.650161743164062|16|103
23.578990936279297|5|104
32.89748764038086|8|105
29.180347442626953|8|106
34.93827438354492|20|107
45.16816329956055|0|108
68.65570068359375|0|109
45.44089889526367|0|110
50.07734680175781|0|111
54.87477493286133|1|112
49.11012268066406|1|113
54.43998336791992|0|114
29.784015655517578|13|115
26.761966705322266|16|116
35.63087844848633|11|117
35.30442428588867|11|118
31.474407196044922|14|119
28.783897399902344|14|120
25.348648071289062|18|121
35.456443786621094|19|122
35.81955337524414|21|123
34.45378875732422|46|124
25.70555877685547|17|125
24.087936401367188|45|126
29.062421798706055|15|127
26.543712615966797|16|128
19.888561248779297|19|129
22.928436279296875|23|130
29.878522872924805|23|131
28.1273193359375|30|132
25.482765197753906|45|133
24.703842163085938|45|134
24.042577743530273|22|135
26.963787078857422|45|136
26.718324661254883|45|137
25.231924057006836|23|138
30.75166130065918|23|139
30.961753845214844|23|140
30.711074829101562|23|141
34.44565200805664|22|142
34.3596076965332|22|143
37.77812194824219|23|144
37.46894836425781|23|145
21.204599380493164|45|146
26.948244094848633|45|147
25.87608528137207|45|148
22.81285858154297|0|149
25.278091430664062|15|150
27.400615692138672|15|151
28.69731330871582|45|152
44.745758056640625|0|153
65.02470397949219|0|154
68.3707504272461|0|155
50.76443099975586|0|156
29.415193557739258|45|157
32.35491943359375|45|158
33.76554489135742|45|159
38.84865188598633|0|160
42.123104095458984|0|161
34.134742736816406|0|162
24.929141998291016|45|163
23.128517150878906|15|164
22.12396812438965|15|165
43.15291213989258|98|166
57.300594329833984|97|167
69.69477844238281|96|168
61.699485778808594|96|169
61.13416290283203|96|170
58.15229415893555|96|171
53.71681594848633|96|172
50.28545379638672|96|173
44.117919921875|96|174
33.87799835205078|96|175
45.09684753417969|95|176
38.171749114990234|95|177
33.726505279541016|46|178
42.887332916259766|45|179
46.29047393798828|91|180
40.901424407958984|91|181
33.98954391479492|95|182
36.57170104980469|95|183
29.454421997070312|96|184
23.462345123291016|96|185
24.305530548095703|96|186
71.82609558105469|40|187
126.74278259277344|40|188
134.07095336914062|40|189
116.83060455322266|40|190
70.923095703125|40|191
64.39163208007812|81|192
62.778526306152344|80|193
95.94972229003906|80|194
123.8409423828125|80|195
129.7066650390625|80|196
132.54257202148438|80|197
107.24180603027344|80|198
102.55583953857422|79|199
95.03962707519531|80|200
104.2801284790039|81|201
107.98001098632812|80|202
102.6463851928711|79|203
77.26586151123047|80|204
59.48183059692383|40|205
70.63882446289062|40|206
68.6437759399414|40|207
57.057979583740234|40|208
38.439937591552734|10|209
38.272560119628906|10|210
38.300559997558594|10|211
38.1328010559082|10|212
38.84318542480469|10|213
38.540557861328125|10|214
36.32688522338867|10|215
33.91765213012695|10|216
31.31488609313965|10|217
32.28215789794922|80|218
41.644248962402344|80|219
39.066688537597656|80|220
26.708194732666016|80|221
21.731857299804688|5|222
24.04318618774414|5|223
25.297466278076172|5|224
25.463542938232422|5|225
25.4517879486084|81|226
23.968076705932617|5|227
24.568119049072266|10|228
26.36446762084961|10|229
27.20640754699707|10|230
27.997108459472656|10|231
28.398221969604492|10|232
28.638418197631836|10|233
29.652128219604492|10|234
30.62889862060547|10|235
30.312570571899414|10|236
30.3435001373291|10|237
29.683170318603516|10|238
65.01323699951172|35|239
74.70743560791016|36|240
79.5076904296875|35|241
86.99826049804688|35|242
81.005126953125|35|243
62.901756286621094|35|244
58.76225280761719|36|245
82.2546157836914|36|246
75.50919342041016|35|247
83.65279388427734|35|248
75.45216369628906|36|249
72.79908752441406|36|250
78.24809265136719|36|251
74.49040222167969|36|252
83.7222900390625|35|253
87.4905776977539|36|254
92.26202392578125|36|255
81.60266876220703|35|256
98.9725570678711|35|257
90.72109985351562|35|258
87.1602554321289|36|259
74.7928237915039|36|260
61.7453498840332|35|261
57.67565155029297|36|262
44.89616012573242|36|263
30.27475357055664|36|264
29.12485122680664|5|265
29.73337173461914|5|266
29.55506134033203|5|267
29.474899291992188|5|268
29.65264129638672|5|269
30.02579689025879|5|270
29.845605850219727|5|271
29.547321319580078|5|272
28.92984390258789|5|273
28.140371322631836|5|274
27.497758865356445|5|275
28.57931137084961|10|276
30.931432723999023|10|277
32.36733627319336|10|278
34.11867904663086|10|279
37.170448303222656|10|280
40.039127349853516|10|281
41.6155891418457|10|282
41.09561538696289|10|283
39.17215347290039|10|284
38.273101806640625|10|285
37.00102615356445|10|286
70.2552261352539|32|287
81.8880844116211|32|288
67.91924285888672|32|289
60.53720474243164|63|290
55.342071533203125|32|291
60.66777801513672|32|292
65.32726287841797|32|293
65.19342041015625|32|294
56.92422103881836|32|295
62.60651397705078|63|296
69.57559967041016|63|297
54.63455581665039|63|298
59.108028411865234|64|299
59.336429595947266|64|300
72.25601959228516|63|301
58.3202018737793|63|302
61.6131477355957|32|303
64.44264221191406|32|304
60.046417236328125|32|305
56.950599670410156|31|306
49.956138610839844|63|307
65.24906921386719|32|308
67.82832336425781|32|309
57.457115173339844|32|310
50.47877883911133|32|311
48.0850715637207|32|312
40.42473220825195|32|313
30.7541561126709|32|314
20.7180118560791|32|315
16.209930419921875|32|316
29.245697021484375|64|317
35.235801696777344|64|318
21.56279754638672|64|319
16.786211013793945|32|320
20.57061004638672|64|321
30.0349063873291|64|322
31.432865142822266|64|323
26.160921096801758|64|324
21.559236526489258|63|325
14.118191719055176|63|326
12.878721237182617|32|327
13.103635787963867|4|328
13.794939994812012|4|329
14.649821281433105|4|330
15.002795219421387|127|331
15.040234565734863|4|332
15.927420616149902|32|333
18.845746994018555|21|334
56.17783737182617|23|335
68.63446044921875|23|336
50.01303482055664|24|337
47.34974670410156|23|338
49.9141731262207|23|339
51.68620681762695|23|340
50.05350112915039|23|341
53.89897155761719|24|342
51.99934768676758|24|343
48.54146957397461|24|344
45.036869049072266|23|345
44.984378814697266|23|346
46.30500793457031|24|347
44.662410736083984|24|348
40.13472366333008|25|349
42.45681381225586|24|350
44.64249038696289|24|351
46.782257080078125|24|352
51.87404251098633|24|353
56.57625198364258|24|354
53.56800079345703|24|355
44.855690002441406|23|356
35.45750045776367|24|357
38.80062484741211|24|358
39.05711364746094|24|359
43.979698181152344|24|360
48.10795593261719|23|361
46.988563537597656|23|362
50.365936279296875|24|363
51.369571685791016|24|364
51.06564712524414|24|365
42.79381561279297|23|366
40.33759307861328|24|367
40.9646110534668|24|368
40.69038009643555|24|369
46.216453552246094|24|370
46.663856506347656|23|371
47.744754791259766|24|372
55.67586135864258|24|373
51.78978729248047|24|374
44.28856658935547|24|375
41.04124450683594|24|376
50.204795837402344|24|377
53.957489013671875|24|378
56.64332962036133|24|379
49.92144012451172|23|380
54.919410705566406|24|381
66.11003112792969|25|382
76.82530975341797|26|383
80.78504180908203|27|384
74.41796875|27|385
60.933441162109375|28|386
66.14253997802734|29|387
79.46215057373047|30|388
79.91667175292969|30|389
73.33843231201172|30|390
51.41435623168945|30|391
34.10951232910156|6|392
32.53528594970703|6|393
31.440013885498047|6|394
30.78036117553711|6|395
29.690345764160156|6|396
28.898839950561523|6|397
28.28782844543457|6|398
27.31219482421875|6|399
26.805641174316406|6|400
26.14457893371582|6|401
25.025602340698242|6|402
24.165393829345703|6|403
27.511369705200195|12|404
30.72305679321289|12|405
32.73293685913086|12|406
34.456722259521484|12|407
36.141056060791016|12|408
36.22605895996094|12|409
34.63982009887695|12|410
31.646026611328125|12|411
27.73188591003418|12|412
24.052701950073242|12|413
20.670730590820312|12|414
20.764162063598633|6|415
22.553775787353516|6|416
24.027109146118164|6|417
25.84412384033203|6|418
27.147541046142578|6|419
27.440738677978516|6|420
26.77007484436035|6|421
25.875364303588867|6|422
25.664865493774414|6|423
25.692407608032227|6|424
25.58693504333496|6|425
25.951705932617188|6|426
26.64072608947754|6|427
27.004011154174805|6|428
27.523101806640625|6|429
28.238143920898438|6|430
27.31839942932129|6|431
25.06850814819336|6|432
23.270708084106445|6|433
22.255268096923828|6|434
21.034761428833008|6|435
22.992733001708984|12|436
23.274309158325195|12|437
21.63288116455078|12|438
19.946590423583984|6|439
21.669897079467773|61|440
24.69255828857422|61|441
19.909687042236328|6|442
19.73856544494629|6|443
19.53739356994629|6|444
18.85194206237793|6|445
18.609941482543945|6|446
19.58687400817871|6|447
21.0430850982666|6|448
22.767009735107422|6|449
24.501922607421875|6|450
25.919286727905273|6|451
41.85251998901367|30|452
68.15935516357422|30|453
71.91210174560547|30|454
72.69811248779297|30|455
75.52009582519531|30|456
75.16631317138672|30|457
72.0283432006836|30|458
72.85811614990234|30|459
76.67156219482422|30|460
77.8466796875|30|461
66.57806396484375|30|462
68.52764892578125|28|463
79.65902709960938|27|464
73.72517395019531|27|465
68.85132598876953|27|466
73.2145767211914|27|467
75.361328125|27|468
75.45542907714844|27|469
77.50643920898438|27|470
71.4002685546875|27|471
56.94376754760742|27|472
63.17143249511719|26|473
59.2067985534668|27|474
66.0189437866211|27|475
70.46581268310547|27|476
72.1033935546875|27|477
63.789222717285156|26|478
58.34593963623047|26|479
66.51103210449219|27|480
76.44184875488281|27|481
70.62744903564453|27|482
66.0425033569336|26|483
56.606483459472656|26|484
64.30220031738281|27|485
67.4636459350586|27|486
65.46194458007812|27|487
54.4500617980957|26|488
52.06892395019531|27|489
55.71680450439453|27|490
48.598487854003906|27|491
43.80678939819336|26|492
38.86329650878906|27|493
37.265464782714844|27|494
43.11281204223633|27|495
40.63964080810547|27|496
30.447452545166016|27|497
23.552217483520508|27|498
18.6356201171875|54|499
15.004724502563477|4|500
14.89538288116455|4|501
15.58740520477295|107|502
15.21821403503418|4|503
16.105194091796875|36|504
16.22879409790039|4|505
18.88889503479004|54|506
16.867406845092773|15|507
19.11278533935547|15|508
21.036636352539062|15|509
22.37712287902832|15|510
22.293935775756836|15|511
21.137754440307617|15|512
19.967363357543945|15|513
19.103759765625|15|514
18.419540405273438|15|515
17.584171295166016|15|516
16.812849044799805|15|517
16.231061935424805|15|518
16.167110443115234|15|519
16.964435577392578|15|520
17.94830322265625|15|521
18.858741760253906|15|522
20.283491134643555|15|523
21.166126251220703|15|524
21.251365661621094|15|525
20.911331176757812|15|526
19.558870315551758|15|527
17.317913055419922|15|528
19.050838470458984|90|529
16.32225799560547|45|530
18.30824089050293|45|531
18.3878173828125|45|532
18.995132446289062|45|533
21.2890625|45|534
20.35719108581543|45|535
17.576881408691406|45|536
17.871784210205078|45|537
18.814851760864258|45|538
19.657697677612305|45|539
19.23042869567871|45|540
15.053534507751465|45|541
14.088412284851074|15|542
14.93362045288086|15|543
18.362018585205078|45|544
18.314319610595703|45|545
15.600237846374512|45|546
16.32187271118164|45|547
17.994585037231445|45|548
18.89958953857422|45|549
19.2347354888916|45|550
19.083515167236328|45|551
18.397857666015625|45|552
42.682861328125|26|553
71.09761810302734|27|554
73.09579467773438|27|555
74.46478271484375|27|556
65.35334777832031|27|557
73.48863983154297|29|558
78.48650360107422|30|559
85.4202880859375|30|560
88.6892318725586|30|561
83.57453155517578|30|562
81.2361068725586|30|563
70.61859893798828|31|564
43.21779251098633|33|565
50.912010192871094|36|566
47.203765869140625|36|567
44.15983963012695|35|568
42.858638763427734|35|569
45.29881286621094|71|570
54.637451171875|72|571
60.38973617553711|71|572
63.44148254394531|71|573
47.511810302734375|71|574
53.177066802978516|36|575
60.46486282348633|36|576
56.4228515625|35|577
64.16388702392578|35|578
64.88020324707031|36|579
73.15511322021484|35|580
71.0423583984375|35|581
78.22349548339844|36|582
71.9229965209961|37|583
80.02465057373047|39|584
100.92487335205078|40|585
94.07213592529297|40|586
94.51235961914062|40|587
90.3254165649414|40|588
88.6471176147461|40|589
86.85411071777344|40|590
72.54756164550781|40|591
51.50082778930664|40|592
25.884841918945312|40|593
26.050323486328125|10|594
29.5001220703125|10|595
33.25934600830078|10|596
36.91083908081055|10|597
40.11180114746094|10|598
42.70261764526367|10|599
44.676692962646484|10|600
45.41321563720703|10|601
46.188011169433594|10|602
45.908058166503906|10|603
44.37742233276367|10|604
43.46614456176758|10|605
42.742244720458984|10|606
41.974082946777344|10|607
41.4602165222168|10|608
41.3293342590332|10|609
41.62605667114258|10|610
41.87157440185547|10|611
41.942352294921875|10|612
42.086570739746094|10|613
41.33352279663086|10|614
39.0483512878418|10|615
36.200950622558594|10|616
32.94132995605469|10|617
29.41933250427246|10|618
26.42933464050293|10|619
24.030961990356445|10|620
23.036746978759766|10|621
23.120342254638672|5|622
25.176347732543945|5|623
26.296655654907227|5|624
26.284202575683594|5|625
26.39579963684082|5|626
52.00172424316406|35|627
62.323577880859375|35|628
67.1426773071289|35|629
65.72183227539062|35|630
56.80821990966797|35|631
53.27155303955078|36|632
55.9643669128418|36|633
51.186729431152344|36|634
41.42616653442383|35|635
39.4782829284668|36|636
51.90203094482422|36|637
59.31383514404297|37|638
57.916175842285156|36|639
62.612586975097656|35|640
72.1324234008789|35|641
81.46454620361328|36|642
76.00423431396484|36|643
56.93110275268555|36|644
48.007015228271484|35|645
65.82485961914062|36|646
73.36466979980469|36|647
66.00648498535156|36|648
54.09176254272461|36|649
55.71396255493164|36|650
52.9449348449707|36|651
32.252525329589844|36|652
33.35867691040039|10|653
33.3508186340332|10|654
32.825927734375|10|655
32.4223747253418|10|656
30.98136329650879|10|657
29.032012939453125|10|658
27.76630401611328|10|659
27.466123580932617|10|660
27.457447052001953|10|661
26.908607482910156|10|662
25.926753997802734|10|663
25.18463134765625|10|664
24.57365608215332|10|665
23.31082534790039|20|666
25.91252899169922|20|667
26.976261138916016|20|668
24.68260383605957|40|669
25.639650344848633|40|670
31.176469802856445|32|671
82.57442474365234|32|672
105.05378723144531|32|673
95.74269104003906|32|674
79.75881958007812|32|675
74.73111724853516|32|676
67.3868179321289|32|677
63.95692443847656|32|678
70.3097915649414|32|679
76.07215881347656|32|680
72.1062240600586|32|681
65.53054809570312|32|682
57.475852966308594|32|683
47.311893463134766|94|684
50.67455291748047|32|685
54.146297454833984|32|686
53.341888427734375|32|687
48.554046630859375|32|688
52.318939208984375|31|689
61.94401931762695|64|690
75.04695892333984|64|691
70.98189544677734|64|692
65.38015747070312|63|693
61.83491516113281|63|694
54.990333557128906|63|695
50.85211181640625|64|696
41.66559600830078|32|697
52.3387336730957|31|698
52.08936309814453|31|699
60.858421325683594|32|700
53.07861328125|32|701
40.91575241088867|32|702
32.70867919921875|64|703
32.251441955566406|64|704
25.181455612182617|64|705
17.89397621154785|8|706
16.584474563598633|128|707
14.201559066772461|128|708
18.249954223632812|64|709
16.426197052001953|16|710
15.099370956420898|16|711
15.816671371459961|8|712
17.390310287475586|128|713
16.891653060913086|8|714
18.26122283935547|64|715
13.89531135559082|8|716
11.8448486328125|8|717
15.504779815673828|63|718
19.905105590820312|63|719
22.75216293334961|64|720
16.299589157104492|64|721
30.158767700195312|23|722
70.65806579589844|23|723
66.13786315917969|24|724
56.791603088378906|24|725
54.92917251586914|24|726
57.9727897644043|24|727
54.96733856201172|24|728
49.241920471191406|23|729
49.1744270324707|23|730
46.46794509887695|24|731
39.627418518066406|24|732
44.792720794677734|24|733
49.41135025024414|24|734
48.853614807128906|23|735
44.66946792602539|23|736
49.69792175292969|24|737
50.152565002441406|24|738
51.37031936645508|24|739
45.727230072021484|24|740
43.32082748413086|24|741
49.05329895019531|24|742
50.06273651123047|24|743
54.47096633911133|24|744
50.680931091308594|24|745
53.87995910644531|23|746
58.209083557128906|24|747
62.626869201660156|24|748
61.03090286254883|24|749
51.09420394897461|24|750
55.69483947753906|23|751
54.050331115722656|24|752
58.52435302734375|24|753
53.250850677490234|24|754
58.75767517089844|24|755
55.60978698730469|24|756
54.933380126953125|24|757
52.06086730957031|24|758
50.555843353271484|24|759
44.43875503540039|24|760
44.924678802490234|23|761
48.90971755981445|24|762
49.436012268066406|24|763
43.2974739074707|24|764
39.2811279296875|24|765
46.2896614074707|24|766
56.0106201171875|24|767
60.538883209228516|24|768
60.453182220458984|24|769
54.93080520629883|24|770
57.38604736328125|25|771
79.81980895996094|26|772
88.91825866699219|27|773
88.54175567626953|27|774
82.38639831542969|27|775
62.48003005981445|28|776
69.67053985595703|29|777
81.93063354492188|30|778
82.76751708984375|30|779
73.8719711303711|30|780
51.838871002197266|30|781
26.882213592529297|6|782
26.419954299926758|6|783
26.296297073364258|6|784
26.898937225341797|6|785
27.610013961791992|6|786
28.174226760864258|6|787
29.052658081054688|6|788
29.29839515686035|6|789
28.9991397857666|6|790
28.175952911376953|6|791
26.826921463012695|6|792
25.725858688354492|6|793
24.278356552124023|6|794
22.63842010498047|6|795
21.382917404174805|6|796
20.26559066772461|6|797
19.265132904052734|6|798
18.447526931762695|6|799
17.24690055847168|6|800
27.49854850769043|60|801
26.850399017333984|60|802
17.224836349487305|30|803
21.05862808227539|12|804
23.48263168334961|12|805
24.73780059814453|12|806
24.96080780029297|12|807
24.297443389892578|12|808
23.108232498168945|12|809
20.988704681396484|12|810
19.04894256591797|6|811
21.870115280151367|6|812
24.1348876953125|6|813
26.285720825195312|6|814
28.258190155029297|6|815
29.536699295043945|6|816
30.253232955932617|6|817
29.657352447509766|6|818
28.700227737426758|6|819
28.23797607421875|6|820
27.975170135498047|12|821
28.99933624267578|12|822
28.27601432800293|12|823
28.22112274169922|6|824
28.51662254333496|6|825
29.11888885498047|6|826
29.363128662109375|6|827
28.704273223876953|6|828
28.172950744628906|6|829
28.528966903686523|6|830
28.832321166992188|6|831
60.610870361328125|27|832
76.95730590820312|27|833
64.99290466308594|27|834
52.96171951293945|27|835
51.218406677246094|26|836
40.56189727783203|28|837
56.234046936035156|29|838
67.56664276123047|30|839
71.6220932006836|30|840
73.79644775390625|30|841
71.43574523925781|30|842
68.32247161865234|30|843
67.37442779541016|30|844
67.17204284667969|30|845
49.44045639038086|30|846
30.44373893737793|29|847
28.052265167236328|6|848
27.12908935546875|6|849
54.11081314086914|27|850
89.92965698242188|27|851
78.0831527709961|27|852
63.99069595336914|26|853
35.73184585571289|26|854
19.729101181030273|6|855
24.0892333984375|28|856
46.1229362487793|27|857
52.43872833251953|53|858
52.58039093017578|52|859
46.468414306640625|26|860
55.57936477661133|27|861
56.17722702026367|27|862
61.85800552368164|27|863
56.870059967041016|27|864
61.16765213012695|53|865
54.00302505493164|53|866
48.58761978149414|27|867
49.28464889526367|27|868
43.966896057128906|26|869
40.207088470458984|26|870
40.291107177734375|27|871
36.8587646484375|27|872
33.58725357055664|9|873
25.80940818786621|8|874
19.118322372436523|107|875
16.368818283081055|53|876
14.87210464477539|53|877
16.196115493774414|107|878
17.709280014038086|107|879
21.400766372680664|107|880
21.24650764465332|107|881
21.403852462768555|107|882
15.72409725189209|107|883
15.678938865661621|15|884
16.435283660888672|107|885
15.4375|15|886
16.873680114746094|30|887
18.556503295898438|30|888
19.87932014465332|30|889
18.83701515197754|30|890
15.820097923278809|30|891
14.625052452087402|54|892
20.12588882446289|54|893
13.738554000854492|54|894
12.145255088806152|15|895
13.622066497802734|108|896
14.824189186096191|106|897
12.49294662475586|4|898
12.518267631530762|4|899
12.29288101196289|4|900
13.380003929138184|53|901
15.853280067443848|45|902
16.270896911621094|45|903
15.809388160705566|23|904
16.093605041503906|45|905
19.747098922729492|45|906
15.634056091308594|23|907
12.82683277130127|54|908
16.04618263244629|15|909
19.83068084716797|15|910
22.664419174194336|15|911
23.405635833740234|15|912
22.23316192626953|15|913
21.814788818359375|107|914
19.932249069213867|107|915
15.901893615722656|49|916
21.042198181152344|40|917
26.667755126953125|39|918
27.877635955810547|37|919
55.849605560302734|37|920
59.52290344238281|39|921
58.29766082763672|40|922
53.8505973815918|40|923
51.562660217285156|80|924
67.0899658203125|81|925
73.44348907470703|81|926
42.307491302490234|80|927
70.02130889892578|40|928
88.433349609375|40|929
87.55742645263672|40|930
85.15608215332031|40|931
64.50665283203125|40|932
31.34453773498535|40|933
14.084711074829102|40|934
12.439400672912598|4|935
13.068734169006348|4|936
15.43134880065918|15|937
15.432483673095703|15|938
13.756820678710938|4|939
15.507608413696289|45|940
24.91567611694336|230|941
32.859840393066406|45|942
35.95682144165039|45|943
28.839645385742188|45|944
49.58580780029297|90|945
70.93867492675781|90|946
69.2345199584961|90|947
50.654903411865234|90|948
42.02558135986328|90|949
32.727783203125|16|950
32.00437545776367|7|951
43.036346435546875|7|952
38.80531311035156|8|953
40.16584396362305|8|954
32.33250427246094|8|955
30.69377326965332|7|956
33.783565521240234|6|957
25.792285919189453|5|958
30.81110191345215|7|959
56.91080093383789|8|960
77.81651306152344|8|961
63.142921447753906|8|962
45.875614166259766|7|963
39.1868782043457|7|964
42.80022430419922|16|965
54.650421142578125|90|966
63.94977951049805|90|967
42.90627670288086|8|968
39.21714401245117|139|969
40.79254913330078|139|970
43.53554153442383|191|971
50.26044464111328|142|972
55.92068862915039|142|973
48.37217330932617|5|974
28.617263793945312|5|975
34.675865173339844|10|976
37.49699783325195|11|977
44.85733413696289|30|978
49.12678146362305|30|979
49.80805587768555|48|980
60.5474853515625|47|981
42.11519241333008|46|982
36.00189971923828|20|983
45.17525100708008|8|984
46.81551742553711|7|985
41.15052032470703|20|986
35.452640533447266|20|987
39.64093780517578|48|988
49.27059555053711|48|989
57.73143005371094|95|990
60.01982879638672|190|991
61.67988204956055|191|992
46.72047424316406|191|993
29.047414779663086|98|994
26.685972213745117|48|995
24.939205169677734|10|996
23.54669189453125|20|997
22.08827018737793|20|998
22.45577049255371|7|999
23.56534194946289|8|1000
26.933626174926758|44|1001
47.24658203125|45|1002
44.78004455566406|45|1003
58.05946731567383|91|1004
72.1021499633789|90|1005
45.25905990600586|89|1006
35.06909942626953|45|1007
40.84102249145508|91|1008
35.92534255981445|45|1009
34.18931198120117|89|1010
58.332916259765625|89|1011
64.66651916503906|89|1012
79.87578582763672|90|1013
72.06107330322266|90|1014
32.98805618286133|90|1015
35.1746940612793|5|1016
34.47232437133789|5|1017
24.516725540161133|10|1018
31.471139907836914|81|1019
83.72823333740234|81|1020
87.9761962890625|80|1021
58.41566467285156|81|1022
44.37059783935547|81|1023
40.511627197265625|120|1024
57.58897399902344|80|1025
107.82485961914062|80|1026
126.39229583740234|80|1027
128.26837158203125|80|1028
119.19507598876953|80|1029
105.68325805664062|80|1030
109.53973388671875|80|1031
98.0298843383789|80|1032
78.32960510253906|80|1033
62.33799362182617|80|1034
37.72633743286133|80|1035
21.400781631469727|80|1036
17.615957260131836|80|1037
14.473275184631348|80|1038
15.880712509155273|4|1039
16.101713180541992|4|1040
22.730722427368164|80|1041
24.525802612304688|5|1042
24.623531341552734|10|1043
20.456117630004883|10|1044
24.241483688354492|30|1045
24.59658432006836|24|1046
22.946685791015625|24|1047
24.693458557128906|24|1048
25.438688278198242|24|1049
46.878639221191406|40|1050
59.61515808105469|40|1051
55.10120391845703|40|1052
45.363590240478516|40|1053
33.3009147644043|40|1054
26.931364059448242|40|1055
30.97787857055664|30|1056
23.571598052978516|48|1057
21.223552703857422|40|1058
28.724029541015625|27|1059
21.83344268798828|29|1060
20.856111526489258|31|1061
49.16721725463867|32|1062
67.34444427490234|32|1063
55.03627395629883|32|1064
33.1368522644043|33|1065
42.18607711791992|36|1066
52.16794967651367|36|1067
35.35673522949219|36|1068
28.008695602416992|40|1069
27.436765670776367|40|1070
26.918006896972656|40|1071
19.39215660095215|24|1072
15.736465454101562|24|1073
29.59084701538086|31|1074
35.925682067871094|32|1075
31.333940505981445|48|1076
36.360565185546875|36|1077
44.8817253112793|36|1078
35.504310607910156|35|1079
35.03068923950195|287|1080
32.71704864501953|287|1081
26.82133674621582|323|1082
28.0290584564209|32|1083
31.201906204223633|36|1084
46.883060455322266|36|1085
58.69847869873047|73|1086
51.93854522705078|73|1087
61.690250396728516|107|1088
61.80270767211914|107|1089
59.76176834106445|71|1090
77.57398986816406|107|1091
81.49832153320312|71|1092
100.80809783935547|71|1093
73.78356170654297|71|1094
22.54652976989746|71|1095
11.093535423278809|24|1096
13.60866641998291|32|1097
31.372814178466797|41|1098
50.2721061706543|40|1099
47.96117401123047|40|1100
35.76592254638672|40|1101
34.30266571044922|40|1102
28.92339515686035|40|1103
28.007095336914062|37|1104
53.58797836303711|36|1105
54.64754104614258|71|1106
45.43214416503906|64|1107
44.823551177978516|63|1108
36.93626022338867|60|1109
45.9775276184082|91|1110
45.67693328857422|91|1111
40.438358306884766|60|1112
43.863285064697266|60|1113
21.066722869873047|59|1114
22.7546443939209|8|1115
27.796951293945312|8|1116
29.499710083007812|8|1117
62.329376220703125|61|1118
55.472679138183594|61|1119
54.59286880493164|60|1120
60.294830322265625|60|1121
65.1356201171875|60|1122
61.8636474609375|60|1123
37.49669647216797|31|1124
35.07713317871094|20|1125
38.012882232666016|61|1126
34.50934982299805|60|1127
29.351360321044922|91|1128
31.224536895751953|91|1129
46.96512985229492|89|1130
40.486846923828125|61|1131
51.93751525878906|30|1132
45.22614288330078|30|1133
30.067766189575195|30|1134
24.143695831298828|30|1135
15.6934814453125|31|1136
8.791470527648926|31|1137
12.028075218200684|8|1138
20.720008850097656|8|1139
26.501588821411133|8|1140
28.9523868560791|8|1141
47.33468246459961|40|1142
68.29493713378906|40|1143
56.62105178833008|40|1144
32.35320281982422|40|1145
24.951419830322266|24|1146
47.899383544921875|48|1147
54.83758544921875|48|1148
46.920597076416016|48|1149
42.45780944824219|48|1150
34.736663818359375|47|1151
41.77265548706055|27|1152
47.813411712646484|27|1153
41.20804977416992|27|1154
44.005226135253906|40|1155
58.46596145629883|26|1156
70.68000030517578|25|1157
55.14992904663086|25|1158
40.84468460083008|24|1159
41.67509460449219|24|1160
53.816688537597656|24|1161
64.94918823242188|24|1162
74.60652923583984|24|1163
76.06893157958984|24|1164
71.90179443359375|24|1165
68.1827392578125|24|1166
59.86782455444336|24|1167
51.152854919433594|24|1168
55.6623420715332|24|1169
60.06916046142578|24|1170
55.49247741699219|24|1171
63.555397033691406|72|1172
60.39768981933594|71|1173
49.27565383911133|71|1174
40.37477493286133|24|1175
32.55131530761719|24|1176
22.449384689331055|24|1177
19.622819900512695|24|1178
29.20294761657715|24|1179
36.90850067138672|24|1180
41.766334533691406|24|1181
47.12259292602539|24|1182
50.81537628173828|24|1183
47.718414306640625|24|1184
42.34272384643555|24|1185
35.84599304199219|24|1186
31.60480308532715|24|1187
37.59538650512695|71|1188
32.94953536987305|95|1189
29.512014389038086|24|1190
25.597841262817383|48|1191
29.585617065429688|48|1192
35.25186538696289|24|1193
43.207401275634766|25|1194
34.89011764526367|25|1195
62.10034942626953|60|1196
75.46553039550781|60|1197
45.04078674316406|60|1198
36.8027229309082|36|1199
46.28895568847656|30|1200
34.225914001464844|30|1201
26.901042938232422|73|1202
60.82743453979492|72|1203
66.84425354003906|71|1204
62.34275817871094|71|1205
53.516380310058594|71|1206
30.85357093811035|72|1207
37.806461334228516|107|1208
44.35499954223633|72|1209
44.81641387939453|106|1210
39.36909866333008|71|1211
40.60017013549805|73|1212
56.675350189208984|72|1213
65.43415069580078|71|1214
60.359378814697266|71|1215
27.838380813598633|70|1216
32.540950775146484|73|1217
48.31700134277344|73|1218
48.33201217651367|73|1219
43.04902267456055|72|1220
44.99949645996094|71|1221
32.5904426574707|24|1222
33.01979446411133|35|1223
46.515159606933594|35|1224
38.87031936645508|35|1225
31.526023864746094|36|1226
25.029359817504883|48|1227
27.266813278198242|24|1228
31.016862869262695|24|1229
29.43580436706543|24|1230
17.710769653320312|24|1231
12.666187286376953|72|1232
14.95106029510498|71|1233
14.701024055480957|71|1234
12.70864200592041|12|1235
19.748130798339844|12|1236
23.288490295410156|12|1237
21.711231231689453|6|1238
22.445388793945312|24|1239
28.758604049682617|24|1240
34.1613883972168|24|1241
35.604549407958984|24|1242
36.56953811645508|24|1243
37.86214065551758|113|1244
42.597412109375|24|1245
51.48415756225586|23|1246
38.23826217651367|24|1247
34.14463424682617|71|1248
40.300819396972656|71|1249
43.15479278564453|72|1250
31.90178871154785|72|1251
22.937332153320312|6|1252
19.884244918823242|6|1253
17.620872497558594|48|1254
39.32680892944336|23|1255
52.26411437988281|23|1256
46.293251037597656|23|1257
45.663814544677734|22|1258
60.094173431396484|23|1259
69.80659484863281|22|1260
69.19666290283203|22|1261
59.48838806152344|22|1262
49.391883850097656|22|1263
48.65595245361328|22|1264
53.37419891357422|22|1265
57.759395599365234|23|1266
58.2030143737793|23|1267
51.43315887451172|22|1268
44.391517639160156|90|1269
32.29049301147461|30|1270
30.839447021484375|30|1271
37.90856170654297|23|1272
48.93418884277344|23|1273
58.60981369018555|23|1274
67.3832015991211|23|1275
74.37725067138672|22|1276
76.98503112792969|22|1277
74.07420349121094|23|1278
63.18144989013672|23|1279
43.8458251953125|22|1280
42.85972213745117|67|1281
42.795780181884766|68|1282
41.84611129760742|68|1283
28.603303909301758|68|1284
28.863727569580078|112|1285
37.76551055908203|112|1286
33.750240325927734|112|1287
28.28891372680664|91|1288
23.1552677154541|67|1289
22.131067276000977|23|1290
23.452037811279297|18|1291
27.478487014770508|18|1292
32.051483154296875|18|1293
44.480491638183594|30|1294
56.362403869628906|30|1295
53.63788604736328|30|1296
46.73383712768555|30|1297
34.4320068359375|36|1298
52.85345458984375|36|1299
55.559669494628906|36|1300
52.61033248901367|36|1301
65.94599914550781|71|1302
85.94282531738281|71|1303
100.39759826660156|72|1304
114.08165740966797|72|1305
111.72299194335938|72|1306
82.9755630493164|71|1307
76.33316040039062|71|1308
60.436622619628906|71|1309
40.19480895996094|71|1310
49.04679489135742|107|1311
45.239585876464844|107|1312
34.7398681640625|70|1313
35.001888275146484|70|1314
33.08424377441406|72|1315
39.242591857910156|71|1316
39.39089584350586|71|1317
50.97771453857422|35|1318
65.6807632446289|36|1319
67.98880004882812|36|1320
65.5672836303711|36|1321
53.66657638549805|36|1322
35.36464309692383|35|1323
29.153488159179688|36|1324
30.25955581665039|45|1325
28.207914352416992|45|1326
22.048688888549805|45|1327
15.765548706054688|36|1328
8.468685150146484|35|1329
5.907506465911865|73|1330
12.051173210144043|71|1331
14.368700981140137|71|1332
18.761991500854492|7|1333
22.656875610351562|7|1334
23.25740623474121|7|1335
26.279541015625|18|1336
34.38701629638672|45|1337
37.60787582397461|45|1338
28.742319107055664|45|1339
32.43028259277344|90|1340
34.210044860839844|90|1341
27.71813201904297|15|1342
33.14009475708008|30|1343
39.99052429199219|30|1344
44.58074188232422|30|1345
46.84528732299805|30|1346
45.546600341796875|30|1347
44.33675003051758|36|1348
47.66730499267578|36|1349
38.703399658203125|36|1350
22.372209548950195|36|1351
36.86389923095703|15|1352
55.90623474121094|14|1353
37.03837203979492|13|1354
66.14346313476562|6|1355
65.79015350341797|5|1356
57.54280471801758|5|1357
52.36124038696289|96|1358
59.051177978515625|96|1359
36.38422393798828|5|1360
28.405792236328125|5|1361
19.309940338134766|5|1362
22.472505569458008|5|1363
24.71272850036621|7|1364
30.098817825317383|6|1365
30.448965072631836|6|1366
29.57077980041504|20|1367
32.383544921875|20|1368
39.08932113647461|47|1369
40.80792236328125|334|1370
36.01828384399414|334|1371
35.76952362060547|4|1372
36.1004638671875|4|1373
21.385427474975586|8|1374
29.439294815063477|94|1375
47.72688293457031|95|1376
88.26841735839844|96|1377
86.26575469970703|96|1378
85.90957641601562|95|1379
69.99322509765625|95|1380
67.7867202758789|95|1381
82.34327697753906|96|1382
66.94247436523438|96|1383
50.88227462768555|97|1384
42.86607360839844|96|1385
33.7278938293457|95|1386
19.584501266479492|5|1387
29.99564552307129|40|1388
50.361549377441406|40|1389
47.141178131103516|40|1390
43.67135238647461|89|1391
48.23349380493164|90|1392
43.770179748535156|90|1393
21.17279815673828|48|1394
24.249557495117188|48|1395
26.649091720581055|47|1396
27.364213943481445|48|1397
46.0606803894043|89|1398
54.34400177001953|90|1399
69.65689849853516|90|1400
74.60174560546875|90|1401
55.8702278137207|90|1402
57.7880744934082|6|1403
68.95157623291016|6|1404
78.17266082763672|5|1405
50.60628890991211|5|1406
44.05543518066406|5|1407
34.709510803222656|4|1408
47.82534408569336|82|1409
97.92601776123047|80|1410
124.34015655517578|80|1411
113.53761291503906|80|1412
97.22166442871094|80|1413
73.54273223876953|80|1414
50.922645568847656|80|1415
52.801414489746094|81|1416
82.50228118896484|80|1417
106.83961486816406|80|1418
104.57390594482422|80|1419
68.9555892944336|80|1420
54.18091583251953|79|1421
50.99041748046875|80|1422
32.37932586669922|79|1423
28.44487190246582|79|1424
28.31539535522461|14|1425
51.82761001586914|8|1426
70.02227783203125|6|1427
75.36505126953125|6|1428
60.13579177856445|5|1429
50.43291091918945|5|1430
46.475257873535156|4|1431
34.81937026977539|4|1432
24.84873390197754|4|1433
22.13057518005371|4|1434
24.872087478637695|48|1435
27.041629791259766|48|1436
31.428800582885742|40|1437
55.26278305053711|40|1438
51.85382080078125|40|1439
38.013648986816406|40|1440
28.168649673461914|40|1441
27.124073028564453|10|1442
28.90478515625|10|1443
23.524192810058594|10|1444
21.908727645874023|48|1445
20.140092849731445|48|1446
19.635574340820312|24|1447
19.867210388183594|24|1448
27.364057540893555|95|1449
47.21871566772461|7|1450
73.47463989257812|7|1451
77.3270492553711|6|1452
71.21607971191406|5|1453
56.624237060546875|5|1454
45.40617370605469|4|1455
52.09525680541992|72|1456
31.16960906982422|72|1457
24.070466995239258|7|1458
22.0494327545166|5|1459
18.409942626953125|40|1460
23.64313507080078|40|1461
38.575260162353516|36|1462
42.97574996948242|36|1463
34.38407897949219|35|1464
26.231800079345703|35|1465
21.743398666381836|8|1466
22.143583297729492|32|1467
21.20514678955078|32|1468
20.44063377380371|8|1469
16.476520538330078|20|1470
15.222821235656738|20|1471
12.932024955749512|24|1472
19.713258743286133|14|1473
36.479347229003906|7|1474
70.00416564941406|7|1475
80.77565002441406|6|1476
65.52993774414062|6|1477
57.87107467651367|5|1478
55.84676742553711|72|1479
66.19983673095703|71|1480
38.36043930053711|71|1481
24.387683868408203|4|1482
22.36045265197754|48|1483
21.80756950378418|47|1484
16.781484603881836|16|1485
24.3184871673584|48|1486
45.4276008605957|48|1487
53.927425384521484|48|1488
55.37335968017578|48|1489
52.84659957885742|48|1490
47.69948196411133|47|1491
42.51762390136719|48|1492
44.65812301635742|37|1493
56.78022384643555|71|1494
37.162227630615234|64|1495
28.457481384277344|63|1496
26.27885627746582|88|1497
32.46548843383789|59|1498
64.0689468383789|7|1499
80.37918090820312|6|1500
66.52403259277344|6|1501
59.60039520263672|5|1502
47.22255325317383|5|1503
43.7991943359375|5|1504
35.49409484863281|4|1505
33.483917236328125|62|1506
36.41853332519531|30|1507
40.20770263671875|30|1508
45.282588958740234|30|1509
40.97649002075195|30|1510
40.25448226928711|24|1511
49.4012451171875|61|1512
55.935516357421875|60|1513
43.85295104980469|60|1514
33.809486389160156|91|1515
40.30125045776367|90|1516
36.02908706665039|89|1517
26.839130401611328|48|1518
30.394006729125977|48|1519
29.101266860961914|48|1520
29.953372955322266|30|1521
34.419376373291016|30|1522
63.22006607055664|7|1523
85.97760772705078|6|1524
79.89566802978516|6|1525
68.03164672851562|5|1526
49.15425491333008|5|1527
42.08217239379883|4|1528
38.202091217041016|4|1529
30.221641540527344|4|1530
28.947216033935547|60|1531
34.28641891479492|48|1532
23.050689697265625|48|1533
37.081844329833984|96|1534
53.16081237792969|48|1535
61.95404815673828|48|1536
46.04841232299805|48|1537
33.14397048950195|48|1538
31.593036651611328|48|1539
29.537843704223633|48|1540
26.075096130371094|40|1541
35.8439826965332|40|1542
36.98465347290039|40|1543
34.68693542480469|25|1544
41.61896514892578|25|1545
45.642127990722656|25|1546
55.89280319213867|7|1547
75.18852996826172|6|1548
80.1388168334961|6|1549
61.502479553222656|5|1550
50.2811279296875|5|1551
48.507110595703125|5|1552
38.400760650634766|4|1553
44.015846252441406|48|1554
47.83645248413086|48|1555
38.718711853027344|48|1556
29.074975967407227|47|1557
35.58063888549805|47|1558
44.478614807128906|47|1559
43.26633834838867|48|1560
38.827850341796875|24|1561
42.56381607055664|24|1562
39.79563522338867|24|1563
33.74928283691406|24|1564
35.814876556396484|24|1565
45.530616760253906|24|1566
53.82889938354492|24|1567
58.885467529296875|24|1568
60.72744369506836|24|1569
56.239501953125|24|1570
37.863224029541016|24|1571
62.61164855957031|7|1572
77.32251739501953|6|1573
59.136497497558594|5|1574
48.28247833251953|5|1575
50.22486877441406|5|1576
40.47029495239258|4|1577
32.7172737121582|4|1578
30.23892593383789|72|1579
37.26881790161133|72|1580
35.48908615112305|72|1581
26.310382843017578|72|1582
25.92411231994629|36|1583
30.35529136657715|53|1584
26.896495819091797|54|1585
23.700332641601562|48|1586
27.29888343811035|48|1587
24.32478904724121|48|1588
23.19438934326172|6|1589
41.871116638183594|73|1590
77.81242370605469|72|1591
85.88758087158203|71|1592
69.91926574707031|71|1593
56.6320915222168|71|1594
55.397098541259766|71|1595
58.600242614746094|72|1596
65.33570098876953|6|1597
57.53624725341797|72|1598
56.738826751708984|71|1599
46.38591384887695|5|1600
35.63591384887695|4|1601
64.57167053222656|72|1602
72.53842163085938|71|1603
82.36282348632812|71|1604
65.50371551513672|71|1605
59.67989730834961|71|1606
71.46903991699219|72|1607
52.22111129760742|72|1608
48.70185852050781|36|1609
46.937255859375|36|1610
41.31016540527344|36|1611
34.34508514404297|35|1612
33.382015228271484|36|1613
33.89616775512695|36|1614
32.37898635864258|24|1615
31.95615005493164|24|1616
31.619680404663086|24|1617
28.503807067871094|24|1618
43.388954162597656|13|1619
42.0384635925293|12|1620
72.88536834716797|6|1621
66.63793182373047|6|1622
57.209007263183594|5|1623
46.93008041381836|5|1624
48.935489654541016|5|1625
35.043853759765625|4|1626
26.217859268188477|4|1627
26.396087646484375|24|1628
25.607776641845703|24|1629
16.837736129760742|24|1630
23.23179054260254|144|1631
27.747636795043945|180|1632
27.72614097595215|180|1633
33.158443450927734|142|1634
28.628131866455078|106|1635
29.098344802856445|107|1636
43.4023551940918|108|1637
27.457674026489258|36|1638
33.412174224853516|36|1639
37.17947769165039|35|1640
38.63656997680664|35|1641
53.08674621582031|35|1642
34.633880615234375|35|1643
60.581764221191406|73|1644
76.94534301757812|72|1645
79.59553527832031|71|1646
64.95304107666016|71|1647
54.712860107421875|72|1648
53.283103942871094|72|1649
47.2050666809082|72|1650
43.36076736450195|72|1651
31.874387741088867|72|1652
31.649715423583984|71|1653
17.556255340576172|90|1654
17.981531143188477|89|1655
17.03251838684082|17|1656
23.422176361083984|17|1657
22.06648063659668|16|1658
20.643131256103516|16|1659
17.868541717529297|89|1660
19.442216873168945|89|1661
18.003463745117188|89|1662
29.558542251586914|13|1663
25.328697204589844|12|1664
26.25813102722168|12|1665
21.496849060058594|12|1666
21.6955623626709|119|1667
35.85433578491211|120|1668
63.28617858886719|120|1669
43.90620422363281|119|1670
29.21413803100586|122|1671
50.77627182006836|121|1672
57.431373596191406|121|1673
37.65634536743164|121|1674
27.148338317871094|81|1675
29.406007766723633|12|1676
35.48125076293945|12|1677
45.1632194519043|11|1678
36.640567779541016|11|1679
23.39767837524414|10|1680
16.687150955200195|11|1681
19.80809211730957|10|1682
24.490909576416016|10|1683
20.835277557373047|10|1684
20.820552825927734|10|1685
23.191879272460938|10|1686
12.622146606445312|10|1687
7.511205673217773|90|1688
6.795167446136475|35|1689
11.794896125793457|39|1690
24.023794174194336|89|1691
29.329586029052734|9|1692
34.48173904418945|7|1693
39.50496292114258|129|1694
23.839181900024414|129|1695
30.188737869262695|141|1696
30.28304672241211|145|1697
29.469100952148438|143|1698
37.109745025634766|143|1699
36.84346389770508|144|1700
36.336856842041016|145|1701
25.281970977783203|141|1702
19.496950149536133|135|1703
23.345481872558594|135|1704
37.91133117675781|120|1705
44.062992095947266|120|1706
39.6486701965332|121|1707
39.91915512084961|120|1708
48.73119354248047|120|1709
42.267765045166016|120|1710
27.235828399658203|120|1711
22.09890365600586|121|1712
35.28874969482422|121|1713
33.50275421142578|120|1714
18.1644344329834|80|1715
32.30644226074219|80|1716
50.395851135253906|81|1717
35.322628021240234|81|1718
27.2978458404541|79|1719
24.17626953125|120|1720
26.187387466430664|242|1721
32.05478286743164|80|1722
32.69524383544922|40|1723
56.206153869628906|40|1724
66.69683074951172|39|1725
61.945579528808594|39|1726
42.779945373535156|41|1727
53.14864730834961|82|1728
53.91861343383789|86|1729
35.44737243652344|91|1730
42.98833465576172|90|1731
41.56406021118164|95|1732
51.42680358886719|96|1733
59.13652420043945|96|1734
61.017189025878906|96|1735
44.44131088256836|96|1736
46.572021484375|96|1737
58.74117660522461|96|1738
56.13351821899414|95|1739
34.15327453613281|12|1740
52.485260009765625|8|1741
73.94091796875|6|1742
86.9796142578125|5|1743
90.79176330566406|5|1744
92.83075714111328|4|1745
71.5519027709961|4|1746
55.58335494995117|4|1747
66.10078430175781|4|1748
70.9167709350586|5|1749
58.45888900756836|5|1750
52.261898040771484|80|1751
42.220054626464844|80|1752
26.147226333618164|80|1753
24.505416870117188|79|1754
19.57818031311035|40|1755
13.797134399414062|40|1756
11.716991424560547|79|1757
21.257413864135742|6|1758
40.42827606201172|20|1759
52.073665618896484|5|1760
55.7663688659668|5|1761
55.09814453125|5|1762
50.07484436035156|5|1763
40.39173889160156|5|1764
56.161773681640625|8|1765
79.17753601074219|6|1766
95.4587173461914|5|1767
102.99256134033203|5|1768
103.82442474365234|4|1769
92.66444396972656|4|1770
80.34994506835938|4|1771
66.90636444091797|4|1772
53.74421691894531|4|1773
43.018062591552734|4|1774
34.2577018737793|4|1775
25.74113655090332|5|1776
45.622642517089844|20|1777
54.90003204345703|20|1778
62.37127685546875|5|1779
63.194217681884766|5|1780
59.697750091552734|5|1781
50.1217155456543|5|1782
27.943828582763672|5|1783
11.989627838134766|10|1784
12.959707260131836|10|1785
11.762258529663086|10|1786
9.64299488067627|10|1787
27.20054817199707|13|1788
56.03391647338867|9|1789
91.55025482177734|7|1790
107.70922088623047|6|1791
129.83717346191406|5|1792
119.30565643310547|4|1793
102.33868408203125|4|1794
78.65196228027344|4|1795
63.25152587890625|4|1796
59.17692947387695|4|1797
64.36846923828125|5|1798
57.66349411010742|4|1799
30.12936019897461|4|1800
32.58891296386719|10|1801
46.954017639160156|10|1802
58.467384338378906|5|1803
60.3829460144043|5|1804
58.80369186401367|5|1805
53.94279098510742|5|1806
34.171207427978516|5|1807
27.08555793762207|10|1808
32.933753967285156|5|1809
51.64137649536133|5|1810
37.413089752197266|5|1811
20.8819522857666|15|1812
42.487396240234375|11|1813
72.24433135986328|7|1814
100.658203125|6|1815
117.25733184814453|5|1816
113.57160949707031|4|1817
105.1171646118164|4|1818
81.15264892578125|4|1819
68.13165283203125|4|1820
59.77951431274414|4|1821
47.605037689208984|4|1822
36.657047271728516|4|1823
27.32567024230957|4|1824
27.932151794433594|6|1825
42.33453369140625|20|1826
60.87678527832031|5|1827
65.69052124023438|5|1828
62.54265594482422|5|1829
56.26579284667969|5|1830
39.42654037475586|5|1831
15.403039932250977|5|1832
12.54034423828125|10|1833
12.599377632141113|95|1834
13.84610652923584|95|1835
15.142175674438477|16|1836
44.452484130859375|13|1837
80.89900970458984|8|1838
107.79985046386719|6|1839
125.04454040527344|5|1840
122.09065246582031|4|1841
125.32571411132812|4|1842
114.10614776611328|4|1843
101.74876403808594|4|1844
89.03792572021484|4|1845
72.18733215332031|4|1846
56.15613555908203|4|1847
47.63092803955078|4|1848
37.337554931640625|4|1849
24.856201171875|5|1850
15.069293975830078|4|1851
10.751717567443848|4|1852
7.094433784484863|40|1853
8.597972869873047|8|1854
29.856473922729492|8|1855
47.02836227416992|8|1856
46.80073547363281|4|1857
47.87152099609375|4|1858
45.17594909667969|4|1859
42.70692443847656|4|1860
34.539581298828125|4|1861
58.82846450805664|8|1862
78.08663177490234|6|1863
98.62348175048828|5|1864
100.40459442138672|5|1865
109.5333023071289|4|1866
97.24604797363281|4|1867
81.10397338867188|4|1868
66.21649932861328|4|1869
51.78620910644531|4|1870
41.02316665649414|4|1871
33.31039810180664|4|1872
27.95667266845703|5|1873
37.74163818359375|8|1874
39.90902328491211|8|1875
39.79433059692383|8|1876
42.33664321899414|4|1877
42.94740295410156|4|1878
36.20415496826172|4|1879
20.48601722717285|5|1880
12.415484428405762|32|1881
11.8980131149292|32|1882
9.907337188720703|8|1883
7.842596054077148|18|1884
33.30152130126953|14|1885
62.916656494140625|9|1886
96.37686920166016|7|1887
109.10759735107422|6|1888
121.68052673339844|5|1889
126.86283111572266|4|1890
119.45791625976562|4|1891
98.34186553955078|4|1892
63.64621353149414|4|1893
37.829647064208984|4|1894
39.416255950927734|4|1895
36.58346176147461|5|1896
31.403636932373047|5|1897
38.02340316772461|8|1898
46.00042724609375|8|1899
44.21743392944336|8|1900
40.69657897949219|8|1901
41.74008560180664|4|1902
41.538509368896484|4|1903
26.75275230407715|5|1904
18.978914260864258|121|1905
35.70735549926758|121|1906
36.002716064453125|4|1907
26.731136322021484|5|1908
28.3192138671875|15|1909
42.893524169921875|8|1910
70.67504119873047|7|1911
93.79468536376953|6|1912
113.35032653808594|5|1913
116.7958984375|4|1914
118.8512191772461|4|1915
103.12183380126953|4|1916
77.0853271484375|4|1917
56.669315338134766|4|1918
45.303653717041016|4|1919
37.41962814331055|4|1920
27.082956314086914|4|1921
38.05154037475586|8|1922
48.59357833862305|8|1923
48.392276763916016|8|1924
45.13885498046875|8|1925
40.8752555847168|8|1926
40.4918212890625|4|1927
28.1157169342041|4|1928
15.206297874450684|8|1929
12.077950477600098|8|1930
8.841039657592773|95|1931
9.210728645324707|94|1932
23.128820419311523|15|1933
52.417816162109375|11|1934
81.95320129394531|7|1935
109.38729858398438|6|1936
123.16280364990234|5|1937
113.23262786865234|4|1938
106.21337890625|4|1939
92.97206115722656|4|1940
72.95662689208984|4|1941
58.5269889831543|4|1942
59.268680572509766|6|1943
51.63457107543945|6|1944
45.7765998840332|6|1945
22.87928009033203|6|1946
10.44005298614502|4|1947
11.529768943786621|4|1948
8.302485466003418|4|1949
8.688507080078125|12|1950
15.57636547088623|12|1951
40.30305862426758|12|1952
61.6213264465332|12|1953
64.3736801147461|12|1954
60.97651672363281|12|1955
57.34629821777344|12|1956
51.32529830932617|6|1957
34.68922424316406|11|1958
62.13825607299805|7|1959
90.89923858642578|6|1960
101.7353744506836|5|1961
94.21907806396484|4|1962
102.6441879272461|4|1963
93.76998138427734|4|1964
79.07717895507812|4|1965
63.54665756225586|4|1966
49.254764556884766|4|1967
39.309810638427734|4|1968
31.83831787109375|4|1969
27.45697593688965|6|1970
50.100341796875|6|1971
57.94440460205078|6|1972
54.79903030395508|6|1973
55.364112854003906|6|1974
51.32273483276367|6|1975
33.28144073486328|6|1976
18.18927764892578|12|1977
14.455157279968262|12|1978
11.15070629119873|12|1979
9.629261016845703|12|1980
8.685315132141113|18|1981
34.002220153808594|11|1982
66.61100769042969|8|1983
89.13546752929688|7|1984
105.58414459228516|5|1985
118.68553161621094|5|1986
110.25567626953125|4|1987
95.78053283691406|4|1988
81.36793518066406|4|1989
67.66236114501953|4|1990
58.6556510925293|4|1991
47.29155731201172|5|1992
27.442886352539062|12|1993
31.608352661132812|12|1994
48.6376953125|12|1995
58.562015533447266|6|1996
53.23647689819336|6|1997
50.78739547729492|6|1998
51.215362548828125|6|1999
36.702205657958984|6|2000
18.9329833984375|5|2001
26.02981948852539|12|2002
42.286888122558594|6|2003
44.288326263427734|6|2004
20.495697021484375|12|2005
29.265853881835938|14|2006
45.73899841308594|11|2007
78.3958740234375|7|2008
90.07743835449219|6|2009
110.14683532714844|5|2010
104.41981506347656|4|2011
97.15029907226562|4|2012
83.98690032958984|4|2013
68.41777038574219|4|2014
53.62188720703125|4|2015
41.47888946533203|4|2016
31.680910110473633|4|2017
20.884462356567383|4|2018
36.25155258178711|12|2019
47.150634765625|12|2020
47.80600357055664|6|2021
45.19557189941406|6|2022
43.97987365722656|6|2023
34.893550872802734|6|2024
33.028079986572266|108|2025
19.431962966918945|12|2026
15.066225051879883|12|2027
19.092300415039062|35|2028
34.27450942993164|35|2029
31.478885650634766|35|2030
39.25954818725586|9|2031
67.8935775756836|7|2032
84.40570831298828|6|2033
87.1773910522461|5|2034
73.7934799194336|4|2035
62.848175048828125|4|2036
57.91378402709961|4|2037
59.61894226074219|4|2038
60.6938591003418|4|2039
63.50276184082031|4|2040
67.45274353027344|4|2041
64.186279296875|4|2042
47.01902770996094|4|2043
24.286535263061523|4|2044
16.050682067871094|71|2045
15.155574798583984|71|2046
9.799759864807129|71|2047
14.175874710083008|107|2048
31.858417510986328|9|2049
49.34662628173828|9|2050
47.722801208496094|4|2051
44.94068145751953|4|2052
46.200294494628906|4|2053
42.95594787597656|4|2054
33.081783294677734|10|2055
49.01070022583008|8|2056
71.7541275024414|6|2057
80.50191497802734|5|2058
77.0080795288086|4|2059
75.78966522216797|4|2060
67.24720001220703|4|2061
57.65979766845703|4|2062
47.71175765991211|4|2063
39.295982360839844|4|2064
32.85986328125|4|2065
26.916772842407227|4|2066
27.16587257385254|18|2067
46.28763198852539|18|2068
47.75334930419922|18|2069
46.532020568847656|18|2070
44.348175048828125|18|2071
43.679134368896484|4|2072
46.097816467285156|5|2073
27.545541763305664|9|2074
21.6449031829834|9|2075
15.901698112487793|9|2076
11.662222862243652|9|2077
18.1441593170166|89|2078
30.717235565185547|90|2079
55.590511322021484|8|2080
71.86044311523438|6|2081
76.3112564086914|5|2082
65.76219940185547|4|2083
64.72560119628906|4|2084
58.3421630859375|4|2085
54.227027893066406|4|2086
42.56996536254883|4|2087
40.04563522338867|4|2088
43.381717681884766|4|2089
32.72000503540039|4|2090
26.864437103271484|135|2091
37.38033676147461|18|2092
44.10197448730469|18|2093
46.12063980102539|18|2094
43.1021614074707|18|2095
39.73143005371094|120|2096
36.8390007019043|120|2097
22.744483947753906|121|2098
23.47711181640625|8|2099
32.79741668701172|5|2100
37.013126373291016|5|2101
20.768857955932617|80|2102
21.982969284057617|80|2103
37.6574592590332|8|2104
57.91697692871094|7|2105
62.61016845703125|5|2106
67.92754364013672|5|2107
65.70172119140625|4|2108
58.61144256591797|4|2109
55.52015686035156|4|2110
52.846473693847656|4|2111
50.99489212036133|40|2112
47.431819915771484|40|2113
46.60502624511719|40|2114
31.0761775970459|82|2115
42.2174186706543|82|2116
34.95523452758789|87|2117
33.36678695678711|90|2118
34.486000061035156|90|2119
31.329130172729492|4|2120
32.58513641357422|5|2121
37.19448471069336|96|2122
37.2307243347168|96|2123
34.76548767089844|96|2124
45.04700469970703|96|2125
42.80812072753906|95|2126
28.775217056274414|95|2127
39.187564849853516|11|2128
67.16256713867188|7|2129
79.6662368774414|6|2130
91.07791900634766|5|2131
88.59246063232422|4|2132
73.4306869506836|4|2133
48.34911346435547|4|2134
50.84169006347656|80|2135
53.41273498535156|5|2136
57.708946228027344|5|2137
46.02726745605469|5|2138
52.56842803955078|80|2139
42.82926940917969|80|2140
30.481082916259766|80|2141
25.55678367614746|80|2142
20.67243194580078|40|2143
15.217312812805176|40|2144
17.770692825317383|89|2145
31.91614532470703|89|2146
41.670074462890625|5|2147
49.15803909301758|5|2148
54.04975509643555|5|2149
55.480255126953125|5|2150
48.0433235168457|5|2151
33.53205871582031|10|2152
60.213993072509766|7|2153
82.59661102294922|6|2154
96.88680267333984|5|2155
97.31929016113281|4|2156
95.74556732177734|4|2157
84.94764709472656|4|2158
71.37702941894531|4|2159
57.53879165649414|4|2160
44.317039489746094|4|2161
34.772769927978516|4|2162
25.499324798583984|4|2163
33.44501876831055|20|2164
51.98690414428711|20|2165
54.36498260498047|20|2166
52.482879638671875|5|2167
51.18732833862305|5|2168
51.000701904296875|5|2169
37.19702911376953|5|2170
16.55792999267578|10|2171
13.217796325683594|10|2172
15.193063735961914|60|2173
16.272748947143555|60|2174
14.364069938659668|17|2175
43.440269470214844|13|2176
70.89228820800781|8|2177
101.7469482421875|6|2178
116.8065414428711|5|2179
107.00639343261719|5|2180
101.30860900878906|4|2181
79.2192153930664|4|2182
61.899600982666016|4|2183
52.29849624633789|4|2184
57.49892044067383|4|2185
60.11647415161133|4|2186
41.90067672729492|4|2187
21.180139541625977|10|2188
38.57980728149414|20|2189
45.41183853149414|5|2190
55.57781982421875|5|2191
55.01762771606445|5|2192
51.69522476196289|5|2193
38.45195770263672|5|2194
17.660263061523438|10|2195
20.937612533569336|21|2196
33.1480827331543|5|2197
40.84831619262695|5|2198
23.38632583618164|5|2199
29.434988021850586|14|2200
48.69243240356445|8|2201
72.62096405029297|6|2202
91.37789916992188|5|2203
94.76622772216797|5|2204
93.17613983154297|4|2205
79.0425796508789|4|2206
64.98304748535156|4|2207
57.48927688598633|4|2208
47.213233947753906|4|2209
37.152774810791016|4|2210
29.181163787841797|4|2211
25.23611068725586|96|2212
51.946876525878906|95|2213
51.09800720214844|95|2214
47.75226974487305|5|2215
47.935760498046875|5|2216
47.223106384277344|5|2217
39.83727264404297|5|2218
21.952653884887695|5|2219
13.888413429260254|48|2220
13.777848243713379|95|2221
9.617671966552734|95|2222
13.485054969787598|81|2223
25.86811065673828|13|2224
55.35987854003906|8|2225
83.21327209472656|7|2226
95.4359130859375|6|2227
109.31681823730469|5|2228
114.33197021484375|4|2229
110.50582885742188|4|2230
101.72077941894531|4|2231
86.94044494628906|4|2232
67.68189239501953|4|2233
52.986106872558594|4|2234
44.0672492980957|4|2235
39.038108825683594|4|2236
30.16666030883789|5|2237
16.65545654296875|4|2238
11.37770938873291|4|2239
8.89981746673584|95|2240
8.722859382629395|127|2241
18.106849670410156|8|2242
36.340980529785156|8|2243
40.08774185180664|120|2244
38.80310821533203|4|2245
38.005401611328125|32|2246
36.33251190185547|32|2247
31.89548683166504|4|2248
38.36163330078125|11|2249
66.7469253540039|7|2250
87.7724380493164|6|2251
99.43733978271484|5|2252
96.64263916015625|4|2253
94.83525085449219|4|2254
82.53636932373047|4|2255
68.3047866821289|4|2256
54.65338897705078|4|2257
42.57247543334961|4|2258
33.56104278564453|4|2259
25.348939895629883|4|2260
28.52498435974121|8|2261
37.50309753417969|8|2262
36.494239807128906|8|2263
36.13859558105469|8|2264
37.12517166137695|4|2265
36.79539489746094|4|2266
25.35552406311035|4|2267
10.205636978149414|32|2268
9.819348335266113|95|2269
8.916152000427246|94|2270
8.464919090270996|96|2271
15.677709579467773|15|2272
42.0571174621582|10|2273
72.55941772460938|8|2274
100.11951446533203|6|2275
118.90538024902344|5|2276
115.06188201904297|4|2277
116.01813507080078|4|2278
100.48780059814453|4|2279
70.81063079833984|4|2280
42.1531982421875|4|2281
40.41285705566406|4|2282
39.73827362060547|4|2283
30.598876953125|5|2284
29.380874633789062|8|2285
39.806358337402344|8|2286
40.49334716796875|8|2287
37.82357406616211|8|2288
34.565181732177734|4|2289
37.201393127441406|4|2290
28.985576629638672|4|2291
21.429706573486328|95|2292
29.733747482299805|96|2293
28.930988311767578|5|2294
31.078584671020508|5|2295
18.477458953857422|121|2296
31.783737182617188|11|2297
55.17239761352539|8|2298
77.82261657714844|6|2299
92.63159942626953|5|2300
93.21537017822266|4|2301
108.20532989501953|4|2302
99.9852523803711|4|2303
79.45307159423828|4|2304
58.30857467651367|4|2305
44.17717742919922|4|2306
35.45842742919922|4|2307
29.304399490356445|4|2308
25.76231575012207|5|2309
34.03556442260742|8|2310
37.832359313964844|8|2311
37.50419616699219|8|2312
34.844295501708984|8|2313
37.84442138671875|4|2314
33.316627502441406|4|2315
18.70429039001465|95|2316
13.982810020446777|95|2317
9.432358741760254|48|2318
8.609758377075195|24|2319
9.25250244140625|19|2320
34.338111877441406|14|2321
62.46792984008789|8|2322
88.28746032714844|7|2323
98.13265991210938|5|2324
110.60877227783203|5|2325
101.34190368652344|4|2326
89.15284729003906|4|2327
73.26734161376953|4|2328
59.03153610229492|4|2329
53.43460464477539|5|2330
50.70146179199219|6|2331
48.240875244140625|6|2332
36.54751205444336|6|2333
13.013274192810059|71|2334
10.940703392028809|4|2335
9.767325401306152|107|2336
13.947879791259766|71|2337
12.572320938110352|72|2338
37.1700553894043|95|2339
53.243831634521484|95|2340
51.13079071044922|6|2341
50.043338775634766|6|2342
46.6642951965332|6|2343
44.538352966308594|6|2344
33.404850006103516|6|2345
42.61892318725586|9|2346
65.8638916015625|7|2347
79.60401153564453|6|2348
95.69715881347656|5|2349
93.9112548828125|4|2350
88.37141418457031|4|2351
75.86820220947266|4|2352
62.46656799316406|4|2353
50.843963623046875|4|2354
40.162559509277344|4|2355
32.10740661621094|4|2356
21.506851196289062|4|2357
42.276580810546875|95|2358
55.85615158081055|6|2359
51.68376541137695|6|2360
47.88719177246094|6|2361
48.7586669921875|6|2362
39.95220184326172|6|2363
18.795429229736328|5|2364
15.150728225708008|72|2365
13.432424545288086|72|2366
14.813519477844238|95|2367
11.984753608703613|95|2368
22.049163818359375|14|2369
47.65260696411133|11|2370
80.08599090576172|7|2371
100.61493682861328|6|2372
110.78582763671875|5|2373
102.65838623046875|4|2374
93.55420684814453|4|2375
80.81600952148438|4|2376
65.35020446777344|4|2377
52.668331146240234|4|2378
50.17186737060547|5|2379
27.132617950439453|4|2380
17.96877670288086|96|2381
37.63198471069336|96|2382
51.43367385864258|95|2383
46.146209716796875|95|2384
43.61275863647461|6|2385
46.9036979675293|6|2386
42.4422607421875|6|2387
23.02080535888672|6|2388
13.882326126098633|96|2389
26.43953514099121|6|2390
41.73162841796875|6|2391
27.916091918945312|5|2392
13.46435546875|13|2393
30.35466957092285|11|2394
53.544776916503906|8|2395
75.12699890136719|6|2396
94.43104553222656|5|2397
90.32756805419922|5|2398
85.83515167236328|4|2399
80.40245056152344|4|2400
72.50826263427734|4|2401
57.77311325073242|4|2402
44.07880401611328|4|2403
33.855838775634766|4|2404
26.385377883911133|4|2405
25.970226287841797|71|2406
38.158607482910156|6|2407
40.461063385009766|6|2408
39.608829498291016|71|2409
39.983253479003906|71|2410
33.181060791015625|6|2411
37.75386428833008|108|2412
24.194841384887695|108|2413
21.206541061401367|71|2414
14.134793281555176|34|2415
23.58872413635254|34|2416
22.772323608398438|34|2417
31.068315505981445|14|2418
51.62229537963867|8|2419
67.5111312866211|6|2420
72.09535217285156|5|2421
66.22952270507812|5|2422
61.09642028808594|4|2423
52.701080322265625|4|2424
49.15345001220703|4|2425
51.70741271972656|4|2426
56.781593322753906|4|2427
56.85239791870117|4|2428
54.65867233276367|4|2429
45.54460525512695|4|2430
29.684120178222656|4|2431
14.442525863647461|36|2432
13.248873710632324|36|2433
11.478779792785645|71|2434
11.22826099395752|96|2435
33.11811828613281|95|2436
47.77029800415039|95|2437
41.801998138427734|9|2438
43.38263702392578|9|2439
44.31450271606445|9|2440
37.44905471801758|9|2441
28.891319274902344|4|2442
38.45732116699219|8|2443
52.14567184448242|7|2444
58.47744369506836|6|2445
70.99246215820312|5|2446
72.56707000732422|4|2447
64.57636260986328|4|2448
56.40436935424805|4|2449
48.39103698730469|4|2450
39.852935791015625|4|2451
33.55011749267578|4|2452
28.164052963256836|4|2453
21.444852828979492|5|2454
34.196807861328125|18|2455
42.074119567871094|18|2456
41.96993637084961|18|2457
40.858123779296875|18|2458
35.326011657714844|4|2459
38.20619583129883|5|2460
30.546024322509766|5|2461
14.692669868469238|9|2462
11.778385162353516|72|2463
10.474128723144531|18|2464
11.977508544921875|89|2465
27.134279251098633|89|2466
37.851016998291016|9|2467
61.728519439697266|7|2468
71.27970886230469|6|2469
73.333251953125|5|2470
66.50444030761719|4|2471
59.32149887084961|4|2472
55.90390396118164|4|2473
48.829219818115234|4|2474
36.6338005065918|4|2475
38.15736389160156|4|2476
38.190765380859375|4|2477
23.44706153869629|4|2478
26.37774085998535|106|2479
35.27048110961914|107|2480
36.42183303833008|107|2481
31.542970657348633|107|2482
31.893112182617188|120|2483
42.66703796386719|120|2484
28.853347778320312|120|2485
12.799352645874023|161|2486
26.478904724121094|95|2487
29.400033950805664|5|2488
22.490446090698242|5|2489
20.80384635925293|80|2490
27.969907760620117|11|2491
48.69304656982422|7|2492
70.18807220458984|6|2493
71.71199035644531|5|2494
63.4512939453125|4|2495
59.2614860534668|4|2496
55.44166946411133|4|2497
51.583885192871094|4|2498
45.82685089111328|40|2499
38.69687271118164|40|2500
43.15188217163086|40|2501
35.31997299194336|40|2502
38.59551239013672|82|2503
31.172990798950195|72|2504
31.2019100189209|18|2505
35.929649353027344|90|2506
31.921810150146484|18|2507
29.589313507080078|4|2508
35.2318229675293|96|2509
40.93252944946289|96|2510
37.39303207397461|95|2511
42.90932846069336|96|2512
45.72406768798828|96|2513
36.68907165527344|95|2514
20.658016204833984|89|2515
28.76405143737793|79|2516
33.24745559692383|80|2517
38.50891876220703|81|2518
32.97830581665039|80|2519
37.35662841796875|80|2520
32.196346282958984|80|2521
44.18523406982422|80|2522
69.90560150146484|80|2523
69.5025863647461|80|2524
56.40232849121094|80|2525
58.535709381103516|80|2526
64.22856140136719|80|2527
48.32533264160156|80|2528
34.11711502075195|80|2529
25.482723236083984|80|2530
17.910053253173828|40|2531
12.246599197387695|81|2532
10.82070541381836|81|2533
14.185083389282227|80|2534
15.316598892211914|79|2535
15.04293441772461|79|2536
12.518963813781738|80|2537
6.566178798675537|161|2538
7.408524990081787|161|2539
5.626728057861328|47|2540
9.7550630569458|80|2541
9.386569023132324|80|2542
8.945425987243652|45|2543
8.882915496826172|80|2544
6.7897796630859375|46|2545
8.908516883850098|46|2546
7.153895854949951|45|2547
5.127194881439209|47|2548
5.916672229766846|80|2549
7.855590343475342|80|2550
7.242710113525391|80|2551
14.178062438964844|30|2552
14.458969116210938|30|2553
8.895744323730469|30|2554
5.217368125915527|30|2555
5.619914531707764|30|2556
6.665072441101074|46|2557
6.061979293823242|46|2558
5.220554828643799|30|2559
3.7040302753448486|81|2560
5.6355299949646|45|2561
7.795281887054443|45|2562
8.616610527038574|45|2563
17.850936889648438|40|2564
19.591018676757812|40|2565
16.849609375|40|2566
12.97957992553711|40|2567
7.759220123291016|40|2568
5.494558811187744|21|2569
6.22932767868042|21|2570
5.845253944396973|22|2571
10.489668846130371|30|2572
11.043190956115723|30|2573
7.911651134490967|22|2574
7.28271484375|39|2575
11.66537094116211|40|2576
13.11662483215332|40|2577
12.80557918548584|40|2578
12.06767749786377|40|2579
6.915279388427734|40|2580
8.089581489562988|21|2581
8.571917533874512|21|2582
6.494600772857666|40|2583