Around the World
Daft Punk

EDM
around_the_world
1025x2584
2584

8.895188331604004|13|0
70.74894714355469|13|1
102.12161254882812|12|2
52.162635803222656|10|3
41.10125732421875|9|4
47.90419387817383|7|5
49.98067092895508|6|6
46.9912223815918|6|7
57.02234649658203|9|8
47.084014892578125|9|9
36.21632385253906|10|10
18.185325622558594|9|11
38.259952545166016|16|12
60.666297912597656|15|13
58.17293930053711|15|14
55.617862701416016|15|15
46.12605667114258|15|16
23.724828720092773|16|17
6.390818119049072|8|18
4.257575035095215|31|19
4.325662136077881|31|20
4.1214280128479|18|21
58.58190155029297|13|22
96.92986297607422|12|23
61.21896743774414|11|24
35.287532806396484|8|25
41.39128112792969|7|26
44.912025451660156|6|27
47.146156311035156|6|28
36.314327239990234|5|29
44.460105895996094|10|30
53.590248107910156|10|31
30.458648681640625|10|32
22.04753875732422|34|33
39.36788558959961|12|34
52.7503662109375|12|35
52.671512603759766|18|36
48.6816291809082|12|37
30.046627044677734|12|38
11.441418647766113|12|39
4.791484355926514|18|40
2.317387819290161|6|41
1.372870683670044|15|42
30.612106323242188|13|43
92.8744125366211|12|44
85.6266098022461|11|45
47.33898162841797|9|46
42.970359802246094|8|47
51.22239685058594|7|48
48.892024993896484|6|49
34.22616195678711|6|50
40.089969635009766|9|51
55.97941207885742|10|52
42.68115234375|10|53
16.916240692138672|12|54
40.310218811035156|16|55
48.18206024169922|15|56
48.28346633911133|15|57
50.08246612548828|15|58
46.656394958496094|15|59
25.59925651550293|16|60
7.482384204864502|15|61
4.035162448883057|16|62
1.4308377504348755|16|63
16.462379455566406|14|64
74.64501953125|12|65
86.64983367919922|11|66
39.32172775268555|9|67
45.51868438720703|8|68
47.2401237487793|7|69
53.47102355957031|6|70
39.73795700073242|6|71
55.51154327392578|9|72
60.38151931762695|9|73
50.37876892089844|9|74
40.84077453613281|18|75
43.43833541870117|18|76
41.854827880859375|18|77
41.68440246582031|18|78
42.12911605834961|18|79
31.896894454956055|19|80
50.18698501586914|20|81
67.76129913330078|20|82
55.03202819824219|20|83
46.33535385131836|15|84
39.9200439453125|10|85
58.20938491821289|11|86
102.71154022216797|11|87
74.13330078125|11|88
40.021095275878906|9|89
45.7681884765625|7|90
48.94243240356445|7|91
52.19245910644531|6|92
51.2928581237793|9|93
51.460731506347656|9|94
46.633567810058594|10|95
27.55792999267578|10|96
33.114585876464844|18|97
62.359527587890625|15|98
67.9911880493164|15|99
64.5101318359375|15|100
56.5571403503418|15|101
29.605274200439453|15|102
7.523421287536621|24|103
3.8359885215759277|31|104
4.262740612030029|31|105
3.5262069702148438|31|106
41.003421783447266|13|107
98.5328369140625|12|108
69.52764129638672|11|109
44.119842529296875|9|110
39.956424713134766|8|111
41.05413055419922|6|112
49.90537643432617|6|113
36.5740852355957|5|114
45.546974182128906|9|115
56.485042572021484|10|116
35.7147331237793|10|117
16.736066818237305|34|118
35.63678741455078|34|119
52.75764083862305|12|120
53.94319152832031|12|121
53.081844329833984|18|122
32.98845291137695|18|123
13.064837455749512|7|124
3.279358386993408|6|125
1.6643072366714478|19|126
0.8108871579170227|19|127
16.748533248901367|13|128
82.23729705810547|12|129
101.13350677490234|11|130
54.98666000366211|11|131
44.52842712402344|8|132
54.09866714477539|7|133
50.02353286743164|6|134
43.333534240722656|6|135
36.4281120300293|9|136
53.07996368408203|10|137
50.49345779418945|10|138
27.119688034057617|10|139
35.096923828125|11|140
47.31673812866211|10|141
47.55436706542969|10|142
46.276397705078125|10|143
43.9630241394043|10|144
27.194868087768555|16|145
9.777013778686523|16|146
2.8573367595672607|15|147
1.6371936798095703|0|148
7.616397857666016|16|149
62.78907012939453|13|150
89.82133483886719|12|151
52.80571365356445|10|152
44.6739387512207|8|153
48.473297119140625|7|154
53.24492263793945|6|155
47.54747772216797|6|156
51.9941291809082|9|157
66.03195190429688|9|158
63.803646087646484|9|159
50.1495361328125|9|160
47.33541488647461|18|161
46.70311737060547|18|162
45.13457107543945|18|163
45.43162536621094|18|164
35.930030822753906|9|165
44.417694091796875|20|166
70.8391342163086|20|167
70.88150024414062|20|168
53.44105529785156|20|169
45.54511642456055|20|170
43.9069938659668|16|171
88.94366455078125|13|172
89.7024154663086|11|173
43.547428131103516|9|174
42.40077209472656|7|175
49.72814178466797|7|176
50.159393310546875|6|177
48.49058151245117|9|178
53.38684844970703|9|179
45.81989288330078|10|180
32.300655364990234|10|181
25.79918670654297|19|182
55.540565490722656|16|183
67.04469299316406|15|184
63.37248229980469|15|185
58.392513275146484|15|186
37.09077835083008|15|187
13.874014854431152|16|188
3.561293363571167|8|189
3.927975654602051|31|190
3.7589895725250244|31|191
24.33743667602539|14|192
90.38896942138672|12|193
85.27305603027344|11|194
42.7611083984375|9|195
38.25004196166992|8|196
45.323524475097656|7|197
51.75113296508789|6|198
39.99264907836914|6|199
42.413822174072266|9|200
58.1357307434082|10|201
46.91706848144531|10|202
17.92943572998047|10|203
32.26091766357422|34|204
48.34693908691406|12|205
57.489070892333984|18|206
56.92892837524414|18|207
39.7155876159668|18|208
19.438020706176758|7|209
5.686147689819336|6|210
3.7144088745117188|6|211
1.783485770225525|14|212
6.973489284515381|21|213
65.99400329589844|13|214
100.05815124511719|12|215
70.556396484375|11|216
43.26276397705078|8|217
52.777061462402344|7|218
50.112396240234375|6|219
52.862266540527344|6|220
32.556392669677734|9|221
46.112884521484375|10|222
52.23191452026367|10|223
26.238449096679688|10|224
28.715017318725586|17|225
47.677146911621094|16|226
50.1983528137207|15|227
46.15268325805664|15|228
45.582847595214844|15|229
31.3785457611084|15|230
11.50494384765625|17|231
4.7645673751831055|10|232
2.7039833068847656|15|233
2.5895743370056152|22|234
44.91026306152344|13|235
92.96944427490234|12|236
64.28221130371094|10|237
40.099369049072266|9|238
45.477237701416016|7|239
48.55738830566406|6|240
54.42103958129883|6|241
41.41666793823242|9|242
59.685916900634766|9|243
59.23933029174805|9|244
45.350975036621094|9|245
42.34454345703125|18|246
41.81498336791992|18|247
39.6872673034668|18|248
40.1380500793457|18|249
35.539180755615234|14|250
34.85490798950195|20|251
66.06541442871094|20|252
74.50361633300781|20|253
54.93197250366211|20|254
49.840396881103516|15|255
43.32087707519531|14|256
79.53544616699219|11|257
93.73613739013672|11|258
48.33191680908203|10|259
40.99007797241211|9|260
49.17852020263672|7|261
51.01173400878906|6|262
47.7981071472168|17|263
61.0543327331543|9|264
48.7535285949707|10|265
36.077613830566406|10|266
19.0361328125|21|267
47.71635437011719|16|268
61.28443908691406|15|269
54.98533630371094|15|270
51.49528884887695|15|271
35.559906005859375|16|272
16.926300048828125|16|273
5.419773578643799|16|274
3.527285099029541|31|275
3.760951042175293|31|276
12.527338981628418|14|277
77.2237319946289|13|278
97.84893798828125|12|279
42.2659912109375|11|280
41.03086471557617|8|281
46.00138854980469|7|282
48.60771942138672|6|283
43.245121002197266|6|284
37.68490982055664|9|285
51.64097213745117|10|286
46.896854400634766|10|287
18.452194213867188|10|288
29.127490997314453|34|289
44.986671447753906|12|290
55.85909652709961|18|291
60.58535385131836|18|292
51.707275390625|18|293
23.470458984375|18|294
6.673125267028809|6|295
2.9640629291534424|19|296
1.2842265367507935|19|297
3.009840488433838|12|298
52.559791564941406|13|299
102.69497680664062|12|300
79.2400894165039|11|301
44.55757141113281|9|302
51.67679977416992|7|303
51.46560287475586|7|304
54.85226821899414|6|305
36.86198806762695|6|306
44.33271789550781|9|307
59.34577941894531|10|308
40.212989807128906|10|309
22.66962432861328|17|310
46.17051696777344|16|311
50.85103225708008|15|312
47.64152526855469|15|313
47.78556823730469|15|314
38.45308303833008|15|315
16.390003204345703|16|316
4.374061584472656|20|317
2.0841939449310303|16|318
1.1253904104232788|0|319
31.54083251953125|14|320
87.24398040771484|12|321
77.19627380371094|11|322
45.66022872924805|9|323
44.30907440185547|8|324
43.32273483276367|7|325
54.78261947631836|6|326
38.722110748291016|9|327
60.43611526489258|9|328
59.27433776855469|9|329
47.046417236328125|9|330
40.971065521240234|18|331
41.619449615478516|18|332
39.29438018798828|18|333
39.65911865234375|18|334
40.7138557434082|14|335
32.403202056884766|19|336
58.384117126464844|20|337
70.38153839111328|20|338
54.83325958251953|20|339
49.28851318359375|15|340
42.18393325805664|16|341
72.63694763183594|11|342
99.9487075805664|11|343
63.277008056640625|10|344
41.008079528808594|8|345
51.31629180908203|7|346
49.65692138671875|6|347
48.30801773071289|17|348
55.99955368041992|9|349
46.08982467651367|10|350
39.83420181274414|10|351
19.973237991333008|10|352
39.89231491088867|17|353
65.13693237304688|15|354
61.935115814208984|15|355
56.10024642944336|15|356
43.00740051269531|15|357
21.720754623413086|7|358
6.98686408996582|7|359
4.385522365570068|31|360
4.719318866729736|31|361
4.954421043395996|18|362
61.62983322143555|13|363
101.96487426757812|12|364
61.953617095947266|11|365
38.49121856689453|9|366
40.290897369384766|7|367
47.19613265991211|6|368
48.224891662597656|6|369
34.832862854003906|5|370
50.12675476074219|10|371
55.000946044921875|10|372
29.971521377563477|9|373
23.255943298339844|34|374
40.55381393432617|19|375
50.51201629638672|18|376
53.04702377319336|18|377
45.96503448486328|18|378
29.281038284301758|6|379
9.838737487792969|6|380
3.5727720260620117|19|381
1.2006585597991943|0|382
1.4136697053909302|19|383
32.602294921875|13|384
95.11998748779297|12|385
86.84590911865234|11|386
43.892364501953125|9|387
46.139305114746094|7|388
49.88577651977539|7|389
53.24505615234375|6|390
45.154598236083984|6|391
40.292396545410156|9|392
55.71409225463867|10|393
45.61260223388672|10|394
25.25406837463379|10|395
43.23534393310547|11|396
46.87670135498047|15|397
44.132118225097656|15|398
43.017269134521484|15|399
38.09601974487305|5|400
20.90475082397461|5|401
4.905079364776611|5|402
3.3133442401885986|15|403
2.3858139514923096|16|404
17.915441513061523|16|405
77.21395111083984|12|406
93.18728637695312|11|407
43.25505828857422|9|408
42.58833312988281|8|409
47.141685485839844|7|410
55.19860076904297|6|411
41.500301361083984|6|412
59.284759521484375|9|413
65.63506317138672|9|414
57.28013229370117|9|415
41.536190032958984|9|416
43.54807662963867|18|417
42.297115325927734|18|418
42.33572006225586|18|419
42.7252082824707|18|420
33.23571014404297|9|421
50.72002029418945|20|422
69.72540283203125|20|423
57.26884078979492|20|424
46.62899398803711|15|425
43.3093376159668|15|426
65.0340347290039|14|427
98.1775131225586|12|428
57.576168060302734|10|429
42.72919464111328|9|430
48.016761779785156|7|431
47.10323715209961|6|432
49.26399612426758|17|433
54.147586822509766|9|434
46.50190353393555|9|435
38.894203186035156|10|436
23.44902992248535|9|437
36.82033157348633|18|438
64.0778579711914|15|439
67.39840698242188|15|440
61.5636100769043|15|441
50.157039642333984|15|442
26.033565521240234|23|443
8.224327087402344|23|444
4.335570812225342|31|445
4.512359142303467|31|446
3.021772623062134|31|447
49.58403396606445|13|448
98.80183410644531|12|449
73.97116088867188|11|450
35.33988952636719|9|451
37.57966995239258|7|452
44.63739776611328|6|453
50.1507453918457|6|454
34.3680305480957|5|455
45.0226936340332|10|456
59.651615142822266|10|457
37.884342193603516|10|458
19.799854278564453|34|459
36.71345138549805|19|460
49.51013946533203|12|461
52.65354919433594|18|462
49.87934112548828|18|463
30.656953811645508|6|464
13.113629341125488|13|465
3.9352262020111084|12|466
2.2716715335845947|19|467
1.241193413734436|19|468
24.834400177001953|13|469
92.91938781738281|12|470
91.48355865478516|11|471
44.3392448425293|9|472
44.226444244384766|8|473
52.959251403808594|7|474
52.10613250732422|6|475
44.542816162109375|6|476
39.294593811035156|9|477
54.61389923095703|10|478
44.36277389526367|10|479
17.571617126464844|10|480
36.62041091918945|16|481
46.16738510131836|15|482
46.175018310546875|15|483
43.874046325683594|20|484
42.045833587646484|20|485
22.447248458862305|20|486
7.1466064453125|6|487
3.6497702598571777|16|488
1.768637776374817|0|489
11.507458686828613|14|490
69.10198211669922|13|491
92.93115234375|11|492
48.170082092285156|11|493
46.50383377075195|8|494
49.595951080322266|7|495
51.983192443847656|6|496
43.008995056152344|6|497
54.58815002441406|9|498
60.854244232177734|9|499
55.172264099121094|9|500
44.33731460571289|18|501
48.100990295410156|18|502
46.2784423828125|18|503
43.982749938964844|18|504
43.3485221862793|18|505
32.25633239746094|19|506
47.982818603515625|20|507
71.7838363647461|20|508
68.14830780029297|20|509
52.88486099243164|20|510
43.9517822265625|20|511
47.6258659362793|13|512
94.29106140136719|12|513
74.671142578125|11|514
50.83675003051758|9|515
45.399436950683594|7|516
52.44614028930664|7|517
50.3337287902832|6|518
47.624168395996094|9|519
52.57021713256836|9|520
48.46927261352539|10|521
33.03038024902344|10|522
29.169605255126953|19|523
59.1843376159668|16|524
63.541290283203125|15|525
56.392791748046875|15|526
51.16720962524414|23|527
33.77645492553711|23|528
12.44123363494873|23|529
3.7055630683898926|31|530
4.395295143127441|31|531
4.077544689178467|31|532
30.042911529541016|13|533
93.38472747802734|12|534
84.81499481201172|11|535
37.32171630859375|9|536
37.47289276123047|8|537
40.268394470214844|6|538
53.633636474609375|6|539
38.73142623901367|6|540
41.67057800292969|9|541
55.105018615722656|10|542
39.15643310546875|10|543
15.16656494140625|10|544
34.34640884399414|34|545
50.16099166870117|12|546
55.00285720825195|18|547
52.63671112060547|18|548
38.382545471191406|12|549
17.44526481628418|12|550
6.08510684967041|12|551
2.3302102088928223|13|552
0.6191003322601318|32|553
10.652756690979004|13|554
73.40636444091797|13|555
102.78466033935547|12|556
62.356964111328125|11|557
42.788421630859375|8|558
54.42446517944336|7|559
49.36433410644531|6|560
47.74601364135742|6|561
35.51518249511719|5|562
49.32321548461914|10|563
52.72505569458008|10|564
27.030752182006836|10|565
31.318115234375|17|566
50.76581573486328|16|567
51.81095886230469|15|568
47.737648010253906|15|569
47.597755432128906|15|570
33.47828674316406|15|571
11.297114372253418|15|572
2.4247870445251465|15|573
1.8399991989135742|0|574
4.184667587280273|22|575
53.39421081542969|13|576
85.97219848632812|12|577
58.12762451171875|10|578
45.287872314453125|9|579
46.14398956298828|7|580
47.0152587890625|6|581
46.63039779663086|6|582
50.25911331176758|9|583
65.31260681152344|9|584
62.26264953613281|9|585
47.21125030517578|9|586
43.21384811401367|18|587
42.77654266357422|18|588
40.778629302978516|18|589
40.886104583740234|18|590
35.03440856933594|14|591
39.53132247924805|20|592
70.50648498535156|20|593
76.24297332763672|20|594
57.812042236328125|20|595
50.345829010009766|20|596
49.5025520324707|20|597
93.48897552490234|12|598
89.42230224609375|11|599
42.098846435546875|9|600
43.61648178100586|7|601
55.23773956298828|7|602
50.87623596191406|6|603
50.415889739990234|9|604
55.63212585449219|9|605
45.5994987487793|10|606
30.936912536621094|10|607
23.099857330322266|21|608
54.170867919921875|16|609
66.28829956054688|15|610
60.04357147216797|15|611
55.815040588378906|15|612
36.214996337890625|15|613
13.22289752960205|7|614
4.760646343231201|8|615
4.121806621551514|31|616
4.05881404876709|31|617
20.45489501953125|14|618
88.65469360351562|12|619
89.28414154052734|11|620
41.863948822021484|10|621
36.571380615234375|8|622
44.039268493652344|7|623
53.82290267944336|6|624
45.451175689697266|6|625
41.11600112915039|9|626
55.893089294433594|10|627
46.62892150878906|10|628
17.13300895690918|9|629
32.079593658447266|34|630
48.86465072631836|12|631
57.609371185302734|18|632
59.665225982666016|18|633
46.338592529296875|18|634
18.732807159423828|6|635
5.116926670074463|18|636
3.4121334552764893|19|637
1.7939932346343994|19|638
5.9653449058532715|12|639
62.562232971191406|13|640
102.44740295410156|12|641
70.99098205566406|11|642
43.121700286865234|8|643
51.16933059692383|7|644
45.042320251464844|6|645
49.424617767333984|6|646
35.158721923828125|5|647
44.31324768066406|10|648
52.70209884643555|10|649
29.175514221191406|10|650
27.2549991607666|17|651
48.06825256347656|16|652
48.63862991333008|15|653
43.492103576660156|15|654
46.0565071105957|15|655
35.38420867919922|15|656
13.371444702148438|6|657
4.641541957855225|20|658
2.4142496585845947|15|659
1.8334749937057495|20|660
42.71138000488281|14|661
91.88907623291016|12|662
66.96292114257812|10|663
42.04362106323242|9|664
45.99483108520508|7|665
46.97747039794922|7|666
48.93625259399414|6|667
44.052127838134766|9|668
62.2380485534668|9|669
60.81988525390625|9|670
44.96885299682617|9|671
40.60521697998047|18|672
40.060203552246094|18|673
37.187320709228516|18|674
37.31679916381836|18|675
35.071632385253906|9|676
33.47605895996094|20|677
62.65309143066406|20|678
64.76270294189453|21|679
47.78404998779297|20|680
44.324920654296875|20|681
33.78119659423828|16|682
71.6861572265625|11|683
88.16919708251953|11|684
40.02509307861328|10|685
39.1851806640625|8|686
52.46763610839844|7|687
51.895938873291016|6|688
42.41460037231445|9|689
55.69870376586914|9|690
43.84772491455078|9|691
31.258852005004883|9|692
35.17045593261719|31|693
36.630760192871094|36|694
47.12670135498047|23|695
48.636314392089844|15|696
50.57276916503906|15|697
39.3353271484375|15|698
18.204544067382812|15|699
6.516663551330566|31|700
9.388239860534668|31|701
10.36729621887207|31|702
9.541312217712402|32|703
64.99129486083984|12|704
86.90538787841797|11|705
47.17473602294922|10|706
38.24495315551758|8|707
44.470184326171875|7|708
50.29338073730469|6|709
50.379554748535156|6|710
33.41051483154297|9|711
46.004695892333984|10|712
45.51191711425781|10|713
19.43765640258789|10|714
65.66535949707031|35|715
82.05528259277344|34|716
33.687503814697266|34|717
36.280677795410156|6|718
38.383941650390625|6|719
24.091630935668945|6|720
6.579912185668945|6|721
3.3072521686553955|43|722
2.2881391048431396|33|723
3.165714979171753|41|724
41.81399917602539|13|725
91.81109619140625|12|726
79.09385681152344|11|727
44.047637939453125|9|728
47.78196716308594|7|729
46.19093322753906|7|730
53.024757385253906|6|731
36.87029266357422|5|732
39.68893051147461|9|733
52.1607780456543|10|734
36.979774475097656|10|735
17.375375747680664|11|736
35.176456451416016|5|737
43.89181137084961|5|738
41.85344314575195|5|739
43.74892044067383|5|740
37.95875930786133|5|741
18.917539596557617|5|742
4.7077555656433105|5|743
2.223104476928711|40|744
3.18243145942688|41|745
24.804977416992188|13|746
81.21985626220703|12|747
73.01567840576172|11|748
40.69677734375|9|749
45.70026779174805|8|750
46.4390754699707|7|751
49.379188537597656|6|752
36.277671813964844|9|753
54.67421340942383|9|754
55.6911506652832|9|755
47.9153938293457|9|756
39.58171844482422|9|757
36.91277313232422|9|758
33.00727081298828|9|759
32.461143493652344|9|760
31.784996032714844|9|761
26.744531631469727|39|762
34.86631774902344|20|763
43.904354095458984|20|764
41.65106964111328|5|765
40.64555358886719|5|766
35.008548736572266|5|767
66.61929321289062|11|768
95.81665802001953|11|769
57.7602424621582|10|770
40.52812957763672|8|771
52.901939392089844|7|772
51.562957763671875|6|773
44.347991943359375|6|774
47.44203567504883|9|775
43.18222427368164|10|776
40.46353530883789|10|777
20.64284324645996|9|778
28.374120712280273|36|779
44.07564163208008|54|780
40.911827087402344|8|781
40.87456512451172|8|782
36.00418472290039|56|783
17.408483505249023|56|784
6.041443824768066|56|785
7.5362935066223145|31|786
8.390273094177246|31|787
8.743510246276855|55|788
50.538944244384766|12|789
89.14684295654297|12|790
51.39402770996094|10|791
36.64565658569336|9|792
41.28798294067383|7|793
48.36700439453125|6|794
54.14927291870117|6|795
37.007484436035156|5|796
41.179832458496094|10|797
46.831085205078125|10|798
24.48148536682129|10|799
44.60997772216797|35|800
69.4565200805664|34|801
39.618526458740234|34|802
39.78795623779297|6|803
43.36764907836914|6|804
31.016403198242188|6|805
11.25493335723877|6|806
3.5619962215423584|6|807
2.583448886871338|6|808
1.962088704109192|41|809
28.385000228881836|13|810
88.50186920166016|12|811
88.49475860595703|11|812
39.60572814941406|11|813
45.65230941772461|8|814
52.72657775878906|7|815
49.224483489990234|6|816
41.02079391479492|6|817
36.98396682739258|9|818
48.64030075073242|10|819
38.68270492553711|10|820
19.038368225097656|10|821
33.63009262084961|11|822
44.73575973510742|5|823
44.010440826416016|5|824
45.42997741699219|5|825
42.176124572753906|5|826
24.561874389648438|5|827
8.093138694763184|5|828
3.6785330772399902|5|829
2.293368339538574|41|830
12.115422248840332|14|831
63.72273254394531|12|832
77.95426177978516|11|833
41.289207458496094|9|834
44.90774154663086|8|835
49.67209243774414|7|836
53.872562408447266|6|837
36.8716926574707|6|838
53.3978271484375|9|839
61.226993560791016|9|840
58.17018508911133|9|841
45.130218505859375|9|842
38.86448287963867|9|843
35.479705810546875|9|844
34.688720703125|9|845
34.53080368041992|9|846
28.19622802734375|9|847
29.285518646240234|20|848
39.278953552246094|20|849
37.85377502441406|5|850
40.25720977783203|5|851
38.152305603027344|5|852
50.815948486328125|11|853
90.37670135498047|11|854
64.97098541259766|11|855
40.579071044921875|9|856
45.333805084228516|7|857
49.47567367553711|7|858
51.907108306884766|6|859
48.720767974853516|9|860
45.842525482177734|9|861
38.111270904541016|10|862
23.119800567626953|10|863
23.368946075439453|36|864
44.56079864501953|8|865
51.037498474121094|8|866
45.092063903808594|8|867
38.556453704833984|8|868
20.868661880493164|8|869
8.231672286987305|91|870
10.057518005371094|92|871
7.439011573791504|31|872
6.133227825164795|31|873
31.69409942626953|13|874
81.44525909423828|12|875
68.75305938720703|11|876
34.07427215576172|9|877
32.89292526245117|7|878
42.46100616455078|6|879
53.315086364746094|6|880
39.90890884399414|5|881
37.45193862915039|9|882
49.56391906738281|10|883
33.70804977416992|10|884
32.160301208496094|35|885
64.73310089111328|34|886
44.96847152709961|34|887
38.21723556518555|6|888
42.15609359741211|6|889
33.94963073730469|6|890
14.139777183532715|6|891
3.9196133613586426|6|892
2.8366427421569824|125|893
3.5126943588256836|124|894
12.623132705688477|13|895
69.58985137939453|12|896
84.8468017578125|11|897
43.46318054199219|10|898
47.50273895263672|8|899
53.0985107421875|7|900
48.256675720214844|6|901
44.86606979370117|6|902
35.45166015625|9|903
46.63807678222656|10|904
41.06220626831055|10|905
18.615234375|8|906
27.85796546936035|5|907
44.29030990600586|5|908
41.48115539550781|5|909
39.63748550415039|5|910
38.00509262084961|5|911
23.14388656616211|5|912
6.199400424957275|16|913
3.516677141189575|122|914
1.822530746459961|41|915
9.125197410583496|104|916
47.821556091308594|12|917
80.13448333740234|11|918
47.96506118774414|11|919
42.19514846801758|8|920
48.739383697509766|7|921
49.866607666015625|6|922
43.261234283447266|6|923
46.33441925048828|9|924
55.44304656982422|9|925
52.58534240722656|9|926
37.403656005859375|9|927
32.080867767333984|5|928
30.209880828857422|5|929
28.612735748291016|9|930
27.519071578979492|9|931
24.893461227416992|5|932
26.368106842041016|20|933
41.60279846191406|20|934
40.75947570800781|5|935
42.89249038696289|10|936
41.1093864440918|5|937
41.53346252441406|11|938
78.81517791748047|12|939
69.06602478027344|10|940
45.62605285644531|9|941
42.728424072265625|7|942
52.75587463378906|7|943
54.865623474121094|6|944
46.676719665527344|9|945
52.86057662963867|9|946
42.16761016845703|10|947
26.102123260498047|10|948
21.03387451171875|31|949
37.90873336791992|8|950
46.58939743041992|8|951
43.91426086425781|15|952
41.20730972290039|15|953
24.594430923461914|15|954
9.65241527557373|56|955
7.64939546585083|92|956
6.379385948181152|31|957
6.1936354637146|31|958
21.060558319091797|13|959
70.76526641845703|12|960
71.89811706542969|11|961
32.14314651489258|9|962
37.40663146972656|8|963
39.76732635498047|7|964
51.45418167114258|6|965
41.993473052978516|6|966
35.566612243652344|9|967
47.790733337402344|10|968
33.89280700683594|10|969
23.788394927978516|35|970
60.79111099243164|34|971
51.192352294921875|34|972
36.1671142578125|6|973
38.08610534667969|6|974
31.975955963134766|6|975
13.60513687133789|6|976
4.517220497131348|6|977
2.753606081008911|125|978
3.075688123703003|124|979
6.508124828338623|13|980
57.071929931640625|12|981
86.65753936767578|11|982
53.485984802246094|10|983
45.69089889526367|8|984
56.679039001464844|7|985
46.42123031616211|6|986
44.70995330810547|6|987
35.440425872802734|5|988
46.33012390136719|10|989
49.87361526489258|10|990
29.122385025024414|10|991
24.867664337158203|11|992
40.28702926635742|5|993
41.72004699707031|5|994
39.34255599975586|5|995
38.60157012939453|5|996
26.22483253479004|5|997
9.135398864746094|7|998
2.658181667327881|122|999
1.6286109685897827|41|1000
5.521117210388184|225|1001
36.09039306640625|12|1002
70.7006607055664|11|1003
47.98213577270508|10|1004
38.04560470581055|8|1005
43.055843353271484|7|1006
48.213375091552734|6|1007
49.161643981933594|6|1008
44.54593276977539|9|1009
58.75341033935547|9|1010
56.831024169921875|9|1011
43.601871490478516|9|1012
38.70671463012695|9|1013
38.62025451660156|9|1014
35.21834182739258|9|1015
32.73036575317383|9|1016
29.47244644165039|9|1017
22.861888885498047|20|1018
37.7476806640625|20|1019
39.50210189819336|5|1020
44.8475227355957|10|1021
43.75834274291992|10|1022
37.863563537597656|11|1023
73.87467956542969|11|1024
76.76016235351562|11|1025
40.817527770996094|10|1026
39.318748474121094|7|1027
51.86082077026367|7|1028
54.75901412963867|6|1029
43.20511245727539|6|1030
50.41244125366211|9|1031
41.720645904541016|10|1032
30.147632598876953|10|1033
18.606796264648438|31|1034
30.6341552734375|15|1035
45.68084716796875|8|1036
45.1086311340332|8|1037
46.12273406982422|8|1038
32.787784576416016|8|1039
11.314553260803223|8|1040
5.791428089141846|92|1041
6.298099040985107|31|1042
6.511058807373047|31|1043
11.07572078704834|226|1044
57.675045013427734|12|1045
74.8128890991211|11|1046
40.690025329589844|10|1047
36.581939697265625|8|1048
40.619449615478516|7|1049
49.957427978515625|6|1050
45.36186599731445|6|1051
35.90217971801758|5|1052
49.6517333984375|10|1053
45.923622131347656|10|1054
19.78582191467285|9|1055
48.80355453491211|34|1056
51.45344161987305|34|1057
34.87469482421875|12|1058
36.69140625|12|1059
32.676509857177734|6|1060
17.713970184326172|13|1061
5.717768669128418|12|1062
3.0500593185424805|6|1063
1.7419368028640747|124|1064
3.180075168609619|206|1065
40.46373748779297|13|1066
82.13814544677734|12|1067
62.37641525268555|11|1068
40.764217376708984|8|1069
52.26386642456055|7|1070
46.26312255859375|7|1071
47.095733642578125|6|1072
33.93720626831055|5|1073
37.68799591064453|9|1074
47.575984954833984|10|1075
29.06281089782715|10|1076
17.513078689575195|6|1077
38.15503692626953|5|1078
40.20693588256836|5|1079
35.672203063964844|10|1080
38.867679595947266|10|1081
30.71461296081543|10|1082
12.7512845993042|7|1083
2.8005189895629883|5|1084
2.5879812240600586|287|1085
2.7645766735076904|227|1086
22.651153564453125|12|1087
63.603843688964844|11|1088
57.36573028564453|10|1089
35.798343658447266|9|1090
38.63844680786133|7|1091
48.715457916259766|7|1092
54.867919921875|6|1093
39.2624397277832|9|1094
57.24603271484375|9|1095
60.52498245239258|9|1096
50.176204681396484|9|1097
38.644989013671875|9|1098
37.402015686035156|9|1099
34.62687683105469|9|1100
34.47831726074219|9|1101
34.793888092041016|9|1102
26.763856887817383|9|1103
35.66573715209961|20|1104
40.875301361083984|20|1105
44.23234939575195|5|1106
43.14255142211914|5|1107
34.3036994934082|5|1108
65.41667175292969|11|1109
85.36681365966797|11|1110
41.1958122253418|10|1111
42.025962829589844|8|1112
50.37331771850586|7|1113
52.956703186035156|6|1114
47.2382926940918|6|1115
51.767494201660156|9|1116
42.17180633544922|10|1117
33.626243591308594|10|1118
20.075088500976562|31|1119
27.2667179107666|8|1120
47.60624313354492|8|1121
49.147491455078125|8|1122
49.60245132446289|8|1123
40.0579719543457|8|1124
18.955028533935547|8|1125
5.928342819213867|8|1126
5.454723358154297|31|1127
5.805588245391846|31|1128
5.693359375|55|1129
44.51268005371094|12|1130
73.65270233154297|11|1131
46.4348030090332|10|1132
34.27064895629883|8|1133
41.18309020996094|7|1134
46.354766845703125|6|1135
46.094276428222656|6|1136
35.75511169433594|5|1137
44.37276840209961|10|1138
48.02560043334961|10|1139
27.186996459960938|10|1140
41.79039764404297|34|1141
55.6976203918457|34|1142
35.040523529052734|12|1143
38.59403610229492|12|1144
34.93183135986328|12|1145
20.38079833984375|7|1146
7.801867485046387|7|1147
4.438599109649658|454|1148
1.9250010251998901|454|1149
2.5377566814422607|124|1150
26.650245666503906|13|1151
76.04808044433594|12|1152
71.74735260009766|11|1153
42.36781692504883|9|1154
47.11544418334961|7|1155
53.303592681884766|7|1156
52.556060791015625|6|1157
34.988616943359375|5|1158
39.09589385986328|9|1159
49.65681838989258|10|1160
32.5646858215332|9|1161
15.463573455810547|6|1162
33.667930603027344|5|1163
42.64806365966797|5|1164
39.28887939453125|5|1165
39.75351333618164|5|1166
35.58319091796875|5|1167
17.141056060791016|6|1168
4.727328777313232|10|1169
2.117577075958252|9|1170
2.097093105316162|41|1171
14.413301467895508|12|1172
57.891841888427734|12|1173
65.34664154052734|11|1174
34.7849006652832|9|1175
41.97306823730469|8|1176
45.05571746826172|7|1177
52.652244567871094|6|1178
37.75648880004883|6|1179
53.86445999145508|9|1180
57.10774612426758|9|1181
50.36724853515625|9|1182
36.74330520629883|9|1183
32.08449172973633|9|1184
29.928367614746094|9|1185
29.842037200927734|9|1186
30.08375358581543|9|1187
24.054697036743164|5|1188
30.22219467163086|20|1189
38.08725357055664|20|1190
45.66190719604492|5|1191
46.94355773925781|5|1192
41.9692497253418|5|1193
58.02532958984375|11|1194
92.28396606445312|11|1195
61.886512756347656|10|1196
40.88237380981445|9|1197
48.351280212402344|7|1198
50.239933013916016|6|1199
50.518577575683594|6|1200
50.23051834106445|9|1201
42.665157318115234|9|1202
40.654212951660156|10|1203
23.676589965820312|10|1204
22.00000762939453|36|1205
43.13446807861328|8|1206
46.51316833496094|8|1207
43.97319412231445|8|1208
37.57826232910156|8|1209
18.839801788330078|7|1210
4.944900989532471|91|1211
6.35362434387207|31|1212
6.9507060050964355|31|1213
5.27351188659668|31|1214
33.82707214355469|12|1215
68.53816223144531|11|1216
48.38304138183594|10|1217
35.823150634765625|9|1218
38.2915153503418|7|1219
42.37649917602539|6|1220
47.101810455322266|6|1221
34.584312438964844|5|1222
41.089805603027344|9|1223
48.13731002807617|10|1224
26.074167251586914|9|1225
34.32158660888672|35|1226
54.471885681152344|34|1227
35.13801956176758|12|1228
37.98066711425781|12|1229
39.25164794921875|6|1230
27.242511749267578|6|1231
10.884217262268066|7|1232
4.295433044433594|454|1233
2.4290175437927246|6|1234
2.180270195007324|124|1235
16.80493927001953|13|1236
69.56044006347656|12|1237
85.9043960571289|11|1238
40.656349182128906|11|1239
45.56415939331055|8|1240
56.559574127197266|7|1241
52.97349548339844|6|1242
43.070613861083984|6|1243
36.59830856323242|9|1244
51.49167251586914|10|1245
43.46797180175781|10|1246
18.461763381958008|10|1247
29.18850326538086|5|1248
41.08556365966797|5|1249
39.231895446777344|10|1250
37.155025482177734|10|1251
34.61670684814453|5|1252
22.001262664794922|6|1253
5.564263343811035|6|1254
2.6798489093780518|5|1255
2.002153158187866|41|1256
7.90069580078125|16|1257
49.88063430786133|12|1258
66.39352416992188|11|1259
39.56814956665039|9|1260
41.66584014892578|8|1261
44.28201675415039|7|1262
52.77157211303711|6|1263
43.1854133605957|6|1264
50.43053436279297|9|1265
60.17962646484375|9|1266
55.68986892700195|9|1267
41.54610824584961|9|1268
35.652587890625|9|1269
32.0130615234375|9|1270
30.30445671081543|9|1271
31.262943267822266|9|1272
26.778385162353516|9|1273
29.53155517578125|20|1274
43.171085357666016|20|1275
42.100799560546875|5|1276
43.858341217041016|5|1277
40.452091217041016|5|1278
41.6248893737793|11|1279
82.96365356445312|11|1280
63.20174026489258|11|1281
36.72390365600586|9|1282
43.11927032470703|7|1283
45.334144592285156|7|1284
47.82039260864258|6|1285
52.23126983642578|9|1286
46.663330078125|9|1287
36.12177276611328|10|1288
20.333824157714844|10|1289
19.87733268737793|10|1290
39.39857482910156|8|1291
48.066810607910156|8|1292
47.29821014404297|8|1293
45.2952995300293|8|1294
26.295455932617188|8|1295
7.996518611907959|7|1296
8.04278564453125|92|1297
6.229746341705322|31|1298
6.309370994567871|55|1299
24.532503128051758|12|1300
64.16508483886719|11|1301
52.61583709716797|10|1302
35.41398620605469|9|1303
32.863975524902344|8|1304
38.27933120727539|6|1305
46.952659606933594|6|1306
35.65677261352539|5|1307
38.65541458129883|9|1308
50.643089294433594|10|1309
34.385833740234375|9|1310
28.496370315551758|35|1311
53.74874496459961|34|1312
35.80025100708008|34|1313
34.184749603271484|6|1314
39.918643951416016|6|1315
33.624847412109375|6|1316
14.855040550231934|7|1317
4.762746810913086|454|1318
3.260822296142578|454|1319
1.5091511011123657|41|1320
10.505200386047363|13|1321
58.93239212036133|12|1322
80.55745697021484|11|1323
47.592140197753906|11|1324
44.29825973510742|8|1325
52.3734016418457|7|1326
52.79082107543945|6|1327
50.14575958251953|6|1328
32.86715316772461|9|1329
47.026023864746094|10|1330
43.769508361816406|10|1331
19.59832000732422|10|1332
23.61737823486328|11|1333
37.890647888183594|5|1334
35.98017883300781|10|1335
34.08449172973633|10|1336
35.08616256713867|5|1337
22.73516845703125|5|1338
5.688176155090332|4|1339
2.733886241912842|9|1340
2.0745575428009033|35|1341
8.840697288513184|22|1342
49.68999481201172|12|1343
90.92284393310547|11|1344
125.77989959716797|4|1345
136.95411682128906|3|1346
98.09245300292969|2|1347
74.55451202392578|2|1348
45.918243408203125|2|1349
28.72874641418457|2|1350
23.976821899414062|9|1351
28.319446563720703|9|1352
23.31761932373047|5|1353
26.8734073638916|5|1354
25.831119537353516|5|1355
25.26470184326172|5|1356
27.228626251220703|4|1357
23.194339752197266|37|1358
18.726966857910156|20|1359
21.515600204467773|20|1360
22.502408981323242|30|1361
22.509265899658203|31|1362
26.424470901489258|31|1363
70.76771545410156|12|1364
152.61224365234375|11|1365
122.87359619140625|10|1366
76.42304992675781|8|1367
87.2247543334961|7|1368
96.83783721923828|6|1369
94.63803100585938|6|1370
71.91004180908203|5|1371
56.84579849243164|5|1372
36.97135925292969|4|1373
17.670942306518555|3|1374
14.032510757446289|3|1375
22.852048873901367|3|1376
20.053003311157227|3|1377
15.932385444641113|3|1378
13.946077346801758|3|1379
17.806415557861328|3|1380
19.355146408081055|3|1381
17.146203994750977|3|1382
11.70191764831543|3|1383
11.773000717163086|3|1384
51.46316146850586|13|1385
144.43194580078125|11|1386
131.57205200195312|10|1387
79.18423461914062|9|1388
76.9150619506836|7|1389
88.61845397949219|6|1390
100.66549682617188|6|1391
70.90940856933594|5|1392
55.88374710083008|5|1393
58.9578857421875|10|1394
48.11539840698242|10|1395
17.74591064453125|10|1396
7.026087760925293|908|1397
3.7790310382843018|804|1398
2.7444264888763428|453|1399
3.7309837341308594|454|1400
3.418149948120117|614|1401
3.3783652782440186|615|1402
2.2731244564056396|651|1403
1.7363290786743164|714|1404
0.8988906741142273|11|1405
24.333986282348633|13|1406
114.66231536865234|12|1407
151.35977172851562|11|1408
85.32454681396484|9|1409
90.87470245361328|8|1410
97.94563293457031|7|1411
95.60403442382812|6|1412
92.49248504638672|6|1413
78.39852142333984|5|1414
60.69611358642578|5|1415
46.77823257446289|5|1416
27.5772762298584|5|1417
7.907869338989258|609|1418
5.37562370300293|887|1419
2.8320934772491455|766|1420
3.4335882663726807|454|1421
3.305304527282715|614|1422
3.5288641452789307|615|1423
2.569239616394043|454|1424
2.4763600826263428|0|1425
1.5243829488754272|0|1426
10.168313980102539|14|1427
93.69660186767578|12|1428
161.36294555664062|11|1429
96.07805633544922|10|1430
76.51620483398438|8|1431
84.47700500488281|7|1432
84.82974243164062|6|1433
90.5694808959961|6|1434
78.23019409179688|5|1435
62.25408172607422|5|1436
43.60661697387695|5|1437
18.04041862487793|4|1438
27.450653076171875|6|1439
49.630393981933594|6|1440
54.876644134521484|6|1441
55.47024154663086|6|1442
56.194705963134766|6|1443
56.768856048583984|6|1444
60.340003967285156|6|1445
62.446739196777344|6|1446
60.46253204345703|6|1447
61.33903884887695|6|1448
76.55652618408203|13|1449
137.07225036621094|12|1450
131.7224884033203|11|1451
79.92140197753906|9|1452
81.87059783935547|7|1453
92.46852111816406|6|1454
91.48185729980469|6|1455
59.529502868652344|5|1456
41.77338409423828|5|1457
32.27716064453125|10|1458
19.672897338867188|10|1459
11.424962997436523|342|1460
17.472816467285156|342|1461
13.13082504272461|147|1462
17.274738311767578|147|1463
17.720788955688477|49|1464
13.658026695251465|49|1465
6.038625240325928|49|1466
2.872030735015869|339|1467
2.5080437660217285|340|1468
1.9915187358856201|31|1469
32.98571014404297|13|1470
134.5078887939453|11|1471
148.55287170410156|11|1472
79.76388549804688|9|1473
70.65757751464844|8|1474
88.62576293945312|7|1475
106.51090240478516|6|1476
81.55167388916016|6|1477
40.29743194580078|12|1478
47.22749328613281|12|1479
54.36608123779297|6|1480
55.14447784423828|6|1481
31.764127731323242|6|1482
13.206663131713867|41|1483
11.769865036010742|42|1484
13.367876052856445|42|1485
8.519837379455566|123|1486
3.4175467491149902|615|1487
3.7665467262268066|454|1488
2.800285816192627|454|1489
0.6734326481819153|453|1490
14.69911003112793|13|1491
105.99114990234375|12|1492
173.85557556152344|11|1493
111.22482299804688|10|1494
85.57591247558594|8|1495
88.23001098632812|7|1496
66.92171478271484|6|1497
60.170867919921875|6|1498
70.53559112548828|5|1499
68.16046905517578|6|1500
37.14646911621094|6|1501
12.76061725616455|11|1502
8.674585342407227|41|1503
12.93564224243164|41|1504
18.092008590698242|41|1505
21.82086944580078|40|1506
19.280323028564453|40|1507
5.841852188110352|40|1508
3.3646748065948486|455|1509
1.9095242023468018|454|1510
1.4598819017410278|0|1511
4.0646562576293945|104|1512
71.90870666503906|12|1513
161.15234375|11|1514
114.29340362548828|10|1515
67.99122619628906|8|1516
78.17557525634766|7|1517
61.568092346191406|6|1518
63.899681091308594|6|1519
67.50746154785156|5|1520
67.48894500732422|6|1521
56.07142639160156|6|1522
30.477521896362305|11|1523
27.181835174560547|14|1524
49.799983978271484|7|1525
60.23699188232422|7|1526
61.39764404296875|7|1527
56.61646270751953|7|1528
39.3875846862793|7|1529
39.83964920043945|7|1530
59.08761978149414|8|1531
59.41505813598633|8|1532
56.03158950805664|8|1533
55.16666793823242|7|1534
123.63270568847656|12|1535
139.91757202148438|11|1536
88.2367172241211|9|1537
101.5780029296875|8|1538
95.96737670898438|7|1539
90.07537078857422|6|1540
64.09962463378906|6|1541
45.968692779541016|5|1542
31.178768157958984|10|1543
22.71094512939453|10|1544
7.524959087371826|139|1545
6.917556285858154|890|1546
5.908520221710205|622|1547
2.9901392459869385|530|1548
3.092134714126587|0|1549
2.9594533443450928|614|1550
3.1796488761901855|615|1551
2.872912645339966|454|1552
3.603832483291626|139|1553
4.389951229095459|139|1554
16.99795913696289|14|1555
107.24514770507812|12|1556
149.41281127929688|11|1557
79.99359130859375|10|1558
62.0585823059082|8|1559
63.62752914428711|7|1560
96.69344329833984|6|1561
74.77906036376953|6|1562
54.0328483581543|8|1563
42.30040740966797|8|1564
32.75149917602539|8|1565
20.571552276611328|9|1566
7.05411434173584|908|1567
4.213733673095703|887|1568
3.322624683380127|727|1569
3.508481025695801|454|1570
3.2374017238616943|454|1571
2.828484058380127|615|1572
2.5559630393981934|453|1573
2.675837278366089|454|1574
1.078896164894104|727|1575
6.5194854736328125|12|1576
73.52888488769531|12|1577
150.420166015625|11|1578
126.21182250976562|10|1579
76.0589828491211|9|1580
79.15641021728516|7|1581
87.34107208251953|6|1582
95.92879486083984|6|1583
56.19750213623047|5|1584
49.759037017822266|8|1585
32.33439254760742|15|1586
15.54504680633545|9|1587
5.955718040466309|608|1588
5.459270000457764|609|1589
3.022404432296753|610|1590
2.9630844593048096|454|1591
3.6766397953033447|614|1592
3.459918975830078|615|1593
2.9559597969055176|454|1594
2.5608630180358887|454|1595
1.4543266296386719|0|1596
3.282456398010254|134|1597
46.832122802734375|13|1598
138.8350372314453|11|1599
124.19910430908203|11|1600
72.37071990966797|9|1601
73.04664611816406|7|1602
92.12401580810547|7|1603
83.19929504394531|6|1604
56.691864013671875|5|1605
39.97266387939453|5|1606
45.65679168701172|8|1607
26.19427490234375|8|1608
6.838438510894775|28|1609
15.702105522155762|28|1610
22.251453399658203|27|1611
22.192272186279297|26|1612
10.165884971618652|25|1613
2.984243392944336|614|1614
19.181812286376953|91|1615
26.47670555114746|92|1616
25.516096115112305|31|1617
23.91342544555664|31|1618
22.478092193603516|13|1619
116.89305877685547|12|1620
159.88528442382812|11|1621
92.64701080322266|10|1622
95.3851089477539|8|1623
92.16035461425781|7|1624
87.12309265136719|6|1625
70.40510559082031|6|1626
47.8122444152832|5|1627
26.817508697509766|5|1628
25.490297317504883|10|1629
13.250024795532227|10|1630
29.725820541381836|8|1631
50.074371337890625|8|1632
54.10342025756836|8|1633
56.15468978881836|8|1634
43.892127990722656|8|1635
15.863245964050293|8|1636
2.25986385345459|91|1637
3.428281784057617|0|1638
2.6536030769348145|31|1639
7.8219990730285645|14|1640
84.81636047363281|12|1641
154.5883026123047|11|1642
97.1652603149414|10|1643
69.41116333007812|8|1644
64.65302276611328|7|1645
77.38407897949219|6|1646
80.61522674560547|6|1647
56.170936584472656|5|1648
32.98808288574219|5|1649
28.20836067199707|10|1650
15.001128196716309|10|1651
23.55680274963379|12|1652
46.13813400268555|6|1653
56.489315032958984|6|1654
57.315650939941406|6|1655
52.17119216918945|6|1656
28.489004135131836|6|1657
5.403758525848389|6|1658
2.7374000549316406|0|1659
1.2616983652114868|727|1660
2.776392936706543|11|1661
49.667442321777344|13|1662
132.760986328125|12|1663
132.39202880859375|11|1664
79.97537994384766|9|1665
73.96324157714844|7|1666
75.05521392822266|7|1667
94.8836898803711|6|1668
61.97138595581055|5|1669
43.03602981567383|5|1670
32.50343322753906|10|1671
20.5804500579834|10|1672
15.131546020507812|7|1673
36.873958587646484|5|1674
49.7629280090332|5|1675
50.22879409790039|5|1676
50.158416748046875|5|1677
38.907691955566406|5|1678
14.861262321472168|5|1679
3.6298811435699463|1|1680
2.3087964057922363|0|1681
1.4201973676681519|103|1682
29.486215591430664|13|1683
122.75436401367188|11|1684
144.32723999023438|11|1685
75.54524230957031|9|1686
62.94478225708008|7|1687
75.82140350341797|7|1688
86.00860595703125|6|1689
78.36741638183594|5|1690
43.799129486083984|5|1691
36.448341369628906|4|1692
43.28923797607422|4|1693
47.20976638793945|5|1694
45.077423095703125|5|1695
41.5325813293457|5|1696
43.86119079589844|5|1697
45.79360580444336|5|1698
40.589515686035156|5|1699
30.034427642822266|9|1700
47.97305679321289|5|1701
57.44508743286133|5|1702
56.09622573852539|5|1703
52.595455169677734|5|1704
91.31892395019531|12|1705
150.9459686279297|12|1706
100.92479705810547|10|1707
89.75682830810547|8|1708
97.97594451904297|7|1709
87.55953216552734|6|1710
81.87537384033203|6|1711
54.019187927246094|5|1712
33.148704528808594|5|1713
28.9755859375|10|1714
13.699861526489258|10|1715
10.309103012084961|32|1716
6.269796371459961|609|1717
3.133002758026123|944|1718
2.506213665008545|454|1719
3.2498104572296143|614|1720
2.99606990814209|615|1721
3.0597970485687256|30|1722
4.381312847137451|30|1723
3.9102160930633545|31|1724
5.512975215911865|31|1725
62.70558547973633|12|1726
143.27561950683594|11|1727
108.34535217285156|11|1728
64.28040313720703|8|1729
76.34504699707031|7|1730
72.07650756835938|6|1731
96.59261322021484|6|1732
80.43939971923828|5|1733
62.63661193847656|5|1734
49.31822967529297|5|1735
31.68721580505371|5|1736
10.781364440917969|5|1737
8.199930191040039|608|1738
3.995173215866089|766|1739
3.0742266178131104|454|1740
3.311279296875|454|1741
3.2916815280914307|614|1742
3.64833402633667|615|1743
2.435004472732544|454|1744
1.4321787357330322|862|1745
1.378536343574524|11|1746
34.997772216796875|13|1747
130.77459716796875|12|1748
152.50088500976562|11|1749
84.64756774902344|9|1750
79.76579284667969|8|1751
85.8310775756836|7|1752
75.83866119384766|6|1753
62.28583526611328|6|1754
48.962623596191406|10|1755
59.84572219848633|10|1756
45.19483947753906|10|1757
25.10039520263672|11|1758
7.301336288452148|608|1759
4.429932594299316|0|1760
2.583441972732544|1|1761
3.0267536640167236|613|1762
3.5947561264038086|614|1763
2.700204610824585|615|1764
2.2607438564300537|454|1765
1.9119712114334106|0|1766
1.1190394163131714|0|1767
14.968829154968262|13|1768
101.74799346923828|12|1769
149.5939483642578|11|1770
88.27515411376953|10|1771
69.24037170410156|8|1772
77.44363403320312|7|1773
71.37865447998047|6|1774
68.89766693115234|6|1775
49.958465576171875|5|1776
55.9144172668457|10|1777
50.28374481201172|10|1778
22.59975242614746|11|1779
23.633939743041992|6|1780
48.135257720947266|6|1781
52.94326400756836|6|1782
51.91182327270508|6|1783
52.871925354003906|6|1784
51.020660400390625|5|1785
51.74599075317383|5|1786
52.087154388427734|6|1787
54.7453498840332|6|1788
55.52537536621094|6|1789
101.09027862548828|12|1790
166.28298950195312|12|1791
120.8648452758789|10|1792
76.92452239990234|9|1793
90.64376831054688|7|1794
75.20104217529297|7|1795
83.47030639648438|6|1796
55.748329162597656|5|1797
36.24775314331055|5|1798
29.96431541442871|10|1799
16.516698837280273|10|1800
10.267606735229492|342|1801
12.688538551330566|342|1802
12.188090324401855|147|1803
16.380430221557617|147|1804
16.46308135986328|49|1805
12.56671142578125|49|1806
5.359377384185791|49|1807
2.3853180408477783|339|1808
2.145991802215576|340|1809
2.1229124069213867|103|1810
40.413108825683594|13|1811
128.31353759765625|11|1812
117.69554901123047|11|1813
68.69824981689453|9|1814
73.43289184570312|7|1815
60.77656555175781|7|1816
66.94952392578125|6|1817
62.45132064819336|5|1818
59.3299560546875|6|1819
59.82270812988281|6|1820
50.33566665649414|6|1821
48.45794677734375|6|1822
27.0424747467041|6|1823
10.928122520446777|41|1824
10.748770713806152|42|1825
12.027596473693848|42|1826
7.035239219665527|123|1827
3.054682493209839|615|1828
2.465965509414673|616|1829
1.4671120643615723|651|1830
0.6315044164657593|134|1831
18.815980911254883|13|1832
108.23920440673828|12|1833
155.22337341308594|11|1834
91.89724731445312|10|1835
80.35945129394531|8|1836
86.1989974975586|7|1837
102.52989196777344|6|1838
86.55146026611328|6|1839
39.678733825683594|6|1840
36.968177795410156|12|1841
30.529470443725586|12|1842
11.630206108093262|11|1843
8.72555160522461|41|1844
12.000971794128418|41|1845
17.172134399414062|41|1846
20.326017379760742|40|1847
16.358989715576172|40|1848
4.533476829528809|40|1849
2.491956949234009|614|1850
1.558089017868042|0|1851
0.9802625775337219|0|1852
6.265246868133545|15|1853
78.3531265258789|12|1854
143.9224090576172|11|1855
95.04586029052734|10|1856
67.22178649902344|8|1857
76.82867431640625|7|1858
94.51349639892578|6|1859
86.9301986694336|6|1860
44.18550491333008|6|1861
37.91265106201172|12|1862
42.176414489746094|12|1863
26.417264938354492|6|1864
22.42361831665039|8|1865
47.92945098876953|7|1866
56.046051025390625|7|1867
57.27970504760742|7|1868
52.083438873291016|7|1869
36.822837829589844|7|1870
43.54677963256836|8|1871
56.8210334777832|8|1872
54.596824645996094|8|1873
53.49200439453125|8|1874
49.761905670166016|14|1875
133.7106170654297|12|1876
139.7281036376953|11|1877
81.89083099365234|9|1878
74.48915100097656|7|1879
78.14202117919922|6|1880
91.48593139648438|6|1881
59.70085525512695|6|1882
41.332252502441406|5|1883
30.921884536743164|10|1884
20.138179779052734|10|1885
6.761664867401123|139|1886
7.120265483856201|888|1887
3.364506959915161|1|1888
3.6475141048431396|454|1889
3.757486343383789|454|1890
2.895508050918579|615|1891
3.0618438720703125|615|1892
2.174802780151367|616|1893
3.3854751586914062|139|1894
3.3999083042144775|139|1895
26.102039337158203|13|1896
115.25277709960938|12|1897
138.01815795898438|11|1898
74.36836242675781|9|1899
64.4988784790039|8|1900
87.88358306884766|7|1901
81.70106506347656|6|1902
58.81268310546875|6|1903
44.29020309448242|5|1904
43.607025146484375|8|1905
36.58848571777344|8|1906
16.175228118896484|15|1907
7.1152873039245605|608|1908
5.078116416931152|608|1909
2.997049331665039|616|1910
3.4936699867248535|454|1911
2.756349802017212|454|1912
2.9506349563598633|615|1913
2.6670806407928467|930|1914
1.9892743825912476|930|1915
0.8366060256958008|727|1916
9.205076217651367|13|1917
80.07453155517578|13|1918
147.71237182617188|11|1919
108.2958755493164|10|1920
77.22886657714844|8|1921
90.14689636230469|7|1922
93.46431732177734|7|1923
76.54144287109375|6|1924
52.04004669189453|5|1925
34.44881820678711|15|1926
34.488956451416016|8|1927
11.185566902160645|16|1928
7.067163467407227|608|1929
6.315835475921631|608|1930
3.6036839485168457|1|1931
3.2677457332611084|454|1932
2.9857699871063232|614|1933
3.6102864742279053|615|1934
2.776136636734009|615|1935
1.532629370689392|454|1936
1.0481928586959839|0|1937
3.447803497314453|136|1938
55.97914505004883|12|1939
137.84776306152344|11|1940
107.47887420654297|10|1941
73.32023620605469|8|1942
82.24063110351562|7|1943
68.03215026855469|6|1944
77.80728912353516|6|1945
55.976192474365234|7|1946
44.45134735107422|8|1947
44.567108154296875|8|1948
27.855283737182617|8|1949
6.262119293212891|27|1950
14.506966590881348|28|1951
21.435949325561523|27|1952
21.0607967376709|26|1953
8.489214897155762|25|1954
3.47304630279541|93|1955
19.199220657348633|91|1956
24.370328903198242|92|1957
24.521772384643555|31|1958
22.629623413085938|31|1959
30.873870849609375|13|1960
115.13116455078125|12|1961
138.8509063720703|11|1962
82.59832763671875|9|1963
90.32614135742188|8|1964
74.61456298828125|7|1965
82.4307632446289|6|1966
64.14112854003906|6|1967
50.82145690917969|9|1968
36.79621124267578|10|1969
20.9102725982666|10|1970
11.39894962310791|10|1971
33.95863342285156|8|1972
49.71615219116211|8|1973
49.4200325012207|8|1974
49.99798583984375|8|1975
36.88406753540039|8|1976
11.9321928024292|8|1977
3.3017029762268066|0|1978
2.695763349533081|31|1979
2.530148506164551|31|1980
11.85572338104248|14|1981
93.5895767211914|12|1982
143.6855926513672|11|1983
84.00967407226562|10|1984
75.45214080810547|8|1985
85.9212875366211|7|1986
79.4942626953125|6|1987
67.38153076171875|6|1988
46.5963020324707|5|1989
28.838106155395508|10|1990
24.67765235900879|10|1991
10.950640678405762|10|1992
27.015872955322266|6|1993
48.949832916259766|6|1994
53.64564895629883|6|1995
53.59291458129883|6|1996
48.32400131225586|6|1997
25.717761993408203|6|1998
4.573821544647217|9|1999
2.5606656074523926|0|2000
2.635939836502075|0|2001
4.338043212890625|12|2002
63.77141571044922|13|2003
138.16714477539062|12|2004
122.34163665771484|10|2005
77.8316650390625|9|2006
78.99840545654297|7|2007
91.3424072265625|6|2008
84.90100860595703|6|2009
53.51050567626953|5|2010
37.10574722290039|5|2011
30.66266441345215|10|2012
17.802526473999023|10|2013
17.525728225708008|11|2014
35.6109733581543|5|2015
45.70162582397461|5|2016
45.93403244018555|5|2017
44.88661193847656|5|2018
34.354400634765625|5|2019
13.705357551574707|11|2020
3.0154170989990234|0|2021
2.065680980682373|0|2022
1.929185152053833|103|2023
35.946746826171875|13|2024
121.50616455078125|11|2025
121.10242462158203|11|2026
60.47239685058594|9|2027
67.94569396972656|7|2028
71.54796600341797|7|2029
82.9652328491211|6|2030
80.8133316040039|5|2031
58.30783462524414|5|2032
43.653656005859375|4|2033
43.292362213134766|4|2034
43.81769943237305|4|2035
42.430599212646484|5|2036
40.96331024169922|5|2037
43.48102951049805|5|2038
46.10210418701172|5|2039
36.278961181640625|5|2040
34.17811584472656|6|2041
46.33650207519531|5|2042
51.97069549560547|5|2043
50.71672439575195|5|2044
46.9011344909668|5|2045
94.42678833007812|12|2046
153.54010009765625|11|2047
100.78794860839844|10|2048
78.46590423583984|8|2049
85.50543212890625|7|2050
86.75291442871094|6|2051
72.59224700927734|6|2052
49.53338623046875|5|2053
29.8758487701416|10|2054
25.853666305541992|10|2055
11.880975723266602|31|2056
22.417016983032227|37|2057
30.27957534790039|37|2058
28.00752067565918|38|2059
12.145953178405762|56|2060
5.681417465209961|75|2061
2.920006275177002|615|2062
3.145550012588501|30|2063
4.3030290603637695|30|2064
3.949568271636963|31|2065
4.9891037940979|103|2066
73.69757843017578|12|2067
146.00938415527344|11|2068
103.36709594726562|10|2069
64.98696899414062|8|2070
74.72274017333984|7|2071
69.19638061523438|6|2072
66.986328125|6|2073
46.1483039855957|6|2074
53.88505935668945|10|2075
50.00168228149414|10|2076
25.044729232788086|11|2077
31.66400718688965|34|2078
44.5427360534668|34|2079
20.844287872314453|34|2080
8.499342918395996|35|2081
3.3239831924438477|0|2082
3.183318614959717|0|2083
3.126577377319336|615|2084
2.58681321144104|454|2085
1.4435350894927979|742|2086
1.9864940643310547|11|2087
40.480018615722656|13|2088
123.05009460449219|12|2089
126.40547943115234|11|2090
86.82219696044922|9|2091
76.27137756347656|8|2092
83.5880126953125|7|2093
94.29314422607422|6|2094
57.854698181152344|5|2095
42.70380401611328|5|2096
43.81586837768555|5|2097
45.55076217651367|5|2098
25.05564308166504|5|2099
5.936882019042969|0|2100
4.694449424743652|0|2101
2.4264869689941406|453|2102
2.9437689781188965|613|2103
2.932999610900879|614|2104
2.7990729808807373|915|2105
3.1553735733032227|454|2106
2.047771692276001|0|2107
1.4454231262207031|0|2108
20.0034236907959|13|2109
102.5566635131836|12|2110
130.3953857421875|11|2111
69.2856216430664|9|2112
66.01569366455078|8|2113
74.568603515625|7|2114
84.91020965576172|6|2115
48.78155517578125|5|2116
32.1065673828125|5|2117
33.90340805053711|5|2118
34.264060974121094|5|2119
15.866969108581543|7|2120
25.139694213867188|17|2121
44.01548767089844|6|2122
48.431419372558594|6|2123
50.131954193115234|6|2124
51.28150177001953|6|2125
39.6260871887207|17|2126
38.06794738769531|17|2127
41.17530059814453|6|2128
47.35304260253906|6|2129
52.511756896972656|6|2130
101.64884948730469|12|2131
151.06385803222656|12|2132
109.54060363769531|10|2133
76.15447235107422|8|2134
73.96046447753906|7|2135
85.30963897705078|6|2136
76.5186996459961|6|2137
50.71751403808594|5|2138
31.8306884765625|5|2139
27.583066940307617|10|2140
14.106053352355957|10|2141
12.610161781311035|342|2142
16.654830932617188|184|2143
14.39437484741211|184|2144
15.293899536132812|147|2145
14.343913078308105|49|2146
10.570504188537598|49|2147
3.9208810329437256|49|2148
2.2676990032196045|339|2149
2.295078992843628|340|2150
3.0124611854553223|103|2151
52.35801696777344|12|2152
136.86328125|11|2153
111.7856674194336|10|2154
63.427330017089844|9|2155
60.65779495239258|7|2156
81.54290771484375|6|2157
86.09644317626953|6|2158
48.04318618774414|6|2159
31.113447189331055|12|2160
41.71487045288086|12|2161
50.087371826171875|6|2162
43.39280700683594|6|2163
36.39521026611328|36|2164
24.212249755859375|36|2165
11.727212905883789|42|2166
10.72910213470459|123|2167
5.7300543785095215|123|2168
2.9423999786376953|615|2169
2.2913925647735596|454|2170
1.1904051303863525|454|2171
0.8913346529006958|12|2172
29.068164825439453|13|2173
118.61312866210938|12|2174
136.38023376464844|11|2175
78.43245697021484|9|2176
77.17285919189453|8|2177
83.3302993774414|7|2178
76.71967315673828|6|2179
65.9929428100586|6|2180
58.33756637573242|5|2181
49.555667877197266|6|2182
27.231964111328125|10|2183
7.763703346252441|10|2184
8.91018009185791|41|2185
11.667891502380371|41|2186
17.579837799072266|41|2187
20.875652313232422|40|2188
14.863912582397461|40|2189
3.7340102195739746|41|2190
2.5653538703918457|454|2191
1.6548763513565063|0|2192
1.066024661064148|0|2193
9.54588508605957|14|2194
85.4876937866211|12|2195
135.325439453125|11|2196
82.87666320800781|10|2197
65.57264709472656|8|2198
78.06560516357422|7|2199
77.89582824707031|6|2200
72.47807312011719|6|2201
56.20843505859375|5|2202
52.035560607910156|6|2203
37.540443420410156|6|2204
19.023128509521484|7|2205
25.926694869995117|7|2206
48.83332824707031|7|2207
54.361839294433594|7|2208
54.994503021240234|7|2209
47.62482452392578|7|2210
26.90276527404785|21|2211
38.30466842651367|8|2212
53.17682647705078|8|2213
53.41064453125|8|2214
54.882537841796875|8|2215
66.04692077636719|8|2216
134.48565673828125|12|2217
123.44151306152344|10|2218
74.39743041992188|9|2219
76.89239501953125|7|2220
80.64386749267578|7|2221
82.2889633178711|6|2222
53.560394287109375|5|2223
37.15084457397461|5|2224
28.881914138793945|10|2225
17.095827102661133|10|2226
11.975364685058594|184|2227
19.010263442993164|184|2228
13.472417831420898|184|2229
7.88242769241333|92|2230
5.529131889343262|92|2231
3.7556216716766357|0|2232
2.9387388229370117|615|2233
2.0942111015319824|139|2234
3.564326524734497|139|2235
4.959213733673096|139|2236
31.9171199798584|13|2237
115.01026153564453|11|2238
121.1927719116211|11|2239
69.31269836425781|9|2240
72.55599212646484|8|2241
64.33377838134766|7|2242
76.4566421508789|6|2243
59.3350944519043|6|2244
49.94744110107422|8|2245
46.75978088378906|7|2246
47.29771041870117|8|2247
19.008596420288086|8|2248
18.52753448486328|139|2249
15.31324291229248|151|2250
9.2098388671875|139|2251
4.984394550323486|139|2252
3.245836019515991|614|2253
3.649904251098633|615|2254
2.80440092086792|615|2255
1.8822705745697021|613|2256
0.700570285320282|612|2257
14.52202033996582|12|2258
98.87351989746094|12|2259
150.62286376953125|11|2260
96.97176361083984|10|2261
96.86328125|8|2262
93.73602294921875|7|2263
75.36402893066406|6|2264
73.8587417602539|6|2265
51.12739944458008|8|2266
43.25113296508789|7|2267
41.14813995361328|8|2268
17.92612648010254|9|2269
6.570611953735352|608|2270
5.423152923583984|608|2271
2.3872148990631104|728|2272
2.41328501701355|454|2273
2.8190999031066895|614|2274
3.092664957046509|615|2275
2.5843770503997803|614|2276
1.502995491027832|0|2277
1.1345933675765991|0|2278
4.4271721839904785|133|2279
65.22737121582031|12|2280
136.691162109375|11|2281
98.44085693359375|10|2282
51.22282409667969|9|2283
59.07387161254883|7|2284
77.97417449951172|6|2285
76.61284637451172|6|2286
50.82029342651367|5|2287
39.68116760253906|8|2288
26.718303680419922|15|2289
15.064566612243652|16|2290
8.539628982543945|27|2291
15.703413963317871|27|2292
21.294065475463867|27|2293
19.126981735229492|26|2294
7.126670837402344|25|2295
22.10088348388672|42|2296
43.87567138671875|42|2297
30.99106216430664|42|2298
18.091571807861328|63|2299
16.660869598388672|31|2300
36.78253936767578|13|2301
122.3560562133789|12|2302
131.6262969970703|11|2303
70.60028076171875|9|2304
67.2044906616211|7|2305
87.94307708740234|7|2306
86.57550811767578|6|2307
59.96974182128906|6|2308
43.17423629760742|5|2309
30.599376678466797|9|2310
18.091014862060547|10|2311
21.665843963623047|73|2312
38.103458404541016|55|2313
46.47071075439453|54|2314
39.075340270996094|8|2315
43.4433708190918|8|2316
33.21986389160156|8|2317
9.946727752685547|15|2318
2.456601858139038|0|2319
2.650319814682007|31|2320
2.416022300720215|31|2321
18.17711639404297|13|2322
99.13107299804688|12|2323
133.3139190673828|11|2324
69.23902130126953|9|2325
71.18728637695312|8|2326
88.78021240234375|7|2327
82.05022430419922|6|2328
58.77674865722656|6|2329
42.923912048339844|5|2330
29.352294921875|10|2331
22.8344669342041|10|2332
7.699461936950684|9|2333
22.6331787109375|18|2334
44.69039535522461|6|2335
51.38191604614258|6|2336
51.49289321899414|6|2337
43.83586883544922|6|2338
20.589397430419922|6|2339
4.359421253204346|0|2340
1.8706786632537842|1|2341
0.8918006420135498|0|2342
7.565579891204834|12|2343
76.45178985595703|12|2344
149.59695434570312|11|2345
115.48450469970703|10|2346
71.98192596435547|8|2347
88.94007110595703|7|2348
78.362060546875|6|2349
74.96711730957031|6|2350
50.40564727783203|5|2351
32.317596435546875|5|2352
27.914379119873047|10|2353
15.284132957458496|10|2354
16.618934631347656|5|2355
37.977691650390625|5|2356
45.29668426513672|5|2357
45.98722457885742|5|2358
46.816162109375|5|2359
32.61590576171875|5|2360
10.071798324584961|6|2361
2.8734567165374756|0|2362
3.096932888031006|0|2363
2.176300525665283|104|2364
45.528045654296875|12|2365
135.2567138671875|11|2366
118.31119537353516|10|2367
71.70175170898438|9|2368
64.55243682861328|7|2369
65.59393310546875|6|2370
73.24129486083984|6|2371
70.37614440917969|5|2372
62.0654411315918|5|2373
44.647003173828125|9|2374
41.917701721191406|9|2375
41.890132904052734|5|2376
43.172847747802734|5|2377
40.8939323425293|5|2378
41.40999984741211|5|2379
42.462890625|5|2380
29.100994110107422|4|2381
26.208499908447266|6|2382
40.58640670776367|5|2383
46.333744049072266|5|2384
46.92632293701172|5|2385
51.86945343017578|5|2386
107.17329406738281|11|2387
141.3489532470703|11|2388
80.24859619140625|9|2389
75.57450103759766|8|2390
80.80268859863281|7|2391
86.41230773925781|6|2392
67.42447662353516|6|2393
45.73007583618164|5|2394
28.01914405822754|10|2395
22.85919761657715|10|2396
15.046219825744629|31|2397
17.319055557250977|32|2398
15.223631858825684|37|2399
9.21533203125|37|2400
6.098875522613525|37|2401
4.319209575653076|37|2402
3.332520008087158|615|2403
3.1873996257781982|30|2404
4.0684003829956055|30|2405
3.8849265575408936|31|2406
8.262086868286133|15|2407
83.19482421875|12|2408
133.47418212890625|11|2409
73.46095275878906|10|2410
67.1932144165039|8|2411
75.43362426757812|7|2412
88.77400207519531|6|2413
62.17943572998047|6|2414
39.117218017578125|5|2415
34.778072357177734|5|2416
43.133079528808594|5|2417
28.344968795776367|5|2418
24.304553985595703|57|2419
26.03544807434082|46|2420
21.349998474121094|45|2421
14.29673957824707|34|2422
10.954750061035156|34|2423
3.7704012393951416|33|2424
3.1450934410095215|615|2425
2.4658217430114746|454|2426
1.0716232061386108|454|2427
3.869464159011841|11|2428
55.92768478393555|12|2429
139.80520629882812|12|2430
125.16815948486328|11|2431
70.17984008789062|9|2432
78.5854721069336|7|2433
78.16687774658203|7|2434
93.80686950683594|6|2435
77.28441619873047|5|2436
63.04194641113281|5|2437
50.30071258544922|5|2438
35.90421676635742|5|2439
16.3053035736084|6|2440
6.521148681640625|609|2441
3.232927083969116|0|2442
2.6983935832977295|454|2443
3.0380594730377197|613|2444
2.7755517959594727|615|2445
3.15164852142334|615|2446
1.968975305557251|616|2447
1.8132213354110718|0|2448
1.5302255153656006|103|2449
29.67327117919922|13|2450
116.85848999023438|11|2451
131.45101928710938|11|2452
67.16648864746094|9|2453
61.29986572265625|8|2454
72.07589721679688|7|2455
92.28868103027344|6|2456
76.37519073486328|5|2457
63.98467254638672|5|2458
50.77079772949219|5|2459
30.187610626220703|5|2460
15.039817810058594|6|2461
31.10967445373535|6|2462
47.659690856933594|6|2463
48.595462799072266|6|2464
50.18605422973633|6|2465
51.1037712097168|6|2466
41.29329299926758|11|2467
38.88452911376953|12|2468
44.517974853515625|6|2469
48.463626861572266|6|2470
46.895423889160156|6|2471
101.1846694946289|12|2472
146.51930236816406|11|2473
95.71797180175781|10|2474
75.95081329345703|8|2475
92.46565246582031|7|2476
76.24720001220703|6|2477
71.12096405029297|6|2478
48.15727996826172|5|2479
28.80277442932129|5|2480
25.774898529052734|10|2481
11.485337257385254|10|2482
27.9787540435791|56|2483
27.464807510375977|56|2484
15.213105201721191|74|2485
12.520071029663086|49|2486
12.674288749694824|49|2487
9.005070686340332|49|2488
3.003326892852783|343|2489
2.0536952018737793|31|2490
1.8994804620742798|31|2491
3.2298495769500732|140|2492
64.68083953857422|12|2493
137.37538146972656|11|2494
101.5419692993164|10|2495
62.714962005615234|8|2496
79.16657257080078|7|2497
76.0916748046875|6|2498
75.87802124023438|6|2499
58.71261978149414|5|2500
53.1029052734375|6|2501
46.61391067504883|6|2502
48.7679443359375|6|2503
45.35762405395508|6|2504
26.82567596435547|23|2505
14.948751449584961|23|2506
10.879268646240234|42|2507
10.223312377929688|123|2508
4.604413986206055|123|2509
2.8725430965423584|615|2510
2.2621243000030518|454|2511
1.3423901796340942|454|2512
1.5027493238449097|12|2513
34.071434020996094|13|2514
117.58954620361328|12|2515
125.40819549560547|11|2516
81.02674865722656|9|2517
74.36178588867188|8|2518
77.49364471435547|7|2519
87.46609497070312|6|2520
57.69437789916992|6|2521
31.172191619873047|7|2522
32.73722457885742|5|2523
20.259517669677734|5|2524
5.461820125579834|609|2525
9.134936332702637|41|2526
12.047450065612793|41|2527
17.771739959716797|41|2528
19.945409774780273|40|2529
12.309099197387695|40|2530
3.1642251014709473|615|2531
2.0347812175750732|454|2532
1.3092235326766968|0|2533
0.8829827308654785|111|2534
15.6436128616333|14|2535
92.5560073852539|12|2536
128.2917022705078|11|2537
71.65674591064453|10|2538
62.84033966064453|8|2539
64.93714904785156|7|2540
76.68826293945312|6|2541
57.60029983520508|6|2542
34.17713165283203|7|2543
38.50047302246094|6|2544
37.12897491455078|6|2545
20.211185455322266|7|2546
28.281206130981445|7|2547
49.0872802734375|7|2548
52.763389587402344|7|2549
54.52756881713867|7|2550
45.2708740234375|7|2551
30.686796188354492|8|2552
39.300201416015625|41|2553
45.38945007324219|8|2554
44.495704650878906|8|2555
44.40803146362305|8|2556
71.5934066772461|15|2557
132.59596252441406|11|2558
112.7182388305664|10|2559
82.01264190673828|8|2560
86.81639862060547|7|2561
72.7939224243164|6|2562
72.97769927978516|6|2563
50.29209518432617|5|2564
33.82240295410156|5|2565
27.301441192626953|10|2566
14.640360832214355|10|2567
16.412113189697266|184|2568
22.55270767211914|184|2569
16.898502349853516|184|2570
11.05570125579834|184|2571
5.715920925140381|184|2572
3.885179281234741|0|2573
3.469120740890503|615|2574
2.2134170532226562|139|2575
3.4085371494293213|139|2576
2.6391706466674805|139|2577
43.52887725830078|13|2578
126.38448333740234|11|2579
112.41539764404297|11|2580
58.81545639038086|9|2581
51.804481506347656|7|2582
62.01350784301758|6|2583