Dance Monkey
Tones and I

Soul/R&B
dance_monkey
1025x2584
2584

5.99784470978193e-06|961|0
4.5668959501199424e-05|963|1
8.489074389217421e-05|949|2
8.949796028900892e-05|800|3
0.0001013366345432587|792|4
9.327643783763051e-05|895|5
0.00012310182501096278|825|6
0.0001253988448297605|800|7
0.00014421874948311597|872|8
0.0001218321340274997|876|9
0.00012588790559675545|882|10
0.00012815522495657206|872|11
0.00014796684263274074|872|12
0.00012302577670197934|876|13
0.00012728452566079795|882|14
0.0001248232729267329|872|15
0.000141209558933042|872|16
0.00012043897731928155|876|17
0.00012963652261532843|882|18
0.00012387319293338805|800|19
0.00014322521747089922|872|20
0.00012192688882350922|876|21
0.000127910083392635|825|22
0.00012489779328461736|949|23
0.00014038437802810222|872|24
0.00012291122402530164|876|25
0.00012968791997991502|825|26
0.00012586340017151088|800|27
0.0001421222696080804|872|28
0.00012442310980986804|876|29
0.00012871211220044643|882|30
0.0001236989483004436|800|31
0.00014161285071168095|872|32
0.0001228043547598645|876|33
0.0001285377366002649|882|34
0.00012348774180281907|949|35
0.00014259318413678557|872|36
0.000122654193546623|876|37
0.0001301034790230915|825|38
0.00012538640294224024|872|39
0.00014437215577345341|872|40
0.0001238477707374841|876|41
0.00012817574315704405|882|42
0.00012420151324477047|872|43
0.00014383692177943885|872|44
0.00012338176020421088|876|45
0.0001279115822399035|882|46
0.00012357166269794106|872|47
0.0001421115011908114|872|48
0.00012132791744079441|876|49
0.0001296444534091279|825|50
0.00012536226131487638|872|51
0.00014350558922160417|872|52
0.00012189769768156111|876|53
0.0001291963562835008|825|54
0.00012442255683708936|872|55
0.0001427193928975612|872|56
0.0001224010338773951|876|57
0.00013023240899201483|882|58
0.00012558912567328662|800|59
0.00014457665383815765|872|60
0.0001222380669787526|876|61
0.0001303942990489304|882|62
0.00012399938714224845|872|63
0.3977392315864563|103|64
6.416207790374756|103|65
15.134647369384766|103|66
15.11845874786377|103|67
7.562249660491943|103|68
3.977365016937256|104|69
6.701337814331055|81|70
11.739952087402344|82|71
9.828999519348145|82|72
5.837048053741455|81|73
13.469058990478516|103|74
50.28681182861328|103|75
72.96288299560547|103|76
56.744754791259766|103|77
36.786346435546875|103|78
21.714881896972656|103|79
11.0780611038208|103|80
8.74127197265625|69|81
7.907620906829834|69|82
7.285299777984619|69|83
6.4914870262146|82|84
7.076973915100098|104|85
8.016613960266113|104|86
10.625919342041016|69|87
38.07871627807617|103|88
65.46082305908203|103|89
53.2303466796875|103|90
35.30051803588867|103|91
23.962472915649414|103|92
13.646159172058105|103|93
10.018914222717285|104|94
9.0149564743042|104|95
6.796046733856201|104|96
26.84709358215332|34|97
35.98679733276367|34|98
26.359825134277344|34|99
16.934038162231445|34|100
36.10955810546875|103|101
70.04420471191406|103|102
63.91048049926758|103|103
45.59606170654297|103|104
30.469785690307617|103|105
16.764556884765625|103|106
9.289436340332031|103|107
6.0720953941345215|69|108
10.755696296691895|69|109
34.15381622314453|69|110
58.635311126708984|82|111
47.808982849121094|82|112
29.43863868713379|82|113
18.490739822387695|69|114
12.170258522033691|82|115
8.175904273986816|82|116
4.739173889160156|83|117
5.7373881340026855|82|118
6.082723617553711|82|119
3.9289138317108154|103|120
6.656813144683838|69|121
6.778298854827881|69|122
5.371121406555176|69|123
4.072788715362549|82|124
3.729116439819336|68|125
5.5535078048706055|69|126
21.912050247192383|82|127
52.6721076965332|82|128
55.071937561035156|82|129
36.53498458862305|82|130
21.241436004638672|82|131
9.793038368225098|82|132
5.175726890563965|82|133
6.860106468200684|82|134
8.452123641967773|82|135
8.204985618591309|82|136
6.928190231323242|69|137
7.338356018066406|69|138
5.626460075378418|69|139
14.330731391906738|83|140
42.600040435791016|82|141
54.98149108886719|82|142
40.46559143066406|82|143
28.4444580078125|82|144
17.13178253173828|82|145
11.19033432006836|81|146
10.006027221679688|82|147
7.173689842224121|82|148
4.799612522125244|82|149
5.654050350189209|82|150
6.5418877601623535|69|151
7.687512397766113|69|152
11.38662338256836|68|153
40.485687255859375|82|154
59.595455169677734|82|155
44.37128829956055|82|156
26.8535099029541|82|157
17.872817993164062|82|158
13.610137939453125|82|159
11.953325271606445|69|160
10.194421768188477|69|161
8.400785446166992|69|162
6.168215751647949|69|163
5.194366931915283|69|164
5.601913928985596|69|165
10.503406524658203|69|166
36.220394134521484|69|167
58.040191650390625|69|168
48.65889358520508|69|169
31.640933990478516|69|170
18.125587463378906|69|171
12.26314926147461|69|172
10.092323303222656|69|173
6.7452287673950195|68|174
4.5465898513793945|55|175
4.6254730224609375|68|176
4.819736480712891|69|177
5.381106376647949|69|178
5.830228328704834|70|179
25.345855712890625|82|180
53.51457214355469|82|181
49.80241394042969|82|182
31.464996337890625|82|183
18.036447525024414|69|184
11.012272834777832|69|185
7.088581085205078|55|186
6.508959770202637|69|187
7.537729263305664|69|188
9.389745712280273|82|189
7.345269203186035|55|190
4.53538703918457|69|191
4.330136299133301|69|192
21.361713409423828|69|193
50.58424377441406|82|194
53.813297271728516|82|195
34.25547409057617|82|196
17.14806365966797|69|197
11.5723295211792|81|198
10.525093078613281|82|199
7.92132568359375|81|200
5.928271293640137|55|201
13.046565055847168|27|202
29.456594467163086|27|203
28.758771896362305|27|204
18.435787200927734|27|205
16.72022247314453|69|206
46.49964904785156|82|207
57.80497360229492|82|208
41.15000915527344|82|209
24.624544143676758|82|210
11.755742073059082|69|211
5.420048713684082|55|212
3.8811771869659424|55|213
3.9786276817321777|69|214
19.29416847229004|92|215
52.620941162109375|92|216
59.258338928222656|92|217
44.047576904296875|92|218
27.8017578125|92|219
12.905797004699707|61|220
10.248746871948242|61|221
9.045676231384277|61|222
5.512303352355957|61|223
4.4409499168396|78|224
4.595966815948486|78|225
4.593255043029785|69|226
6.226136207580566|92|227
8.444137573242188|92|228
9.6221923828125|92|229
6.882556915283203|92|230
4.344503402709961|92|231
11.566062927246094|92|232
43.57035446166992|92|233
64.96526336669922|92|234
52.0546760559082|92|235
33.57804870605469|92|236
18.085617065429688|92|237
11.469043731689453|61|238
8.184526443481445|61|239
7.29699182510376|61|240
7.693854331970215|61|241
7.447071552276611|61|242
5.709333896636963|61|243
6.5202765464782715|77|244
8.274099349975586|77|245
32.97571563720703|92|246
62.478904724121094|92|247
56.53767395019531|92|248
36.9329948425293|92|249
23.75326156616211|92|250
15.9174165725708|92|251
12.571048736572266|92|252
11.320467948913574|92|253
6.614644527435303|93|254
4.675083637237549|61|255
5.65476131439209|61|256
5.825850009918213|61|257
5.464998245239258|62|258
23.71135711669922|77|259
52.64759826660156|92|260
57.108524322509766|92|261
39.059661865234375|92|262
21.545272827148438|77|263
13.717621803283691|77|264
10.532962799072266|78|265
7.843572616577148|78|266
5.906215190887451|62|267
6.72304105758667|61|268
7.1822943687438965|61|269
8.191792488098145|61|270
6.859870910644531|61|271
20.5322265625|91|272
52.425193786621094|92|273
59.69696807861328|92|274
38.500003814697266|92|275
22.065454483032227|92|276
14.442627906799316|92|277
11.928717613220215|92|278
9.651403427124023|92|279
9.072580337524414|77|280
8.531777381896973|92|281
8.994029998779297|92|282
7.236614227294922|61|283
5.348745822906494|61|284
15.732732772827148|93|285
45.41477584838867|92|286
60.75904083251953|92|287
41.82296371459961|92|288
28.050466537475586|77|289
19.40194320678711|77|290
11.650012969970703|77|291
5.327580451965332|77|292
3.3582441806793213|61|293
3.860625982284546|92|294
4.605153560638428|92|295
3.9528656005859375|77|296
4.8698225021362305|61|297
12.352313995361328|91|298
36.638675689697266|92|299
59.214599609375|92|300
45.960086822509766|92|301
28.309431076049805|92|302
19.42364501953125|61|303
13.113394737243652|61|304
8.897345542907715|61|305
6.6829705238342285|77|306
6.128322601318359|30|307
25.73235321044922|31|308
34.487674713134766|31|309
26.047203063964844|31|310
17.84255599975586|31|311
26.2724609375|93|312
54.46356964111328|92|313
49.54082107543945|92|314
31.505191802978516|92|315
18.852399826049805|92|316
11.21854305267334|77|317
8.535052299499512|61|318
7.650528907775879|61|319
9.416621208190918|77|320
38.84282302856445|77|321
60.207576751708984|77|322
49.27434158325195|77|323
34.100406646728516|77|324
21.432861328125|77|325
13.742396354675293|77|326
11.256123542785645|77|327
7.87984037399292|77|328
5.381620407104492|34|329
6.213741302490234|77|330
7.6675496101379395|77|331
7.478423118591309|77|332
6.52294397354126|34|333
6.693710803985596|34|334
6.9005961418151855|77|335
8.023941993713379|77|336
8.151969909667969|77|337
23.367250442504883|78|338
50.4122428894043|77|339
52.87739944458008|77|340
37.041046142578125|77|341
24.23898696899414|77|342
14.91242504119873|77|343
11.090653419494629|77|344
9.86071491241455|77|345
9.369401931762695|77|346
8.305980682373047|77|347
8.218650817871094|78|348
6.607990741729736|78|349
4.904699802398682|78|350
13.86233139038086|77|351
45.33589172363281|77|352
55.808135986328125|77|353
37.61427688598633|77|354
22.155683517456055|77|355
15.204479217529297|77|356
11.995535850524902|77|357
9.441290855407715|77|358
7.550123691558838|77|359
4.105960369110107|68|360
4.622093200683594|77|361
7.8212809562683105|77|362
7.344390392303467|77|363
9.074323654174805|77|364
33.62959671020508|77|365
52.790252685546875|77|366
45.170467376708984|77|367
34.10440444946289|77|368
25.33277702331543|77|369
16.96973991394043|77|370
9.876179695129395|77|371
6.7671003341674805|77|372
9.92690372467041|67|373
13.548141479492188|67|374
10.850601196289062|67|375
7.835910320281982|69|376
8.476887702941895|68|377
32.05305099487305|77|378
54.21735382080078|77|379
43.726226806640625|77|380
24.56891632080078|77|381
14.068103790283203|52|382
10.117351531982422|51|383
9.120609283447266|34|384
8.40639591217041|69|385
6.7771992683410645|77|386
7.288355350494385|67|387
7.76650857925415|68|388
9.459318161010742|34|389
11.1776123046875|34|390
27.947126388549805|78|391
53.88865661621094|77|392
48.71235656738281|77|393
30.218997955322266|77|394
15.981266021728516|61|395
8.694164276123047|61|396
7.898309707641602|69|397
13.827751159667969|34|398
15.047532081604004|34|399
11.672270774841309|34|400
7.270773410797119|34|401
7.272017478942871|34|402
7.457339763641357|78|403
9.323898315429688|78|404
23.734474182128906|34|405
61.0073356628418|67|406
64.14550018310547|67|407
49.84309768676758|34|408
48.78013610839844|34|409
67.14694213867188|69|410
62.62154769897461|69|411
49.58499526977539|34|412
30.472183227539062|34|413
10.140863418579102|781|414
12.952795028686523|781|415
9.063162803649902|781|416
6.765077590942383|946|417
10.677604675292969|32|418
33.02422332763672|31|419
44.99279022216797|31|420
52.11244583129883|30|421
52.25749969482422|30|422
59.12956619262695|30|423
65.42465209960938|30|424
62.677886962890625|61|425
50.191890716552734|31|426
35.40237808227539|63|427
14.356095314025879|62|428
4.969099044799805|30|429
12.284247398376465|103|430
57.86382293701172|104|431
82.67385864257812|104|432
91.35077667236328|68|433
102.39802551269531|69|434
120.70719909667969|69|435
102.52578735351562|69|436
95.68727111816406|105|437
122.70996856689453|104|438
79.80951690673828|103|439
37.849002838134766|32|440
21.127918243408203|32|441
18.56221580505371|17|442
16.687946319580078|103|443
39.699195861816406|30|444
63.37541961669922|31|445
70.73074340820312|123|446
93.2284164428711|122|447
90.37035369873047|123|448
80.3334732055664|123|449
47.068851470947266|92|450
28.324764251708984|31|451
13.395448684692383|103|452
7.499405860900879|103|453
7.50467586517334|31|454
8.80920124053955|122|455
8.665321350097656|122|456
36.05964660644531|103|457
55.962646484375|102|458
63.40892028808594|102|459
88.63655090332031|102|460
80.15592193603516|102|461
78.47283935546875|136|462
93.66197204589844|103|463
90.61556243896484|103|464
49.945648193359375|103|465
14.089696884155273|102|466
9.687690734863281|69|467
9.592592239379883|69|468
8.096853256225586|69|469
23.903518676757812|82|470
46.637535095214844|82|471
54.9586296081543|120|472
93.07686614990234|120|473
94.30009460449219|121|474
79.29306030273438|121|475
69.1556167602539|122|476
37.849727630615234|91|477
23.35926055908203|34|478
20.179637908935547|17|479
21.518104553222656|17|480
14.168007850646973|17|481
12.642946243286133|825|482
30.457857131958008|103|483
64.51112365722656|103|484
73.11357116699219|103|485
66.13162231445312|34|486
77.08483123779297|34|487
75.87905883789062|35|488
70.90294647216797|35|489
49.275306701660156|35|490
21.359460830688477|26|491
24.355876922607422|25|492
19.097274780273438|31|493
47.93562698364258|31|494
64.77507019042969|31|495
67.47100067138672|31|496
67.9555892944336|31|497
67.7434310913086|103|498
57.850852966308594|31|499
58.237606048583984|30|500
56.04758071899414|30|501
38.220706939697266|29|502
28.185590744018555|29|503
38.155574798583984|33|504
66.52859497070312|69|505
68.91586303710938|103|506
67.05073547363281|102|507
71.59331512451172|102|508
63.19648742675781|68|509
68.95809936523438|68|510
68.11454010009766|103|511
66.1361083984375|103|512
52.56697082519531|103|513
45.031436920166016|34|514
39.435386657714844|34|515
38.90508270263672|34|516
76.58645629882812|41|517
116.88597869873047|42|518
87.24868774414062|41|519
62.96689987182617|40|520
60.583160400390625|41|521
59.640525817871094|41|522
36.46855163574219|103|523
58.73572540283203|103|524
47.17397689819336|103|525
29.449079513549805|69|526
20.768173217773438|69|527
19.152080535888672|69|528
19.298480987548828|41|529
52.302066802978516|41|530
85.77848052978516|81|531
72.06470489501953|81|532
96.70004272460938|115|533
143.4104766845703|114|534
148.97964477539062|114|535
155.75729370117188|114|536
142.80880737304688|114|537
139.15260314941406|115|538
127.15459442138672|115|539
95.83699035644531|115|540
64.86183166503906|115|541
70.8481674194336|77|542
57.57582092285156|77|543
46.6970329284668|39|544
41.35442352294922|40|545
62.268035888671875|46|546
62.01856994628906|47|547
48.778682708740234|46|548
31.70353126525879|42|549
48.15593338012695|41|550
47.008155822753906|69|551
36.276512145996094|82|552
32.56925582885742|42|553
26.170970916748047|42|554
19.221914291381836|41|555
22.164697647094727|114|556
26.68927574157715|39|557
23.80902671813965|39|558
19.697118759155273|39|559
12.920062065124512|40|560
6.842633247375488|40|561
17.923748016357422|82|562
48.64707565307617|82|563
53.445560455322266|82|564
34.85734176635742|82|565
22.419261932373047|82|566
12.826740264892578|82|567
7.228058815002441|82|568
7.922986030578613|82|569
8.036730766296387|82|570
7.166938304901123|82|571
6.7502970695495605|82|572
7.083860874176025|114|573
5.042468070983887|115|574
12.673108100891113|81|575
41.734222412109375|81|576
54.58564758300781|82|577
47.430843353271484|82|578
36.517494201660156|82|579
36.05144500732422|27|580
36.8925895690918|27|581
36.14208984375|14|582
34.505088806152344|14|583
32.76446533203125|14|584
28.987062454223633|27|585
25.93644142150879|27|586
25.945037841796875|27|587
25.316091537475586|27|588
33.86543273925781|69|589
52.56925964355469|69|590
44.926979064941406|82|591
30.92616081237793|82|592
17.42425537109375|82|593
10.765937805175781|27|594
8.546584129333496|27|595
7.5099263191223145|82|596
7.010061740875244|27|597
6.737170219421387|69|598
9.905004501342773|69|599
9.863974571228027|69|600
7.536689758300781|68|601
28.838979721069336|82|602
56.409217834472656|82|603
51.613731384277344|82|604
32.62760543823242|82|605
18.79559326171875|81|606
12.927824020385742|81|607
8.799699783325195|68|608
4.922532081604004|68|609
3.653078556060791|55|610
4.456366062164307|81|611
4.630075931549072|69|612
6.792480945587158|69|613
38.596656799316406|38|614
80.78791809082031|39|615
87.92218780517578|40|616
69.18338012695312|69|617
68.38117218017578|40|618
71.8197250366211|40|619
45.66697311401367|40|620
34.423500061035156|27|621
59.64744567871094|41|622
127.02802276611328|42|623
123.447021484375|41|624
117.86666870117188|81|625
131.02664184570312|81|626
125.9975357055664|80|627
100.75224304199219|80|628
54.12071228027344|80|629
53.800228118896484|82|630
33.34785079956055|82|631
24.46343421936035|82|632
24.15570640563965|81|633
14.014814376831055|81|634
14.468718528747559|82|635
30.482648849487305|39|636
63.40262222290039|38|637
75.27432250976562|38|638
73.2435531616211|38|639
71.04776000976562|77|640
69.59200286865234|77|641
69.9167709350586|77|642
79.46585845947266|77|643
79.60187530517578|77|644
73.50635528564453|77|645
64.29313659667969|38|646
59.483070373535156|38|647
57.25424575805664|40|648
45.83226013183594|41|649
58.60232925415039|44|650
63.46295928955078|44|651
53.30498123168945|42|652
71.93982696533203|37|653
101.14258575439453|36|654
76.62091064453125|35|655
74.34733581542969|136|656
70.22115325927734|171|657
49.06741714477539|171|658
29.766538619995117|28|659
33.042869567871094|27|660
21.02406883239746|25|661
8.858781814575195|33|662
41.881385803222656|34|663
82.33623504638672|34|664
89.69837951660156|34|665
92.23680114746094|34|666
102.28783416748047|34|667
109.56553649902344|34|668
85.54685974121094|34|669
95.42804718017578|40|670
135.51861572265625|40|671
112.39704895019531|41|672
63.804443359375|42|673
71.782470703125|44|674
135.5369873046875|44|675
111.17904663085938|44|676
37.95480728149414|45|677
16.195955276489258|61|678
44.72190856933594|61|679
55.632442474365234|30|680
91.9370346069336|31|681
137.27305603027344|31|682
143.9906768798828|30|683
138.12962341308594|30|684
92.15746307373047|31|685
77.55233764648438|31|686
94.22435760498047|31|687
63.77231979370117|31|688
70.99932098388672|68|689
59.43199920654297|68|690
66.2343521118164|68|691
91.41383361816406|67|692
75.06742095947266|68|693
40.31125259399414|35|694
45.586334228515625|92|695
49.06162643432617|92|696
31.894689559936523|61|697
19.79244613647461|61|698
10.409643173217773|91|699
10.109347343444824|92|700
16.508947372436523|61|701
44.50730895996094|61|702
56.47573471069336|30|703
96.28704071044922|30|704
121.38066864013672|30|705
110.0813980102539|30|706
129.74607849121094|31|707
133.58465576171875|31|708
121.41077423095703|31|709
121.43620300292969|30|710
90.38561248779297|28|711
105.27896881103516|27|712
61.55653381347656|27|713
118.60460662841797|69|714
170.149658203125|70|715
157.96978759765625|70|716
123.91911315917969|70|717
106.98175811767578|70|718
102.0372085571289|69|719
55.07626724243164|69|720
39.931114196777344|61|721
70.00313568115234|77|722
73.4509048461914|77|723
63.345149993896484|31|724
60.526939392089844|31|725
48.179080963134766|31|726
45.0346794128418|46|727
64.63885498046875|38|728
65.72571563720703|38|729
64.24801635742188|39|730
64.44063568115234|39|731
75.76458740234375|40|732
103.2874984741211|41|733
116.35985565185547|41|734
118.48867797851562|41|735
126.44402313232422|41|736
126.8681869506836|41|737
120.4646987915039|41|738
92.35411834716797|41|739
68.36397552490234|42|740
75.57593536376953|82|741
73.35040283203125|162|742
87.81105041503906|121|743
103.93927764892578|121|744
102.82102966308594|117|745
143.26425170898438|116|746
165.32920837402344|115|747
157.27301025390625|115|748
149.93878173828125|115|749
127.99478912353516|115|750
86.23342895507812|115|751
54.343257904052734|39|752
71.71012878417969|77|753
44.84385681152344|78|754
30.08806800842285|49|755
75.01810455322266|48|756
95.20552062988281|48|757
87.73735809326172|47|758
82.70758056640625|46|759
82.19102478027344|46|760
47.03049087524414|77|761
47.303775787353516|77|762
32.65520477294922|77|763
21.419071197509766|44|764
23.37604522705078|45|765
21.04442024230957|45|766
12.086710929870605|115|767
9.393708229064941|48|768
12.635616302490234|47|769
10.506603240966797|77|770
12.212315559387207|77|771
8.023033142089844|77|772
16.902660369873047|78|773
41.45948028564453|77|774
45.96870803833008|77|775
30.912311553955078|77|776
18.82356071472168|77|777
12.651765823364258|62|778
9.112735748291016|78|779
6.225808620452881|78|780
4.831878185272217|48|781
4.141454219818115|77|782
8.283528327941895|77|783
10.980598449707031|77|784
8.324735641479492|77|785
14.753957748413086|61|786
50.09374237060547|61|787
69.42965698242188|61|788
60.917236328125|61|789
55.12884521484375|103|790
49.38144302368164|103|791
41.09984588623047|77|792
34.06660842895508|77|793
23.139238357543945|13|794
21.16442108154297|13|795
16.220064163208008|13|796
11.84756851196289|13|797
11.08851146697998|103|798
14.061148643493652|103|799
38.141990661621094|77|800
55.385406494140625|77|801
42.3466796875|77|802
24.871177673339844|61|803
15.590556144714355|61|804
11.274419784545898|77|805
9.202054023742676|77|806
6.581276893615723|77|807
7.675809383392334|77|808
9.698257446289062|77|809
9.198826789855957|77|810
8.474687576293945|77|811
9.801900863647461|77|812
45.57456588745117|30|813
100.21965789794922|31|814
132.7864227294922|31|815
115.79360961914062|31|816
122.13843536376953|30|817
121.07785034179688|30|818
112.7172622680664|30|819
113.85297393798828|30|820
118.03865051269531|30|821
124.7973403930664|31|822
142.17225646972656|31|823
148.7650909423828|31|824
144.7780303955078|31|825
97.36421966552734|32|826
85.60287475585938|33|827
61.90761184692383|101|828
78.32990264892578|102|829
84.09239959716797|102|830
107.18106079101562|102|831
121.22896575927734|102|832
78.371337890625|103|833
62.83110427856445|104|834
26.626873016357422|103|835
15.107227325439453|26|836
11.80571460723877|26|837
17.769607543945312|104|838
18.86092758178711|62|839
46.014041900634766|77|840
71.30423736572266|31|841
86.93959045410156|31|842
81.69527435302734|31|843
77.32858276367188|31|844
72.44258880615234|31|845
54.099117279052734|30|846
21.4069881439209|30|847
10.492984771728516|31|848
7.463362216949463|31|849
7.060541152954102|62|850
5.792699337005615|62|851
19.944717407226562|104|852
85.26422882080078|104|853
129.41970825195312|104|854
104.37568664550781|103|855
55.6046142578125|100|856
50.118133544921875|101|857
60.5413932800293|34|858
48.07415008544922|34|859
29.758176803588867|34|860
24.883724212646484|17|861
21.867473602294922|17|862
17.37677574157715|17|863
16.808366775512695|34|864
21.940080642700195|103|865
44.76984405517578|103|866
57.16275405883789|103|867
79.98055267333984|30|868
93.96430206298828|30|869
96.34495544433594|30|870
97.35721588134766|30|871
100.16011047363281|30|872
100.24272155761719|31|873
69.22711944580078|30|874
29.54279899597168|24|875
21.44532012939453|23|876
8.8560791015625|103|877
12.172122955322266|103|878
45.14522933959961|103|879
71.13139343261719|103|880
59.053306579589844|69|881
81.3541030883789|102|882
124.46573638916016|102|883
123.43241882324219|103|884
92.55459594726562|103|885
47.18604278564453|103|886
20.769912719726562|102|887
13.224782943725586|102|888
12.963400840759277|103|889
12.186041831970215|103|890
10.901909828186035|102|891
35.26091384887695|104|892
87.69757843017578|103|893
88.59500122070312|103|894
74.60630798339844|91|895
59.971519470214844|91|896
64.18792724609375|92|897
83.67797088623047|92|898
75.73029327392578|93|899
38.00312042236328|34|900
26.665847778320312|34|901
23.528963088989258|34|902
20.395423889160156|34|903
18.184646606445312|34|904
30.375205993652344|69|905
60.53339767456055|102|906
88.5189437866211|136|907
113.21717834472656|136|908
109.68824005126953|136|909
97.95580291748047|102|910
53.925296783447266|101|911
26.904186248779297|26|912
27.949941635131836|26|913
23.412309646606445|30|914
49.22462844848633|60|915
80.52783203125|60|916
72.9185562133789|60|917
46.82944869995117|30|918
52.81031036376953|103|919
67.14391326904297|103|920
45.8486213684082|103|921
26.57619285583496|82|922
13.652905464172363|82|923
10.459091186523438|104|924
11.245633125305176|68|925
47.688873291015625|68|926
74.47570037841797|102|927
124.7883071899414|101|928
161.03668212890625|101|929
156.14987182617188|101|930
131.61691284179688|102|931
94.96397399902344|103|932
90.35696411132812|103|933
72.55514526367188|103|934
56.36909484863281|69|935
46.22502136230469|69|936
32.1295051574707|34|937
26.111547470092773|34|938
31.338748931884766|35|939
53.88648986816406|37|940
61.89350891113281|37|941
43.10154724121094|37|942
49.6072998046875|38|943
52.2394905090332|38|944
66.29241180419922|39|945
64.07689666748047|40|946
73.6191177368164|40|947
69.99241638183594|40|948
85.28363800048828|41|949
68.42508697509766|41|950
43.01042556762695|84|951
79.68245697021484|83|952
65.63910675048828|123|953
98.75868225097656|122|954
128.20887756347656|121|955
112.23989868164062|120|956
128.7977294921875|117|957
145.935302734375|116|958
169.88262939453125|115|959
172.51724243164062|115|960
171.68923950195312|115|961
167.46890258789062|115|962
168.02781677246094|115|963
152.2017822265625|115|964
105.96754455566406|115|965
53.36373519897461|115|966
26.86526870727539|116|967
24.512819290161133|115|968
52.54004669189453|50|969
60.94257736206055|51|970
42.405426025390625|115|971
49.6009521484375|82|972
46.0069580078125|82|973
34.65037155151367|46|974
47.328704833984375|45|975
32.78764343261719|45|976
25.138307571411133|115|977
25.49700927734375|115|978
21.868043899536133|115|979
14.846315383911133|115|980
10.957228660583496|82|981
7.862204074859619|81|982
10.651494026184082|115|983
17.02713394165039|68|984
42.103919982910156|82|985
45.135406494140625|82|986
32.23628616333008|69|987
21.146854400634766|69|988
12.36953067779541|69|989
10.080625534057617|115|990
7.592756748199463|115|991
4.792097568511963|82|992
3.0681397914886475|116|993
5.97376012802124|115|994
5.227269172668457|115|995
3.7599029541015625|68|996
15.706191062927246|82|997
46.44294738769531|69|998
67.60310363769531|69|999
53.919437408447266|69|1000
39.378692626953125|55|1001
36.06854248046875|27|1002
36.523651123046875|14|1003
37.57237243652344|14|1004
36.52416229248047|14|1005
33.54349899291992|14|1006
25.691612243652344|14|1007
22.268478393554688|27|1008
22.833070755004883|27|1009
21.84228515625|27|1010
36.81570053100586|82|1011
52.52743148803711|82|1012
39.95423889160156|82|1013
26.243209838867188|69|1014
19.506000518798828|69|1015
16.893476486206055|69|1016
15.462812423706055|69|1017
13.994610786437988|69|1018
10.197999000549316|68|1019
4.414533615112305|27|1020
4.4265666007995605|27|1021
4.549796104431152|27|1022
8.065481185913086|81|1023
30.847309112548828|82|1024
53.595829010009766|82|1025
44.220008850097656|82|1026
26.410491943359375|82|1027
16.15869140625|69|1028
10.852822303771973|69|1029
6.772289752960205|69|1030
4.83870792388916|69|1031
22.444793701171875|32|1032
57.19970703125|33|1033
88.31353759765625|34|1034
89.52130126953125|35|1035
87.76263427734375|36|1036
54.61539077758789|36|1037
65.06429290771484|118|1038
93.32675170898438|118|1039
91.16752624511719|116|1040
126.16757202148438|116|1041
117.45201873779297|116|1042
76.96280670166016|116|1043
59.13313293457031|120|1044
95.75419616699219|122|1045
127.05241394042969|123|1046
116.13731384277344|122|1047
115.66117095947266|121|1048
124.246337890625|121|1049
67.36066436767578|121|1050
42.6639289855957|69|1051
42.17695617675781|69|1052
29.069189071655273|69|1053
18.290481567382812|82|1054
11.850614547729492|82|1055
8.206852912902832|27|1056
9.126603126525879|40|1057
50.08072280883789|76|1058
110.1502914428711|76|1059
118.6919937133789|76|1060
99.06903839111328|76|1061
99.45626831054688|76|1062
95.55489349365234|76|1063
90.47569274902344|76|1064
94.14458465576172|76|1065
121.61459350585938|76|1066
159.8375244140625|76|1067
127.5762939453125|76|1068
47.01709747314453|76|1069
30.786222457885742|46|1070
26.91667938232422|46|1071
26.02232551574707|31|1072
27.15211296081543|31|1073
25.26233673095703|31|1074
23.223098754882812|31|1075
26.19327163696289|31|1076
42.14576721191406|34|1077
58.941123962402344|34|1078
46.08216857910156|34|1079
25.081531524658203|33|1080
17.578611373901367|28|1081
17.17228126525879|46|1082
23.40752601623535|77|1083
26.3522891998291|77|1084
18.19940948486328|61|1085
42.41364669799805|34|1086
69.3034896850586|34|1087
74.0819320678711|34|1088
74.59630584716797|34|1089
80.07005310058594|34|1090
76.55889129638672|34|1091
63.782676696777344|34|1092
57.606502532958984|35|1093
48.23869705200195|35|1094
30.90058708190918|38|1095
22.687341690063477|61|1096
25.060022354125977|77|1097
21.887563705444336|77|1098
18.361083984375|61|1099
16.235944747924805|61|1100
37.12120819091797|33|1101
58.97509765625|32|1102
48.899166107177734|32|1103
26.30420684814453|31|1104
21.452768325805664|28|1105
24.209064483642578|24|1106
19.76942253112793|23|1107
19.639909744262695|69|1108
21.02992057800293|69|1109
21.36464500427246|69|1110
43.690059661865234|70|1111
51.61663818359375|70|1112
60.22511672973633|101|1113
99.18904113769531|100|1114
100.26139831542969|100|1115
77.86083984375|101|1116
70.20465850830078|102|1117
69.64955139160156|69|1118
85.59986114501953|70|1119
87.90214538574219|70|1120
67.51053619384766|69|1121
39.46672821044922|33|1122
41.05937957763672|33|1123
27.480186462402344|34|1124
20.88399887084961|69|1125
19.470340728759766|38|1126
14.15461540222168|31|1127
16.440998077392578|69|1128
16.579729080200195|31|1129
26.11243438720703|33|1130
41.669715881347656|32|1131
47.198402404785156|31|1132
30.0219783782959|31|1133
13.561601638793945|31|1134
12.950002670288086|77|1135
15.163432121276855|77|1136
17.731861114501953|77|1137
19.890256881713867|77|1138
36.03023910522461|69|1139
65.19319915771484|69|1140
54.136146545410156|103|1141
70.98273468017578|135|1142
62.775177001953125|135|1143
58.81929016113281|34|1144
82.4551010131836|35|1145
96.09947967529297|35|1146
85.08338165283203|34|1147
96.17141723632812|34|1148
76.37886047363281|33|1149
62.56822967529297|32|1150
66.32760620117188|72|1151
80.63002014160156|73|1152
78.53118896484375|79|1153
113.47598266601562|80|1154
120.40288543701172|81|1155
136.5604248046875|81|1156
124.13407897949219|81|1157
113.05765533447266|81|1158
111.01229858398438|122|1159
111.1316146850586|122|1160
94.86769104003906|122|1161
80.65131378173828|81|1162
63.266014099121094|80|1163
28.339208602905273|81|1164
19.01375389099121|81|1165
27.438228607177734|81|1166
31.22319984436035|81|1167
32.83540344238281|81|1168
55.45310974121094|81|1169
58.808013916015625|82|1170
76.02669525146484|116|1171
121.14268493652344|115|1172
157.21372985839844|114|1173
143.9266815185547|114|1174
118.50397491455078|114|1175
114.94469451904297|115|1176
119.23975372314453|115|1177
91.0129165649414|116|1178
73.5381088256836|77|1179
78.52657318115234|77|1180
44.11635208129883|78|1181
36.172332763671875|39|1182
31.50917625427246|46|1183
52.39593505859375|47|1184
55.055389404296875|48|1185
45.787418365478516|47|1186
24.917011260986328|46|1187
26.925718307495117|39|1188
29.273218154907227|38|1189
33.38882827758789|38|1190
33.3629264831543|37|1191
22.793785095214844|38|1192
19.057947158813477|61|1193
19.27662467956543|61|1194
18.786470413208008|61|1195
18.083255767822266|61|1196
19.308086395263672|46|1197
19.371889114379883|46|1198
16.26751136779785|46|1199
14.547287940979004|61|1200
15.992830276489258|46|1201
18.723098754882812|46|1202
14.954824447631836|46|1203
10.826335906982422|13|1204
11.247868537902832|13|1205
13.885656356811523|46|1206
13.337203025817871|46|1207
11.071792602539062|39|1208
10.374800682067871|13|1209
10.011956214904785|15|1210
11.538372039794922|46|1211
9.783766746520996|15|1212
9.721015930175781|77|1213
12.93919563293457|77|1214
14.532584190368652|77|1215
13.444101333618164|77|1216
9.860749244689941|39|1217
9.509712219238281|39|1218
27.33397674560547|31|1219
51.71540069580078|33|1220
75.06080627441406|41|1221
135.59671020507812|44|1222
191.4381866455078|45|1223
190.71331787109375|45|1224
194.99658203125|45|1225
190.10702514648438|45|1226
162.3394775390625|45|1227
166.53375244140625|46|1228
167.3138427734375|47|1229
147.1820526123047|48|1230
135.69630432128906|50|1231
149.38478088378906|51|1232
167.56936645507812|51|1233
177.20762634277344|51|1234
190.857177734375|51|1235
200.96084594726562|51|1236
195.06930541992188|51|1237
166.68568420410156|51|1238
149.5081024169922|52|1239
149.93882751464844|52|1240
137.65708923339844|52|1241
88.55628204345703|53|1242
43.49753189086914|54|1243
17.05868148803711|52|1244
17.431066513061523|104|1245
20.67542839050293|51|1246
21.838455200195312|51|1247
17.127521514892578|51|1248
14.962252616882324|51|1249
33.553096771240234|155|1250
67.83222198486328|103|1251
64.65669250488281|101|1252
80.37905883789062|150|1253
80.98432922363281|98|1254
75.90620422363281|96|1255
64.91436004638672|140|1256
77.70204162597656|138|1257
97.5725326538086|137|1258
112.45246124267578|136|1259
127.8473129272461|136|1260
120.62264251708984|137|1261
116.53999328613281|137|1262
103.8722152709961|137|1263
108.97344970703125|137|1264
120.71980285644531|137|1265
123.72820281982422|137|1266
118.68038177490234|137|1267
87.15961456298828|138|1268
60.962669372558594|139|1269
47.815330505371094|93|1270
33.38468933105469|47|1271
32.51084899902344|47|1272
27.18874168395996|47|1273
16.551389694213867|39|1274
20.99413299560547|137|1275
20.323091506958008|137|1276
14.723496437072754|136|1277
28.349048614501953|11|1278
112.79940032958984|12|1279
101.9529037475586|12|1280
132.90452575683594|6|1281
159.07846069335938|4|1282
136.02037048339844|4|1283
95.88706970214844|4|1284
86.67681884765625|4|1285
78.00440216064453|9|1286
85.25819396972656|9|1287
94.66275787353516|9|1288
98.80865478515625|9|1289
104.00777435302734|9|1290
96.62374877929688|8|1291
71.13941955566406|8|1292
76.74385070800781|103|1293
76.76881408691406|103|1294
71.67537689208984|41|1295
68.73067474365234|41|1296
98.39293670654297|121|1297
116.06522369384766|122|1298
87.29847717285156|122|1299
70.48051452636719|9|1300
75.9682846069336|9|1301
77.09783172607422|9|1302
79.28629302978516|9|1303
80.54341888427734|9|1304
83.08097839355469|9|1305
94.4330825805664|9|1306
88.99195861816406|9|1307
95.44676208496094|47|1308
97.50788879394531|47|1309
69.76566314697266|9|1310
72.99449920654297|9|1311
74.01638793945312|9|1312
75.2916259765625|9|1313
76.94711303710938|9|1314
78.4354476928711|9|1315
78.01811218261719|9|1316
78.9690170288086|9|1317
85.5138931274414|9|1318
81.44426727294922|9|1319
75.35271453857422|40|1320
113.51387786865234|41|1321
93.973388671875|41|1322
74.74462890625|120|1323
74.59156036376953|121|1324
71.49246978759766|122|1325
53.90230178833008|9|1326
84.79218292236328|10|1327
127.89939880371094|7|1328
167.8629913330078|6|1329
157.98858642578125|5|1330
169.1685333251953|4|1331
108.76202392578125|9|1332
120.38936614990234|6|1333
130.83724975585938|6|1334
175.6727752685547|4|1335
115.89374542236328|4|1336
89.29767608642578|4|1337
88.96257019042969|4|1338
73.8437271118164|3|1339
39.817047119140625|3|1340
19.85326385498047|4|1341
17.754140853881836|4|1342
10.12952995300293|46|1343
11.911660194396973|40|1344
41.88614273071289|103|1345
71.79247283935547|103|1346
107.14826202392578|41|1347
125.67455291748047|41|1348
97.51107025146484|41|1349
73.05241394042969|41|1350
74.10482788085938|41|1351
69.1933364868164|41|1352
44.065433502197266|41|1353
19.05039405822754|17|1354
22.68196678161621|17|1355
24.815277099609375|17|1356
24.241613388061523|17|1357
41.008731842041016|18|1358
55.96869659423828|103|1359
52.72513198852539|117|1360
54.460567474365234|116|1361
61.131771087646484|114|1362
52.82023620605469|114|1363
56.30384063720703|75|1364
24.874462127685547|74|1365
45.59113311767578|18|1366
99.6034927368164|18|1367
137.56927490234375|11|1368
163.668212890625|10|1369
177.41897583007812|10|1370
173.96632385253906|10|1371
166.2564697265625|10|1372
171.08836364746094|10|1373
160.61602783203125|10|1374
165.49261474609375|10|1375
167.02902221679688|10|1376
161.46922302246094|10|1377
160.07398986816406|10|1378
135.48570251464844|10|1379
97.45494842529297|12|1380
104.51641082763672|13|1381
135.8043670654297|7|1382
144.28594970703125|7|1383
122.33058166503906|7|1384
103.97982788085938|113|1385
130.9391632080078|114|1386
158.5271453857422|6|1387
152.05697631835938|4|1388
131.2325897216797|115|1389
118.14338684082031|7|1390
122.87653350830078|7|1391
122.84143829345703|7|1392
125.74886322021484|7|1393
127.66317749023438|7|1394
125.75969696044922|7|1395
125.96696472167969|7|1396
130.63543701171875|7|1397
129.8491668701172|7|1398
119.93462371826172|7|1399
118.63253021240234|7|1400
118.91886138916016|7|1401
113.32621765136719|7|1402
113.18765258789062|7|1403
112.18836975097656|7|1404
110.33881378173828|7|1405
110.86505126953125|7|1406
111.95850372314453|7|1407
110.85443878173828|7|1408
110.07686614990234|7|1409
109.28589630126953|7|1410
105.82511138916016|7|1411
94.89189147949219|7|1412
102.00823974609375|104|1413
144.8362274169922|104|1414
137.07252502441406|103|1415
140.1326141357422|103|1416
139.75204467773438|103|1417
114.56537628173828|103|1418
88.10677337646484|7|1419
87.30999755859375|7|1420
87.35950469970703|7|1421
88.24539947509766|7|1422
88.1927490234375|7|1423
86.1855697631836|7|1424
76.8366928100586|7|1425
75.79557800292969|7|1426
80.28047180175781|7|1427
73.23888397216797|7|1428
74.30097198486328|7|1429
77.26195526123047|7|1430
76.36090087890625|7|1431
71.81462860107422|7|1432
108.92462158203125|9|1433
120.06609344482422|6|1434
151.54469299316406|6|1435
184.28021240234375|4|1436
131.6092071533203|3|1437
138.62037658691406|7|1438
168.01112365722656|6|1439
160.89398193359375|4|1440
158.49354553222656|4|1441
97.31358337402344|4|1442
91.77378845214844|4|1443
80.82310485839844|4|1444
61.76502990722656|3|1445
43.67633819580078|7|1446
42.620452880859375|7|1447
41.9036750793457|7|1448
43.30176544189453|7|1449
40.85367202758789|7|1450
45.08357620239258|69|1451
54.54243469238281|69|1452
56.606117248535156|17|1453
52.85660171508789|17|1454
44.385223388671875|17|1455
38.366119384765625|17|1456
34.88125991821289|17|1457
33.963722229003906|7|1458
56.16891098022461|32|1459
89.42646026611328|33|1460
101.08875274658203|33|1461
66.60354614257812|33|1462
56.28387451171875|77|1463
88.67005920410156|78|1464
108.87528991699219|80|1465
106.2411117553711|81|1466
71.5615234375|122|1467
56.58258819580078|122|1468
41.888648986816406|39|1469
55.70592498779297|40|1470
42.89201736450195|41|1471
61.666500091552734|12|1472
103.18798828125|12|1473
136.0626678466797|7|1474
165.72409057617188|7|1475
153.69725036621094|7|1476
149.628662109375|7|1477
146.7928009033203|7|1478
145.1425018310547|7|1479
142.64231872558594|7|1480
147.6256561279297|7|1481
144.9427032470703|7|1482
137.7120819091797|7|1483
127.59120178222656|7|1484
121.97858428955078|115|1485
122.8270263671875|115|1486
118.15861511230469|115|1487
114.4297866821289|115|1488
132.6431427001953|8|1489
129.36618041992188|8|1490
129.71743774414062|7|1491
153.99557495117188|7|1492
155.9731903076172|4|1493
127.41191101074219|4|1494
105.55776977539062|8|1495
116.15869903564453|8|1496
121.0301284790039|8|1497
123.63276672363281|8|1498
126.16815185546875|8|1499
127.11384582519531|8|1500
122.14497375488281|8|1501
119.51216125488281|8|1502
123.20088958740234|8|1503
124.70795440673828|8|1504
122.07984161376953|8|1505
117.55674743652344|8|1506
119.92536926269531|8|1507
124.03862762451172|8|1508
122.1718521118164|8|1509
118.29150390625|8|1510
118.00775909423828|8|1511
115.20430755615234|8|1512
111.86174774169922|8|1513
109.6346435546875|8|1514
107.60741424560547|8|1515
98.76760864257812|8|1516
91.34712982177734|8|1517
91.29814910888672|8|1518
131.15940856933594|122|1519
144.24136352539062|122|1520
139.7870330810547|122|1521
123.81629180908203|122|1522
111.78501892089844|122|1523
103.3323745727539|122|1524
104.42378234863281|122|1525
103.96260070800781|122|1526
100.83890533447266|123|1527
88.38480377197266|123|1528
85.47217559814453|122|1529
91.63752746582031|122|1530
65.12267303466797|8|1531
61.58749771118164|8|1532
57.259010314941406|8|1533
54.886348724365234|8|1534
60.77071762084961|8|1535
62.531089782714844|8|1536
65.10026550292969|8|1537
86.97476959228516|9|1538
114.52705383300781|6|1539
157.33456420898438|6|1540
144.08407592773438|4|1541
156.09983825683594|4|1542
114.93932342529297|115|1543
129.8709716796875|7|1544
118.75118255615234|6|1545
170.9149627685547|4|1546
110.65628814697266|4|1547
86.8968734741211|4|1548
84.14960479736328|4|1549
74.81077575683594|49|1550
76.28965759277344|49|1551
71.48881530761719|49|1552
110.80390167236328|49|1553
92.5550308227539|49|1554
38.24226379394531|52|1555
46.875999450683594|76|1556
100.1675796508789|101|1557
157.40811157226562|102|1558
179.8999786376953|103|1559
179.1302947998047|103|1560
131.15977478027344|103|1561
71.84447479248047|103|1562
69.20454406738281|69|1563
55.39605712890625|103|1564
107.91265106201172|103|1565
146.4590301513672|103|1566
128.4439697265625|103|1567
84.642578125|103|1568
35.53142547607422|68|1569
45.615665435791016|15|1570
46.22473907470703|15|1571
38.87566375732422|15|1572
31.249723434448242|15|1573
24.363309860229492|8|1574
21.629192352294922|8|1575
22.63432502746582|8|1576
39.509010314941406|17|1577
94.59790802001953|13|1578
78.86662292480469|69|1579
133.94940185546875|8|1580
158.54483032226562|8|1581
138.95773315429688|8|1582
120.57434844970703|8|1583
115.96426391601562|8|1584
117.78862762451172|8|1585
121.926513671875|8|1586
130.28958129882812|8|1587
136.56033325195312|8|1588
139.5587158203125|8|1589
131.07833862304688|8|1590
76.34445190429688|8|1591
90.26419830322266|12|1592
135.47552490234375|6|1593
143.2769775390625|6|1594
153.06747436523438|6|1595
185.73728942871094|6|1596
200.53013610839844|6|1597
126.1972885131836|6|1598
154.71385192871094|4|1599
128.4578857421875|6|1600
121.1044921875|6|1601
114.30900573730469|122|1602
121.6272964477539|6|1603
118.78999328613281|6|1604
123.44293212890625|6|1605
122.26603698730469|6|1606
120.96290588378906|6|1607
121.98155212402344|6|1608
123.19658660888672|6|1609
123.2439193725586|6|1610
119.90531921386719|6|1611
117.79129028320312|6|1612
118.32890319824219|6|1613
120.70313262939453|6|1614
120.8076171875|6|1615
120.53014373779297|6|1616
121.98067474365234|6|1617
121.98368835449219|6|1618
120.10895538330078|6|1619
118.2410659790039|6|1620
118.20228576660156|6|1621
116.09385681152344|6|1622
108.52518463134766|6|1623
103.74205017089844|6|1624
107.69265747070312|6|1625
108.47127532958984|6|1626
110.66719055175781|6|1627
106.62083435058594|6|1628
102.86370849609375|6|1629
100.79109191894531|6|1630
102.66851806640625|6|1631
102.47634887695312|6|1632
100.88197326660156|6|1633
99.36573028564453|6|1634
95.64967346191406|6|1635
92.0926513671875|6|1636
89.96370697021484|6|1637
90.70549774169922|6|1638
88.75312805175781|6|1639
86.36542510986328|6|1640
84.8231430053711|6|1641
84.84544372558594|6|1642
78.8634262084961|6|1643
111.17826843261719|9|1644
129.13856506347656|6|1645
121.39726257324219|5|1646
193.00784301757812|4|1647
129.16656494140625|3|1648
86.62100982666016|6|1649
123.74596405029297|49|1650
168.5834503173828|48|1651
161.69235229492188|48|1652
171.286865234375|46|1653
165.78384399414062|46|1654
175.80531311035156|45|1655
176.8253173828125|45|1656
190.58316040039062|45|1657
179.87586975097656|45|1658
163.75994873046875|46|1659
161.03334045410156|46|1660
165.2091522216797|46|1661
149.3651885986328|46|1662
130.21563720703125|46|1663
136.2350311279297|6|1664
143.61676025390625|46|1665
137.26795959472656|46|1666
132.9068603515625|6|1667
139.26412963867188|46|1668
168.73703002929688|46|1669
184.02685546875|46|1670
171.84344482421875|46|1671
130.52891540527344|45|1672
128.67466735839844|6|1673
137.8400421142578|6|1674
169.03573608398438|6|1675
177.61952209472656|6|1676
112.45622253417969|6|1677
143.09840393066406|4|1678
128.7180633544922|6|1679
119.43690490722656|6|1680
112.47569274902344|6|1681
122.07373809814453|6|1682
111.74327087402344|6|1683
100.24314880371094|6|1684
139.92156982421875|7|1685
149.16151428222656|6|1686
145.12046813964844|6|1687
142.22471618652344|6|1688
135.92974853515625|6|1689
135.19386291503906|6|1690
137.5023651123047|6|1691
136.6829833984375|6|1692
135.58973693847656|6|1693
136.33575439453125|6|1694
134.6796875|6|1695
132.91806030273438|6|1696
131.73419189453125|6|1697
131.12457275390625|6|1698
127.77720642089844|6|1699
124.99505615234375|6|1700
127.24835968017578|6|1701
119.87911224365234|6|1702
116.66270446777344|4|1703
167.57020568847656|4|1704
124.91197967529297|4|1705
86.43598937988281|4|1706
78.28846740722656|4|1707
68.59959411621094|3|1708
45.18476104736328|3|1709
24.779159545898438|8|1710
29.723581314086914|8|1711
33.8130989074707|8|1712
40.571014404296875|8|1713
48.26361083984375|9|1714
51.350914001464844|9|1715
54.3950309753418|33|1716
56.32149124145508|17|1717
60.37109375|9|1718
66.39291381835938|9|1719
69.40096282958984|9|1720
71.92821502685547|9|1721
75.07913970947266|9|1722
76.43025207519531|9|1723
79.36795806884766|9|1724
83.04917907714844|9|1725
84.60064697265625|9|1726
84.71627044677734|9|1727
85.97663116455078|9|1728
98.43917846679688|76|1729
107.22599792480469|76|1730
84.43085479736328|76|1731
74.17790985107422|9|1732
92.9697494506836|76|1733
81.68220520019531|76|1734
77.34967803955078|9|1735
77.77339935302734|9|1736
76.0627212524414|9|1737
75.77965545654297|9|1738
76.11992645263672|9|1739
79.78995513916016|9|1740
76.02870178222656|9|1741
61.40827560424805|9|1742
56.27008819580078|17|1743
54.24334716796875|17|1744
48.95991897583008|34|1745
55.527366638183594|34|1746
65.77445983886719|34|1747
77.70693969726562|34|1748
95.02615356445312|10|1749
128.51760864257812|7|1750
162.2245635986328|6|1751
163.2865753173828|4|1752
158.5052490234375|4|1753
106.6875228881836|8|1754
127.08470153808594|6|1755
120.79972839355469|6|1756
171.29591369628906|4|1757
108.39214324951172|4|1758
86.47145080566406|4|1759
83.01473236083984|4|1760
67.97541809082031|3|1761
33.56086349487305|3|1762
20.250499725341797|4|1763
18.818456649780273|4|1764
16.866365432739258|17|1765
27.85048484802246|17|1766
46.60858917236328|17|1767
55.950904846191406|17|1768
57.08336639404297|17|1769
63.1608772277832|33|1770
58.39303970336914|33|1771
69.8297348022461|34|1772
73.56050872802734|34|1773
70.63682556152344|34|1774
67.00012969970703|34|1775
58.56929016113281|34|1776
51.11663818359375|34|1777
54.46601867675781|103|1778
55.27140808105469|34|1779
65.86347961425781|103|1780
103.97589111328125|103|1781
122.23015594482422|103|1782
98.6612319946289|103|1783
84.00022888183594|104|1784
80.71470642089844|139|1785
64.44650268554688|139|1786
38.52297592163086|138|1787
48.81473159790039|18|1788
96.1605453491211|18|1789
135.37918090820312|10|1790
157.2578582763672|10|1791
170.7802734375|10|1792
161.13426208496094|10|1793
164.13047790527344|10|1794
162.36380004882812|10|1795
154.5979766845703|10|1796
162.6267852783203|10|1797
156.71542358398438|10|1798
155.29454040527344|10|1799
154.19725036621094|10|1800
121.619140625|10|1801
118.38119506835938|12|1802
101.90452575683594|13|1803
145.08914184570312|7|1804
143.6917266845703|7|1805
123.39151000976562|7|1806
105.65638732910156|121|1807
141.52374267578125|6|1808
155.68177795410156|6|1809
146.11900329589844|4|1810
107.0536880493164|7|1811
120.0807113647461|7|1812
123.49154663085938|7|1813
123.92366790771484|7|1814
128.806640625|7|1815
131.16514587402344|7|1816
130.30316162109375|7|1817
130.78897094726562|7|1818
130.1009979248047|7|1819
123.87932586669922|7|1820
113.28495788574219|7|1821
114.62620544433594|7|1822
116.96170043945312|7|1823
113.0706558227539|7|1824
112.78984832763672|7|1825
112.24102020263672|7|1826
112.96737670898438|7|1827
112.99573516845703|7|1828
113.88050842285156|7|1829
114.3496322631836|7|1830
112.90229797363281|7|1831
110.02609252929688|7|1832
102.87902069091797|7|1833
94.69042205810547|7|1834
96.33179473876953|7|1835
96.84371948242188|7|1836
98.43618774414062|7|1837
95.9778060913086|7|1838
94.20307159423828|7|1839
95.40531158447266|7|1840
95.54231262207031|7|1841
93.8893051147461|7|1842
91.26441955566406|7|1843
91.44559478759766|7|1844
91.23487091064453|7|1845
85.2545394897461|7|1846
74.5471420288086|7|1847
76.00263214111328|7|1848
79.66175079345703|7|1849
75.52792358398438|7|1850
77.56942749023438|7|1851
76.82530212402344|7|1852
75.7038345336914|7|1853
64.64834594726562|7|1854
111.66019439697266|9|1855
128.97767639160156|6|1856
146.3681182861328|6|1857
186.09385681152344|4|1858
126.02169799804688|3|1859
147.5145721435547|7|1860
166.8857421875|6|1861
170.36021423339844|4|1862
149.20309448242188|4|1863
94.9160385131836|4|1864
91.255126953125|4|1865
78.83374786376953|4|1866
57.06156921386719|3|1867
50.24669647216797|7|1868
51.39067459106445|7|1869
51.67637634277344|7|1870
51.918121337890625|7|1871
48.69792556762695|7|1872
61.76445007324219|17|1873
71.7359848022461|17|1874
69.17425537109375|17|1875
59.446754455566406|17|1876
46.6297607421875|17|1877
41.053340911865234|7|1878
41.59913635253906|7|1879
43.83612823486328|7|1880
63.714290618896484|32|1881
83.21719360351562|33|1882
65.40663146972656|34|1883
66.54222106933594|36|1884
49.409664154052734|39|1885
54.57039260864258|79|1886
60.984283447265625|119|1887
76.53108978271484|120|1888
95.10543060302734|121|1889
104.28227233886719|122|1890
106.01229858398438|122|1891
73.31185150146484|122|1892
68.63109588623047|41|1893
84.15074157714844|122|1894
105.10467529296875|12|1895
134.115966796875|7|1896
152.25973510742188|7|1897
139.9784698486328|7|1898
139.33912658691406|7|1899
143.2408447265625|7|1900
145.47061157226562|7|1901
143.2703399658203|7|1902
147.8162078857422|7|1903
146.47267150878906|7|1904
145.28518676757812|7|1905
132.4518280029297|7|1906
80.91678619384766|6|1907
104.17239379882812|76|1908
110.23192596435547|76|1909
106.78619384765625|8|1910
128.27589416503906|8|1911
134.13433837890625|77|1912
143.46534729003906|77|1913
146.24725341796875|77|1914
156.25071716308594|4|1915
130.5675811767578|76|1916
104.19573211669922|77|1917
107.04768371582031|8|1918
111.73377227783203|8|1919
117.19806671142578|8|1920
122.04180145263672|8|1921
124.50432586669922|8|1922
122.55128479003906|8|1923
121.62562561035156|8|1924
124.04370880126953|8|1925
121.86984252929688|8|1926
115.53360748291016|8|1927
112.13146209716797|8|1928
113.82320404052734|8|1929
119.4244613647461|8|1930
119.0296859741211|8|1931
113.86593627929688|8|1932
113.87801361083984|8|1933
116.22280883789062|8|1934
113.17237854003906|8|1935
110.39591217041016|8|1936
110.37767791748047|38|1937
122.202392578125|38|1938
125.29328155517578|38|1939
119.8938980102539|38|1940
114.7570571899414|38|1941
113.74539947509766|38|1942
111.31869506835938|38|1943
97.2991714477539|38|1944
87.17410278320312|8|1945
86.0654296875|8|1946
85.81314086914062|8|1947
84.48786926269531|8|1948
81.98412322998047|8|1949
83.02049255371094|8|1950
84.61870574951172|8|1951
82.1071548461914|8|1952
75.3662109375|8|1953
72.7997055053711|8|1954
66.84735870361328|8|1955
63.37605285644531|8|1956
68.18456268310547|8|1957
70.1580581665039|8|1958
74.38001251220703|8|1959
101.14875793457031|9|1960
129.20962524414062|6|1961
169.76536560058594|6|1962
159.03387451171875|4|1963
150.09371948242188|4|1964
115.03235626220703|8|1965
127.33349609375|6|1966
127.80685424804688|5|1967
170.4552001953125|4|1968
104.2553939819336|4|1969
103.7136459350586|76|1970
80.0460433959961|4|1971
65.07331085205078|3|1972
35.5261344909668|8|1973
36.40269470214844|8|1974
35.8552360534668|8|1975
35.10699462890625|8|1976
34.722625732421875|8|1977
36.612239837646484|92|1978
58.98388671875|92|1979
50.7224006652832|92|1980
45.90620803833008|23|1981
38.304527282714844|23|1982
30.76751136779785|23|1983
24.75098419189453|23|1984
24.39415168762207|8|1985
23.143604278564453|8|1986
23.276527404785156|8|1987
25.199771881103516|34|1988
50.64041519165039|68|1989
52.90419387817383|68|1990
48.56886672973633|133|1991
58.92802429199219|92|1992
55.022666931152344|92|1993
57.95589828491211|34|1994
61.94490051269531|35|1995
72.08081817626953|35|1996
69.9120101928711|34|1997
82.78607177734375|34|1998
75.19505310058594|34|1999
46.07654571533203|35|2000
78.70956420898438|71|2001
55.81509780883789|71|2002
45.0726318359375|76|2003
89.03545379638672|79|2004
114.01488494873047|80|2005
115.25081634521484|80|2006
110.79003143310547|80|2007
104.83501434326172|81|2008
103.13945770263672|81|2009
103.99556732177734|82|2010
109.5155029296875|82|2011
92.29059600830078|81|2012
52.57660675048828|81|2013
47.21833038330078|61|2014
40.064491271972656|61|2015
28.20284652709961|13|2016
21.84973907470703|12|2017
48.22148513793945|80|2018
55.41109848022461|80|2019
76.4926528930664|115|2020
102.47633361816406|115|2021
121.05937957763672|115|2022
126.63368225097656|115|2023
118.90217590332031|115|2024
99.9481201171875|115|2025
78.57215118408203|115|2026
54.78440856933594|114|2027
60.734039306640625|76|2028
42.9190788269043|77|2029
22.426916122436523|78|2030
54.39727783203125|49|2031
67.22541809082031|48|2032
67.94953155517578|46|2033
57.52817153930664|45|2034
32.996280670166016|44|2035
30.303829193115234|42|2036
27.5776424407959|43|2037
24.877824783325195|43|2038
16.494407653808594|43|2039
15.395587921142578|115|2040
15.522212028503418|115|2041
13.613494873046875|115|2042
13.028183937072754|115|2043
11.84747314453125|115|2044
10.470479011535645|115|2045
10.129128456115723|115|2046
9.909269332885742|115|2047
9.689555168151855|115|2048
9.15121841430664|115|2049
9.296560287475586|115|2050
8.914153099060059|115|2051
6.778453826904297|115|2052
4.677615642547607|40|2053
5.274161338806152|41|2054
3.8518543243408203|81|2055
4.103608131408691|115|2056
4.63966703414917|115|2057
5.348992347717285|41|2058
4.859467506408691|41|2059
6.470755100250244|871|2060
6.4860944747924805|895|2061
8.1867094039917|780|2062
14.400187492370605|36|2063
43.882144927978516|35|2064
49.157222747802734|70|2065
53.04219436645508|101|2066
52.175846099853516|101|2067
59.92851257324219|68|2068
59.304500579833984|68|2069
60.55940246582031|102|2070
69.64279174804688|102|2071
71.68866729736328|103|2072
80.54205322265625|103|2073
74.34789276123047|103|2074
56.366336822509766|69|2075
53.80657196044922|69|2076
57.49103927612305|35|2077
63.25252914428711|35|2078
59.215694427490234|35|2079
50.62509536743164|34|2080
28.083223342895508|34|2081
11.762699127197266|34|2082
9.602474212646484|34|2083
11.832013130187988|41|2084
8.390604019165039|40|2085
4.5019402503967285|68|2086
5.8845977783203125|68|2087
12.539894104003906|40|2088
11.48360824584961|40|2089
6.555490016937256|103|2090
6.344579696655273|103|2091
10.140816688537598|807|2092
12.124968528747559|807|2093
12.564021110534668|807|2094
9.283989906311035|807|2095
29.508729934692383|34|2096
46.32019805908203|34|2097
77.83247375488281|102|2098
113.32440948486328|102|2099
122.42313385009766|102|2100
104.69246673583984|102|2101
75.52018737792969|102|2102
51.80256652832031|68|2103
52.56291580200195|68|2104
50.095680236816406|35|2105
66.52659606933594|35|2106
74.73782348632812|35|2107
54.84703063964844|35|2108
26.9503173828125|34|2109
12.182345390319824|32|2110
11.285045623779297|38|2111
8.711514472961426|35|2112
9.796656608581543|40|2113
9.261246681213379|40|2114
6.285191059112549|42|2115
4.674351692199707|355|2116
5.3936028480529785|40|2117
6.010951519012451|34|2118
4.921259880065918|34|2119
5.995229244232178|37|2120
14.465009689331055|39|2121
74.24502563476562|38|2122
136.91903686523438|9|2123
184.2956085205078|6|2124
190.18917846679688|6|2125
178.90362548828125|5|2126
112.18087005615234|5|2127
120.09732055664062|5|2128
166.67999267578125|4|2129
141.60427856445312|4|2130
80.75677490234375|40|2131
46.50835037231445|40|2132
63.185791015625|4|2133
65.5516128540039|4|2134
56.31964874267578|4|2135
47.255516052246094|4|2136
62.367897033691406|81|2137
83.10136413574219|119|2138
104.11066436767578|118|2139
102.26805114746094|118|2140
85.58841705322266|8|2141
87.52577209472656|8|2142
90.51792907714844|40|2143
82.94709777832031|41|2144
103.62248992919922|42|2145
96.13577270507812|41|2146
64.90581512451172|5|2147
78.41571807861328|4|2148
116.25325012207031|10|2149
154.9874267578125|6|2150
204.32569885253906|6|2151
197.63121032714844|5|2152
129.01535034179688|5|2153
89.68538665771484|5|2154
127.82584381103516|4|2155
137.94757080078125|4|2156
89.77304077148438|38|2157
63.174827575683594|38|2158
65.72797393798828|4|2159
78.25486755371094|4|2160
85.63082122802734|4|2161
84.87422180175781|4|2162
70.10051727294922|4|2163
97.6400375366211|77|2164
88.4710922241211|114|2165
103.86576080322266|114|2166
91.8298110961914|113|2167
86.27154541015625|37|2168
108.68950653076172|38|2169
104.89994812011719|38|2170
108.72007751464844|39|2171
100.10692596435547|39|2172
90.94744110107422|38|2173
51.13821029663086|38|2174
79.1451416015625|10|2175
137.6034393310547|9|2176
205.6764373779297|6|2177
188.6807098388672|5|2178
175.2890625|5|2179
121.74140167236328|5|2180
118.00613403320312|4|2181
150.30374145507812|4|2182
125.75922393798828|4|2183
92.35393524169922|4|2184
102.41899871826172|4|2185
110.48265838623047|4|2186
87.69535827636719|4|2187
52.435516357421875|4|2188
34.20988464355469|8|2189
76.18924713134766|8|2190
86.00487518310547|8|2191
84.42288970947266|8|2192
82.41138458251953|8|2193
78.3023910522461|8|2194
70.20313262939453|8|2195
85.16275787353516|34|2196
81.4017562866211|34|2197
76.43894958496094|35|2198
69.74859619140625|35|2199
60.098758697509766|9|2200
65.36752319335938|9|2201
135.47189331054688|10|2202
182.85362243652344|6|2203
191.69366455078125|6|2204
179.64085388183594|5|2205
108.08634185791016|5|2206
113.55709075927734|5|2207
163.33560180664062|4|2208
148.8278350830078|4|2209
86.21675872802734|4|2210
60.7363395690918|39|2211
68.83203125|115|2212
83.81910705566406|4|2213
89.95384216308594|4|2214
65.96615600585938|4|2215
79.87101745605469|124|2216
75.2999038696289|8|2217
82.78288269042969|8|2218
88.63334655761719|8|2219
86.5003433227539|8|2220
80.13359832763672|8|2221
73.91619110107422|8|2222
71.357666015625|9|2223
54.66799545288086|9|2224
49.169620513916016|6|2225
61.435054779052734|5|2226
71.76506805419922|4|2227
109.15294647216797|9|2228
149.49105834960938|6|2229
213.9853515625|6|2230
202.56040954589844|5|2231
144.88853454589844|5|2232
115.59352111816406|5|2233
171.9228515625|4|2234
185.439697265625|4|2235
119.29627990722656|4|2236
56.15690994262695|4|2237
63.4858283996582|4|2238
61.84267807006836|4|2239
41.010108947753906|4|2240
27.258676528930664|4|2241
29.89658546447754|14|2242
48.729705810546875|7|2243
55.520259857177734|7|2244
48.90389633178711|7|2245
37.47964096069336|14|2246
37.13083267211914|14|2247
32.58663558959961|13|2248
30.45744514465332|13|2249
32.497013092041016|11|2250
57.1224250793457|11|2251
50.37468719482422|11|2252
61.2403678894043|10|2253
104.47862243652344|11|2254
158.99803161621094|10|2255
197.54592895507812|6|2256
184.83193969726562|5|2257
162.41421508789062|5|2258
108.89517211914062|5|2259
149.59185791015625|4|2260
173.71571350097656|4|2261
130.43295288085938|4|2262
62.635704040527344|4|2263
44.62967300415039|3|2264
64.9325942993164|4|2265
70.19123840332031|4|2266
61.74137878417969|3|2267
67.5424575805664|3|2268
68.2632827758789|4|2269
71.03451538085938|7|2270
71.0650863647461|7|2271
69.939208984375|7|2272
69.33019256591797|7|2273
67.89414978027344|7|2274
63.27115249633789|7|2275
58.623046875|7|2276
55.453643798828125|6|2277
55.92277526855469|5|2278
57.485469818115234|4|2279
48.50996398925781|4|2280
134.29144287109375|9|2281
176.67384338378906|6|2282
218.35214233398438|6|2283
190.3055877685547|5|2284
122.982666015625|5|2285
128.75491333007812|5|2286
170.37586975097656|4|2287
156.6898956298828|4|2288
91.44139099121094|4|2289
49.24602508544922|4|2290
69.93136596679688|4|2291
76.61197662353516|4|2292
55.5503044128418|4|2293
32.7035026550293|4|2294
37.03402328491211|14|2295
39.81565475463867|14|2296
37.80921936035156|14|2297
40.73729705810547|20|2298
46.30280303955078|7|2299
55.72635269165039|7|2300
58.942684173583984|7|2301
55.229496002197266|6|2302
55.90754699707031|6|2303
49.51991653442383|11|2304
41.59154510498047|10|2305
52.46881103515625|10|2306
123.5218276977539|10|2307
156.21371459960938|9|2308
196.6215362548828|6|2309
189.3443145751953|5|2310
135.77291870117188|5|2311
109.44428253173828|5|2312
159.03245544433594|4|2313
154.60018920898438|4|2314
100.62837982177734|4|2315
70.57450103759766|41|2316
89.65953826904297|41|2317
84.68751525878906|40|2318
89.8831787109375|40|2319
65.36042785644531|3|2320
55.425071716308594|7|2321
86.00419616699219|7|2322
89.0269775390625|7|2323
90.8339614868164|7|2324
93.55745697021484|7|2325
88.81901550292969|7|2326
76.16688537597656|7|2327
65.82154846191406|39|2328
96.22122955322266|39|2329
88.77764892578125|38|2330
92.00629425048828|38|2331
104.77831268310547|38|2332
89.06859588623047|38|2333
149.1387939453125|8|2334
185.67002868652344|6|2335
186.01771545410156|6|2336
177.36758422851562|5|2337
108.70567321777344|5|2338
138.63067626953125|4|2339
183.8471221923828|4|2340
154.18231201171875|4|2341
86.26200103759766|4|2342
57.346595764160156|4|2343
76.0057373046875|4|2344
73.72874450683594|4|2345
54.70711898803711|4|2346
53.36231231689453|78|2347
67.26636505126953|77|2348
70.17204284667969|38|2349
73.38817596435547|37|2350
88.7149658203125|37|2351
107.64873504638672|37|2352
118.8404769897461|37|2353
132.5095977783203|37|2354
123.92317199707031|37|2355
119.04862976074219|36|2356
92.21229553222656|36|2357
72.71414947509766|5|2358
102.34180450439453|4|2359
121.92424011230469|8|2360
158.69322204589844|7|2361
195.00717163085938|6|2362
177.60813903808594|5|2363
106.01080322265625|5|2364
120.5040054321289|4|2365
173.2451934814453|4|2366
159.97337341308594|4|2367
96.55451202392578|4|2368
92.84782409667969|35|2369
79.56803131103516|35|2370
39.078102111816406|3|2371
43.98529815673828|4|2372
66.8860855102539|4|2373
60.259971618652344|5|2374
78.29216003417969|38|2375
91.29176330566406|38|2376
97.15238952636719|38|2377
86.31422424316406|38|2378
46.29362869262695|38|2379
39.05786895751953|15|2380
32.32412338256836|15|2381
30.0777587890625|15|2382
49.6552734375|34|2383
63.56631851196289|102|2384
77.85157775878906|102|2385
99.60665130615234|8|2386
159.5558624267578|8|2387
202.79603576660156|6|2388
196.48973083496094|5|2389
171.83607482910156|5|2390
128.7903289794922|5|2391
119.49266052246094|4|2392
132.31704711914062|4|2393
84.8396987915039|4|2394
70.61772918701172|38|2395
93.14151000976562|38|2396
92.42985534667969|38|2397
88.667236328125|38|2398
83.14064025878906|38|2399
76.54061126708984|38|2400
82.23422241210938|8|2401
93.48384094238281|8|2402
95.46340942382812|8|2403
97.65929412841797|8|2404
99.05706787109375|8|2405
94.26791381835938|8|2406
92.59977722167969|8|2407
82.6207046508789|8|2408
66.96253204345703|7|2409
46.443565368652344|5|2410
44.19862747192383|4|2411
69.97661590576172|11|2412
140.98785400390625|10|2413
175.8377685546875|6|2414
186.0168914794922|6|2415
173.23011779785156|5|2416
109.15552520751953|5|2417
111.3289566040039|5|2418
157.44256591796875|4|2419
142.76043701171875|4|2420
100.28404998779297|41|2421
108.81151580810547|41|2422
103.0718765258789|41|2423
60.189483642578125|4|2424
55.11392593383789|4|2425
48.10939407348633|4|2426
51.83333206176758|15|2427
66.16970825195312|36|2428
107.60185241699219|36|2429
94.3424301147461|36|2430
99.25491333007812|38|2431
103.23086547851562|39|2432
101.93331909179688|40|2433
94.08867645263672|40|2434
43.0555534362793|40|2435
40.26020431518555|5|2436
48.95711135864258|5|2437
62.060157775878906|4|2438
119.68605041503906|9|2439
152.8328857421875|7|2440
213.0696563720703|6|2441
195.86021423339844|5|2442
125.49616241455078|5|2443
114.82852172851562|5|2444
163.64231872558594|4|2445
152.0841827392578|4|2446
105.3735122680664|4|2447
86.23792266845703|73|2448
77.60491943359375|3|2449
83.13045501708984|4|2450
53.07745361328125|4|2451
27.74375343322754|101|2452
42.54880142211914|6|2453
76.5124740600586|6|2454
86.05943298339844|81|2455
111.3384017944336|81|2456
111.51742553710938|81|2457
102.20992279052734|81|2458
109.36832427978516|82|2459
115.18877410888672|82|2460
96.60033416748047|82|2461
83.0714340209961|41|2462
82.034423828125|41|2463
80.22626495361328|41|2464
103.88314819335938|10|2465
170.1833038330078|9|2466
188.24815368652344|6|2467
185.91709899902344|5|2468
165.5037078857422|5|2469
114.94950103759766|5|2470
145.0074005126953|4|2471
173.64218139648438|4|2472
137.25830078125|4|2473
70.76961517333984|4|2474
52.802249908447266|3|2475
69.79234313964844|4|2476
62.873756408691406|4|2477
49.153076171875|6|2478
43.87340545654297|6|2479
49.541221618652344|6|2480
55.017982482910156|6|2481
66.92256164550781|6|2482
74.8307113647461|6|2483
77.5098876953125|6|2484
72.60562133789062|6|2485
65.66146087646484|6|2486
53.34108352661133|7|2487
43.5997314453125|10|2488
49.91569900512695|7|2489
49.54916763305664|7|2490
66.69673919677734|11|2491
129.93666076660156|10|2492
169.7069091796875|6|2493
208.6343231201172|6|2494
183.54820251464844|5|2495
120.96160125732422|3|2496
142.38633728027344|4|2497
180.98480224609375|4|2498
126.67606353759766|4|2499
64.09632873535156|4|2500
61.80241775512695|3|2501
84.67937469482422|3|2502
102.07319641113281|4|2503
76.9996109008789|3|2504
58.360225677490234|3|2505
52.908470153808594|6|2506
66.71939849853516|6|2507
75.62548828125|6|2508
73.8648681640625|6|2509
75.01654052734375|6|2510
73.1860580444336|6|2511
67.7347183227539|6|2512
56.97328186035156|6|2513
45.692665100097656|6|2514
34.08261489868164|6|2515
23.883769989013672|13|2516
29.26836395263672|14|2517
100.5506820678711|10|2518
155.18325805664062|7|2519
201.42613220214844|6|2520
188.38160705566406|5|2521
137.9840087890625|5|2522
110.35144805908203|5|2523
164.74288940429688|4|2524
166.2049560546875|4|2525
100.95860290527344|4|2526
68.7198257446289|34|2527
51.09024429321289|33|2528
61.739288330078125|4|2529
62.82154846191406|4|2530
52.95391082763672|4|2531
37.38362121582031|7|2532
68.16546630859375|6|2533
85.47222137451172|6|2534
92.50653839111328|6|2535
96.47028350830078|6|2536
97.49867248535156|6|2537
93.62457275390625|6|2538
85.8386459350586|6|2539
79.3512191772461|6|2540
75.36148834228516|6|2541
70.05165100097656|6|2542
63.097084045410156|6|2543
63.72216796875|7|2544
153.05909729003906|8|2545
182.59458923339844|6|2546
177.43019104003906|6|2547
192.14405822753906|5|2548
159.39320373535156|5|2549
154.8289337158203|5|2550
189.27865600585938|4|2551
172.0402069091797|4|2552
120.15279388427734|4|2553
83.08738708496094|4|2554
57.47765350341797|4|2555
27.537939071655273|4|2556
22.88610076904297|5|2557
50.19365310668945|80|2558
88.97280883789062|80|2559
97.67396545410156|119|2560
107.28012084960938|119|2561
91.7279281616211|120|2562
66.32588195800781|120|2563
70.06366729736328|40|2564
85.4400634765625|40|2565
106.62946319580078|41|2566
102.53267669677734|41|2567
107.39994812011719|41|2568
102.38203430175781|41|2569
97.66705322265625|40|2570
119.87882995605469|10|2571
160.9099578857422|6|2572
199.91519165039062|6|2573
186.58924865722656|5|2574
139.88609313964844|5|2575
128.15496826171875|5|2576
161.679931640625|4|2577
162.31443786621094|4|2578
111.5960922241211|4|2579
62.13480758666992|4|2580
63.28557586669922|3|2581
97.25640106201172|4|2582
95.48174285888672|4|2583