Dynamite
Taio Cruz

EDM
dynamite
1025x2584
2584

5.99784470978193e-06|961|0
4.5668959501199424e-05|963|1
8.489074389217421e-05|949|2
8.949796028900892e-05|800|3
0.0001013366345432587|792|4
9.327643783763051e-05|895|5
0.00012310182501096278|825|6
0.0001253988448297605|800|7
0.00014421874948311597|872|8
0.0001218321340274997|876|9
0.00012588790559675545|882|10
0.00012815522495657206|872|11
0.00014796684263274074|872|12
0.00012302577670197934|876|13
0.00012728452566079795|882|14
0.0001248232729267329|872|15
0.00014121025742497295|872|16
0.0001203461506520398|876|17
0.00013021235645283014|825|18
0.0016229174798354506|331|19
5.159252643585205|90|20
16.116025924682617|89|21
12.918800354003906|89|22
3.615147829055786|46|23
2.6872925758361816|9|24
2.120976686477661|8|25
2.0014047622680664|7|26
1.6631543636322021|6|27
1.321227788925171|6|28
1.3383387327194214|5|29
0.9490694999694824|5|30
0.5642814040184021|6|31
0.41017279028892517|84|32
0.4507718086242676|78|33
0.4925652742385864|2|34
0.7984760403633118|5|35
1.8394155502319336|5|36
2.345078468322754|3|37
1.6519465446472168|2|38
0.8955225944519043|2|39
0.9344607591629028|2|40
0.9617106318473816|2|41
17.87586784362793|92|42
38.89603805541992|92|43
24.467025756835938|93|44
12.084702491760254|117|45
7.588949680328369|100|46
6.9246931076049805|85|47
3.7266602516174316|85|48
1.276980996131897|6|49
1.4357821941375732|5|50
1.2892409563064575|5|51
0.6579516530036926|3|52
2.053389072418213|62|53
2.7749428749084473|63|54
1.6395151615142822|68|55
0.9994975924491882|3|56
1.1192346811294556|2|57
1.1565465927124023|2|58
0.7381112575531006|1|59
0.4180609881877899|52|60
0.432704359292984|0|61
0.4706011116504669|1|62
4.134294033050537|91|63
14.428168296813965|89|64
12.834538459777832|89|65
3.8337981700897217|66|66
2.602609872817993|9|67
2.125227689743042|8|68
1.8962560892105103|7|69
1.5174612998962402|6|70
1.5417635440826416|6|71
1.542991280555725|5|72
1.034435749053955|5|73
0.3800539970397949|5|74
0.3809337615966797|2|75
0.40968868136405945|5|76
0.5555026531219482|3|77
0.4575079381465912|3|78
0.35109782218933105|5|79
0.2069302797317505|5|80
0.429971843957901|2|81
0.5052015781402588|1|82
0.5592380166053772|1|83
0.6802934408187866|95|84
12.907899856567383|95|85
25.550334930419922|139|86
29.407596588134766|84|87
18.298830032348633|100|88
13.10411548614502|100|89
6.892508029937744|105|90
4.780810832977295|106|91
3.161980152130127|92|92
2.108206033706665|89|93
2.6325931549072266|89|94
2.206176280975342|73|95
1.3263319730758667|72|96
0.8266621828079224|76|97
0.6693209409713745|71|98
0.4586361050605774|135|99
0.5499640703201294|135|100
0.3991487920284271|135|101
0.24865306913852692|1|102
0.28115829825401306|69|103
0.29739910364151|78|104
0.2513923645019531|78|105
3.5811588764190674|89|106
14.532832145690918|89|107
13.791755676269531|89|108
4.807487487792969|66|109
2.273601770401001|9|110
2.0430378913879395|4|111
2.0665552616119385|3|112
1.8571758270263672|2|113
1.4198617935180664|6|114
1.5243412256240845|5|115
1.0333601236343384|5|116
0.5996504426002502|8|117
0.5752519369125366|8|118
0.5486712455749512|8|119
0.4445883333683014|3|120
0.46897467970848083|3|121
0.5264891982078552|2|122
0.35608288645744324|1|123
0.24110864102840424|1|124
0.1762438267469406|1|125
0.1764492690563202|0|126
0.34482789039611816|153|127
13.567837715148926|92|128
35.31354904174805|92|129
27.984954833984375|93|130
13.01103687286377|103|131
8.259933471679688|100|132
6.525595188140869|85|133
4.809934139251709|85|134
1.484236717224121|6|135
1.530572772026062|5|136
1.406900405883789|5|137
0.7220532894134521|5|138
1.3790634870529175|57|139
2.1833302974700928|42|140
1.6161892414093018|61|141
0.5040045380592346|57|142
0.45369574427604675|66|143
0.39673224091529846|77|144
0.3333543539047241|77|145
0.35329708456993103|67|146
0.27988773584365845|46|147
0.28184548020362854|88|148
2.6652069091796875|91|149
12.771476745605469|90|150
13.018060684204102|89|151
4.536073207855225|70|152
2.396430015563965|9|153
2.0206801891326904|8|154
1.8067476749420166|7|155
1.5063422918319702|6|156
1.565583348274231|6|157
1.586260199546814|5|158
1.1049453020095825|5|159
0.4345077872276306|4|160
0.27842482924461365|79|161
0.4920894503593445|74|162
0.5053552389144897|74|163
0.5694913864135742|81|164
0.8161293268203735|81|165
0.5780588984489441|83|166
0.4380755126476288|84|167
0.8381286859512329|75|168
1.3062191009521484|75|169
2.032289981842041|75|170
13.559571266174316|76|171
24.574005126953125|76|172
29.940500259399414|169|173
24.09427261352539|100|174
23.078474044799805|100|175
15.655121803283691|108|176
9.146483421325684|94|177
4.985531806945801|91|178
3.2728495597839355|72|179
2.5852341651916504|106|180
3.013170003890991|81|181
2.2488083839416504|81|182
1.9062159061431885|116|183
1.907455563545227|116|184
1.933158278465271|83|185
1.77374267578125|83|186
1.4350090026855469|124|187
1.304282784461975|100|188
1.0245310068130493|100|189
1.032476544380188|121|190
1.322624683380127|92|191
2.8224003314971924|91|192
13.853985786437988|91|193
15.157535552978516|89|194
5.505337238311768|70|195
2.5574259757995605|28|196
1.9072145223617554|8|197
1.903416395187378|7|198
1.5969136953353882|6|199
1.4545820951461792|6|200
1.3744441270828247|5|201
1.0671050548553467|5|202
0.6633307337760925|6|203
0.48942801356315613|61|204
0.6289390921592712|78|205
0.7346124649047852|74|206
0.9518921971321106|85|207
1.6059036254882812|5|208
2.366018056869507|3|209
1.947666049003601|2|210
2.5081286430358887|91|211
3.317613124847412|92|212
3.1070051193237305|61|213
10.84273624420166|92|214
36.569374084472656|92|215
31.69403648376465|92|216
14.082462310791016|117|217
8.23547077178955|100|218
6.684298992156982|85|219
4.782358169555664|85|220
1.9429967403411865|114|221
1.3857171535491943|6|222
1.7747348546981812|92|223
1.2602407932281494|61|224
1.876785397529602|63|225
2.9325640201568604|63|226
2.605055332183838|73|227
2.8801426887512207|86|228
2.5668559074401855|78|229
4.361475467681885|92|230
3.899027109146118|93|231
2.9788267612457275|90|232
4.542941570281982|91|233
4.20439338684082|92|234
3.210843563079834|92|235
12.33130931854248|90|236
14.508794784545898|89|237
5.194956302642822|70|238
2.6101746559143066|46|239
2.0136845111846924|8|240
2.0956852436065674|7|241
1.5923123359680176|93|242
2.0415308475494385|91|243
3.446404218673706|92|244
2.817286252975464|91|245
1.5157463550567627|61|246
0.7772014141082764|61|247
1.410741925239563|138|248
3.406609535217285|85|249
3.338350534439087|86|250
4.418901443481445|143|251
4.124324321746826|92|252
3.1517844200134277|93|253
4.3379693031311035|92|254
6.058201313018799|92|255
3.9667699337005615|91|256
8.612953186035156|94|257
22.955427169799805|139|258
30.2117862701416|84|259
20.90613555908203|89|260
13.218795776367188|100|261
7.1067705154418945|115|262
6.056342124938965|115|263
5.00285005569458|92|264
4.130764961242676|92|265
3.7960078716278076|92|266
3.1576645374298096|92|267
2.05914306640625|75|268
1.1248524188995361|136|269
3.192993402481079|139|270
4.029644012451172|85|271
6.288171291351318|143|272
6.617683410644531|144|273
4.391244411468506|93|274
3.6768746376037598|90|275
6.477690696716309|92|276
6.503036975860596|92|277
4.176342964172363|61|278
12.005952835083008|90|279
15.176971435546875|89|280
6.282254695892334|70|281
2.537334680557251|66|282
2.631704092025757|143|283
3.1886637210845947|92|284
2.3879785537719727|93|285
2.865779161453247|92|286
4.7242207527160645|92|287
3.892531394958496|91|288
2.7143781185150146|61|289
1.376542568206787|61|290
2.472466230392456|138|291
4.993133544921875|139|292
5.171017169952393|143|293
9.896838188171387|143|294
7.463184833526611|144|295
5.576822280883789|93|296
6.697826385498047|92|297
9.991774559020996|92|298
6.942502021789551|91|299
9.747217178344727|92|300
32.53662109375|92|301
30.650428771972656|91|302
15.101719856262207|91|303
9.280217170715332|92|304
6.671133041381836|85|305
4.867913722991943|115|306
3.3673415184020996|90|307
5.0106201171875|91|308
5.911577224731445|91|309
3.7642698287963867|91|310
3.1166203022003174|61|311
2.559818983078003|61|312
4.499675750732422|85|313
7.431232929229736|85|314
10.406439781188965|143|315
11.424766540527344|143|316
8.902832984924316|93|317
6.266045570373535|90|318
10.972000122070312|92|319
11.379744529724121|92|320
6.954655647277832|61|321
11.136326789855957|90|322
14.623795509338379|89|323
6.302427291870117|73|324
2.6055941581726074|66|325
3.592521905899048|143|326
3.98588490486145|92|327
3.4892942905426025|93|328
4.981726169586182|8|329
6.064507484436035|91|330
5.195239067077637|92|331
3.151665449142456|14|332
6.313757419586182|141|333
16.850481033325195|139|334
15.429107666015625|139|335
27.565195083618164|143|336
26.493486404418945|144|337
20.59840202331543|93|338
18.769115447998047|92|339
30.51152229309082|91|340
29.305862426757812|91|341
16.79926109313965|61|342
10.086809158325195|45|343
5.912276744842529|14|344
6.254542827606201|14|345
17.1420841217041|15|346
23.169166564941406|15|347
22.68909454345703|46|348
26.959793090820312|46|349
24.57514762878418|46|350
19.118396759033203|46|351
23.400930404663086|30|352
26.505098342895508|30|353
31.35379981994629|15|354
33.15059280395508|15|355
17.808652877807617|16|356
15.810901641845703|16|357
32.428466796875|15|358
45.37187194824219|31|359
45.66421127319336|31|360
33.557960510253906|30|361
30.604446411132812|15|362
35.96678924560547|15|363
36.419776916503906|14|364
56.92006301879883|14|365
88.5084457397461|16|366
182.51275634765625|5|367
146.83192443847656|5|368
93.57553100585938|9|369
139.67626953125|6|370
158.01348876953125|6|371
150.0623321533203|6|372
164.1116943359375|5|373
141.76194763183594|5|374
108.17305755615234|6|375
66.6143798828125|7|376
60.06016159057617|7|377
75.19306945800781|6|378
50.55131912231445|7|379
50.64388656616211|6|380
41.3441047668457|6|381
21.72578239440918|42|382
15.450834274291992|41|383
11.79007625579834|12|384
6.674023151397705|13|385
9.503776550292969|19|386
56.293880462646484|17|387
110.76085662841797|5|388
129.12493896484375|9|389
125.57097625732422|9|390
102.97870635986328|8|391
119.08023834228516|7|392
104.32968139648438|6|393
157.752685546875|5|394
166.629150390625|5|395
89.13628387451172|5|396
38.93278884887695|4|397
37.833866119384766|15|398
66.98455810546875|5|399
123.19258117675781|5|400
119.7143783569336|5|401
72.82325744628906|5|402
58.695953369140625|6|403
59.52073287963867|6|404
58.53525161743164|6|405
64.42029571533203|6|406
68.84292602539062|6|407
73.62995910644531|6|408
89.7767333984375|7|409
119.3280258178711|5|410
127.43257141113281|9|411
101.14332580566406|9|412
117.07038116455078|7|413
111.50619506835938|6|414
94.84750366210938|6|415
171.39657592773438|5|416
142.292724609375|5|417
60.43213653564453|4|418
30.173519134521484|4|419
39.67449951171875|5|420
35.19061279296875|5|421
26.276472091674805|12|422
25.302061080932617|12|423
28.765901565551758|6|424
34.63296127319336|6|425
35.851749420166016|6|426
28.829280853271484|6|427
20.111268997192383|6|428
18.32283592224121|6|429
50.148475646972656|17|430
99.09382629394531|5|431
150.95188903808594|9|432
144.6065216064453|9|433
142.99423217773438|6|434
147.83885192871094|7|435
84.70006561279297|7|436
119.91188049316406|5|437
105.70393371582031|5|438
39.10648727416992|3|439
38.36966323852539|5|440
38.390830993652344|46|441
35.5584831237793|46|442
30.263643264770508|45|443
22.903003692626953|43|444
22.39974021911621|42|445
18.22704315185547|11|446
15.468450546264648|11|447
8.316780090332031|11|448
9.671623229980469|18|449
48.51222229003906|18|450
110.36742401123047|9|451
124.52003479003906|10|452
116.05531311035156|9|453
119.0192642211914|4|454
107.83900451660156|5|455
109.47303771972656|6|456
152.5709991455078|5|457
171.98509216308594|5|458
93.46038055419922|5|459
59.21586990356445|8|460
56.78683090209961|8|461
43.5458869934082|8|462
32.37265396118164|5|463
23.07566261291504|94|464
25.053537368774414|83|465
25.185771942138672|88|466
31.179370880126953|88|467
44.676876068115234|91|468
47.64036178588867|92|469
36.15578842163086|76|470
33.250343322753906|76|471
71.41230773925781|16|472
132.5013885498047|5|473
125.33872985839844|9|474
107.62550354003906|9|475
113.1849594116211|7|476
102.27300262451172|7|477
109.26760864257812|6|478
186.44789123535156|5|479
147.5349578857422|5|480
62.16798400878906|4|481
33.24028778076172|4|482
55.6998176574707|9|483
64.05165100097656|7|484
73.97020721435547|4|485
92.66681671142578|4|486
70.05168151855469|5|487
72.12158966064453|5|488
71.77198791503906|5|489
67.87487030029297|5|490
72.86224365234375|5|491
74.21971893310547|5|492
62.78289794921875|6|493
122.01678466796875|6|494
126.90342712402344|5|495
130.1654510498047|9|496
98.73920440673828|8|497
111.16993713378906|7|498
103.84197235107422|6|499
148.2208251953125|5|500
178.8794708251953|5|501
103.52020263671875|5|502
41.50272750854492|4|503
30.932987213134766|4|504
29.647544860839844|5|505
31.199039459228516|5|506
37.08354949951172|16|507
36.42897033691406|16|508
41.45112609863281|45|509
39.5476188659668|30|510
35.68825149536133|15|511
33.4311637878418|15|512
19.237873077392578|15|513
27.989900588989258|16|514
77.37600708007812|16|515
136.0894317626953|9|516
171.18382263183594|9|517
129.35919189453125|6|518
142.8168487548828|7|519
122.0679931640625|7|520
99.40030670166016|4|521
166.3871612548828|5|522
146.3361053466797|5|523
62.34624099731445|4|524
32.55321502685547|4|525
39.9847297668457|5|526
35.718448638916016|5|527
35.30276870727539|10|528
30.351402282714844|10|529
42.57441329956055|123|530
37.27837371826172|123|531
34.82595443725586|122|532
29.24290657043457|122|533
18.33182716369629|61|534
8.326980590820312|19|535
58.976783752441406|17|536
120.54612731933594|5|537
183.1779022216797|5|538
117.81121826171875|9|539
98.43729400634766|8|540
139.58554077148438|7|541
141.46104431152344|6|542
145.1782684326172|5|543
166.731201171875|5|544
119.07579040527344|5|545
81.15621185302734|6|546
57.50115203857422|7|547
63.31132507324219|6|548
66.34587860107422|6|549
48.333309173583984|7|550
52.646644592285156|6|551
32.08162307739258|6|552
31.93918800354004|15|553
20.15981674194336|15|554
11.426843643188477|13|555
4.774041652679443|16|556
20.82884979248047|18|557
69.87039184570312|17|558
129.89190673828125|5|559
130.46905517578125|9|560
109.631591796875|9|561
97.36094665527344|8|562
85.42230224609375|7|563
89.36258697509766|6|564
177.33087158203125|5|565
158.02711486816406|5|566
68.51001739501953|4|567
33.08915328979492|15|568
47.773983001708984|10|569
88.08198547363281|5|570
142.69920349121094|5|571
120.36475372314453|5|572
63.065677642822266|5|573
55.2447395324707|6|574
50.41999053955078|6|575
48.89222717285156|6|576
56.89177703857422|6|577
64.05297088623047|6|578
63.90935516357422|6|579
91.0540771484375|9|580
129.03338623046875|9|581
128.13221740722656|9|582
98.69036865234375|8|583
122.79410552978516|7|584
95.63774871826172|6|585
116.54967498779297|5|586
175.765625|5|587
114.10914611816406|5|588
45.80364227294922|4|589
34.49298095703125|46|590
40.861976623535156|46|591
42.892967224121094|46|592
46.05560302734375|46|593
48.98374557495117|46|594
38.57254409790039|46|595
23.07859992980957|11|596
22.351741790771484|12|597
14.461026191711426|12|598
8.362616539001465|11|599
17.397375106811523|17|600
65.99874877929688|16|601
113.76481628417969|6|602
159.16476440429688|9|603
128.2553253173828|9|604
149.11813354492188|7|605
139.810791015625|7|606
85.8042984008789|4|607
154.34371948242188|5|608
154.02769470214844|5|609
75.13700866699219|4|610
37.65679168701172|46|611
40.22273254394531|46|612
41.33623123168945|46|613
43.056644439697266|46|614
44.99738311767578|46|615
37.368343353271484|46|616
33.68501663208008|15|617
30.52935791015625|15|618
15.432888984680176|14|619
7.5520830154418945|12|620
8.163305282592773|17|621
41.62766647338867|17|622
93.38214874267578|7|623
122.74884796142578|10|624
123.5208511352539|9|625
116.97959899902344|4|626
113.0016098022461|5|627
121.73865509033203|7|628
132.30873107910156|5|629
184.2492218017578|5|630
121.0276870727539|5|631
67.97462463378906|8|632
67.1155776977539|8|633
53.3946647644043|8|634
34.803131103515625|5|635
26.779632568359375|16|636
26.018510818481445|88|637
26.7985782623291|15|638
31.923412322998047|15|639
41.83354187011719|15|640
45.41012954711914|15|641
40.45384216308594|16|642
36.04783248901367|16|643
64.38077545166016|17|644
124.584716796875|5|645
126.37543487548828|9|646
122.40412902832031|9|647
97.8570785522461|8|648
105.81370544433594|7|649
98.89911651611328|6|650
170.79586791992188|5|651
163.4356689453125|5|652
77.47268676757812|4|653
39.62687683105469|61|654
46.62068176269531|9|655
73.12079620361328|9|656
72.92047882080078|5|657
88.82135009765625|4|658
74.45951843261719|4|659
66.27184295654297|5|660
68.48464965820312|5|661
66.68958282470703|5|662
67.45464324951172|5|663
67.97660064697266|5|664
58.15538024902344|5|665
110.12507629394531|6|666
133.43211364746094|5|667
128.6395263671875|9|668
89.9082260131836|8|669
109.19408416748047|7|670
102.50700378417969|6|671
119.55071258544922|5|672
182.53140258789062|5|673
126.32453155517578|5|674
51.96200180053711|4|675
31.504188537597656|4|676
44.549930572509766|5|677
46.63053894042969|5|678
34.309608459472656|5|679
31.82728385925293|10|680
33.176841735839844|10|681
38.077308654785156|77|682
31.341951370239258|10|683
22.76290512084961|10|684
12.83934497833252|10|685
13.191144943237305|16|686
67.35163116455078|16|687
104.81549835205078|6|688
162.44515991210938|9|689
124.97543334960938|9|690
147.85960388183594|6|691
143.83633422851562|7|692
83.51628875732422|4|693
146.5977783203125|5|694
165.02761840820312|5|695
83.25331115722656|5|696
34.60067367553711|4|697
36.951011657714844|5|698
42.44231033325195|5|699
32.5321159362793|5|700
39.9160041809082|46|701
51.57379150390625|46|702
35.75190353393555|45|703
19.6345157623291|20|704
18.396146774291992|19|705
18.933910369873047|20|706
31.306425094604492|20|707
54.785770416259766|20|708
85.34855651855469|16|709
182.56591796875|5|710
146.44326782226562|9|711
112.4781723022461|8|712
117.26954650878906|6|713
144.95912170410156|6|714
137.70387268066406|6|715
170.04566955566406|5|716
141.28421020507812|5|717
93.98683166503906|6|718
61.447547912597656|7|719
58.25072479248047|7|720
73.35016632080078|6|721
53.25392532348633|58|722
52.138511657714844|6|723
41.220008850097656|6|724
37.35517883300781|19|725
31.099449157714844|19|726
12.89449691772461|18|727
4.074963569641113|13|728
10.094202995300293|18|729
55.62617874145508|17|730
120.95674133300781|10|731
156.64276123046875|9|732
145.96017456054688|9|733
118.32768249511719|8|734
67.40676879882812|4|735
71.25233459472656|4|736
155.08262634277344|5|737
174.63519287109375|5|738
83.82306671142578|5|739
34.34283447265625|4|740
41.532344818115234|11|741
66.57585906982422|11|742
114.3387680053711|5|743
121.48615264892578|5|744
82.2845458984375|5|745
72.16445922851562|6|746
70.4829330444336|6|747
66.25247192382812|6|748
67.62491607666016|6|749
69.51219177246094|6|750
72.89888000488281|6|751
80.76670837402344|7|752
112.76190948486328|5|753
145.0610809326172|9|754
114.85417938232422|8|755
88.38288879394531|8|756
84.39688873291016|6|757
94.8812026977539|6|758
171.13192749023438|5|759
137.0248565673828|5|760
58.08029556274414|4|761
29.459115982055664|4|762
38.25228500366211|5|763
43.4854621887207|52|764
46.63090896606445|51|765
49.26221466064453|51|766
34.04345703125|51|767
19.090415954589844|17|768
17.399356842041016|16|769
10.869954109191895|17|770
7.050159454345703|17|771
9.100128173828125|18|772
50.57981491088867|17|773
115.73690032958984|10|774
176.17491149902344|9|775
163.41964721679688|9|776
103.18888854980469|8|777
110.8047103881836|7|778
67.63069915771484|4|779
127.65321350097656|5|780
160.533447265625|5|781
92.11444854736328|5|782
34.94367599487305|4|783
32.29010009765625|5|784
41.96898651123047|5|785
41.759124755859375|5|786
29.84207534790039|5|787
24.35486602783203|46|788
24.921113967895508|30|789
30.54304313659668|15|790
24.502676010131836|15|791
12.843615531921387|12|792
4.961921691894531|11|793
26.677709579467773|18|794
73.216552734375|8|795
131.17262268066406|10|796
146.15951538085938|9|797
133.2008514404297|8|798
122.26962280273438|5|799
99.63870239257812|6|800
119.26594543457031|6|801
179.43939208984375|5|802
145.27822875976562|5|803
70.8056411743164|8|804
70.5040283203125|8|805
61.1595458984375|8|806
38.14473342895508|8|807
29.42323112487793|5|808
36.2487678527832|46|809
56.542293548583984|46|810
53.7565803527832|46|811
30.73385238647461|46|812
39.7713508605957|31|813
44.490089416503906|31|814
42.879268646240234|31|815
51.5206298828125|17|816
97.63165283203125|10|817
138.50363159179688|10|818
150.9921417236328|9|819
141.41102600097656|8|820
97.9599838256836|7|821
95.0084457397461|6|822
152.8441619873047|5|823
177.54373168945312|5|824
98.6056137084961|5|825
38.88886260986328|4|826
34.89152908325195|5|827
62.623870849609375|9|828
49.55930709838867|4|829
78.79835510253906|4|830
92.55409240722656|4|831
99.2615737915039|5|832
98.3305892944336|5|833
94.83784484863281|5|834
90.00707244873047|5|835
87.24173736572266|5|836
79.90834045410156|5|837
91.44793701171875|6|838
117.03156280517578|5|839
131.98426818847656|9|840
112.988525390625|9|841
95.39883422851562|5|842
85.95358276367188|6|843
109.42666625976562|6|844
177.15252685546875|5|845
152.2061767578125|5|846
67.09977722167969|4|847
31.25366973876953|4|848
35.14231872558594|5|849
45.51417541503906|5|850
48.87060546875|5|851
38.52983856201172|5|852
30.575223922729492|5|853
39.34197998046875|46|854
33.10921859741211|46|855
21.807783126831055|5|856
22.17274284362793|15|857
29.80276107788086|15|858
70.7474136352539|15|859
97.34178924560547|10|860
184.49423217773438|9|861
166.22618103027344|9|862
110.47608947753906|6|863
121.99201965332031|7|864
77.00982666015625|7|865
119.09954071044922|4|866
171.75050354003906|5|867
105.85688781738281|5|868
40.421958923339844|4|869
31.916744232177734|4|870
38.307003021240234|5|871
34.97013473510742|16|872
31.055953979492188|16|873
28.364484786987305|122|874
36.30113983154297|122|875
41.43505859375|138|876
44.747798919677734|138|877
38.907875061035156|92|878
26.42072868347168|92|879
26.77149200439453|17|880
59.81391906738281|19|881
166.5338134765625|5|882
160.28712463378906|5|883
122.41497039794922|9|884
110.38807678222656|8|885
131.6875|6|886
140.8312530517578|6|887
166.85256958007812|5|888
151.4171142578125|5|889
95.5250244140625|6|890
58.266239166259766|7|891
55.70799255371094|7|892
74.1855697631836|6|893
53.582008361816406|6|894
54.12265396118164|46|895
46.46186065673828|46|896
36.1095085144043|15|897
45.691768646240234|15|898
50.864768981933594|15|899
45.296234130859375|16|900
26.3123779296875|15|901
38.82192611694336|17|902
89.81040954589844|10|903
143.31631469726562|10|904
154.5649871826172|9|905
119.41011810302734|8|906
83.62779235839844|7|907
98.1991195678711|6|908
139.30506896972656|5|909
178.2257080078125|5|910
110.572021484375|5|911
45.194156646728516|4|912
33.78387451171875|4|913
53.30322265625|10|914
106.50959014892578|5|915
131.8020477294922|5|916
97.85536193847656|5|917
75.7354965209961|6|918
76.79301452636719|6|919
74.14743041992188|6|920
73.92057037353516|6|921
74.28266906738281|6|922
76.90657806396484|6|923
73.47469329833984|7|924
108.17440032958984|4|925
140.74595642089844|9|926
127.85346221923828|9|927
104.34199523925781|8|928
84.8309555053711|6|929
84.86106872558594|6|930
158.3961944580078|5|931
157.611328125|5|932
73.3358383178711|4|933
30.3444766998291|4|934
31.93368911743164|5|935
41.50386047363281|5|936
43.986961364746094|5|937
31.983442306518555|5|938
30.587236404418945|15|939
35.339271545410156|15|940
44.413272857666016|15|941
51.29264450073242|15|942
49.407012939453125|15|943
32.98801803588867|15|944
39.14014434814453|17|945
95.11048126220703|10|946
164.08302307128906|9|947
178.3749237060547|9|948
102.79442596435547|8|949
118.64636993408203|7|950
79.13638305664062|7|951
104.56795501708984|5|952
169.6517791748047|5|953
117.6018295288086|5|954
46.03141403198242|4|955
36.72819137573242|61|956
40.229576110839844|5|957
43.77809143066406|5|958
32.818756103515625|5|959
33.979881286621094|46|960
31.173885345458984|46|961
25.575923919677734|11|962
27.006452560424805|15|963
31.802593231201172|15|964
25.11478614807129|15|965
17.84851837158203|17|966
57.33314895629883|17|967
119.10108184814453|10|968
126.27862548828125|9|969
135.78182983398438|8|970
117.75071716308594|4|971
88.06210327148438|6|972
112.61322021484375|6|973
169.822265625|5|974
164.0768280029297|5|975
80.04495239257812|4|976
62.071346282958984|8|977
57.432640075683594|8|978
41.07390594482422|8|979
32.25809860229492|5|980
39.58456802368164|15|981
38.93468475341797|15|982
45.89234161376953|31|983
53.83068084716797|31|984
61.9438591003418|31|985
64.98721313476562|31|986
53.050533294677734|30|987
38.35432434082031|15|988
79.63296508789062|5|989
139.9918212890625|5|990
162.90394592285156|9|991
102.92669677734375|8|992
85.77433013916016|5|993
85.88204956054688|6|994
123.08546447753906|5|995
184.42420959472656|5|996
126.92035675048828|5|997
52.333011627197266|4|998
33.513919830322266|4|999
58.74481964111328|8|1000
63.21241760253906|6|1001
85.61146545410156|4|1002
91.38027954101562|4|1003
67.67626190185547|5|1004
65.23565673828125|5|1005
64.17497253417969|5|1006
63.77760314941406|5|1007
69.4642105102539|5|1008
69.19550323486328|5|1009
72.0516586303711|6|1010
130.05648803710938|6|1011
138.54104614257812|9|1012
140.1571502685547|9|1013
114.29576110839844|8|1014
82.61279296875|7|1015
107.0541763305664|6|1016
165.01409912109375|5|1017
169.27523803710938|5|1018
83.88967895507812|4|1019
35.439327239990234|4|1020
35.67390441894531|5|1021
49.392364501953125|5|1022
48.86030578613281|5|1023
36.87452697753906|5|1024
28.853010177612305|5|1025
34.6555061340332|46|1026
45.2891731262207|46|1027
47.72201919555664|46|1028
46.77228546142578|46|1029
35.65812301635742|46|1030
45.2542610168457|15|1031
86.97410583496094|15|1032
156.7923583984375|9|1033
179.4967041015625|9|1034
114.3125228881836|6|1035
120.39601135253906|7|1036
92.13336944580078|7|1037
112.8548583984375|4|1038
174.33856201171875|5|1039
131.2191619873047|5|1040
51.58046340942383|4|1041
31.265853881835938|4|1042
30.227672576904297|5|1043
28.213878631591797|5|1044
34.222679138183594|5|1045
30.901653289794922|48|1046
33.18397903442383|61|1047
47.19608688354492|61|1048
40.80563735961914|61|1049
31.92690658569336|61|1050
30.886192321777344|46|1051
37.509578704833984|45|1052
80.43051147460938|16|1053
150.48257446289062|5|1054
188.98263549804688|5|1055
136.1995391845703|9|1056
117.18883514404297|8|1057
130.6799774169922|6|1058
148.2406463623047|6|1059
159.57676696777344|5|1060
162.80384826660156|5|1061
105.93909454345703|6|1062
73.87031555175781|6|1063
61.82400894165039|7|1064
72.18850708007812|6|1065
62.71714401245117|6|1066
48.036041259765625|7|1067
50.236900329589844|6|1068
49.17988204956055|91|1069
62.60631561279297|92|1070
56.909828186035156|92|1071
40.18802261352539|92|1072
32.097713470458984|31|1073
35.90560531616211|46|1074
74.34827423095703|17|1075
138.85772705078125|10|1076
162.05026245117188|9|1077
125.49565887451172|8|1078
92.93019104003906|8|1079
79.7410659790039|6|1080
108.43940734863281|5|1081
178.62461853027344|5|1082
139.23204040527344|5|1083
58.03559875488281|4|1084
44.4781494140625|16|1085
56.36194610595703|15|1086
85.24113464355469|5|1087
125.96048736572266|5|1088
110.46784973144531|5|1089
77.7922134399414|6|1090
78.60211181640625|6|1091
77.31803131103516|6|1092
77.3898696899414|6|1093
78.71353149414062|6|1094
80.34550476074219|6|1095
66.70769500732422|6|1096
90.8310317993164|4|1097
122.3676528930664|9|1098
134.84286499023438|9|1099
114.25669860839844|8|1100
87.24300384521484|5|1101
81.24656677246094|6|1102
135.87841796875|5|1103
169.6333465576172|5|1104
93.83271026611328|5|1105
37.690826416015625|4|1106
33.31269836425781|34|1107
36.10184097290039|5|1108
37.76823806762695|34|1109
34.19436264038086|35|1110
26.64859962463379|52|1111
27.75979995727539|34|1112
32.96167755126953|34|1113
38.629276275634766|34|1114
40.620521545410156|34|1115
40.15269088745117|34|1116
53.45128631591797|17|1117
88.84976959228516|17|1118
143.82095336914062|10|1119
185.81967163085938|9|1120
118.57501220703125|9|1121
118.75360107421875|7|1122
97.29627227783203|7|1123
91.36729431152344|4|1124
162.61280822753906|5|1125
136.90090942382812|5|1126
59.54655456542969|4|1127
44.59002685546875|92|1128
39.68367385864258|5|1129
49.53398513793945|5|1130
56.49558639526367|92|1131
55.75661849975586|92|1132
49.515995025634766|92|1133
48.78105163574219|92|1134
43.703548431396484|92|1135
50.985687255859375|115|1136
37.40291213989258|115|1137
30.344236373901367|92|1138
61.82440948486328|16|1139
99.69648742675781|10|1140
125.66190338134766|10|1141
133.5039825439453|8|1142
119.32492065429688|4|1143
104.68724060058594|5|1144
109.47490692138672|7|1145
144.57315063476562|5|1146
170.99461364746094|5|1147
99.83394622802734|5|1148
67.46356964111328|8|1149
61.7376708984375|8|1150
46.11050033569336|8|1151
32.711036682128906|5|1152
36.25556945800781|92|1153
34.72246551513672|92|1154
35.3946533203125|92|1155
34.15843963623047|92|1156
31.57387351989746|92|1157
29.308351516723633|91|1158
23.966644287109375|91|1159
28.670690536499023|16|1160
70.48126220703125|17|1161
132.4856414794922|10|1162
159.45423889160156|9|1163
122.333251953125|8|1164
100.60220336914062|8|1165
78.44207763671875|6|1166
106.15380096435547|6|1167
178.48623657226562|5|1168
146.74655151367188|5|1169
65.2047348022461|4|1170
47.49315643310547|23|1171
57.02903747558594|23|1172
63.090789794921875|23|1173
71.72161102294922|4|1174
94.61137390136719|4|1175
81.89636993408203|5|1176
79.64762878417969|5|1177
77.78807067871094|5|1178
73.2818603515625|5|1179
74.82589721679688|5|1180
72.93184661865234|5|1181
55.68251037597656|5|1182
117.4912109375|6|1183
134.0480499267578|5|1184
144.79470825195312|9|1185
117.15863037109375|8|1186
91.36898803710938|5|1187
99.93717193603516|6|1188
143.2410888671875|5|1189
181.00479125976562|5|1190
108.787353515625|5|1191
43.14414596557617|4|1192
30.26270294189453|4|1193
39.64395523071289|5|1194
35.96910095214844|10|1195
39.395965576171875|10|1196
37.9571533203125|10|1197
36.37293243408203|10|1198
35.5994873046875|10|1199
34.766788482666016|68|1200
28.278833389282227|68|1201
25.74616813659668|46|1202
31.830322265625|46|1203
69.66903686523438|16|1204
141.58316040039062|10|1205
191.77391052246094|9|1206
118.03570556640625|9|1207
111.72642517089844|7|1208
106.73979949951172|7|1209
98.11580657958984|4|1210
162.40086364746094|5|1211
152.12371826171875|5|1212
65.88279724121094|4|1213
44.70404815673828|20|1214
46.860939025878906|19|1215
43.69158172607422|19|1216
31.249351501464844|10|1217
32.4159049987793|46|1218
35.331817626953125|46|1219
44.38460159301758|69|1220
42.897239685058594|69|1221
39.777896881103516|46|1222
47.42139434814453|46|1223
48.26937484741211|45|1224
61.918758392333984|17|1225
104.54623413085938|5|1226
184.24098205566406|5|1227
142.66619873046875|9|1228
112.61611938476562|8|1229
146.47962951660156|6|1230
163.79214477539062|6|1231
145.96217346191406|5|1232
161.59759521484375|5|1233
124.5569076538086|5|1234
94.48340606689453|6|1235
75.28024291992188|129|1236
66.89409637451172|6|1237
69.57804870605469|6|1238
59.823814392089844|103|1239
79.6393051147461|103|1240
79.17389678955078|103|1241
58.1648063659668|103|1242
40.730648040771484|103|1243
54.496131896972656|52|1244
65.91856384277344|51|1245
64.74808502197266|51|1246
65.79151153564453|17|1247
126.51026916503906|10|1248
151.6409149169922|9|1249
133.1360321044922|9|1250
106.97599792480469|8|1251
76.03299713134766|6|1252
102.55645751953125|6|1253
176.0914764404297|5|1254
159.7255859375|5|1255
70.94219970703125|4|1256
41.50711441040039|26|1257
45.23221206665039|8|1258
82.72535705566406|5|1259
119.3337173461914|5|1260
94.71935272216797|5|1261
60.70046615600586|5|1262
66.14772033691406|6|1263
68.4869155883789|6|1264
67.32144165039062|6|1265
69.23474884033203|6|1266
70.2203598022461|6|1267
66.4881362915039|6|1268
82.00096893310547|4|1269
121.76582336425781|10|1270
143.5638885498047|9|1271
117.67011260986328|8|1272
89.04737854003906|5|1273
84.26458740234375|6|1274
108.46693420410156|5|1275
175.35951232910156|5|1276
118.38278198242188|5|1277
50.08020782470703|4|1278
40.389461517333984|28|1279
42.08793258666992|27|1280
43.85794448852539|23|1281
45.348731994628906|23|1282
36.976619720458984|23|1283
41.22758102416992|23|1284
58.45640563964844|23|1285
81.3095932006836|23|1286
94.74371337890625|23|1287
91.45008087158203|23|1288
76.59068298339844|22|1289
70.92477416992188|22|1290
135.6808319091797|10|1291
178.11297607421875|9|1292
135.56585693359375|9|1293
97.07996368408203|8|1294
107.99080657958984|7|1295
79.18685913085938|4|1296
153.10675048828125|5|1297
160.3564453125|5|1298
77.84613037109375|4|1299
35.089874267578125|123|1300
40.78817367553711|123|1301
54.11079406738281|92|1302
66.85469818115234|92|1303
73.2656021118164|92|1304
65.60099792480469|92|1305
52.693626403808594|122|1306
37.60073471069336|123|1307
40.50807189941406|123|1308
50.06361389160156|122|1309
60.946407318115234|122|1310
61.71684646606445|122|1311
89.2670669555664|16|1312
127.90122985839844|10|1313
136.4907684326172|9|1314
118.38155364990234|8|1315
114.12085723876953|5|1316
105.55962371826172|7|1317
119.51890563964844|5|1318
178.4281768798828|5|1319
125.6449203491211|5|1320
97.35842895507812|92|1321
86.54387664794922|92|1322
55.626949310302734|92|1323
27.94359016418457|8|1324
30.204036712646484|61|1325
37.65558624267578|62|1326
73.58767700195312|92|1327
100.8096923828125|92|1328
90.33201599121094|92|1329
60.73380661010742|91|1330
29.474674224853516|30|1331
35.51095199584961|61|1332
56.038917541503906|16|1333
118.36895751953125|10|1334
151.44888305664062|9|1335
142.00241088867188|9|1336
116.29473876953125|8|1337
75.83248901367188|7|1338
94.6473159790039|6|1339
164.23500061035156|5|1340
163.46923828125|5|1341
80.50267028808594|4|1342
50.298912048339844|31|1343
53.23299789428711|31|1344
76.43375396728516|7|1345
68.302490234375|5|1346
88.217041015625|4|1347
69.37425231933594|4|1348
66.03888702392578|5|1349
77.2541732788086|5|1350
71.52188110351562|5|1351
67.82147216796875|5|1352
72.2165756225586|3|1353
78.2578125|3|1354
101.77925872802734|3|1355
148.25131225585938|4|1356
125.43235778808594|9|1357
107.55647277832031|8|1358
93.68115997314453|5|1359
129.6572265625|4|1360
148.6096649169922|4|1361
171.9374237060547|5|1362
128.70301818847656|5|1363
110.01387023925781|4|1364
110.51165008544922|4|1365
126.64884948730469|4|1366
104.238525390625|4|1367
79.9294662475586|4|1368
105.26664733886719|4|1369
115.27296447753906|4|1370
100.38798522949219|4|1371
95.20836639404297|4|1372
101.1470947265625|4|1373
110.90261840820312|5|1374
123.50102233886719|5|1375
118.23983764648438|5|1376
159.1123046875|5|1377
167.38758850097656|9|1378
135.1640625|9|1379
147.06663513183594|6|1380
135.66172790527344|6|1381
144.0814971923828|5|1382
173.36587524414062|5|1383
119.7598876953125|5|1384
86.85580444335938|58|1385
98.10240936279297|6|1386
114.34317779541016|6|1387
128.13499450683594|6|1388
138.8412322998047|6|1389
139.9710693359375|6|1390
128.0632781982422|6|1391
104.569580078125|6|1392
104.89404296875|52|1393
105.72856140136719|6|1394
149.24586486816406|6|1395
139.1013641357422|6|1396
113.6619873046875|7|1397
86.13994598388672|8|1398
96.19471740722656|10|1399
122.96385192871094|6|1400
111.93441009521484|6|1401
81.58165740966797|4|1402
103.65450286865234|5|1403
82.333740234375|5|1404
90.16376495361328|5|1405
153.33338928222656|5|1406
139.7503662109375|5|1407
109.16304779052734|6|1408
98.02935791015625|6|1409
99.05052947998047|5|1410
89.6893081665039|5|1411
72.81730651855469|6|1412
91.37281036376953|5|1413
108.53981018066406|5|1414
119.01321411132812|5|1415
119.13318634033203|5|1416
106.86237335205078|5|1417
114.82601928710938|5|1418
104.6151351928711|5|1419
104.02436828613281|5|1420
95.66443634033203|4|1421
93.51995849609375|4|1422
92.61078643798828|4|1423
88.66166687011719|4|1424
83.16127014160156|4|1425
99.03067016601562|4|1426
111.37287902832031|4|1427
106.01168823242188|4|1428
90.33312225341797|4|1429
73.81849670410156|3|1430
77.52564239501953|4|1431
71.52690887451172|4|1432
85.2015609741211|4|1433
81.90251922607422|3|1434
96.25105285644531|154|1435
102.00981903076172|154|1436
90.9334487915039|154|1437
72.16455841064453|155|1438
65.45986938476562|3|1439
70.11267852783203|3|1440
71.47441864013672|3|1441
74.5292739868164|39|1442
77.60580444335938|39|1443
68.97598266601562|39|1444
53.630069732666016|38|1445
53.97168731689453|152|1446
60.939212799072266|76|1447
80.95994567871094|77|1448
49.35622024536133|77|1449
37.086395263671875|2|1450
34.9969482421875|2|1451
33.766639709472656|2|1452
61.752197265625|36|1453
80.0333023071289|35|1454
51.27103042602539|35|1455
62.33042526245117|69|1456
63.746700286865234|68|1457
41.104461669921875|11|1458
37.93684005737305|11|1459
36.74653625488281|11|1460
37.023372650146484|11|1461
35.20161437988281|6|1462
40.702354431152344|6|1463
45.02665710449219|6|1464
77.6319351196289|31|1465
72.35641479492188|31|1466
74.57644653320312|30|1467
89.87213134765625|31|1468
90.40072631835938|31|1469
77.69734954833984|31|1470
54.2119140625|30|1471
80.32472229003906|30|1472
92.05416107177734|30|1473
58.22496032714844|30|1474
55.34977722167969|34|1475
89.52369689941406|34|1476
85.78787994384766|34|1477
84.54772186279297|34|1478
83.73735046386719|34|1479
54.660789489746094|34|1480
20.209915161132812|33|1481
17.54317283630371|49|1482
7.969778060913086|11|1483
17.247608184814453|8|1484
31.821128845214844|69|1485
65.8695297241211|69|1486
107.53536987304688|69|1487
120.83740997314453|69|1488
128.5626220703125|69|1489
137.3976593017578|69|1490
103.61698913574219|70|1491
63.55574035644531|78|1492
68.89073944091797|78|1493
53.248958587646484|78|1494
58.30531311035156|77|1495
32.859825134277344|77|1496
16.22321891784668|38|1497
12.157034873962402|39|1498
10.85547161102295|38|1499
32.42400360107422|8|1500
49.046607971191406|8|1501
49.46385955810547|8|1502
46.80217361450195|8|1503
43.29635238647461|8|1504
43.77021789550781|23|1505
45.61009216308594|23|1506
53.73874282836914|91|1507
64.5951156616211|91|1508
48.31972122192383|91|1509
34.79669952392578|22|1510
48.281131744384766|23|1511
66.94212341308594|24|1512
83.58779907226562|24|1513
96.49632263183594|24|1514
58.950626373291016|23|1515
29.810888290405273|20|1516
42.02626419067383|10|1517
50.77627944946289|10|1518
49.98804473876953|10|1519
47.48820114135742|10|1520
46.96139907836914|10|1521
52.63786697387695|103|1522
65.93729400634766|103|1523
61.076297760009766|103|1524
62.03165817260742|102|1525
62.57743835449219|103|1526
62.197303771972656|155|1527
68.04037475585938|155|1528
57.45553207397461|51|1529
65.43498992919922|51|1530
67.47716522216797|51|1531
37.58383560180664|51|1532
35.61918640136719|22|1533
20.71804428100586|21|1534
17.730274200439453|10|1535
23.596233367919922|29|1536
20.378355026245117|5|1537
41.24736022949219|5|1538
46.019920349121094|10|1539
53.47707748413086|10|1540
56.38954544067383|10|1541
56.66342544555664|10|1542
56.05852508544922|10|1543
58.3044319152832|10|1544
59.71147918701172|10|1545
58.021629333496094|10|1546
57.93260192871094|10|1547
58.76140594482422|10|1548
59.066646575927734|10|1549
57.622413635253906|10|1550
45.354801177978516|10|1551
44.562767028808594|62|1552
81.6806411743164|61|1553
87.71720886230469|61|1554
69.63768005371094|61|1555
59.12805938720703|60|1556
62.8472785949707|60|1557
47.4348030090332|60|1558
61.29010009765625|31|1559
84.76419067382812|30|1560
86.98469543457031|31|1561
75.54181671142578|34|1562
65.07974243164062|34|1563
73.89571380615234|34|1564
66.45773315429688|34|1565
47.66206359863281|34|1566
52.29540252685547|33|1567
28.732913970947266|33|1568
8.632561683654785|33|1569
23.773544311523438|9|1570
31.739070892333984|13|1571
40.76177978515625|13|1572
67.08924102783203|61|1573
93.28401184082031|61|1574
108.8422622680664|61|1575
108.23421478271484|61|1576
98.5022964477539|61|1577
92.71813201904297|61|1578
108.5064697265625|61|1579
123.30912780761719|61|1580
131.4783935546875|61|1581
126.81239318847656|61|1582
120.1440200805664|61|1583
118.62789916992188|61|1584
118.65208435058594|61|1585
120.35611724853516|61|1586
117.87393951416016|61|1587
118.57372283935547|61|1588
121.33540344238281|61|1589
110.45560455322266|61|1590
112.77615356445312|62|1591
116.1083755493164|62|1592
106.11803436279297|62|1593
105.09571838378906|61|1594
103.76105499267578|61|1595
93.897705078125|61|1596
101.549072265625|61|1597
116.8724594116211|61|1598
120.96869659423828|61|1599
77.55156707763672|60|1600
65.69994354248047|60|1601
40.64467239379883|60|1602
53.24999237060547|26|1603
69.257568359375|51|1604
85.7374267578125|52|1605
93.1858139038086|52|1606
108.08967590332031|52|1607
118.80824279785156|52|1608
121.45207977294922|51|1609
133.27484130859375|51|1610
142.31588745117188|51|1611
147.80038452148438|51|1612
128.28497314453125|51|1613
57.198394775390625|51|1614
37.3775520324707|61|1615
39.85175704956055|61|1616
23.997459411621094|58|1617
23.5047664642334|58|1618
23.238367080688477|11|1619
22.503250122070312|11|1620
18.95550537109375|12|1621
14.958443641662598|12|1622
11.682572364807129|12|1623
19.57351303100586|203|1624
32.32107162475586|6|1625
37.65950012207031|6|1626
43.03483200073242|6|1627
44.93183517456055|6|1628
48.027225494384766|6|1629
51.89115905761719|6|1630
54.601375579833984|6|1631
54.34317398071289|6|1632
52.94461441040039|6|1633
52.82529067993164|6|1634
46.80023193359375|6|1635
41.12744903564453|6|1636
40.667545318603516|6|1637
38.44818115234375|153|1638
57.48960494995117|153|1639
55.282623291015625|92|1640
55.00699234008789|92|1641
69.43653869628906|93|1642
62.21293640136719|92|1643
57.44666290283203|92|1644
61.23183822631836|61|1645
34.27542495727539|33|1646
51.459556579589844|33|1647
52.80830383300781|173|1648
57.58720016479492|69|1649
44.733856201171875|34|1650
49.05032730102539|34|1651
49.27951431274414|6|1652
53.693782806396484|6|1653
57.2275390625|6|1654
57.077999114990234|34|1655
80.39512634277344|31|1656
112.81570434570312|31|1657
91.10887145996094|31|1658
73.98965454101562|62|1659
61.98228073120117|61|1660
66.52886962890625|61|1661
64.27022552490234|61|1662
61.486175537109375|61|1663
77.16431427001953|61|1664
98.55220794677734|61|1665
113.0484619140625|61|1666
122.76349639892578|61|1667
136.76278686523438|61|1668
150.24070739746094|61|1669
147.4018096923828|61|1670
121.66442108154297|61|1671
83.15534973144531|61|1672
60.43421936035156|61|1673
54.35210037231445|61|1674
55.28779602050781|61|1675
63.23262023925781|61|1676
83.73250579833984|61|1677
106.49396514892578|61|1678
119.12535858154297|61|1679
124.89058685302734|61|1680
137.6357879638672|61|1681
124.32013702392578|61|1682
61.90263366699219|61|1683
31.259708404541016|8|1684
19.011642456054688|62|1685
19.999534606933594|61|1686
20.718786239624023|61|1687
24.10133171081543|5|1688
50.75845718383789|5|1689
64.54505157470703|5|1690
67.40179443359375|51|1691
64.65613555908203|5|1692
63.89883804321289|5|1693
70.53677368164062|52|1694
76.8688735961914|52|1695
84.0763168334961|103|1696
88.73404693603516|103|1697
80.51604461669922|102|1698
68.62242126464844|51|1699
78.91047668457031|51|1700
89.37267303466797|52|1701
76.35196685791016|51|1702
47.91889190673828|51|1703
23.86884880065918|10|1704
22.98410415649414|10|1705
21.160335540771484|10|1706
18.56954574584961|10|1707
13.027812957763672|10|1708
13.981045722961426|62|1709
33.75454330444336|10|1710
55.258846282958984|10|1711
62.00110626220703|10|1712
60.92375564575195|10|1713
59.142555236816406|10|1714
57.96187210083008|10|1715
56.70964813232422|10|1716
55.55451202392578|10|1717
56.735416412353516|10|1718
59.139713287353516|10|1719
56.17320251464844|10|1720
47.52678680419922|10|1721
49.515037536621094|5|1722
47.203704833984375|5|1723
28.99921989440918|5|1724
23.005783081054688|10|1725
21.749488830566406|10|1726
22.915725708007812|10|1727
23.383832931518555|10|1728
19.592060089111328|10|1729
11.131040573120117|10|1730
15.751964569091797|13|1731
26.68758201599121|14|1732
23.98164939880371|5|1733
22.10573387145996|10|1734
24.319087982177734|10|1735
24.709930419921875|10|1736
23.591480255126953|10|1737
23.926538467407227|5|1738
25.750965118408203|5|1739
28.043874740600586|5|1740
28.672954559326172|5|1741
76.60209655761719|13|1742
125.44505310058594|5|1743
187.9829559326172|5|1744
137.2519989013672|5|1745
111.70848846435547|4|1746
136.66220092773438|4|1747
134.16290283203125|4|1748
115.00047302246094|5|1749
102.34085845947266|4|1750
114.24888610839844|6|1751
86.78083801269531|6|1752
59.38923263549805|7|1753
68.34103393554688|6|1754
53.70008850097656|6|1755
42.15853500366211|7|1756
43.16899490356445|101|1757
62.700199127197266|8|1758
126.08197784423828|6|1759
131.59934997558594|5|1760
109.6583251953125|4|1761
98.76451110839844|4|1762
98.49893188476562|4|1763
111.73355102539062|4|1764
118.9572525024414|4|1765
104.30131530761719|5|1766
74.42170715332031|77|1767
69.5942611694336|115|1768
83.74649810791016|116|1769
91.9433822631836|116|1770
74.6671142578125|116|1771
60.346405029296875|77|1772
73.87283325195312|77|1773
57.951358795166016|12|1774
138.02647399902344|9|1775
118.11483764648438|9|1776
156.27171325683594|5|1777
185.73179626464844|5|1778
104.6364517211914|4|1779
84.73104858398438|4|1780
137.59388732910156|5|1781
112.8791275024414|5|1782
76.42198944091797|4|1783
53.322105407714844|4|1784
56.35221862792969|6|1785
75.20060729980469|5|1786
79.67426300048828|5|1787
80.74066162109375|6|1788
83.5230484008789|77|1789
98.47235107421875|77|1790
111.03691864013672|77|1791
111.20318603515625|77|1792
90.94686126708984|77|1793
67.41754150390625|77|1794
42.797176361083984|77|1795
79.91050720214844|13|1796
125.55509948730469|6|1797
144.5639190673828|5|1798
95.4979019165039|4|1799
102.52877044677734|4|1800
106.41806030273438|5|1801
115.67803192138672|4|1802
121.3446273803711|5|1803
118.57069396972656|5|1804
66.98587799072266|4|1805
56.61408615112305|4|1806
50.44914627075195|28|1807
79.30308532714844|29|1808
66.86576843261719|30|1809
90.10809326171875|61|1810
106.06318664550781|61|1811
92.51417541503906|61|1812
82.36608123779297|61|1813
92.1043930053711|60|1814
83.66100311279297|60|1815
66.58493041992188|61|1816
59.68472671508789|62|1817
54.93838882446289|62|1818
49.226722717285156|31|1819
83.3555679321289|34|1820
90.67367553710938|34|1821
86.2807846069336|34|1822
99.53448486328125|34|1823
107.3902587890625|34|1824
104.06732940673828|34|1825
103.42510986328125|34|1826
102.33953857421875|34|1827
98.75467681884766|34|1828
131.81173706054688|8|1829
146.6768798828125|7|1830
124.42932891845703|4|1831
144.87649536132812|4|1832
122.57511901855469|4|1833
91.92977905273438|4|1834
94.92733764648438|4|1835
109.39627075195312|8|1836
123.52413177490234|8|1837
103.55821990966797|8|1838
59.3222541809082|8|1839
29.306875228881836|7|1840
29.067646026611328|5|1841
37.30472183227539|4|1842
23.30495262145996|4|1843
52.05792999267578|8|1844
116.6449966430664|9|1845
129.44699096679688|5|1846
94.87712097167969|5|1847
89.25952911376953|4|1848
101.97769927978516|4|1849
114.41415405273438|4|1850
126.48564147949219|4|1851
115.96829223632812|4|1852
81.68440246582031|92|1853
86.78704833984375|93|1854
65.44430541992188|93|1855
46.695011138916016|46|1856
87.42831420898438|46|1857
106.12687683105469|46|1858
112.55445098876953|46|1859
105.52288818359375|46|1860
112.60134887695312|6|1861
141.78346252441406|6|1862
99.19737243652344|5|1863
74.29634857177734|78|1864
86.08232116699219|77|1865
103.22046661376953|4|1866
156.79637145996094|5|1867
194.783935546875|5|1868
157.6883544921875|5|1869
107.67073822021484|5|1870
132.28228759765625|5|1871
128.67955017089844|5|1872
99.82954406738281|5|1873
82.57218933105469|5|1874
38.90208435058594|4|1875
27.59465980529785|16|1876
23.430953979492188|10|1877
21.2285099029541|10|1878
20.650264739990234|10|1879
20.162878036499023|123|1880
18.75105094909668|123|1881
69.63286590576172|8|1882
111.28130340576172|8|1883
95.43846130371094|5|1884
94.61089324951172|4|1885
116.24905395507812|4|1886
122.9617691040039|4|1887
117.31224822998047|4|1888
104.88967895507812|4|1889
94.59515380859375|4|1890
79.77740478515625|4|1891
56.35975646972656|10|1892
54.504180908203125|10|1893
51.138763427734375|10|1894
56.085609436035156|10|1895
58.59581756591797|30|1896
72.58074951171875|61|1897
65.77406311035156|61|1898
57.22917938232422|61|1899
73.16344451904297|60|1900
72.42060852050781|61|1901
63.458152770996094|60|1902
57.64042282104492|60|1903
44.75528335571289|30|1904
57.96708297729492|30|1905
43.51300048828125|34|1906
74.16328430175781|35|1907
66.11918640136719|34|1908
72.79318237304688|34|1909
66.23636627197266|34|1910
48.091800689697266|35|1911
31.210004806518555|32|1912
17.48030662536621|163|1913
49.407623291015625|13|1914
102.07444763183594|13|1915
158.9499053955078|5|1916
133.01475524902344|5|1917
89.67013549804688|4|1918
119.05313873291016|4|1919
129.8705291748047|4|1920
117.79415893554688|61|1921
123.28221893310547|61|1922
123.79356384277344|61|1923
109.7103500366211|61|1924
92.5513687133789|61|1925
91.83592224121094|61|1926
113.18446350097656|61|1927
116.82261657714844|61|1928
97.71575927734375|61|1929
77.0015869140625|61|1930
103.70335388183594|13|1931
128.96707153320312|5|1932
118.69937133789062|5|1933
103.554931640625|4|1934
106.92603302001953|61|1935
119.25305938720703|61|1936
118.8561782836914|61|1937
111.46265411376953|61|1938
111.31663513183594|61|1939
106.63622283935547|62|1940
89.94320678710938|62|1941
83.46184539794922|61|1942
99.17329406738281|61|1943
111.6486587524414|61|1944
73.97410583496094|61|1945
41.34617614746094|12|1946
116.59984588623047|9|1947
131.61932373046875|9|1948
124.96469116210938|5|1949
182.66722106933594|5|1950
120.62152099609375|5|1951
79.46047973632812|51|1952
117.3458251953125|4|1953
129.0251007080078|5|1954
119.20509338378906|51|1955
127.34675598144531|51|1956
123.84024810791016|52|1957
113.08375549316406|51|1958
109.30745697021484|51|1959
82.43335723876953|5|1960
74.89252471923828|6|1961
59.68801498413086|6|1962
51.26483917236328|6|1963
29.86555290222168|6|1964
18.962141036987305|12|1965
24.78862953186035|116|1966
21.262008666992188|116|1967
54.15394973754883|13|1968
109.62909698486328|9|1969
113.26824188232422|5|1970
110.36083221435547|5|1971
113.11380767822266|4|1972
103.37918853759766|4|1973
113.52091979980469|4|1974
135.74920654296875|5|1975
98.11518096923828|4|1976
79.75106048583984|4|1977
54.63328552246094|4|1978
43.94171142578125|6|1979
51.09296417236328|5|1980
57.328914642333984|5|1981
90.04013061523438|62|1982
112.06880187988281|61|1983
94.4864273071289|61|1984
65.29319763183594|62|1985
53.73196792602539|61|1986
48.272151947021484|60|1987
26.86055564880371|59|1988
11.514179229736328|116|1989
24.02281951904297|204|1990
43.104427337646484|34|1991
57.172264099121094|34|1992
59.230716705322266|34|1993
64.63541412353516|34|1994
61.25265884399414|35|1995
78.25634765625|35|1996
76.0009765625|35|1997
64.02379608154297|33|1998
72.38191223144531|33|1999
69.18924713134766|31|2000
138.22364807128906|7|2001
136.49220275878906|7|2002
115.95304107666016|4|2003
131.9854736328125|4|2004
123.1578140258789|4|2005
99.5029296875|61|2006
121.06210327148438|61|2007
128.37936401367188|61|2008
117.7787094116211|61|2009
98.98815155029297|61|2010
86.94104766845703|61|2011
96.2719955444336|61|2012
110.52257537841797|61|2013
105.25675964355469|61|2014
89.06058502197266|61|2015
92.70050048828125|61|2016
99.66138458251953|8|2017
122.15739440917969|5|2018
104.93974304199219|5|2019
84.43550872802734|4|2020
101.72085571289062|4|2021
111.64389038085938|4|2022
123.12413024902344|4|2023
121.37651824951172|4|2024
91.40839385986328|4|2025
69.40161895751953|8|2026
73.55503845214844|8|2027
59.77463150024414|8|2028
30.157590866088867|8|2029
35.20588302612305|5|2030
29.138412475585938|4|2031
22.373929977416992|3|2032
100.54330444335938|8|2033
142.24676513671875|7|2034
80.98533630371094|6|2035
79.55130004882812|52|2036
98.5872802734375|51|2037
119.02182006835938|51|2038
118.89799499511719|51|2039
113.85226440429688|5|2040
113.82854461669922|5|2041
72.78287506103516|52|2042
57.05485916137695|104|2043
60.93559646606445|52|2044
51.96638870239258|5|2045
71.25961303710938|5|2046
48.76845932006836|5|2047
26.04852867126465|122|2048
23.979576110839844|122|2049
19.203575134277344|10|2050
18.26589012145996|10|2051
15.6549072265625|10|2052
9.76921558380127|10|2053
50.44962692260742|13|2054
107.47109985351562|8|2055
108.89334869384766|5|2056
97.1105728149414|5|2057
109.15583038330078|4|2058
110.61402893066406|4|2059
103.03463745117188|4|2060
106.4587631225586|4|2061
110.461181640625|5|2062
86.64225769042969|4|2063
56.27458572387695|10|2064
51.10310363769531|10|2065
55.304866790771484|26|2066
89.87432861328125|26|2067
79.99319458007812|27|2068
91.31295776367188|30|2069
70.62882232666016|31|2070
59.76443099975586|31|2071
59.98217010498047|31|2072
54.9961051940918|31|2073
38.624698638916016|31|2074
45.193016052246094|23|2075
64.8798599243164|23|2076
54.675167083740234|23|2077
56.54682922363281|32|2078
72.99470520019531|31|2079
66.27346801757812|62|2080
69.39075469970703|61|2081
69.82144165039062|61|2082
89.52172088623047|92|2083
101.2176284790039|92|2084
93.10223388671875|91|2085
67.2408447265625|61|2086
97.38489532470703|16|2087
208.69503784179688|7|2088
211.83612060546875|6|2089
125.06068420410156|6|2090
127.17340087890625|6|2091
121.32030487060547|6|2092
111.8922348022461|92|2093
166.6903839111328|5|2094
176.9249267578125|5|2095
111.65142822265625|4|2096
47.26102066040039|5|2097
49.36140823364258|4|2098
75.75007629394531|3|2099
80.60309600830078|3|2100
80.15925598144531|3|2101
77.76869201660156|3|2102
66.7080307006836|7|2103
44.18392562866211|7|2104
65.24929809570312|31|2105
92.19358825683594|31|2106
82.3117446899414|31|2107
75.11646270751953|11|2108
115.76953125|5|2109
167.8186798095703|6|2110
172.9754638671875|9|2111
110.85202026367188|8|2112
108.36725616455078|5|2113
103.43990325927734|6|2114
139.18829345703125|4|2115
226.7577362060547|5|2116
193.24317932128906|5|2117
80.06617736816406|5|2118
62.688568115234375|4|2119
114.82707214355469|6|2120
146.54949951171875|6|2121
170.5157928466797|5|2122
116.33108520507812|6|2123
103.4223861694336|61|2124
116.23799133300781|61|2125
110.02249145507812|61|2126
94.62875366210938|62|2127
95.03787994384766|6|2128
89.40184783935547|6|2129
108.00163269042969|11|2130
175.3549041748047|7|2131
182.71826171875|8|2132
130.28158569335938|9|2133
135.60015869140625|6|2134
164.4015655517578|6|2135
132.4326629638672|6|2136
203.5384979248047|5|2137
260.44891357421875|5|2138
143.37796020507812|4|2139
85.53395080566406|4|2140
53.76063919067383|6|2141
46.45720291137695|6|2142
43.26060104370117|5|2143
32.56446075439453|11|2144
35.338687896728516|14|2145
38.35139083862305|15|2146
37.38783264160156|31|2147
39.44529342651367|31|2148
44.61408233642578|31|2149
66.39654541015625|3|2150
79.38334655761719|11|2151
139.3798370361328|11|2152
184.81727600097656|7|2153
177.99966430664062|9|2154
89.88276672363281|7|2155
150.40875244140625|7|2156
115.38182067871094|6|2157
152.05264282226562|4|2158
238.3870391845703|5|2159
166.17401123046875|5|2160
118.86748504638672|4|2161
89.8688735961914|23|2162
48.02826690673828|23|2163
75.00743865966797|62|2164
80.69488525390625|61|2165
81.15229034423828|121|2166
75.02538299560547|122|2167
85.3703842163086|62|2168
97.58057403564453|62|2169
72.5516357421875|30|2170
82.8917465209961|30|2171
66.34098815917969|28|2172
121.0672378540039|11|2173
161.59927368164062|7|2174
195.22592163085938|8|2175
148.2428436279297|8|2176
122.03988647460938|5|2177
117.21309661865234|6|2178
99.29645538330078|4|2179
172.0382843017578|4|2180
208.29830932617188|5|2181
145.68475341796875|4|2182
68.56317901611328|60|2183
77.2708969116211|60|2184
72.27159118652344|58|2185
60.71900177001953|8|2186
80.60738372802734|4|2187
79.3440170288086|4|2188
60.64546585083008|4|2189
50.95820999145508|87|2190
56.49213409423828|92|2191
85.00827026367188|92|2192
89.48413848876953|91|2193
74.93462371826172|91|2194
109.80532836914062|11|2195
160.5941925048828|6|2196
161.7853240966797|9|2197
102.0871810913086|5|2198
129.11434936523438|5|2199
90.19922637939453|6|2200
112.58135986328125|5|2201
199.38233947753906|5|2202
173.54713439941406|5|2203
147.84274291992188|27|2204
104.17646026611328|26|2205
71.05393981933594|9|2206
69.62956237792969|3|2207
89.10211181640625|153|2208
133.4425811767578|5|2209
129.32763671875|5|2210
115.03133392333984|5|2211
115.54613494873047|5|2212
121.36380767822266|5|2213
129.89297485351562|5|2214
123.67304229736328|5|2215
92.05072784423828|5|2216
179.62860107421875|6|2217
188.81980895996094|8|2218
143.00682067871094|9|2219
96.88229370117188|5|2220
127.99476623535156|6|2221
144.24758911132812|6|2222
210.34078979492188|5|2223
278.1681823730469|5|2224
217.05197143554688|5|2225
117.51917266845703|5|2226
51.20914840698242|7|2227
47.27702331542969|8|2228
44.56571578979492|10|2229
35.778263092041016|11|2230
33.9073600769043|14|2231
40.03401565551758|30|2232
44.472633361816406|31|2233
40.92380142211914|31|2234
41.78956985473633|5|2235
61.85177230834961|3|2236
62.46159362792969|19|2237
123.93993377685547|11|2238
171.38153076171875|8|2239
195.40188598632812|8|2240
88.98110961914062|9|2241
133.5032501220703|6|2242
159.921630859375|5|2243
199.0148162841797|4|2244
201.33120727539062|4|2245
175.2339630126953|4|2246
126.87369537353516|4|2247
79.19247436523438|5|2248
83.41944122314453|62|2249
90.80754852294922|62|2250
85.57303619384766|123|2251
101.46607208251953|122|2252
96.0032958984375|122|2253
71.33293914794922|61|2254
61.8759651184082|61|2255
81.60907745361328|31|2256
97.97756958007812|61|2257
117.37040710449219|61|2258
91.85758972167969|62|2259
155.06936645507812|7|2260
204.0345001220703|6|2261
157.48934936523438|9|2262
147.7490692138672|6|2263
162.69134521484375|6|2264
117.45256805419922|6|2265
161.28684997558594|4|2266
212.80718994140625|5|2267
154.73342895507812|5|2268
101.23178100585938|4|2269
116.89776611328125|6|2270
118.744140625|6|2271
109.09367370605469|7|2272
113.36683654785156|6|2273
110.09867858886719|7|2274
81.11356353759766|7|2275
103.82425689697266|31|2276
154.0861358642578|31|2277
143.10330200195312|30|2278
140.69235229492188|30|2279
130.56752014160156|30|2280
111.29032135009766|11|2281
161.0662841796875|6|2282
174.5525665283203|9|2283
130.69090270996094|9|2284
150.9000701904297|5|2285
93.55302429199219|7|2286
103.47808837890625|4|2287
233.3628387451172|5|2288
216.2084197998047|5|2289
117.34587097167969|4|2290
71.08561706542969|6|2291
63.69899368286133|58|2292
85.1242446899414|58|2293
121.4682846069336|5|2294
153.3491668701172|5|2295
154.0465087890625|6|2296
148.82106018066406|6|2297
149.2311553955078|6|2298
152.27218627929688|6|2299
154.70169067382812|6|2300
148.16311645507812|6|2301
109.32345581054688|6|2302
148.86257934570312|7|2303
199.57716369628906|8|2304
166.44618225097656|9|2305
96.44788360595703|8|2306
132.6864013671875|6|2307
105.1688232421875|4|2308
144.11875915527344|4|2309
213.35133361816406|5|2310
203.850830078125|5|2311
95.89787292480469|5|2312
65.7541732788086|4|2313
49.91923141479492|4|2314
35.45711135864258|5|2315
29.38471794128418|5|2316
37.53091049194336|29|2317
42.09454345703125|30|2318
40.232120513916016|31|2319
66.66871643066406|25|2320
102.31855773925781|25|2321
62.35332107543945|30|2322
71.11778259277344|3|2323
133.2858123779297|11|2324
166.488037109375|7|2325
196.6634521484375|8|2326
111.87053680419922|9|2327
143.11532592773438|7|2328
135.1211395263672|7|2329
173.49880981445312|4|2330
260.9097900390625|5|2331
210.303955078125|4|2332
133.09603881835938|4|2333
75.6563720703125|5|2334
58.255802154541016|35|2335
63.97855758666992|34|2336
61.247230529785156|34|2337
46.02195739746094|12|2338
36.011207580566406|32|2339
43.87807083129883|30|2340
36.27459716796875|31|2341
35.782867431640625|31|2342
39.62841796875|31|2343
46.832298278808594|31|2344
90.79141998291016|11|2345
123.68277740478516|6|2346
182.90145874023438|7|2347
173.74681091308594|8|2348
133.4559783935547|5|2349
143.13356018066406|5|2350
106.39331817626953|6|2351
137.37432861328125|5|2352
195.53366088867188|5|2353
147.9185333251953|5|2354
86.07412719726562|4|2355
69.11112976074219|4|2356
79.40453338623047|38|2357
86.06889343261719|38|2358
67.89933776855469|8|2359
96.63467407226562|37|2360
85.04780578613281|37|2361
68.43521881103516|25|2362
111.42620086669922|24|2363
87.74412536621094|23|2364
73.88404083251953|46|2365
68.66883087158203|46|2366
105.41820526123047|11|2367
163.09417724609375|6|2368
168.68939208984375|9|2369
113.89698791503906|9|2370
112.21593475341797|5|2371
119.0360336303711|6|2372
121.5519027709961|23|2373
182.73609924316406|5|2374
190.90432739257812|5|2375
149.75204467773438|23|2376
137.86965942382812|23|2377
67.05421447753906|23|2378
101.31367492675781|5|2379
103.3916015625|5|2380
80.1324234008789|128|2381
83.67403411865234|128|2382
80.54381561279297|5|2383
87.02590942382812|5|2384
82.20452880859375|5|2385
77.84416198730469|5|2386
94.54772186279297|51|2387
95.20558166503906|51|2388
125.54300689697266|6|2389
196.228759765625|7|2390
165.02406311035156|9|2391
155.0055389404297|5|2392
170.13441467285156|5|2393
112.44387817382812|4|2394
153.66285705566406|4|2395
198.39260864257812|5|2396
146.3358917236328|4|2397
104.88858032226562|4|2398
65.6218490600586|5|2399
46.6974983215332|7|2400
56.25575637817383|10|2401
42.87324523925781|10|2402
30.15709686279297|14|2403
35.948463439941406|15|2404
37.929588317871094|30|2405
39.41431427001953|31|2406
35.3847541809082|31|2407
58.598724365234375|4|2408
63.48120880126953|4|2409
103.26940155029297|11|2410
151.38772583007812|8|2411
227.98974609375|8|2412
118.78502655029297|9|2413
107.17281341552734|7|2414
142.61412048339844|6|2415
140.85348510742188|4|2416
180.69329833984375|5|2417
219.28573608398438|5|2418
172.3411102294922|5|2419
100.05846405029297|4|2420
57.82432174682617|31|2421
52.375911712646484|61|2422
63.949100494384766|150|2423
43.30568313598633|87|2424
39.87111282348633|90|2425
53.6844367980957|153|2426
78.93251037597656|123|2427
75.66848754882812|123|2428
74.18790435791016|123|2429
71.27576446533203|123|2430
76.72110748291016|17|2431
119.8593978881836|7|2432
212.06448364257812|6|2433
165.0729522705078|9|2434
130.07223510742188|6|2435
159.41612243652344|6|2436
108.81670379638672|6|2437
140.60821533203125|4|2438
191.3177032470703|5|2439
168.79283142089844|5|2440
105.77790832519531|4|2441
84.42849731445312|6|2442
91.21717071533203|6|2443
94.48666381835938|7|2444
97.25314331054688|6|2445
103.59883880615234|6|2446
89.85873413085938|7|2447
49.8011360168457|8|2448
41.148841857910156|21|2449
59.103633880615234|26|2450
62.81351852416992|29|2451
79.90447998046875|30|2452
106.64989471435547|11|2453
143.37347412109375|6|2454
169.92906188964844|8|2455
124.24880981445312|9|2456
127.79119873046875|5|2457
112.99730682373047|31|2458
112.38095092773438|31|2459
189.5476837158203|5|2460
201.39630126953125|5|2461
132.9386444091797|5|2462
89.6863784790039|4|2463
73.74895477294922|30|2464
106.63105773925781|62|2465
84.8687744140625|4|2466
135.31910705566406|5|2467
136.07118225097656|6|2468
148.99612426757812|6|2469
154.22232055664062|6|2470
147.39334106445312|6|2471
143.4268341064453|6|2472
142.59817504882812|6|2473
117.5304183959961|6|2474
120.86643981933594|7|2475
194.53421020507812|7|2476
182.77835083007812|9|2477
105.65938568115234|8|2478
106.0558853149414|5|2479
106.71870422363281|5|2480
162.18495178222656|4|2481
188.322509765625|5|2482
192.76861572265625|5|2483
131.6746826171875|5|2484
53.68623352050781|7|2485
51.56840896606445|7|2486
48.073211669921875|11|2487
43.27543640136719|12|2488
34.73386764526367|28|2489
45.572994232177734|29|2490
50.837646484375|30|2491
48.227909088134766|31|2492
44.310550689697266|31|2493
46.898834228515625|3|2494
75.26211547851562|3|2495
129.85821533203125|11|2496
143.72122192382812|7|2497
209.00392150878906|8|2498
130.12698364257812|9|2499
80.71636962890625|6|2500
127.65213012695312|6|2501
121.33769989013672|4|2502
172.3099822998047|4|2503
203.27407836914062|5|2504
112.18115234375|4|2505
74.0073013305664|91|2506
62.79195785522461|92|2507
73.31640625|61|2508
65.13709259033203|91|2509
93.78506469726562|92|2510
111.94477081298828|92|2511
97.43646240234375|92|2512
68.42889404296875|152|2513
51.23933792114258|152|2514
41.53497314453125|31|2515
41.09190368652344|31|2516
74.00028228759766|16|2517
108.92928314208984|16|2518
196.60633850097656|7|2519
188.9767608642578|8|2520
98.4978256225586|8|2521
123.58858489990234|5|2522
99.95149230957031|6|2523
139.064453125|4|2524
194.73170471191406|5|2525
162.54095458984375|4|2526
82.82389068603516|4|2527
78.45175170898438|123|2528
74.62178039550781|123|2529
78.8160171508789|8|2530
82.40814208984375|8|2531
80.44206237792969|8|2532
70.30142211914062|8|2533
40.136962890625|8|2534
29.950777053833008|4|2535
37.595462799072266|29|2536
76.36942291259766|30|2537
82.00321960449219|31|2538
104.6734390258789|11|2539
140.16773986816406|5|2540
165.0887451171875|8|2541
157.5951690673828|9|2542
130.73475646972656|5|2543
124.84400939941406|5|2544
108.13880920410156|4|2545
190.781005859375|5|2546
226.58450317382812|5|2547
162.18692016601562|5|2548
118.65072631835938|4|2549
84.95836639404297|4|2550
113.32958221435547|6|2551
145.2854766845703|5|2552
160.0946044921875|5|2553
147.26995849609375|5|2554
121.6357421875|5|2555
117.58748626708984|5|2556
116.04156494140625|5|2557
121.27320098876953|5|2558
126.41077423095703|5|2559
109.11149597167969|5|2560
121.82072448730469|6|2561
200.4379119873047|7|2562
170.41116333007812|8|2563
104.72725677490234|9|2564
96.3535385131836|6|2565
129.95948791503906|6|2566
148.01974487304688|6|2567
255.8692169189453|5|2568
238.84341430664062|5|2569
154.533935546875|5|2570
73.30500030517578|4|2571
49.27227783203125|6|2572
30.970212936401367|5|2573
28.058345794677734|26|2574
34.077308654785156|26|2575
40.73128890991211|29|2576
47.56496810913086|30|2577
46.649532318115234|31|2578
44.43572235107422|31|2579
53.06515884399414|5|2580
69.00847625732422|4|2581
92.12845611572266|12|2582
145.78416442871094|11|2583