Fastcar
Taio Cruz

EDM
fastcar
1025x2584
2584

6.017354280629661e-06|961|0
4.581404209602624e-05|963|1
8.452453766949475e-05|949|2
0.00011324073420837522|809|3
0.00016679539112374187|747|4
0.004344337619841099|0|5
0.017754435539245605|0|6
0.028292790055274963|0|7
0.029438242316246033|0|8
0.02923452854156494|0|9
0.029241148382425308|0|10
0.02829694002866745|0|11
0.019244898110628128|0|12
0.0056272814981639385|0|13
0.00029823885415680707|0|14
0.0035732395481318235|0|15
0.006291516590863466|0|16
0.004388183355331421|0|17
0.01014105323702097|0|18
0.018691230565309525|0|19
0.020548775792121887|0|20
0.01303279958665371|0|21
0.006872082129120827|0|22
0.017786812037229538|0|23
0.5498047471046448|14|24
31.106895446777344|15|25
92.61145782470703|13|26
144.18240356445312|10|27
135.25088500976562|8|28
80.0179672241211|5|29
42.76540756225586|5|30
26.74720573425293|11|31
28.594106674194336|11|32
27.888042449951172|11|33
25.529132843017578|11|34
23.57364273071289|11|35
23.048614501953125|11|36
21.666580200195312|11|37
20.597734451293945|11|38
21.079252243041992|11|39
19.686100006103516|11|40
18.676679611206055|11|41
17.59438705444336|11|42
17.06317710876465|11|43
17.134078979492188|11|44
16.270233154296875|17|45
71.16820526123047|14|46
116.8154296875|11|47
136.74896240234375|8|48
85.60833740234375|8|49
53.35563278198242|5|50
19.07370948791504|5|51
17.20958137512207|11|52
14.49598503112793|11|53
11.04571533203125|11|54
9.019134521484375|103|55
8.935729026794434|103|56
6.855368614196777|103|57
8.117454528808594|7|58
13.037416458129883|26|59
16.096797943115234|13|60
20.67505645751953|13|61
22.770410537719727|13|62
25.420686721801758|13|63
28.253644943237305|13|64
28.55013656616211|13|65
48.78092956542969|15|66
94.74702453613281|10|67
139.7167205810547|8|68
118.00055694580078|8|69
68.63780212402344|5|70
27.95282554626465|5|71
28.449182510375977|13|72
30.94231605529785|13|73
35.377830505371094|13|74
38.34335708618164|13|75
38.47134780883789|13|76
37.523319244384766|13|77
36.44774627685547|13|78
34.306671142578125|13|79
31.244413375854492|13|80
28.937240600585938|13|81
27.100627899169922|13|82
26.083635330200195|13|83
27.324926376342773|13|84
27.21364402770996|13|85
44.95598220825195|13|86
109.05778503417969|13|87
131.43399047851562|9|88
136.425537109375|8|89
79.14408874511719|5|90
45.6813850402832|5|91
21.99540901184082|13|92
20.0878849029541|13|93
15.988164901733398|13|94
13.203781127929688|13|95
12.04849910736084|13|96
11.11844539642334|13|97
12.214972496032715|13|98
15.898490905761719|13|99
18.564191818237305|13|100
18.623266220092773|13|101
19.527320861816406|13|102
20.902488708496094|13|103
21.730085372924805|13|104
22.315580368041992|13|105
20.619386672973633|14|106
75.97044372558594|14|107
122.28921508789062|9|108
159.68592834472656|8|109
85.4534683227539|8|110
58.03810119628906|5|111
36.88239288330078|9|112
40.751548767089844|9|113
43.734683990478516|9|114
43.41654586791992|9|115
42.73974609375|13|116
38.07032775878906|9|117
38.218570709228516|9|118
39.39952850341797|13|119
38.092262268066406|9|120
37.96754837036133|9|121
40.31525421142578|9|122
38.80556869506836|9|123
35.78627014160156|9|124
32.59532928466797|9|125
31.07171630859375|9|126
60.42667007446289|13|127
117.23692321777344|13|128
142.6592559814453|9|129
136.96742248535156|8|130
75.90296173095703|8|131
36.64271545410156|5|132
26.133752822875977|9|133
24.89875602722168|9|134
22.28144073486328|9|135
19.075531005859375|9|136
15.172760009765625|8|137
17.793367385864258|23|138
33.12867736816406|10|139
44.91210174560547|10|140
45.585636138916016|10|141
46.1483154296875|10|142
46.56884765625|10|143
43.473445892333984|10|144
40.74818801879883|10|145
38.96569061279297|10|146
42.8545036315918|9|147
97.74345397949219|14|148
154.11257934570312|10|149
136.5459442138672|8|150
76.3350830078125|5|151
44.020103454589844|5|152
35.943328857421875|10|153
32.330631256103516|10|154
29.463741302490234|10|155
28.151582717895508|10|156
26.890783309936523|10|157
26.127471923828125|10|158
26.584226608276367|10|159
27.75300407409668|10|160
30.123851776123047|10|161
32.60542297363281|10|162
32.03105163574219|10|163
29.13719367980957|10|164
26.52486228942871|10|165
25.356704711914062|10|166
23.204500198364258|10|167
68.14359283447266|14|168
127.17704772949219|10|169
144.39857482910156|8|170
95.25115203857422|8|171
61.11567687988281|5|172
25.15008544921875|29|173
31.365779876708984|29|174
31.883899688720703|29|175
28.887792587280273|29|176
28.29566764831543|29|177
18.32081413269043|29|178
16.611167907714844|23|179
16.309326171875|10|180
17.42298126220703|51|181
16.228235244750977|29|182
17.86309814453125|29|183
19.30607032775879|29|184
22.849685668945312|29|185
25.056320190429688|29|186
19.79557228088379|24|187
44.77909851074219|14|188
94.38505554199219|13|189
135.7288818359375|8|190
118.53268432617188|8|191
72.45433807373047|5|192
49.305477142333984|11|193
46.99311447143555|11|194
45.11881637573242|11|195
40.47587203979492|11|196
37.3255615234375|11|197
34.752952575683594|11|198
34.15678405761719|11|199
30.424348831176758|11|200
28.853662490844727|11|201
29.546659469604492|11|202
29.744230270385742|11|203
58.963687896728516|26|204
52.212974548339844|26|205
21.786474227905273|11|206
21.671146392822266|11|207
24.138439178466797|17|208
87.3050765991211|13|209
128.15745544433594|9|210
141.14732360839844|8|211
77.94178009033203|8|212
51.5337028503418|26|213
44.803768157958984|26|214
22.993911743164062|23|215
19.8621826171875|11|216
17.270713806152344|11|217
13.233488082885742|11|218
13.81670093536377|11|219
19.069887161254883|13|220
35.73454284667969|26|221
42.97714614868164|26|222
38.00968551635742|26|223
35.34364318847656|26|224
31.61007308959961|26|225
29.83690071105957|13|226
30.707496643066406|13|227
33.81339645385742|13|228
94.37544250488281|13|229
135.50244140625|13|230
141.55801391601562|8|231
99.9084243774414|8|232
60.973472595214844|5|233
37.5098991394043|13|234
35.73820114135742|13|235
36.38518142700195|13|236
38.515743255615234|13|237
38.804203033447266|13|238
38.96098327636719|13|239
39.82584762573242|13|240
38.538143157958984|13|241
36.029266357421875|13|242
36.24022674560547|13|243
37.54108810424805|13|244
37.663639068603516|13|245
36.24294662475586|13|246
34.31070327758789|13|247
34.12141036987305|13|248
46.218379974365234|14|249
88.0656509399414|11|250
133.26373291015625|9|251
123.09619140625|8|252
72.98898315429688|5|253
69.49754333496094|26|254
48.766136169433594|26|255
35.87600326538086|13|256
35.573951721191406|13|257
36.2658805847168|13|258
34.31437301635742|13|259
29.898000717163086|13|260
25.85580062866211|13|261
22.85309410095215|13|262
22.199430465698242|78|263
19.84157943725586|13|264
18.838054656982422|13|265
18.993993759155273|13|266
18.71605110168457|13|267
16.645843505859375|26|268
26.361112594604492|15|269
89.16532897949219|14|270
105.17742156982422|8|271
135.01620483398438|8|272
75.88884735107422|5|273
70.1524658203125|29|274
67.63667297363281|29|275
65.77396392822266|29|276
62.408172607421875|29|277
58.578121185302734|29|278
59.82016372680664|29|279
53.25361633300781|29|280
39.658817291259766|29|281
35.196929931640625|51|282
44.3125|51|283
38.53239059448242|52|284
35.185550689697266|58|285
25.94527816772461|10|286
27.889558792114258|51|287
27.538782119750977|50|288
21.735660552978516|24|289
69.85234069824219|14|290
101.09007263183594|11|291
139.62860107421875|8|292
102.36410522460938|8|293
69.92980194091797|5|294
66.42437744140625|52|295
56.46247482299805|52|296
60.76116943359375|51|297
65.77088165283203|51|298
56.83684158325195|51|299
35.837730407714844|51|300
40.64415740966797|26|301
43.80767822265625|9|302
69.49162292480469|51|303
68.52543640136719|52|304
51.298465728759766|51|305
45.97747039794922|52|306
52.401123046875|51|307
51.45893096923828|51|308
33.9571647644043|9|309
43.04172897338867|15|310
109.02998352050781|13|311
161.49078369140625|9|312
140.59532165527344|8|313
73.78031158447266|5|314
36.57585906982422|9|315
35.16148376464844|51|316
34.664634704589844|51|317
30.176443099975586|9|318
29.455934524536133|9|319
30.531787872314453|9|320
31.81705093383789|9|321
32.49536895751953|9|322
34.84765625|27|323
46.999446868896484|26|324
64.64071655273438|51|325
69.82512664794922|51|326
49.85731506347656|25|327
37.11027145385742|9|328
36.503849029541016|9|329
36.529659271240234|13|330
85.78534698486328|14|331
129.91104125976562|9|332
144.6299591064453|8|333
106.46907806396484|8|334
63.768192291259766|8|335
72.4140625|26|336
71.8823471069336|26|337
37.2797737121582|9|338
35.6630859375|9|339
32.66524124145508|9|340
29.485200881958008|9|341
28.890832901000977|9|342
29.35498046875|50|343
43.344791412353516|50|344
31.279010772705078|78|345
43.92168426513672|77|346
26.49046516418457|77|347
23.333187103271484|13|348
24.56784439086914|13|349
21.782100677490234|51|350
55.144248962402344|15|351
119.48309326171875|10|352
134.61756896972656|8|353
100.17636108398438|8|354
67.68716430664062|5|355
45.24843215942383|11|356
44.9642333984375|11|357
42.78108215332031|11|358
38.09324645996094|103|359
33.926700592041016|11|360
29.960886001586914|11|361
26.416610717773438|11|362
27.39297866821289|52|363
30.50372886657715|52|364
26.61915397644043|11|365
41.47551345825195|51|366
50.263755798339844|51|367
36.623748779296875|51|368
26.137365341186523|25|369
23.83395004272461|11|370
21.732500076293945|11|371
80.87667083740234|14|372
135.56507873535156|10|373
144.08628845214844|8|374
127.93577575683594|39|375
128.6188507080078|39|376
80.35621643066406|39|377
36.06837844848633|40|378
27.85459327697754|32|379
22.841217041015625|32|380
13.77871036529541|33|381
20.143701553344727|36|382
50.811275482177734|37|383
51.14757537841797|79|384
66.99761199951172|79|385
38.21138381958008|51|386
36.00286102294922|26|387
44.77227783203125|77|388
39.48918533325195|78|389
40.501853942871094|78|390
86.04345703125|78|391
122.55020904541016|77|392
120.6677017211914|77|393
135.2033233642578|8|394
107.58059692382812|8|395
68.02355194091797|5|396
69.20025634765625|77|397
108.76815032958984|77|398
101.4528579711914|76|399
96.00552368164062|76|400
60.97911834716797|76|401
49.50019073486328|51|402
31.86748504638672|52|403
28.319049835205078|71|404
25.06995391845703|26|405
23.752727508544922|26|406
29.0318660736084|63|407
23.03209114074707|63|408
28.95201873779297|69|409
32.23316955566406|69|410
23.419567108154297|13|411
36.99573516845703|16|412
89.77391815185547|12|413
133.8136749267578|9|414
130.72010803222656|8|415
153.58441162109375|39|416
128.55032348632812|39|417
65.173828125|40|418
32.283905029296875|13|419
31.79743766784668|13|420
31.998929977416992|13|421
31.449071884155273|13|422
39.985958099365234|38|423
58.91124725341797|37|424
80.76775360107422|78|425
80.88524627685547|79|426
35.37034606933594|79|427
43.9460334777832|76|428
43.82783508300781|77|429
42.55088806152344|78|430
80.98567199707031|12|431
145.24334716796875|9|432
174.62155151367188|8|433
99.44414520263672|8|434
56.610923767089844|9|435
87.58451843261719|77|436
121.63520050048828|77|437
108.23321533203125|77|438
92.1316146850586|76|439
55.52143096923828|75|440
45.72807693481445|26|441
45.680625915527344|50|442
78.97727966308594|51|443
81.1591796875|51|444
56.78652572631836|58|445
56.58003616333008|58|446
41.70368576049805|51|447
49.3198127746582|51|448
38.783226013183594|50|449
33.716888427734375|9|450
51.962013244628906|14|451
103.92943572998047|10|452
134.0122528076172|8|453
127.54609680175781|8|454
101.70039367675781|52|455
114.24102783203125|52|456
79.3765640258789|51|457
93.55509185791016|51|458
96.90472412109375|51|459
78.06108093261719|51|460
40.69856643676758|51|461
38.92549133300781|27|462
64.43899536132812|51|463
77.04605865478516|51|464
55.582603454589844|51|465
67.33073425292969|58|466
52.88081741333008|58|467
41.23857116699219|51|468
43.586082458496094|51|469
33.90900421142578|10|470
36.99300003051758|20|471
91.58817291259766|10|472
148.813720703125|9|473
129.81092834472656|8|474
79.55903625488281|5|475
44.8747444152832|5|476
40.72282791137695|86|477
24.294912338256836|58|478
22.353008270263672|58|479
23.93508529663086|24|480
23.155052185058594|24|481
30.417409896850586|24|482
58.37067413330078|24|483
70.85623168945312|25|484
60.1105842590332|104|485
114.92628479003906|104|486
110.77404022216797|104|487
85.33277130126953|103|488
65.00251007080078|51|489
74.14256286621094|51|490
67.56288146972656|103|491
76.64281463623047|14|492
125.93352508544922|10|493
143.1107635498047|8|494
87.5163803100586|8|495
61.17887878417969|5|496
72.06327819824219|57|497
76.8719253540039|57|498
77.10413360595703|29|499
73.97433471679688|29|500
64.25686645507812|29|501
35.8164176940918|27|502
40.655452728271484|51|503
71.74874114990234|51|504
72.76482391357422|51|505
61.92787551879883|58|506
53.5716667175293|58|507
32.236900329589844|51|508
40.98060989379883|51|509
36.24170684814453|50|510
15.250661849975586|29|511
52.0367431640625|15|512
96.84608459472656|13|513
137.57586669921875|8|514
109.92913055419922|8|515
65.5164794921875|5|516
91.7807388305664|52|517
115.29924011230469|52|518
85.32110595703125|52|519
43.22819137573242|11|520
39.4018669128418|11|521
37.392574310302734|11|522
35.01446533203125|11|523
30.44283103942871|11|524
29.62357521057129|49|525
36.77033996582031|49|526
67.20899200439453|26|527
83.20977783203125|26|528
46.21186828613281|26|529
26.473234176635742|65|530
25.243013381958008|65|531
30.436012268066406|15|532
87.99082946777344|14|533
129.6758270263672|9|534
140.61997985839844|8|535
138.0873565673828|39|536
119.8233871459961|39|537
68.91099548339844|40|538
31.63386344909668|33|539
31.99200439453125|33|540
23.691041946411133|43|541
20.64313316345215|44|542
31.093406677246094|36|543
61.397212982177734|77|544
106.1184310913086|78|545
103.06021118164062|79|546
44.700157165527344|78|547
62.05070114135742|77|548
74.70783996582031|77|549
71.62229919433594|128|550
77.20140075683594|78|551
103.07925415039062|78|552
113.68524169921875|77|553
110.72909545898438|10|554
138.2333526611328|8|555
106.0433578491211|130|556
100.17105102539062|129|557
77.09967803955078|77|558
121.11872863769531|77|559
114.1062240600586|76|560
98.77136993408203|76|561
60.652626037597656|75|562
39.47069549560547|76|563
32.253360748291016|102|564
36.31917953491211|71|565
32.699195861816406|78|566
35.39468002319336|66|567
35.91630935668945|63|568
31.48459815979004|69|569
48.005367279052734|69|570
38.833351135253906|69|571
23.249860763549805|77|572
55.77732849121094|14|573
104.56365203857422|13|574
139.2499237060547|8|575
122.30903625488281|8|576
149.1800994873047|39|577
117.23017883300781|39|578
53.910064697265625|40|579
22.715160369873047|13|580
22.666738510131836|77|581
24.414318084716797|77|582
24.591556549072266|13|583
43.6280403137207|37|584
56.836158752441406|37|585
105.70992279052734|78|586
81.87934875488281|79|587
50.52803421020508|103|588
69.73212432861328|77|589
73.586181640625|77|590
76.74357604980469|128|591
64.3308334350586|78|592
108.1727294921875|78|593
130.83848571777344|77|594
123.42601776123047|8|595
143.03787231445312|8|596
98.81517028808594|130|597
92.51607513427734|129|598
105.42996978759766|77|599
124.3759994506836|77|600
110.98468780517578|76|601
85.4014663696289|76|602
68.3393783569336|29|603
66.51437377929688|29|604
61.41127014160156|29|605
73.85955047607422|51|606
62.365760803222656|51|607
54.860313415527344|58|608
47.52406692504883|29|609
42.135780334472656|29|610
41.42336654663086|51|611
33.31230163574219|29|612
29.494335174560547|29|613
65.11953735351562|15|614
100.67215728759766|9|615
132.71278381347656|8|616
95.31864166259766|8|617
111.12086486816406|52|618
100.6822509765625|52|619
78.32150268554688|51|620
94.96361541748047|51|621
97.48056030273438|51|622
76.92874145507812|51|623
48.63587188720703|26|624
53.92836380004883|50|625
65.4839096069336|51|626
59.03281021118164|51|627
47.38032913208008|58|628
51.796695709228516|58|629
45.48369598388672|13|630
45.98595428466797|9|631
47.94338607788086|51|632
38.490543365478516|13|633
46.445396423339844|12|634
102.75914764404297|9|635
159.00350952148438|9|636
148.02992248535156|8|637
83.58970642089844|8|638
47.42344665527344|87|639
34.7571907043457|9|640
33.18940353393555|9|641
30.981054306030273|9|642
29.305038452148438|9|643
28.67964744567871|9|644
25.333402633666992|9|645
25.938568115234375|29|646
36.67350769042969|26|647
64.77658081054688|51|648
95.82903289794922|51|649
69.36347961425781|51|650
47.71364974975586|131|651
27.68910789489746|34|652
29.002527236938477|34|653
33.25172424316406|34|654
91.83182525634766|13|655
122.24024963378906|10|656
115.71965026855469|8|657
77.22150421142578|5|658
53.688148498535156|25|659
80.29048919677734|26|660
51.79693603515625|26|661
33.226768493652344|34|662
34.23396682739258|34|663
31.979150772094727|34|664
29.452789306640625|9|665
31.105348587036133|35|666
48.46449279785156|50|667
53.1729850769043|78|668
83.38704681396484|76|669
88.95853424072266|77|670
36.54398727416992|102|671
30.553556442260742|129|672
37.18269729614258|129|673
39.56571960449219|128|674
74.36487579345703|15|675
114.570068359375|10|676
137.25296020507812|8|677
96.01538848876953|8|678
59.87662124633789|5|679
63.06540298461914|131|680
57.50026321411133|11|681
75.36478424072266|103|682
78.2169189453125|131|683
57.53224563598633|102|684
52.39585876464844|103|685
66.43656921386719|155|686
105.34121704101562|155|687
96.3922119140625|155|688
54.61037826538086|156|689
48.510128021240234|51|690
69.41339111328125|181|691
50.89100646972656|181|692
30.473472595214844|33|693
31.188505172729492|32|694
64.31108093261719|14|695
127.53839111328125|15|696
130.51712036132812|9|697
117.16911315917969|8|698
139.9595184326172|39|699
108.39478302001953|39|700
62.39720153808594|40|701
34.3430061340332|33|702
32.97496795654297|32|703
25.049774169921875|65|704
18.494821548461914|65|705
39.54587173461914|38|706
69.84683227539062|78|707
108.8828125|78|708
86.00403594970703|79|709
51.31171798706055|103|710
55.53777313232422|77|711
64.70391082763672|77|712
79.15455627441406|128|713
62.76667022705078|128|714
113.42996978759766|78|715
140.67462158203125|77|716
122.75859832763672|10|717
138.79637145996094|8|718
107.51941680908203|130|719
88.54984283447266|129|720
104.73323059082031|77|721
123.8033218383789|77|722
108.01930236816406|76|723
90.22065734863281|76|724
56.54960250854492|75|725
40.20663833618164|52|726
36.09573745727539|77|727
34.32904052734375|71|728
23.4265193939209|67|729
34.22175979614258|66|730
32.85676193237305|63|731
34.93157196044922|69|732
46.25959396362305|69|733
30.21939468383789|69|734
28.822303771972656|77|735
96.90787506103516|15|736
120.95880889892578|15|737
144.2819061279297|8|738
137.0287628173828|39|739
152.94435119628906|39|740
98.04396057128906|39|741
42.72133255004883|40|742
28.730314254760742|26|743
27.962007522583008|26|744
29.503807067871094|26|745
30.43497085571289|26|746
54.42485046386719|37|747
81.81246185302734|78|748
107.83831024169922|78|749
68.91737365722656|79|750
54.06233596801758|103|751
57.94253158569336|77|752
68.60063171386719|128|753
74.88775634765625|128|754
96.90623474121094|78|755
124.56070709228516|77|756
131.2450714111328|77|757
185.70489501953125|9|758
143.93617248535156|8|759
90.69465637207031|130|760
84.58413696289062|129|761
102.31285858154297|77|762
116.94385528564453|77|763
107.65165710449219|76|764
73.3171615600586|76|765
60.43570327758789|13|766
58.22383499145508|13|767
62.4775276184082|13|768
79.14743041992188|51|769
66.57054138183594|51|770
56.560096740722656|58|771
49.768314361572266|9|772
46.85845947265625|9|773
43.660831451416016|51|774
42.167015075683594|9|775
40.551639556884766|9|776
113.56631469726562|15|777
142.74330139160156|9|778
151.76922607421875|8|779
108.60213470458984|8|780
113.41620635986328|52|781
97.5589370727539|52|782
87.82785034179688|51|783
97.48277282714844|51|784
89.04483032226562|51|785
60.810916900634766|51|786
42.29548263549805|27|787
45.1495361328125|51|788
75.67649841308594|51|789
70.3806381225586|51|790
65.53022766113281|58|791
66.17517852783203|58|792
43.644371032714844|58|793
45.49383544921875|51|794
39.58807373046875|51|795
36.117977142333984|10|796
56.54623794555664|14|797
132.89622497558594|10|798
147.1707000732422|9|799
99.5155029296875|8|800
61.19560623168945|5|801
34.814144134521484|86|802
30.40308380126953|86|803
26.977291107177734|10|804
25.49640655517578|10|805
22.983129501342773|58|806
23.595216751098633|58|807
31.465421676635742|24|808
55.926116943359375|25|809
55.091976165771484|103|810
128.77914428710938|104|811
158.8614044189453|104|812
124.36277770996094|103|813
79.9635238647461|103|814
74.90188598632812|51|815
87.68504333496094|103|816
65.2198715209961|15|817
131.25209045410156|15|818
134.4635009765625|9|819
123.27123260498047|8|820
76.7083511352539|5|821
61.31941223144531|57|822
77.79776763916016|57|823
79.91746520996094|29|824
74.3239974975586|29|825
60.26449966430664|29|826
34.401206970214844|29|827
36.19055938720703|26|828
54.63459396362305|51|829
76.00019073486328|51|830
61.54451370239258|51|831
59.90825653076172|58|832
43.099449157714844|58|833
38.87234115600586|51|834
46.11197280883789|51|835
29.531206130981445|50|836
18.221511840820312|16|837
75.46715545654297|14|838
116.37369537353516|9|839
134.2615966796875|8|840
78.5718765258789|8|841
78.28130340576172|52|842
113.42659759521484|52|843
116.3899917602539|52|844
61.19456100463867|52|845
53.556297302246094|11|846
47.20699691772461|11|847
42.13999938964844|11|848
38.818214416503906|11|849
38.0439567565918|11|850
38.31964874267578|11|851
54.19969940185547|26|852
92.39016723632812|26|853
80.73136901855469|26|854
35.66093826293945|26|855
29.356128692626953|11|856
30.118257522583008|11|857
87.63844299316406|15|858
124.20658874511719|15|859
138.47268676757812|8|860
117.99650573730469|39|861
136.86260986328125|39|862
90.43741607666016|39|863
48.963619232177734|40|864
23.189645767211914|11|865
21.951753616333008|11|866
20.41153335571289|43|867
19.58723258972168|37|868
54.163330078125|36|869
77.0074462890625|78|870
116.00279998779297|78|871
78.87078857421875|78|872
45.85049819946289|39|873
76.98035430908203|77|874
69.19585418701172|129|875
78.4090347290039|128|876
85.91251373291016|78|877
96.745361328125|78|878
105.88127899169922|77|879
125.92645263671875|9|880
119.31494140625|8|881
94.68115234375|129|882
91.95550537109375|129|883
94.48983001708984|77|884
112.83686065673828|77|885
109.85228729248047|76|886
79.64173889160156|76|887
48.12846755981445|75|888
32.906028747558594|103|889
37.596046447753906|71|890
35.218746185302734|71|891
25.81247329711914|96|892
34.37621307373047|64|893
31.62619400024414|63|894
37.59363555908203|69|895
44.00314712524414|69|896
26.67926025390625|77|897
27.230609893798828|77|898
109.43988037109375|15|899
112.49219512939453|15|900
132.189453125|8|901
131.6723175048828|39|902
139.87448120117188|39|903
90.91281127929688|39|904
32.453609466552734|39|905
23.782196044921875|38|906
24.67110252380371|77|907
21.78911781311035|77|908
28.246950149536133|38|909
53.49428176879883|37|910
81.69356536865234|78|911
105.24210357666016|78|912
53.29206085205078|78|913
48.567569732666016|103|914
80.27659606933594|77|915
70.281982421875|128|916
68.30632019042969|128|917
85.72709655761719|78|918
111.18797302246094|77|919
110.92870330810547|77|920
126.56163787841797|8|921
110.93910217285156|8|922
97.19830322265625|129|923
84.35895538330078|77|924
127.08185577392578|77|925
108.9693603515625|77|926
99.17903900146484|76|927
67.84375762939453|76|928
49.34803009033203|10|929
46.13481140136719|10|930
62.96540451049805|51|931
74.63287353515625|51|932
60.69138717651367|58|933
62.885318756103516|58|934
39.92005920410156|58|935
37.45586395263672|51|936
39.46815490722656|50|937
29.053247451782227|29|938
51.90521240234375|16|939
116.05517578125|15|940
113.38407897949219|9|941
115.23078155517578|8|942
88.77007293701172|52|943
114.33131408691406|52|944
82.60611724853516|52|945
86.04126739501953|51|946
97.92919921875|51|947
88.45170593261719|51|948
65.70984649658203|51|949
54.89463424682617|26|950
59.774959564208984|26|951
83.9554443359375|51|952
85.65948486328125|51|953
61.30953598022461|51|954
57.11616134643555|52|955
55.4845085144043|51|956
61.31572341918945|51|957
48.72499084472656|13|958
39.33503723144531|9|959
62.9074592590332|15|960
135.74961853027344|9|961
151.20401000976562|8|962
115.88438415527344|8|963
68.08245086669922|9|964
49.82593536376953|9|965
44.34384536743164|9|966
39.51824951171875|9|967
37.571327209472656|9|968
33.75971221923828|9|969
33.57111358642578|9|970
32.27492904663086|9|971
33.240509033203125|27|972
48.05838394165039|52|973
91.4648208618164|51|974
96.21170806884766|51|975
51.010292053222656|25|976
37.3537483215332|25|977
21.766611099243164|26|978
20.055387496948242|9|979
77.52130889892578|15|980
123.97984313964844|15|981
101.77345275878906|10|982
79.34677124023438|8|983
43.47963333129883|5|984
64.3653335571289|26|985
68.4593276977539|26|986
27.05624008178711|25|987
18.006919860839844|8|988
16.680559158325195|34|989
16.313823699951172|34|990
16.483346939086914|39|991
38.23576736450195|38|992
50.936363220214844|50|993
69.30012512207031|78|994
100.1482162475586|77|995
60.26395034790039|77|996
37.28632736206055|102|997
36.09837341308594|129|998
40.069122314453125|128|999
39.22177505493164|104|1000
86.99156951904297|14|1001
125.3883056640625|11|1002
105.19873809814453|8|1003
53.90210723876953|11|1004
47.957855224609375|11|1005
60.43696975708008|131|1006
65.96247863769531|103|1007
76.20374298095703|131|1008
77.17884826660156|131|1009
58.51207733154297|103|1010
46.61759567260742|103|1011
79.61061096191406|155|1012
100.39561462402344|155|1013
71.6858901977539|155|1014
44.151363372802734|156|1015
62.624935150146484|181|1016
62.26310348510742|181|1017
30.49559211730957|181|1018
25.45586395263672|11|1019
31.376218795776367|17|1020
101.8971176147461|15|1021
125.63833618164062|15|1022
106.78549194335938|8|1023
123.83336639404297|39|1024
128.34523010253906|39|1025
80.27041625976562|39|1026
38.68482971191406|40|1027
30.83715057373047|32|1028
27.01835823059082|32|1029
21.783203125|65|1030
19.5749454498291|36|1031
51.162357330322266|36|1032
93.8392562866211|78|1033
105.67626953125|79|1034
51.81998825073242|79|1035
49.37482833862305|103|1036
70.88099670410156|77|1037
69.1551513671875|128|1038
72.72520446777344|128|1039
82.17931365966797|78|1040
119.76910400390625|77|1041
126.23932647705078|77|1042
101.02898406982422|9|1043
108.6181640625|130|1044
100.09364318847656|129|1045
84.34261322021484|129|1046
127.71290588378906|77|1047
113.59281158447266|77|1048
100.67073059082031|76|1049
71.54248046875|76|1050
49.17317199707031|51|1051
34.741493225097656|52|1052
37.70506286621094|71|1053
31.825462341308594|71|1054
30.771987915039062|66|1055
34.343650817871094|64|1056
30.815380096435547|63|1057
44.281341552734375|69|1058
44.82750701904297|69|1059
28.506813049316406|77|1060
30.635650634765625|77|1061
46.321109771728516|14|1062
78.2609634399414|11|1063
93.2380599975586|39|1064
144.34866333007812|39|1065
127.70556640625|39|1066
65.29216003417969|40|1067
26.653030395507812|40|1068
21.126800537109375|26|1069
21.276655197143555|26|1070
25.595075607299805|26|1071
36.524051666259766|38|1072
56.17710876464844|77|1073
103.94769287109375|78|1074
98.02723693847656|79|1075
46.00827407836914|104|1076
53.152713775634766|76|1077
57.894535064697266|77|1078
76.96189880371094|128|1079
72.23471069335938|78|1080
114.38367462158203|78|1081
141.00672912597656|77|1082
117.70809173583984|77|1083
95.5045166015625|130|1084
101.55923461914062|130|1085
97.00153350830078|129|1086
75.89802551269531|77|1087
122.5363540649414|77|1088
113.03053283691406|76|1089
95.8927001953125|76|1090
55.81425476074219|75|1091
51.86039352416992|13|1092
55.33772277832031|13|1093
72.92371368408203|51|1094
79.84880828857422|51|1095
58.0849723815918|51|1096
55.114986419677734|58|1097
53.70375061035156|13|1098
51.051387786865234|13|1099
48.052860260009766|13|1100
47.187294006347656|13|1101
48.945892333984375|9|1102
59.73697280883789|15|1103
62.934749603271484|11|1104
66.54750061035156|28|1105
102.3622817993164|52|1106
113.67252349853516|52|1107
75.78600311279297|52|1108
89.54449462890625|51|1109
94.49192810058594|51|1110
75.83907318115234|51|1111
38.54940414428711|51|1112
42.92816925048828|48|1113
62.14846420288086|50|1114
72.14682006835938|51|1115
51.25440979003906|51|1116
46.18106460571289|180|1117
43.77644729614258|174|1118
40.720314025878906|51|1119
49.04393005371094|49|1120
39.65913391113281|48|1121
44.98069763183594|25|1122
77.7002944946289|25|1123
59.53358840942383|57|1124
47.739540100097656|58|1125
52.0143928527832|88|1126
35.11117172241211|76|1127
33.24262619018555|86|1128
26.515501022338867|39|1129
28.894939422607422|39|1130
27.042343139648438|39|1131
19.846168518066406|10|1132
19.3021183013916|10|1133
37.27939224243164|25|1134
55.36872863769531|25|1135
80.86354064941406|104|1136
155.72299194335938|104|1137
141.31170654296875|104|1138
107.90994262695312|103|1139
65.20496368408203|103|1140
76.9530029296875|51|1141
78.93097686767578|103|1142
52.578521728515625|15|1143
83.79331970214844|15|1144
51.12870788574219|15|1145
29.582481384277344|58|1146
45.118045806884766|57|1147
70.6574935913086|57|1148
76.650634765625|57|1149
60.291709899902344|58|1150
53.711029052734375|28|1151
44.72869110107422|29|1152
38.508155822753906|24|1153
39.09566116333008|50|1154
70.6844253540039|51|1155
73.72798919677734|51|1156
58.78913879394531|58|1157
59.46318435668945|58|1158
37.36491775512695|58|1159
38.753841400146484|51|1160
36.05479049682617|50|1161
18.01493263244629|24|1162
17.190441131591797|25|1163
36.94743347167969|26|1164
47.70234680175781|26|1165
55.95466232299805|26|1166
63.86764907836914|52|1167
94.26393127441406|52|1168
125.6175537109375|52|1169
102.69606018066406|52|1170
46.4500617980957|26|1171
39.299598693847656|26|1172
31.411449432373047|26|1173
32.63568878173828|33|1174
31.690786361694336|26|1175
27.7589111328125|11|1176
34.574371337890625|49|1177
72.1959228515625|26|1178
88.39651489257812|26|1179
58.67293930053711|26|1180
24.339506149291992|11|1181
24.464902877807617|11|1182
26.075361251831055|11|1183
59.88520812988281|15|1184
72.24663543701172|15|1185
84.29798889160156|39|1186
133.90780639648438|39|1187
120.15187072753906|39|1188
69.1305160522461|40|1189
29.257078170776367|40|1190
19.476152420043945|32|1191
22.247053146362305|43|1192
18.74020767211914|44|1193
30.249088287353516|37|1194
55.89324188232422|77|1195
102.96285247802734|78|1196
106.00545501708984|79|1197
53.64386749267578|78|1198
62.41067123413086|77|1199
77.70681762695312|77|1200
74.40400695800781|128|1201
67.900390625|78|1202
91.07109069824219|78|1203
104.8700942993164|77|1204
94.34916687011719|77|1205
94.63603210449219|130|1206
101.203857421875|130|1207
95.66970825195312|129|1208
71.24896240234375|129|1209
107.15242767333984|77|1210
105.87265014648438|76|1211
99.69133758544922|76|1212
61.28305435180664|75|1213
40.57665252685547|51|1214
32.19596862792969|102|1215
32.8761100769043|71|1216
31.106449127197266|78|1217
35.730804443359375|66|1218
34.29127502441406|63|1219
28.217309951782227|69|1220
46.72956848144531|69|1221
39.20514678955078|69|1222
24.348529815673828|77|1223
29.33292007446289|39|1224
59.38856506347656|15|1225
59.91411590576172|15|1226
96.2118148803711|39|1227
138.91184997558594|39|1228
118.77500915527344|39|1229
64.0077133178711|39|1230
21.77696990966797|38|1231
23.039817810058594|38|1232
22.333667755126953|77|1233
19.123577117919922|77|1234
39.00004196166992|37|1235
52.5485954284668|37|1236
109.07647705078125|78|1237
88.7518539428711|78|1238
46.25120162963867|103|1239
68.19429016113281|77|1240
77.26888275146484|77|1241
80.74505615234375|128|1242
66.27859497070312|78|1243
100.92239379882812|78|1244
121.40966033935547|77|1245
92.12283325195312|76|1246
99.12284088134766|130|1247
95.14183807373047|130|1248
93.99834442138672|129|1249
105.10060119628906|77|1250
122.95824432373047|77|1251
111.73026275634766|76|1252
91.37077331542969|76|1253
52.145999908447266|75|1254
34.897682189941406|24|1255
42.96199035644531|50|1256
64.10848236083984|51|1257
59.582366943359375|51|1258
63.175682067871094|58|1259
53.90425491333008|58|1260
30.485496520996094|51|1261
40.70646286010742|51|1262
33.278709411621094|50|1263
25.699989318847656|29|1264
41.17412567138672|15|1265
63.581939697265625|15|1266
43.68720626831055|15|1267
55.33864974975586|53|1268
102.76203918457031|52|1269
99.41703796386719|52|1270
73.64215087890625|51|1271
83.18102264404297|51|1272
89.73504638671875|51|1273
72.83232116699219|51|1274
43.64801788330078|51|1275
37.15522003173828|48|1276
62.22632598876953|51|1277
92.67401885986328|51|1278
75.1197509765625|51|1279
55.996952056884766|52|1280
54.316158294677734|52|1281
59.70362854003906|51|1282
48.25838851928711|51|1283
30.08599853515625|52|1284
26.090045928955078|21|1285
39.366844177246094|25|1286
55.73234176635742|25|1287
57.936744689941406|58|1288
51.25349426269531|88|1289
46.72364044189453|87|1290
33.49285888671875|76|1291
27.98269271850586|51|1292
18.559791564941406|52|1293
18.271142959594727|69|1294
19.34608268737793|69|1295
18.18368911743164|69|1296
22.705734252929688|209|1297
29.521276473999023|26|1298
61.11118698120117|52|1299
93.14285278320312|51|1300
69.4050521850586|51|1301
45.100223541259766|131|1302
20.808897018432617|131|1303
20.478178024291992|69|1304
17.635509490966797|34|1305
18.041786193847656|34|1306
15.796390533447266|34|1307
15.88791561126709|34|1308
22.21285629272461|50|1309
35.99445343017578|25|1310
55.277713775634766|26|1311
37.340450286865234|26|1312
13.079254150390625|34|1313
15.041643142700195|34|1314
13.776671409606934|34|1315
13.466108322143555|26|1316
21.475231170654297|39|1317
38.7378044128418|50|1318
44.961280822753906|78|1319
78.60790252685547|76|1320
90.63969421386719|77|1321
36.886322021484375|77|1322
24.953344345092773|129|1323
35.4597282409668|128|1324
33.286861419677734|77|1325
117.5270767211914|13|1326
233.51832580566406|8|1327
222.28271484375|9|1328
204.98634338378906|6|1329
223.73484802246094|6|1330
144.1520538330078|4|1331
156.7799835205078|5|1332
181.2720184326172|5|1333
152.0704803466797|4|1334
188.39901733398438|5|1335
109.0248794555664|5|1336
91.0384292602539|4|1337
143.76519775390625|5|1338
173.56631469726562|5|1339
139.7311553955078|5|1340
100.59644317626953|6|1341
85.22047424316406|5|1342
81.18647766113281|5|1343
84.66763305664062|5|1344
87.94209289550781|5|1345
100.99971008300781|11|1346
194.8667449951172|8|1347
242.6508331298828|9|1348
186.2366180419922|6|1349
219.03176879882812|6|1350
149.55491638183594|5|1351
167.99305725097656|4|1352
247.71038818359375|5|1353
165.72952270507812|4|1354
150.9300537109375|5|1355
139.24072265625|4|1356
169.43426513671875|5|1357
176.8340301513672|5|1358
105.51477813720703|4|1359
137.87130737304688|6|1360
123.70372772216797|6|1361
113.3985366821289|6|1362
100.37972259521484|6|1363
92.31800842285156|6|1364
95.8931655883789|7|1365
84.35777282714844|6|1366
142.20655822753906|9|1367
238.5828399658203|8|1368
198.4214630126953|6|1369
232.35513305664062|6|1370
187.97872924804688|6|1371
147.072021484375|4|1372
194.08140563964844|5|1373
155.235107421875|5|1374
130.0433807373047|4|1375
150.06790161132812|5|1376
113.45321655273438|4|1377
136.44911193847656|5|1378
151.7342071533203|6|1379
112.3348159790039|7|1380
148.3927459716797|6|1381
143.10528564453125|6|1382
130.2805633544922|6|1383
116.94536590576172|6|1384
114.83026123046875|6|1385
98.30204772949219|6|1386
113.3744125366211|14|1387
229.16134643554688|8|1388
218.946533203125|9|1389
205.62420654296875|6|1390
248.25146484375|6|1391
152.54171752929688|6|1392
191.24853515625|5|1393
199.27767944335938|5|1394
157.8685302734375|4|1395
178.45242309570312|5|1396
145.60882568359375|5|1397
126.96578979492188|4|1398
133.9649658203125|5|1399
106.5645523071289|78|1400
65.79142761230469|7|1401
81.69491577148438|6|1402
97.02861785888672|6|1403
104.14610290527344|6|1404
89.29247283935547|6|1405
95.10919952392578|78|1406
105.56452941894531|78|1407
176.23590087890625|9|1408
228.53860473632812|9|1409
182.58705139160156|6|1410
210.24571228027344|6|1411
152.9102783203125|5|1412
143.9376678466797|4|1413
199.2340087890625|5|1414
146.45884704589844|4|1415
163.36973571777344|5|1416
172.6368408203125|5|1417
170.53945922851562|4|1418
179.76370239257812|5|1419
154.49818420410156|4|1420
123.20086669921875|4|1421
95.5190200805664|4|1422
85.00108337402344|4|1423
87.78778839111328|4|1424
86.0543441772461|4|1425
82.77294921875|4|1426
88.77339172363281|12|1427
140.45309448242188|13|1428
255.29193115234375|8|1429
185.49549865722656|9|1430
214.8533935546875|6|1431
194.76852416992188|6|1432
149.2500762939453|4|1433
209.5951385498047|5|1434
180.18443298339844|5|1435
167.08544921875|4|1436
190.21018981933594|5|1437
130.15658569335938|4|1438
84.78571319580078|4|1439
78.44762420654297|4|1440
74.9090576171875|4|1441
67.09471893310547|4|1442
81.0447006225586|5|1443
91.11373901367188|5|1444
73.00544738769531|5|1445
77.89688873291016|5|1446
72.72368621826172|5|1447
143.1068115234375|14|1448
231.33180236816406|9|1449
203.91661071777344|9|1450
186.84756469726562|6|1451
209.5943145751953|6|1452
140.2850341796875|4|1453
166.53118896484375|5|1454
194.71356201171875|5|1455
164.4792938232422|4|1456
210.01309204101562|5|1457
177.41522216796875|5|1458
175.34408569335938|5|1459
181.5995635986328|5|1460
138.19667053222656|5|1461
117.46512603759766|104|1462
157.1434326171875|104|1463
127.98056030273438|103|1464
85.42121124267578|103|1465
77.38823699951172|51|1466
91.33065032958984|103|1467
82.30473327636719|13|1468
180.24317932128906|9|1469
246.2195587158203|9|1470
193.13253784179688|6|1471
229.93084716796875|6|1472
182.04551696777344|5|1473
179.9080047607422|4|1474
246.4313507080078|5|1475
163.90338134765625|4|1476
161.77114868164062|5|1477
144.9600830078125|5|1478
105.36572265625|4|1479
107.7455825805664|5|1480
91.06873321533203|4|1481
73.88714599609375|4|1482
75.29856872558594|58|1483
62.491798400878906|58|1484
58.591575622558594|5|1485
53.48727035522461|10|1486
49.810035705566406|10|1487
59.71977615356445|14|1488
148.29959106445312|13|1489
249.12135314941406|9|1490
189.32862854003906|6|1491
227.22166442871094|6|1492
218.46835327148438|5|1493
163.1077117919922|4|1494
187.77304077148438|5|1495
155.8053436279297|4|1496
172.6057891845703|5|1497
250.68563842773438|5|1498
161.2940216064453|5|1499
95.51815795898438|4|1500
104.41067504882812|4|1501
156.956787109375|5|1502
135.6514892578125|5|1503
91.51824188232422|6|1504
77.75397491455078|5|1505
76.66780853271484|5|1506
84.08905029296875|5|1507
87.43114471435547|5|1508
106.48236846923828|13|1509
221.69834899902344|8|1510
229.3497772216797|9|1511
202.12840270996094|6|1512
237.03009033203125|6|1513
153.94863891601562|6|1514
177.71824645996094|5|1515
244.802734375|5|1516
164.5338134765625|4|1517
153.01502990722656|5|1518
129.7613525390625|4|1519
167.86282348632812|5|1520
149.31292724609375|5|1521
109.05362701416016|7|1522
145.46954345703125|6|1523
118.02994537353516|6|1524
104.10722351074219|6|1525
80.9919204711914|6|1526
79.35784149169922|128|1527
79.49990844726562|7|1528
79.1356430053711|78|1529
171.8733367919922|8|1530
241.08935546875|9|1531
194.8096923828125|6|1532
221.9246063232422|6|1533
168.5391387939453|5|1534
152.26229858398438|4|1535
198.98484802246094|5|1536
142.48367309570312|4|1537
135.80799865722656|5|1538
150.04302978515625|5|1539
110.38399505615234|4|1540
153.5139617919922|5|1541
109.28478240966797|4|1542
94.1982421875|6|1543
128.9308319091797|6|1544
111.28038024902344|6|1545
100.12261199951172|6|1546
89.6707763671875|6|1547
86.65615844726562|6|1548
73.95658111572266|13|1549
137.8193359375|13|1550
230.18028259277344|8|1551
197.42919921875|6|1552
230.68777465820312|6|1553
205.33981323242188|6|1554
166.93328857421875|4|1555
213.6669921875|5|1556
182.32708740234375|5|1557
158.92123413085938|4|1558
172.9459686279297|5|1559
143.83560180664062|5|1560
125.2555923461914|4|1561
139.28195190429688|5|1562
113.35303497314453|78|1563
74.99864196777344|78|1564
86.03700256347656|6|1565
100.1351089477539|77|1566
94.87789154052734|6|1567
73.24475860595703|128|1568
62.15243911743164|78|1569
107.19338989257812|14|1570
223.69276428222656|8|1571
213.47569274902344|9|1572
198.2320098876953|6|1573
216.8888397216797|6|1574
142.20205688476562|6|1575
134.8593292236328|6|1576
162.80453491210938|5|1577
134.9149932861328|4|1578
164.59349060058594|5|1579
156.55026245117188|4|1580
188.25985717773438|5|1581
208.79537963867188|5|1582
183.41421508789062|5|1583
161.90469360351562|5|1584
117.14188385009766|5|1585
108.13457489013672|5|1586
119.0484390258789|5|1587
108.97897338867188|5|1588
104.4347915649414|5|1589
95.15768432617188|5|1590
167.046630859375|8|1591
239.9210205078125|8|1592
186.76675415039062|6|1593
232.9342498779297|6|1594
202.1638641357422|5|1595
187.7755889892578|4|1596
261.0642395019531|5|1597
195.2948455810547|5|1598
186.10560607910156|5|1599
208.48654174804688|5|1600
177.94229125976562|5|1601
164.51417541503906|5|1602
137.1390838623047|4|1603
117.0558090209961|4|1604
107.23583221435547|4|1605
101.2115478515625|4|1606
96.5577163696289|4|1607
89.93385314941406|4|1608
89.62459564208984|4|1609
75.4954605102539|4|1610
142.50852966308594|13|1611
262.5586853027344|8|1612
219.5796661376953|9|1613
203.99853515625|6|1614
197.90367126464844|6|1615
137.01976013183594|4|1616
194.2490997314453|5|1617
208.56448364257812|5|1618
193.52200317382812|4|1619
231.72605895996094|5|1620
222.35467529296875|4|1621
192.75059509277344|5|1622
164.96153259277344|4|1623
129.27096557617188|4|1624
88.70730590820312|4|1625
81.02751159667969|51|1626
70.22327423095703|9|1627
75.48161315917969|9|1628
81.88448333740234|9|1629
73.860595703125|9|1630
105.04869079589844|8|1631
241.31878662109375|8|1632
246.3377227783203|9|1633
202.82867431640625|6|1634
230.34524536132812|6|1635
155.44105529785156|5|1636
183.68211364746094|4|1637
233.73971557617188|5|1638
193.5924530029297|4|1639
212.54148864746094|5|1640
189.37246704101562|4|1641
166.16383361816406|4|1642
147.12222290039062|5|1643
88.83830261230469|4|1644
57.29425048828125|9|1645
89.92723846435547|77|1646
69.63353729248047|77|1647
65.93245697021484|4|1648
65.63294219970703|4|1649
44.934478759765625|9|1650
85.294189453125|13|1651
154.48817443847656|13|1652
240.9320831298828|9|1653
180.34222412109375|6|1654
220.29759216308594|6|1655
192.84664916992188|5|1656
163.11878967285156|4|1657
203.34609985351562|5|1658
149.44976806640625|4|1659
164.44073486328125|5|1660
179.76499938964844|5|1661
103.23207092285156|4|1662
95.90962219238281|4|1663
135.16143798828125|5|1664
148.21620178222656|5|1665
107.31021881103516|11|1666
107.2301254272461|11|1667
106.87203979492188|11|1668
101.53146362304688|11|1669
94.3143310546875|11|1670
89.08012390136719|11|1671
116.38082885742188|13|1672
239.95849609375|8|1673
204.47862243652344|9|1674
224.8511199951172|6|1675
233.152099609375|6|1676
153.59359741210938|4|1677
193.26760864257812|5|1678
196.98170471191406|5|1679
158.6426239013672|4|1680
180.7943572998047|5|1681
146.53045654296875|4|1682
194.1116180419922|5|1683
138.95887756347656|6|1684
111.28318786621094|7|1685
144.25196838378906|6|1686
133.01748657226562|6|1687
128.95555114746094|6|1688
111.80403137207031|6|1689
104.59159088134766|6|1690
100.36150360107422|6|1691
103.0040054321289|6|1692
195.36593627929688|8|1693
219.43994140625|9|1694
218.31520080566406|6|1695
242.93406677246094|6|1696
141.65330505371094|6|1697
154.8287811279297|5|1698
192.3179931640625|5|1699
135.8920440673828|4|1700
148.49203491210938|5|1701
142.2394561767578|5|1702
109.73304748535156|4|1703
155.0135955810547|5|1704
109.04811096191406|6|1705
105.9085464477539|6|1706
131.30511474609375|6|1707
120.76079559326172|6|1708
117.20472717285156|6|1709
111.07960510253906|6|1710
97.92900848388672|6|1711
84.30680084228516|13|1712
153.83421325683594|9|1713
230.034912109375|9|1714
186.493408203125|6|1715
237.2052764892578|6|1716
196.62393188476562|6|1717
163.5900115966797|4|1718
222.10231018066406|5|1719
160.30679321289062|4|1720
169.12571716308594|5|1721
170.66116333007812|5|1722
137.0416259765625|5|1723
120.89736938476562|4|1724
135.8944549560547|5|1725
100.84532165527344|79|1726
73.1624984741211|7|1727
97.35106658935547|6|1728
103.88674926757812|6|1729
103.5748291015625|6|1730
73.74456024169922|78|1731
107.5958480834961|78|1732
150.1697235107422|14|1733
233.6290740966797|9|1734
201.75765991210938|9|1735
186.33038330078125|6|1736
194.62782287597656|6|1737
129.99131774902344|4|1738
162.77796936035156|5|1739
158.46885681152344|5|1740
113.94298553466797|4|1741
163.16050720214844|5|1742
159.87315368652344|4|1743
170.82815551757812|5|1744
168.86599731445312|5|1745
141.8307342529297|4|1746
94.83104705810547|4|1747
68.02557373046875|4|1748
65.8511734008789|4|1749
67.03783416748047|4|1750
66.19629669189453|4|1751
64.676513671875|4|1752
77.90371704101562|12|1753
202.572509765625|8|1754
233.29598999023438|9|1755
196.43930053710938|6|1756
226.24661254882812|6|1757
141.3234100341797|6|1758
136.00022888183594|4|1759
217.460205078125|5|1760
168.78936767578125|4|1761
197.64932250976562|5|1762
184.99087524414062|5|1763
110.94522857666016|4|1764
78.63291931152344|5|1765
75.96333312988281|51|1766
60.313480377197266|51|1767
49.945430755615234|4|1768
70.33296203613281|5|1769
63.40365982055664|5|1770
51.45928955078125|5|1771
57.876712799072266|5|1772
83.44051361083984|14|1773
145.67266845703125|14|1774
243.44837951660156|9|1775
175.0189666748047|9|1776
206.9290771484375|6|1777
202.33168029785156|5|1778
164.42864990234375|4|1779
203.25827026367188|5|1780
152.5736541748047|4|1781
148.87451171875|4|1782
183.01968383789062|5|1783
150.91281127929688|4|1784
160.14718627929688|5|1785
133.58827209472656|5|1786
91.78971862792969|5|1787
151.46771240234375|104|1788
141.6885528564453|104|1789
104.6819076538086|103|1790
65.73079681396484|103|1791
78.06739044189453|51|1792
89.20560455322266|103|1793
121.44972229003906|9|1794
244.16659545898438|9|1795
221.34579467773438|9|1796
226.14561462402344|6|1797
223.93975830078125|6|1798
150.9827117919922|4|1799
208.83460998535156|5|1800
205.20538330078125|5|1801
154.99400329589844|4|1802
173.3209228515625|5|1803
126.17418670654297|4|1804
110.93062591552734|5|1805
118.40274810791016|5|1806
105.43595886230469|5|1807
84.4679183959961|5|1808
51.945011138916016|4|1809
61.871849060058594|5|1810
57.24445724487305|5|1811
50.40636444091797|5|1812
50.7099723815918|5|1813
112.93682861328125|14|1814
186.70309448242188|8|1815
235.6317596435547|9|1816
205.57244873046875|6|1817
226.98153686523438|6|1818
166.5762939453125|5|1819
168.77259826660156|4|1820
209.19854736328125|5|1821
160.10621643066406|4|1822
202.86326599121094|5|1823
194.4638214111328|5|1824
112.88388061523438|4|1825
97.26067352294922|4|1826
126.21268463134766|5|1827
138.74871826171875|5|1828
94.58380889892578|6|1829
81.8866195678711|26|1830
71.6893310546875|11|1831
67.5683822631836|11|1832
70.22420501708984|5|1833
72.20003509521484|12|1834
134.17941284179688|8|1835
239.7886199951172|8|1836
190.6087188720703|6|1837
231.29754638671875|6|1838
198.3574676513672|5|1839
172.7072296142578|4|1840
248.86073303222656|5|1841
178.02584838867188|5|1842
145.40496826171875|4|1843
151.1457977294922|5|1844
135.03463745117188|4|1845
166.1420440673828|5|1846
104.65160369873047|4|1847
98.2847671508789|79|1848
94.79071807861328|6|1849
79.70269775390625|77|1850
98.3244857788086|77|1851
77.29901123046875|128|1852
75.05937194824219|128|1853
73.39903259277344|78|1854
114.74969482421875|13|1855
224.39105224609375|9|1856
212.09591674804688|9|1857
185.1702423095703|6|1858
199.0619354248047|6|1859
148.2140655517578|4|1860
177.8186492919922|5|1861
198.79835510253906|5|1862
144.21282958984375|4|1863
173.10311889648438|5|1864
121.21147155761719|4|1865
116.4366455078125|5|1866
146.19952392578125|5|1867
98.79456329345703|7|1868
128.70994567871094|6|1869
125.76094818115234|6|1870
109.92156219482422|6|1871
96.97557067871094|6|1872
90.02974700927734|6|1873
84.89991760253906|7|1874
110.61837005615234|13|1875
186.22769165039062|9|1876
225.3002471923828|9|1877
222.81826782226562|6|1878
240.5110626220703|6|1879
152.0797576904297|5|1880
166.03048706054688|4|1881
216.1556854248047|5|1882
163.69952392578125|4|1883
170.02828979492188|5|1884
167.1710662841797|5|1885
131.62559509277344|4|1886
134.67564392089844|5|1887
127.79794311523438|5|1888
97.37184143066406|78|1889
91.51937103271484|13|1890
87.81961059570312|13|1891
101.16223907470703|6|1892
88.0513687133789|128|1893
70.84699249267578|128|1894
79.0780258178711|77|1895
140.9796600341797|13|1896
241.07705688476562|8|1897
185.7311248779297|6|1898
205.31857299804688|6|1899
190.59385681152344|6|1900
134.47531127929688|4|1901
170.496337890625|5|1902
131.61477661132812|4|1903
127.7693862915039|4|1904
141.9443817138672|5|1905
143.58767700195312|4|1906
189.15130615234375|5|1907
179.67575073242188|5|1908
158.14215087890625|5|1909
126.86669921875|5|1910
95.8061752319336|5|1911
103.37957000732422|5|1912
102.63806915283203|5|1913
89.97315216064453|5|1914
87.75077819824219|5|1915
125.00758361816406|13|1916
242.2534637451172|8|1917
208.62298583984375|8|1918
217.87387084960938|6|1919
234.0749969482422|6|1920
165.42527770996094|4|1921
210.08273315429688|5|1922
230.91848754882812|5|1923
172.58323669433594|4|1924
204.10890197753906|5|1925
183.575439453125|5|1926
164.848876953125|4|1927
148.69117736816406|4|1928
108.82913970947266|4|1929
85.52519226074219|4|1930
74.53443145751953|4|1931
84.49182891845703|77|1932
82.05323028564453|78|1933
73.82274627685547|128|1934
71.46466827392578|78|1935
80.16204071044922|12|1936
188.20436096191406|9|1937
250.3065643310547|9|1938
184.0511016845703|6|1939
214.60231018066406|6|1940
163.18209838867188|5|1941
153.37591552734375|4|1942
207.11968994140625|5|1943
145.8818817138672|4|1944
158.44168090820312|5|1945
155.77352905273438|5|1946
140.9793243408203|4|1947
141.5921173095703|5|1948
105.39925384521484|4|1949
71.7724380493164|4|1950
43.093807220458984|34|1951
42.304283142089844|0|1952
42.5179328918457|0|1953
56.04315948486328|69|1954
50.04084777832031|9|1955
58.21481704711914|13|1956
142.71116638183594|8|1957
252.1910858154297|8|1958
194.26510620117188|9|1959
229.65797424316406|6|1960
209.47821044921875|6|1961
151.3426055908203|4|1962
217.5177764892578|5|1963
185.8287353515625|5|1964
156.75328063964844|4|1965
223.55401611328125|5|1966
192.9814453125|4|1967
193.39891052246094|4|1968
187.87759399414062|4|1969
159.5947723388672|4|1970
111.5101547241211|4|1971
83.8646240234375|4|1972
83.76270294189453|4|1973
89.73453521728516|13|1974
90.00117492675781|13|1975
63.09281921386719|12|1976
134.0469970703125|14|1977
227.14248657226562|8|1978
236.14361572265625|9|1979
213.54791259765625|6|1980
237.89080810546875|6|1981
166.02317810058594|4|1982
189.60491943359375|5|1983
214.7115478515625|5|1984
175.9960174560547|4|1985
226.42323303222656|5|1986
161.6765594482422|5|1987
105.25813293457031|4|1988
117.64995574951172|5|1989
166.49111938476562|5|1990
148.1573486328125|5|1991
97.1437759399414|6|1992
72.71934509277344|5|1993
73.95220184326172|5|1994
78.71028137207031|5|1995
85.39481353759766|5|1996
81.68570709228516|12|1997
190.9161834716797|8|1998
253.37161254882812|9|1999
199.84182739257812|6|2000
239.470703125|6|2001
183.5769805908203|5|2002
183.4237823486328|4|2003
262.937255859375|5|2004
172.50384521484375|4|2005
153.73782348632812|5|2006
151.7654266357422|5|2007
127.96502685546875|4|2008
156.43743896484375|5|2009
105.31316375732422|4|2010
115.08160400390625|6|2011
101.38780212402344|6|2012
87.69864654541016|6|2013
78.00675964355469|6|2014
70.735595703125|7|2015
68.47190856933594|7|2016
54.944786071777344|6|2017
131.4193878173828|9|2018
246.46865844726562|9|2019
189.29998779296875|9|2020
224.68148803710938|6|2021
204.9586181640625|6|2022
161.93495178222656|4|2023
215.36180114746094|5|2024
194.1150360107422|5|2025
162.25628662109375|4|2026
193.6251983642578|5|2027
137.29739379882812|4|2028
152.34996032714844|5|2029
157.74557495117188|6|2030
101.6119613647461|7|2031
124.19602966308594|6|2032
117.67356872558594|6|2033
111.31363677978516|6|2034
102.5998306274414|6|2035
82.41398620605469|6|2036
49.0166015625|13|2037
123.17919158935547|13|2038
211.18052673339844|8|2039
223.2611846923828|9|2040
210.6380615234375|6|2041
241.83827209472656|6|2042
153.45370483398438|4|2043
187.18487548828125|5|2044
238.69708251953125|5|2045
172.64508056640625|4|2046
204.3087158203125|5|2047
194.7758331298828|5|2048
202.07675170898438|4|2049
194.242919921875|4|2050
159.81687927246094|4|2051
119.56109619140625|4|2052
90.40702056884766|4|2053
96.96199798583984|4|2054
107.51020812988281|4|2055
101.81965637207031|4|2056
98.30865478515625|4|2057
80.96878051757812|13|2058
193.94976806640625|8|2059
264.7605895996094|9|2060
192.80691528320312|6|2061
232.02081298828125|6|2062
182.77732849121094|5|2063
181.73609924316406|4|2064
252.18833923339844|5|2065
194.12265014648438|4|2066
194.04676818847656|5|2067
198.13558959960938|5|2068
190.312255859375|4|2069
182.65231323242188|5|2070
134.42416381835938|4|2071
91.74237060546875|4|2072
69.80476379394531|4|2073
65.86795043945312|4|2074
71.33230590820312|4|2075
75.12689208984375|4|2076
69.98002624511719|4|2077
59.26585388183594|13|2078
138.6501007080078|13|2079
245.7886199951172|8|2080
191.33248901367188|9|2081
230.3926239013672|6|2082
220.9246063232422|5|2083
181.40164184570312|4|2084
242.49464416503906|5|2085
217.47251892089844|5|2086
192.83676147460938|4|2087
196.58924865722656|5|2088
155.84934997558594|4|2089
134.51296997070312|5|2090
91.57108306884766|5|2091
51.67817306518555|0|2092
51.581932067871094|0|2093
63.13087844848633|0|2094
67.10481262207031|4|2095
70.22799682617188|4|2096
68.62252044677734|4|2097
63.27640151977539|4|2098
95.08267974853516|14|2099
233.48846435546875|8|2100
254.0316162109375|9|2101
205.2545928955078|6|2102
233.87864685058594|6|2103
173.30641174316406|4|2104
203.25335693359375|5|2105
243.1111602783203|5|2106
176.2521209716797|4|2107
177.797119140625|5|2108
129.0240020751953|4|2109
73.48435974121094|4|2110
66.97628784179688|5|2111
61.88051223754883|5|2112
85.74406433105469|5|2113
92.39378356933594|5|2114
101.58523559570312|4|2115
101.39181518554688|4|2116
98.77733612060547|4|2117
89.20194244384766|4|2118
87.07630157470703|13|2119
166.0398712158203|8|2120
240.53240966796875|9|2121
193.96067810058594|6|2122
242.57029724121094|6|2123
194.45388793945312|5|2124
181.06527709960938|4|2125
247.33639526367188|5|2126
167.9156494140625|4|2127
142.72543334960938|5|2128
134.54148864746094|5|2129
80.89630126953125|5|2130
109.38935852050781|5|2131
112.2275619506836|5|2132
107.37639617919922|5|2133
84.17056274414062|5|2134
65.03861236572266|4|2135
68.1965103149414|4|2136
73.09009552001953|4|2137
55.829280853271484|4|2138
65.13367462158203|12|2139
127.57337951660156|13|2140
248.9178466796875|9|2141
210.91815185546875|9|2142
220.97743225097656|6|2143
223.34613037109375|6|2144
165.120361328125|4|2145
226.44029235839844|5|2146
219.7030029296875|5|2147
176.3155059814453|4|2148
216.30426025390625|5|2149
192.43177795410156|4|2150
179.61648559570312|5|2151
161.64352416992188|5|2152
123.57286071777344|4|2153
81.01774597167969|4|2154
54.939453125|4|2155
47.38493728637695|4|2156
46.97415542602539|17|2157
47.91648483276367|4|2158
57.23965835571289|17|2159
96.78108215332031|12|2160
215.51060485839844|8|2161
234.4058074951172|9|2162
215.54966735839844|6|2163
247.9846649169922|6|2164
161.8148956298828|5|2165
188.04368591308594|4|2166
253.21311950683594|5|2167
190.93185424804688|4|2168
196.05911254882812|5|2169
133.80796813964844|4|2170
137.8439483642578|5|2171
153.88323974609375|5|2172
99.87655639648438|4|2173
126.66863250732422|6|2174
102.90379333496094|6|2175
89.63826751708984|6|2176
74.07037353515625|7|2177
72.5532455444336|77|2178
68.9139633178711|6|2179
66.74434661865234|12|2180
166.1979217529297|9|2181
246.0557098388672|9|2182
193.07501220703125|6|2183
231.14474487304688|6|2184
187.4740753173828|5|2185
168.80613708496094|4|2186
230.01409912109375|5|2187
171.41844177246094|5|2188
159.0548095703125|4|2189
186.2845916748047|5|2190
127.38935089111328|4|2191
162.4292449951172|5|2192
130.140869140625|6|2193
98.30178833007812|7|2194
134.87608337402344|6|2195
122.20205688476562|6|2196
114.69282531738281|6|2197
102.69972229003906|6|2198
86.90196228027344|6|2199
60.079132080078125|13|2200
123.7341079711914|13|2201
239.3214874267578|8|2202
192.43743896484375|9|2203
217.39511108398438|6|2204
227.88095092773438|6|2205
159.7947540283203|4|2206
200.77391052246094|5|2207
183.820556640625|5|2208
149.07579040527344|4|2209
164.06304931640625|5|2210
144.52557373046875|4|2211
175.1525421142578|5|2212
183.70033264160156|5|2213
161.1620635986328|5|2214
122.65032196044922|5|2215
70.3300552368164|5|2216
73.22747039794922|5|2217
67.88909912109375|5|2218
54.7452278137207|5|2219
55.650875091552734|5|2220
102.6207046508789|13|2221
212.0908966064453|8|2222
248.35586547851562|9|2223
214.401123046875|6|2224
240.96429443359375|6|2225
160.92103576660156|5|2226
190.7457275390625|4|2227
264.91351318359375|5|2228
183.26251220703125|4|2229
203.2552032470703|5|2230
181.17416381835938|5|2231
118.7694320678711|5|2232
109.92057800292969|5|2233
57.761287689208984|5|2234
57.121910095214844|0|2235
68.167236328125|5|2236
86.37631225585938|5|2237
71.90383911132812|5|2238
77.74515533447266|5|2239
82.6347885131836|5|2240
68.30744934082031|14|2241
165.0173797607422|9|2242
245.8074951171875|8|2243
201.6786651611328|6|2244
245.4846649169922|6|2245
202.86512756347656|5|2246
169.08782958984375|4|2247
227.0211944580078|5|2248
165.8403778076172|4|2249
152.68951416015625|5|2250
172.92050170898438|5|2251
161.76885986328125|4|2252
209.96595764160156|5|2253
192.54676818847656|5|2254
163.13668823242188|5|2255
116.22421264648438|5|2256
71.46297454833984|5|2257
80.05561828613281|5|2258
85.6539306640625|5|2259
75.43450927734375|5|2260
66.91327667236328|5|2261
127.8359375|14|2262
250.5857696533203|8|2263
210.56219482421875|9|2264
228.40069580078125|6|2265
235.76084899902344|6|2266
182.69996643066406|4|2267
234.8705291748047|5|2268
236.84634399414062|5|2269
165.81314086914062|4|2270
188.51141357421875|5|2271
112.60491180419922|5|2272
60.81520462036133|4|2273
50.93162155151367|4|2274
59.51028823852539|4|2275
72.87565612792969|4|2276
92.39728546142578|5|2277
107.50970458984375|5|2278
90.84613800048828|5|2279
93.15308380126953|5|2280
93.28937530517578|5|2281
81.98703002929688|13|2282
205.51605224609375|8|2283
231.0261688232422|8|2284
211.8917236328125|6|2285
251.5207977294922|6|2286
162.44625854492188|5|2287
180.52325439453125|4|2288
233.93055725097656|5|2289
177.34332275390625|4|2290
202.61639404296875|5|2291
192.51071166992188|5|2292
191.5452880859375|5|2293
220.5439910888672|5|2294
186.05319213867188|5|2295
150.6866912841797|5|2296
107.01785278320312|5|2297
75.4931411743164|5|2298
82.86872863769531|5|2299
82.93306732177734|5|2300
44.91496276855469|5|2301
64.82444763183594|14|2302
146.5797576904297|9|2303
256.57086181640625|9|2304
194.8029327392578|6|2305
241.15135192871094|6|2306
215.80726623535156|5|2307
181.2816619873047|4|2308
226.3936767578125|5|2309
175.3577423095703|4|2310
189.3185577392578|5|2311
218.2662353515625|5|2312
121.16188049316406|4|2313
102.17180633544922|4|2314
139.6881103515625|5|2315
159.96270751953125|5|2316
118.41321563720703|5|2317
84.6849136352539|6|2318
73.56375885009766|5|2319
71.3023452758789|5|2320
78.4749755859375|5|2321
75.38980865478516|5|2322
121.41068267822266|13|2323
243.25120544433594|8|2324
218.77352905273438|9|2325
222.3916015625|6|2326
235.60113525390625|6|2327
167.84619140625|4|2328
228.73626708984375|5|2329
235.80966186523438|5|2330
156.88858032226562|4|2331
172.1685791015625|5|2332
130.13548278808594|4|2333
151.1971893310547|5|2334
134.47315979003906|5|2335
94.02190399169922|5|2336
122.04718780517578|6|2337
98.21512603759766|6|2338
92.3344955444336|6|2339
75.51725006103516|6|2340
69.97395324707031|7|2341
65.9104995727539|7|2342
97.82874298095703|13|2343
196.11856079101562|8|2344
238.4261474609375|9|2345
199.19720458984375|6|2346
231.4016571044922|6|2347
158.12257385253906|5|2348
168.29905700683594|4|2349
222.70726013183594|5|2350
165.8000030517578|4|2351
175.74461364746094|5|2352
175.90553283691406|5|2353
122.29642486572266|4|2354
164.31976318359375|5|2355
109.13579559326172|6|2356
106.68199157714844|6|2357
132.260986328125|6|2358
116.89886474609375|6|2359
110.79528045654297|6|2360
100.23231506347656|6|2361
70.82008361816406|6|2362
47.958194732666016|12|2363
138.90081787109375|9|2364
250.5560760498047|8|2365
189.07330322265625|6|2366
242.12449645996094|6|2367
213.10804748535156|6|2368
173.1780242919922|4|2369
245.0244598388672|5|2370
197.00592041015625|5|2371
175.4988250732422|4|2372
215.2179718017578|5|2373
187.0777587890625|4|2374
195.3831329345703|5|2375
182.47984313964844|4|2376
142.4730987548828|4|2377
97.25277709960938|4|2378
88.5181655883789|4|2379
108.49934387207031|4|2380
107.66218566894531|4|2381
100.93357849121094|4|2382
93.19845581054688|4|2383
138.9202423095703|13|2384
238.49533081054688|8|2385
226.14718627929688|9|2386
218.01939392089844|6|2387
232.12271118164062|6|2388
169.39878845214844|4|2389
215.74993896484375|5|2390
244.2830352783203|5|2391
194.85079956054688|4|2392
218.0604248046875|5|2393
192.33895874023438|4|2394
180.9141082763672|5|2395
160.6320037841797|5|2396
120.78007507324219|4|2397
81.97554016113281|4|2398
68.45968627929688|4|2399
67.46375274658203|4|2400
68.68731689453125|17|2401
71.09288787841797|4|2402
73.92841339111328|17|2403
80.59366607666016|14|2404
199.0259246826172|8|2405
244.48880004882812|9|2406
205.74298095703125|6|2407
247.7532501220703|6|2408
183.6932373046875|5|2409
189.26458740234375|4|2410
254.68287658691406|5|2411
193.95237731933594|4|2412
192.90708923339844|5|2413
168.12661743164062|4|2414
144.4204864501953|4|2415
129.02719116210938|5|2416
72.0830307006836|17|2417
70.23562622070312|17|2418
67.78902435302734|17|2419
63.30113983154297|17|2420
65.89239501953125|4|2421
67.81983184814453|4|2422
67.68102264404297|4|2423
62.8966178894043|13|2424
164.76222229003906|9|2425
263.9115905761719|9|2426
197.1932373046875|9|2427
223.80941772460938|6|2428
216.5678253173828|5|2429
188.97955322265625|4|2430
250.32785034179688|5|2431
187.73922729492188|5|2432
162.6492156982422|4|2433
159.85467529296875|5|2434
113.45598602294922|4|2435
84.13622283935547|5|2436
65.85161590576172|17|2437
72.79624938964844|5|2438
97.31204223632812|5|2439
95.35499572753906|4|2440
95.26519012451172|4|2441
94.03926849365234|4|2442
93.71085357666016|4|2443
76.90379333496094|4|2444
98.1454086303711|13|2445
225.6282196044922|8|2446
223.48219299316406|9|2447
219.63275146484375|6|2448
240.42201232910156|6|2449
167.01023864746094|4|2450
207.07850646972656|5|2451
219.20645141601562|5|2452
150.4068145751953|4|2453
157.0696258544922|5|2454
106.81466674804688|5|2455
90.93340301513672|5|2456
115.19877624511719|5|2457
110.36448669433594|5|2458
107.74278259277344|5|2459
67.23149108886719|4|2460
67.76567840576172|4|2461
75.85273742675781|4|2462
69.03376007080078|4|2463
40.92287063598633|34|2464
70.29293060302734|13|2465
178.77267456054688|9|2466
245.64659118652344|9|2467
207.1365509033203|6|2468
251.95492553710938|6|2469
185.60772705078125|5|2470
177.6710662841797|4|2471
256.1453552246094|5|2472
179.03155517578125|4|2473
188.13511657714844|5|2474
198.0703125|5|2475
180.37281799316406|4|2476
183.4303436279297|5|2477
144.44935607910156|4|2478
104.68583679199219|4|2479
66.57832336425781|4|2480
56.27122116088867|0|2481
56.43582534790039|0|2482
56.192901611328125|0|2483
55.073307037353516|9|2484
73.44004821777344|13|2485
149.6627655029297|13|2486
243.85562133789062|8|2487
189.85877990722656|6|2488
234.57273864746094|6|2489
218.13308715820312|6|2490
176.03005981445312|4|2491
241.12522888183594|5|2492
209.78204345703125|5|2493
182.04420471191406|4|2494
183.54917907714844|5|2495
130.9219512939453|4|2496
163.70132446289062|5|2497
116.49383544921875|5|2498
102.65133666992188|5|2499
115.4684829711914|6|2500
92.42229461669922|6|2501
85.31584930419922|6|2502
76.60167694091797|77|2503
68.98926544189453|77|2504
64.0904312133789|7|2505
106.12789916992188|14|2506
224.98822021484375|8|2507
224.7060546875|9|2508
216.25587463378906|6|2509
227.65548706054688|6|2510
150.57809448242188|4|2511
186.49472045898438|5|2512
220.3351593017578|5|2513
166.41749572753906|4|2514
183.8415985107422|5|2515
147.49815368652344|5|2516
118.73563385009766|4|2517
169.8227081298828|5|2518
103.2426528930664|7|2519
117.63774108886719|6|2520
125.8498306274414|6|2521
114.04113006591797|6|2522
106.68856048583984|6|2523
101.36144256591797|6|2524
80.2275619506836|7|2525
83.22280883789062|13|2526
175.21202087402344|8|2527
255.1929168701172|9|2528
201.02139282226562|6|2529
243.4550018310547|6|2530
188.1710205078125|5|2531
170.79957580566406|4|2532
223.61959838867188|5|2533
156.1289825439453|4|2534
148.08798217773438|5|2535
143.38597106933594|5|2536
141.8351593017578|4|2537
186.10748291015625|5|2538
172.89761352539062|5|2539
151.87338256835938|5|2540
99.89887237548828|5|2541
67.58207702636719|5|2542
73.9886245727539|5|2543
66.75770568847656|10|2544
65.41429138183594|10|2545
59.715553283691406|11|2546
149.4980926513672|13|2547
250.11175537109375|9|2548
211.33375549316406|9|2549
218.7318878173828|6|2550
204.37339782714844|6|2551
171.030517578125|4|2552
236.13011169433594|5|2553
201.55645751953125|5|2554
163.27401733398438|4|2555
186.30072021484375|5|2556
142.9711456298828|4|2557
146.81248474121094|5|2558
128.47329711914062|5|2559
83.99488830566406|5|2560
42.8864631652832|5|2561
42.24414825439453|49|2562
38.08024597167969|49|2563
29.658586502075195|10|2564
30.089622497558594|10|2565
36.902530670166016|10|2566
101.45817565917969|13|2567
218.91680908203125|8|2568
236.76145935058594|9|2569
215.87982177734375|6|2570
248.918212890625|6|2571
163.94761657714844|4|2572
194.28077697753906|5|2573
234.00584411621094|5|2574
167.8151092529297|4|2575
184.50357055664062|5|2576
148.97763061523438|5|2577
132.61585998535156|5|2578
142.91954040527344|5|2579
104.37000274658203|5|2580
70.269775390625|5|2581
34.210018157958984|6|2582
25.567468643188477|77|2583