Firestone
Kygo
Conrad Sewell
EDM
firestone
1025x2584
2581

1.691262682810235e-18|315|3
1.8501193144778577e-13|575|4
1.4713337215255251e-09|110|5
8.255619263763947e-07|75|6
0.0001294254179811105|11|7
0.01538059301674366|0|8
0.054423000663518906|0|9
0.0830211192369461|0|10
0.08838455379009247|0|11
0.08577854931354523|0|12
0.08649209886789322|0|13
0.08635406941175461|0|14
0.08374875783920288|0|15
0.08659365028142929|0|16
0.08467675745487213|0|17
0.0803975760936737|0|18
0.08014532923698425|0|19
0.07964027673006058|0|20
0.07861240953207016|0|21
0.07708215713500977|0|22
0.0769505724310875|0|23
1.8258171081542969|27|24
8.121575355529785|27|25
11.873308181762695|27|26
11.744722366333008|11|27
10.337038040161133|11|28
12.227774620056152|12|29
15.149837493896484|12|30
17.410341262817383|11|31
15.987849235534668|11|32
15.874500274658203|12|33
17.98128318786621|11|34
19.990726470947266|11|35
18.126482009887695|11|36
18.222463607788086|11|37
18.539154052734375|11|38
16.83448600769043|11|39
15.184136390686035|12|40
14.84591007232666|12|41
15.130154609680176|11|42
13.28026294708252|11|43
11.733088493347168|11|44
11.23916244506836|11|45
11.154973030090332|12|46
10.196157455444336|12|47
6.923277378082275|12|48
3.8638687133789062|11|49
2.8711888790130615|11|50
2.822112560272217|11|51
3.3424694538116455|12|52
3.7769253253936768|12|53
3.556581497192383|17|54
4.007755756378174|17|55
4.401050567626953|17|56
4.500407695770264|17|57
4.361820697784424|12|58
4.675655841827393|55|59
5.91811466217041|55|60
6.727210998535156|55|61
6.666165351867676|55|62
6.316344261169434|55|63
6.328518867492676|55|64
5.211925983428955|55|65
4.92404842376709|54|66
4.4983978271484375|54|67
4.4194488525390625|54|68
5.0673112869262695|55|69
4.322251319885254|54|70
2.4521987438201904|54|71
1.4604040384292603|55|72
1.5145528316497803|55|73
1.6431243419647217|55|74
1.5718011856079102|55|75
2.0655250549316406|109|76
2.27001953125|110|77
2.13329815864563|110|78
3.8271799087524414|55|79
5.728403091430664|55|80
6.850297451019287|55|81
7.678606033325195|55|82
8.533843040466309|55|83
8.62112045288086|55|84
8.24632740020752|55|85
8.007756233215332|55|86
7.795597076416016|55|87
7.9141716957092285|55|88
8.747081756591797|55|89
8.641914367675781|55|90
7.874739646911621|55|91
7.334071636199951|55|92
5.567461013793945|55|93
3.094104766845703|55|94
2.290012836456299|55|95
2.638930559158325|55|96
3.4319698810577393|55|97
4.764379024505615|55|98
5.850279808044434|55|99
6.690845966339111|55|100
8.030097961425781|55|101
8.814688682556152|55|102
9.076845169067383|55|103
9.90330982208252|55|104
11.568994522094727|54|105
13.526732444763184|55|106
14.492429733276367|55|107
14.595891952514648|55|108
14.388142585754395|55|109
13.910852432250977|55|110
12.326095581054688|55|111
11.013350486755371|54|112
9.96334171295166|54|113
9.964750289916992|55|114
9.26677131652832|55|115
10.142719268798828|20|116
14.807223320007324|21|117
23.973630905151367|10|118
28.173059463500977|10|119
32.89320373535156|10|120
38.46001052856445|10|121
42.09649658203125|10|122
45.28416442871094|10|123
42.9454345703125|10|124
36.74217987060547|10|125
31.161113739013672|10|126
28.57274627685547|10|127
28.319293975830078|10|128
28.057008743286133|10|129
27.301311492919922|10|130
25.85726547241211|10|131
26.44073486328125|10|132
28.33301544189453|10|133
28.90374755859375|10|134
30.259061813354492|10|135
31.7132511138916|10|136
31.606050491333008|10|137
28.255046844482422|10|138
19.34501838684082|10|139
11.972237586975098|10|140
9.681086540222168|10|141
10.064597129821777|10|142
11.373330116271973|10|143
12.522205352783203|10|144
13.162871360778809|10|145
13.287666320800781|10|146
12.526591300964355|10|147
11.5486478805542|10|148
11.218377113342285|10|149
10.73095989227295|10|150
10.330208778381348|15|151
10.87074089050293|15|152
10.674181938171387|15|153
9.829967498779297|15|154
9.630229949951172|55|155
9.091403007507324|15|156
7.966709136962891|15|157
7.758942127227783|10|158
8.053545951843262|10|159
7.715089797973633|10|160
5.995900630950928|10|161
3.8454275131225586|10|162
3.123674154281616|10|163
3.4267961978912354|10|164
3.801602840423584|10|165
4.368858814239502|10|166
5.479954719543457|10|167
6.267970085144043|10|168
7.382786273956299|10|169
8.600375175476074|10|170
8.8460111618042|10|171
9.219067573547363|55|172
10.301580429077148|55|173
11.03353500366211|55|174
10.714055061340332|55|175
10.232151985168457|55|176
9.857964515686035|55|177
9.337580680847168|55|178
9.954219818115234|55|179
10.678573608398438|55|180
9.966504096984863|55|181
9.240370750427246|55|182
8.336283683776855|10|183
6.390899181365967|10|184
3.406329393386841|10|185
2.769641399383545|55|186
3.4159464836120605|55|187
4.653009414672852|55|188
6.141949653625488|55|189
7.2233781814575195|55|190
8.516435623168945|55|191
10.011432647705078|55|192
10.639561653137207|55|193
11.211993217468262|55|194
12.49502182006836|55|195
14.952115058898926|55|196
17.210561752319336|55|197
17.82231903076172|55|198
17.59086036682129|55|199
17.3337345123291|55|200
16.22528076171875|55|201
14.489164352416992|54|202
13.163225173950195|54|203
12.726954460144043|55|204
12.900557518005371|55|205
10.407281875610352|55|206
9.791057586669922|27|207
13.948639869689941|9|208
16.090967178344727|9|209
18.564193725585938|9|210
20.784029006958008|9|211
23.39133644104004|9|212
29.29470443725586|9|213
34.13607406616211|9|214
35.40285873413086|9|215
35.67099380493164|9|216
36.26167678833008|9|217
36.01715850830078|9|218
36.87586975097656|9|219
38.687015533447266|9|220
38.404361724853516|9|221
36.8482551574707|9|222
33.9206428527832|9|223
30.3387451171875|9|224
28.47879409790039|9|225
29.126211166381836|9|226
28.734140396118164|9|227
26.90941047668457|9|228
22.006824493408203|9|229
13.58992862701416|9|230
8.123063087463379|9|231
7.080146312713623|9|232
7.692784309387207|9|233
8.981447219848633|9|234
10.082009315490723|9|235
11.101600646972656|9|236
11.520759582519531|9|237
11.814885139465332|55|238
12.2314453125|55|239
13.256485939025879|55|240
15.469012260437012|55|241
18.091129302978516|55|242
18.804800033569336|55|243
18.524747848510742|55|244
18.133405685424805|55|245
17.799087524414062|55|246
16.088775634765625|55|247
14.718621253967285|54|248
13.854374885559082|55|249
13.857574462890625|55|250
12.588107109069824|55|251
7.961066246032715|55|252
3.951629638671875|55|253
3.1393637657165527|55|254
3.4181439876556396|55|255
4.1970415115356445|55|256
4.507364273071289|55|257
5.232950210571289|55|258
6.265049934387207|55|259
7.178308010101318|55|260
8.570873260498047|55|261
9.550714492797852|55|262
9.920018196105957|55|263
10.92563247680664|55|264
11.603550910949707|55|265
11.42220401763916|55|266
11.503421783447266|55|267
11.741270065307617|55|268
12.062255859375|55|269
13.572685241699219|54|270
14.780160903930664|55|271
15.557259559631348|55|272
15.326508522033691|55|273
11.9332914352417|55|274
6.808087348937988|55|275
4.143098831176758|54|276
3.4744255542755127|54|277
3.577118158340454|54|278
4.107922554016113|54|279
4.586012363433838|54|280
5.222990036010742|54|281
5.879044532775879|54|282
6.72392463684082|55|283
6.811334133148193|55|284
7.085962295532227|55|285
8.22855281829834|54|286
9.525267601013184|55|287
10.600446701049805|55|288
10.654040336608887|55|289
10.257805824279785|55|290
10.355680465698242|55|291
8.715652465820312|55|292
7.355825901031494|54|293
5.822088241577148|54|294
5.054185390472412|54|295
5.060725212097168|54|296
3.7326197624206543|54|297
1.9973989725112915|9|298
2.025850772857666|110|299
1.5691719055175781|9|300
1.9410802125930786|164|301
2.61329984664917|109|302
3.686128616333008|109|303
4.050289630889893|110|304
5.1267619132995605|54|305
7.310596466064453|55|306
8.884178161621094|55|307
9.838383674621582|55|308
11.105240821838379|55|309
12.131118774414062|55|310
11.898783683776855|55|311
11.301403999328613|55|312
10.699528694152832|55|313
10.271245002746582|55|314
11.315049171447754|55|315
12.623108863830566|55|316
12.39311408996582|55|317
11.875445365905762|55|318
10.826074600219727|55|319
7.448946952819824|55|320
4.373012542724609|55|321
3.8850457668304443|55|322
4.447999477386475|54|323
5.898937225341797|55|324
7.889997482299805|55|325
9.353361129760742|55|326
10.900199890136719|55|327
12.721654891967773|55|328
13.33238410949707|55|329
13.847405433654785|55|330
15.366866111755371|55|331
18.037700653076172|55|332
20.170757293701172|55|333
20.585622787475586|55|334
20.158159255981445|55|335
19.429431915283203|55|336
17.798200607299805|55|337
15.824786186218262|54|338
14.020530700683594|55|339
13.38041877746582|55|340
13.35617446899414|54|341
10.790053367614746|54|342
13.317005157470703|20|343
18.90572166442871|10|344
27.28887367248535|10|345
31.933048248291016|10|346
36.597900390625|10|347
41.07003402709961|10|348
45.119075775146484|10|349
45.974586486816406|10|350
40.92961120605469|10|351
35.13685607910156|10|352
30.60422706604004|10|353
28.673786163330078|10|354
29.280750274658203|10|355
29.72759437561035|10|356
27.574378967285156|10|357
26.758731842041016|10|358
28.178722381591797|10|359
29.459239959716797|10|360
29.654436111450195|10|361
30.92896842956543|10|362
32.191436767578125|10|363
31.460128784179688|10|364
25.543962478637695|10|365
15.395363807678223|10|366
9.815185546875|10|367
9.641193389892578|10|368
11.028160095214844|69|369
11.928848266601562|69|370
13.089118003845215|10|371
13.103062629699707|10|372
14.019659042358398|55|373
13.845039367675781|55|374
14.641196250915527|61|375
15.724909782409668|61|376
16.809921264648438|61|377
16.968994140625|61|378
16.131662368774414|61|379
15.526100158691406|61|380
14.069158554077148|61|381
13.12298583984375|55|382
12.457322120666504|55|383
12.355700492858887|55|384
12.222159385681152|55|385
11.750192642211914|61|386
14.741230964660645|28|387
38.195465087890625|28|388
45.713863372802734|27|389
41.44003677368164|27|390
36.442237854003906|23|391
38.63043975830078|23|392
38.42523193359375|23|393
34.56255340576172|23|394
30.637035369873047|23|395
25.949548721313477|23|396
23.20734214782715|23|397
21.5886173248291|23|398
18.894739151000977|23|399
16.599109649658203|55|400
19.234859466552734|17|401
25.927776336669922|17|402
30.628442764282227|17|403
32.84095764160156|17|404
32.32541275024414|17|405
32.95927429199219|17|406
31.530508041381836|17|407
27.544902801513672|17|408
24.037464141845703|17|409
19.45694351196289|23|410
19.84852409362793|23|411
20.57913589477539|23|412
20.70905113220215|23|413
19.659229278564453|23|414
19.265193939208984|23|415
19.893163681030273|17|416
21.55810546875|17|417
23.45641326904297|17|418
24.027904510498047|17|419
24.324724197387695|17|420
22.25187873840332|17|421
19.972856521606445|17|422
18.434560775756836|17|423
15.36127758026123|18|424
14.012792587280273|18|425
13.208800315856934|17|426
13.15289306640625|17|427
15.00760555267334|17|428
17.25125503540039|17|429
17.335693359375|17|430
17.03435516357422|17|431
16.918733596801758|17|432
15.66844367980957|17|433
14.114832878112793|17|434
13.408929824829102|17|435
12.857900619506836|17|436
12.165568351745605|17|437
11.7815523147583|23|438
10.968015670776367|23|439
10.285984992980957|17|440
10.128402709960938|17|441
9.583605766296387|17|442
10.063451766967773|17|443
11.395291328430176|55|444
12.593299865722656|55|445
13.344156265258789|55|446
12.892864227294922|55|447
12.130465507507324|55|448
12.15819263458252|55|449
12.00307559967041|55|450
13.173944473266602|55|451
14.200963020324707|55|452
13.133604049682617|55|453
12.057111740112305|55|454
10.611278533935547|55|455
7.041794300079346|55|456
5.625533580780029|17|457
5.276811122894287|17|458
5.197683334350586|17|459
5.719998359680176|55|460
7.48810338973999|55|461
8.769394874572754|55|462
10.207144737243652|55|463
11.868146896362305|55|464
12.37509536743164|55|465
12.903909683227539|55|466
14.102365493774414|55|467
16.186933517456055|55|468
18.622833251953125|55|469
19.310745239257812|55|470
18.67549705505371|55|471
18.554386138916016|55|472
17.266857147216797|55|473
15.774080276489258|54|474
14.246509552001953|54|475
13.539021492004395|55|476
15.504385948181152|54|477
16.95212745666504|54|478
33.56107711791992|21|479
40.987060546875|21|480
40.280765533447266|26|481
39.1275520324707|20|482
40.71951675415039|10|483
46.182430267333984|10|484
52.58419418334961|10|485
51.944881439208984|10|486
44.13292694091797|10|487
35.019412994384766|10|488
28.517601013183594|10|489
26.163280487060547|10|490
23.803455352783203|10|491
19.563722610473633|16|492
24.32950782775879|16|493
28.171833038330078|15|494
31.23464584350586|15|495
32.30726623535156|15|496
33.15851593017578|15|497
33.76005554199219|15|498
33.42512893676758|15|499
33.14250183105469|15|500
31.928619384765625|16|501
28.494802474975586|15|502
26.318397521972656|15|503
25.078540802001953|16|504
23.7205753326416|15|505
23.654712677001953|10|506
24.874446868896484|10|507
25.449657440185547|10|508
26.40929412841797|10|509
26.90523910522461|10|510
27.319225311279297|10|511
27.20926284790039|10|512
26.053434371948242|10|513
28.95900535583496|16|514
31.937885284423828|15|515
33.68596267700195|15|516
33.93889617919922|15|517
33.261253356933594|15|518
30.599275588989258|15|519
28.331281661987305|15|520
26.109601974487305|15|521
23.69384002685547|16|522
22.484657287597656|16|523
21.78643226623535|16|524
21.66286277770996|16|525
20.85041618347168|16|526
20.642757415771484|16|527
20.36637306213379|16|528
20.373226165771484|16|529
20.55249786376953|16|530
20.71113395690918|16|531
20.697526931762695|16|532
21.409727096557617|15|533
21.85883331298828|15|534
21.612674713134766|16|535
21.463665008544922|15|536
20.71977996826172|15|537
19.427825927734375|15|538
18.04462432861328|16|539
16.628156661987305|16|540
14.69788932800293|16|541
13.77790355682373|16|542
13.182867050170898|10|543
13.17813491821289|10|544
13.888348579406738|10|545
14.178487777709961|10|546
12.08301067352295|10|547
12.193318367004395|16|548
12.325508117675781|16|549
12.574273109436035|16|550
12.841107368469238|16|551
12.874804496765137|16|552
12.569157600402832|15|553
12.476513862609863|16|554
12.385588645935059|16|555
11.833477020263672|16|556
12.330963134765625|55|557
14.055339813232422|54|558
16.614206314086914|55|559
19.10390853881836|55|560
20.017518997192383|55|561
19.915027618408203|55|562
20.383502960205078|55|563
18.44936752319336|55|564
16.164207458496094|54|565
13.141730308532715|54|566
12.6700439453125|54|567
13.80589485168457|54|568
14.617086410522461|27|569
29.437580108642578|23|570
39.32770538330078|23|571
40.20311737060547|23|572
38.35032272338867|23|573
38.45704650878906|23|574
38.77643966674805|23|575
38.98759460449219|9|576
41.98898696899414|9|577
41.82558822631836|9|578
41.87477111816406|9|579
41.641868591308594|9|580
41.14008712768555|9|581
42.38481903076172|9|582
43.20091247558594|9|583
41.6631965637207|9|584
38.972198486328125|9|585
36.05080032348633|9|586
32.26573944091797|9|587
29.702285766601562|18|588
28.687679290771484|9|589
27.20197105407715|9|590
24.104610443115234|9|591
21.36305809020996|14|592
22.040571212768555|14|593
23.06084442138672|14|594
23.136375427246094|14|595
23.90252685546875|14|596
24.04952621459961|14|597
24.794511795043945|14|598
26.3222713470459|14|599
26.85539436340332|14|600
27.375274658203125|14|601
27.40949058532715|14|602
28.287355422973633|14|603
28.44708824157715|14|604
27.80084991455078|14|605
25.56045150756836|14|606
24.489938735961914|14|607
24.545631408691406|14|608
23.847259521484375|14|609
21.18340492248535|14|610
18.796077728271484|54|611
18.108600616455078|55|612
18.118946075439453|55|613
14.65769100189209|55|614
11.203878402709961|18|615
10.470218658447266|14|616
10.618693351745605|18|617
11.008203506469727|18|618
10.219179153442383|18|619
9.76250171661377|23|620
9.430310249328613|23|621
9.112327575683594|23|622
9.668776512145996|55|623
10.943388938903809|55|624
11.36602783203125|55|625
11.769878387451172|55|626
12.89376449584961|55|627
13.10614013671875|55|628
13.252693176269531|55|629
13.694746971130371|55|630
13.52170467376709|55|631
13.838678359985352|55|632
14.929862022399902|55|633
14.79986572265625|55|634
13.483529090881348|55|635
12.572566032409668|55|636
9.927250862121582|55|637
6.169125080108643|55|638
5.128861904144287|14|639
5.426553249359131|55|640
6.907885551452637|55|641
9.167051315307617|55|642
10.983875274658203|55|643
12.444622993469238|55|644
14.418216705322266|55|645
15.415332794189453|55|646
15.542927742004395|55|647
15.02260684967041|54|648
12.3817138671875|55|649
10.956323623657227|55|650
11.530598640441895|55|651
11.315332412719727|55|652
10.559730529785156|55|653
10.818400382995605|55|654
11.650094985961914|55|655
11.604229927062988|55|656
11.900299072265625|55|657
12.043519020080566|55|658
10.390728950500488|55|659
9.203661918640137|54|660
13.493453025817871|8|661
22.839853286743164|8|662
25.594655990600586|8|663
27.386474609375|8|664
30.349824905395508|8|665
34.495121002197266|8|666
40.12277603149414|8|667
45.3800048828125|8|668
44.760475158691406|8|669
42.75949478149414|8|670
42.104408264160156|8|671
43.662506103515625|8|672
46.2271614074707|8|673
45.479923248291016|8|674
45.141876220703125|8|675
45.43571472167969|8|676
44.14356231689453|8|677
41.43899917602539|8|678
40.074005126953125|8|679
39.53273391723633|8|680
39.34846496582031|8|681
36.401214599609375|8|682
25.646163940429688|8|683
14.890302658081055|8|684
11.684505462646484|8|685
12.538713455200195|8|686
14.843973159790039|8|687
17.662269592285156|8|688
19.863237380981445|8|689
21.148054122924805|8|690
22.58885383605957|8|691
23.8026123046875|8|692
24.46755599975586|8|693
25.400785446166992|8|694
26.81022071838379|8|695
26.436429977416992|8|696
25.362985610961914|8|697
24.2061767578125|8|698
22.30680274963379|8|699
21.38309669494629|8|700
21.053604125976562|8|701
20.450794219970703|8|702
19.63636016845703|8|703
18.271278381347656|8|704
15.227179527282715|8|705
9.540923118591309|8|706
5.215147972106934|8|707
4.616267204284668|8|708
5.484838008880615|8|709
7.059378623962402|8|710
8.563819885253906|8|711
9.295774459838867|8|712
9.41810417175293|8|713
10.443568229675293|55|714
12.522615432739258|55|715
13.684781074523926|55|716
14.782353401184082|55|717
16.22857093811035|55|718
17.121906280517578|55|719
17.41853141784668|55|720
16.996877670288086|55|721
16.003541946411133|55|722
16.511098861694336|55|723
17.081613540649414|55|724
15.455849647521973|55|725
14.179146766662598|55|726
12.822232246398926|55|727
9.48196792602539|55|728
15.102123260498047|96|729
11.438894271850586|69|730
12.001456260681152|69|731
14.629691123962402|69|732
14.928265571594238|69|733
13.74489688873291|55|734
14.632975578308105|55|735
15.327969551086426|55|736
15.944000244140625|55|737
16.023193359375|61|738
17.075294494628906|61|739
17.770610809326172|61|740
16.717819213867188|61|741
16.367673873901367|61|742
15.986895561218262|61|743
17.893239974975586|55|744
16.60222625732422|55|745
16.46584701538086|54|746
15.301173210144043|54|747
15.470845222473145|55|748
13.901130676269531|55|749
54.11967468261719|13|750
127.13308715820312|10|751
176.4642791748047|6|752
211.7330780029297|5|753
234.6636199951172|5|754
180.50631713867188|5|755
170.00050354003906|4|756
159.6090087890625|4|757
125.38912200927734|4|758
86.63984680175781|4|759
64.05387115478516|5|760
55.28759765625|11|761
46.006500244140625|11|762
43.26646041870117|11|763
48.12556457519531|6|764
48.816864013671875|6|765
47.75675582885742|6|766
46.37467956542969|6|767
47.45623779296875|11|768
47.99528503417969|11|769
47.688232421875|11|770
46.37942886352539|11|771
41.36304473876953|11|772
80.47972106933594|10|773
136.84165954589844|7|774
186.92544555664062|6|775
226.5536651611328|5|776
225.55259704589844|5|777
199.31942749023438|5|778
178.4951629638672|4|779
156.91168212890625|4|780
121.36981201171875|4|781
73.03584289550781|4|782
36.828739166259766|11|783
34.183414459228516|11|784
33.534584045410156|11|785
33.999603271484375|11|786
34.63847732543945|11|787
34.6904182434082|11|788
33.07267379760742|11|789
31.427936553955078|11|790
29.013120651245117|11|791
31.099851608276367|23|792
34.53153991699219|23|793
34.94449234008789|23|794
39.23063278198242|16|795
102.58104705810547|10|796
145.45144653320312|7|797
193.18997192382812|6|798
219.7628631591797|5|799
195.95870971679688|5|800
171.55386352539062|4|801
169.75511169433594|4|802
143.34974670410156|4|803
102.26531982421875|4|804
60.034202575683594|4|805
30.142871856689453|5|806
26.623308181762695|55|807
26.296846389770508|55|808
28.718040466308594|55|809
27.152851104736328|55|810
22.680335998535156|54|811
16.65502166748047|55|812
12.735749244689941|6|813
13.688872337341309|54|814
13.93447494506836|54|815
13.020610809326172|6|816
16.238018035888672|55|817
57.04295349121094|13|818
118.763427734375|10|819
165.42684936523438|6|820
204.2029571533203|5|821
230.21058654785156|5|822
201.4082794189453|5|823
182.6339569091797|4|824
169.38430786132812|4|825
136.26626586914062|4|826
89.42415618896484|4|827
45.603580474853516|4|828
23.375797271728516|5|829
13.871965408325195|6|830
19.569978713989258|55|831
23.358192443847656|55|832
21.20619773864746|55|833
17.610559463500977|55|834
15.531951904296875|55|835
13.787363052368164|12|836
15.675997734069824|11|837
15.951070785522461|11|838
14.22196102142334|11|839
21.253084182739258|12|840
87.64119720458984|12|841
137.21585083007812|8|842
194.53805541992188|6|843
218.33578491210938|5|844
220.08511352539062|5|845
194.4572296142578|5|846
185.23275756835938|4|847
153.93838500976562|4|848
102.20095825195312|4|849
63.16100311279297|4|850
43.880287170410156|4|851
44.225425720214844|5|852
38.639949798583984|5|853
38.64445495605469|5|854
41.35659408569336|5|855
45.47806167602539|5|856
43.81026077270508|5|857
39.28148651123047|5|858
38.401092529296875|5|859
39.52976989746094|5|860
39.66716003417969|5|861
39.52866744995117|10|862
62.20394515991211|16|863
126.31438446044922|10|864
148.01644897460938|7|865
198.46994018554688|6|866
228.5440673828125|5|867
214.67532348632812|5|868
187.13558959960938|4|869
178.11695861816406|4|870
144.2207489013672|4|871
97.75373840332031|4|872
61.55216979980469|10|873
59.609439849853516|10|874
54.800418853759766|10|875
51.340850830078125|10|876
52.825496673583984|10|877
50.38655471801758|10|878
45.53372573852539|10|879
41.751548767089844|10|880
37.00492477416992|15|881
37.021240234375|15|882
36.853267669677734|15|883
34.86103820800781|15|884
35.86017990112305|16|885
71.32439422607422|16|886
111.56620025634766|10|887
161.33926391601562|6|888
187.51190185546875|5|889
217.68531799316406|5|890
189.3295135498047|5|891
177.34446716308594|4|892
163.2591094970703|4|893
126.34407806396484|4|894
79.9444351196289|4|895
44.57136535644531|4|896
35.617733001708984|16|897
22.928485870361328|15|898
23.682903289794922|55|899
30.302427291870117|55|900
29.84787368774414|55|901
27.184946060180664|55|902
28.310253143310547|55|903
29.846372604370117|55|904
28.24434471130371|55|905
28.640460968017578|54|906
25.063058853149414|54|907
30.287660598754883|55|908
84.84789276123047|11|909
124.36735534667969|8|910
175.6201171875|6|911
202.06529235839844|5|912
206.77041625976562|5|913
176.16195678710938|5|914
177.62867736816406|4|915
156.21466064453125|4|916
114.79330444335938|4|917
71.15758514404297|4|918
37.67584991455078|4|919
28.302539825439453|55|920
24.948850631713867|55|921
15.817874908447266|55|922
12.718045234680176|54|923
15.424580574035645|54|924
19.24983024597168|55|925
21.02016830444336|55|926
19.864667892456055|55|927
21.615079879760742|55|928
25.87484359741211|55|929
27.217010498046875|55|930
37.959022521972656|16|931
104.06192016601562|11|932
150.34718322753906|7|933
192.8646240234375|6|934
222.0782928466797|5|935
210.0828857421875|5|936
173.9428253173828|4|937
160.8110809326172|4|938
127.06499481201172|4|939
79.40617370605469|4|940
59.56961441040039|9|941
56.88306427001953|9|942
53.480812072753906|9|943
55.700382232666016|9|944
62.014469146728516|9|945
62.477439880371094|9|946
57.998329162597656|9|947
54.46424865722656|9|948
50.26324462890625|9|949
44.799110412597656|9|950
43.007869720458984|9|951
38.93851852416992|9|952
33.08695602416992|9|953
63.27190399169922|14|954
116.42642974853516|11|955
175.31893920898438|6|956
214.7069091796875|5|957
243.2844696044922|5|958
210.54852294921875|5|959
190.73489379882812|4|960
180.69869995117188|4|961
145.818359375|4|962
93.25841522216797|4|963
49.450927734375|5|964
28.41543197631836|5|965
27.01309585571289|14|966
26.799890518188477|14|967
28.302825927734375|14|968
26.307161331176758|14|969
25.595434188842773|14|970
24.65957260131836|14|971
24.980419158935547|18|972
25.519882202148438|18|973
25.457637786865234|23|974
28.229734420776367|23|975
33.39779281616211|18|976
78.28994750976562|11|977
122.98125457763672|7|978
183.35072326660156|6|979
217.20872497558594|5|980
215.607177734375|5|981
177.26966857910156|5|982
172.7579803466797|4|983
152.11453247070312|4|984
116.79022979736328|4|985
75.45100402832031|4|986
38.189571380615234|4|987
27.325401306152344|55|988
27.568225860595703|55|989
27.74742889404297|55|990
26.501243591308594|55|991
22.413244247436523|55|992
21.514934539794922|9|993
24.265066146850586|55|994
31.37458038330078|54|995
31.9030818939209|54|996
33.05406188964844|54|997
38.184654235839844|55|998
42.62393569946289|55|999
105.26339721679688|11|1000
150.97486877441406|7|1001
200.76629638671875|6|1002
236.47825622558594|5|1003
214.43252563476562|5|1004
185.32826232910156|4|1005
177.90240478515625|4|1006
151.44277954101562|4|1007
112.01900482177734|4|1008
67.15421295166016|4|1009
29.91478729248047|4|1010
15.824407577514648|9|1011
15.569504737854004|9|1012
22.934438705444336|55|1013
26.227155685424805|55|1014
21.42595672607422|55|1015
14.43494701385498|55|1016
11.958514213562012|23|1017
12.957094192504883|23|1018
12.129288673400879|23|1019
11.736607551574707|23|1020
14.174370765686035|23|1021
59.38361740112305|13|1022
123.01643371582031|9|1023
173.2969970703125|6|1024
207.64547729492188|5|1025
233.3745574951172|5|1026
198.843994140625|5|1027
180.01910400390625|4|1028
167.00645446777344|4|1029
134.3044891357422|4|1030
90.3117446899414|4|1031
49.0433349609375|4|1032
32.40482711791992|55|1033
26.225008010864258|55|1034
14.668472290039062|54|1035
13.25751781463623|54|1036
16.53024673461914|54|1037
18.431997299194336|54|1038
15.03180980682373|55|1039
15.373053550720215|55|1040
15.305112838745117|54|1041
19.153993606567383|54|1042
25.026229858398438|54|1043
30.717548370361328|55|1044
79.2569580078125|12|1045
134.40292358398438|8|1046
195.9181365966797|6|1047
226.6525421142578|5|1048
225.65704345703125|5|1049
185.64971923828125|5|1050
180.91036987304688|4|1051
160.5756072998047|4|1052
121.42391967773438|4|1053
74.16085815429688|4|1054
33.7900390625|4|1055
14.309752464294434|54|1056
17.15932273864746|54|1057
20.238269805908203|54|1058
17.419933319091797|55|1059
17.772554397583008|55|1060
21.64433479309082|54|1061
15.97378921508789|55|1062
13.857661247253418|9|1063
13.750568389892578|9|1064
14.14212703704834|54|1065
17.10594367980957|55|1066
46.793277740478516|16|1067
98.92417907714844|15|1068
145.39068603515625|7|1069
178.79653930664062|6|1070
207.1627960205078|5|1071
196.8874053955078|5|1072
177.88458251953125|4|1073
170.57666015625|4|1074
131.9947052001953|4|1075
83.5333480834961|4|1076
53.799407958984375|4|1077
42.15190887451172|5|1078
39.577796936035156|5|1079
35.17097091674805|5|1080
35.221981048583984|5|1081
39.51173400878906|5|1082
43.3275146484375|5|1083
42.92472839355469|5|1084
41.39415740966797|5|1085
40.00657272338867|16|1086
39.38785934448242|15|1087
39.72160339355469|10|1088
45.207740783691406|10|1089
67.56189727783203|10|1090
112.96019744873047|10|1091
158.52664184570312|6|1092
176.87425231933594|5|1093
206.8683319091797|5|1094
189.35952758789062|5|1095
178.1693115234375|4|1096
162.2259063720703|4|1097
122.75856018066406|4|1098
79.82526397705078|4|1099
53.50360107421875|10|1100
55.130126953125|10|1101
53.222450256347656|10|1102
50.6115837097168|10|1103
48.35232162475586|10|1104
63.893428802490234|61|1105
68.06897735595703|61|1106
43.75238037109375|62|1107
40.63591766357422|62|1108
55.42624282836914|61|1109
49.94563674926758|61|1110
40.59867477416992|61|1111
35.90858459472656|61|1112
79.44014739990234|11|1113
140.66552734375|8|1114
207.4535369873047|6|1115
226.26702880859375|5|1116
215.80723571777344|5|1117
169.34556579589844|4|1118
171.3446807861328|4|1119
148.66265869140625|4|1120
107.48796844482422|4|1121
72.54601287841797|4|1122
53.10270690917969|5|1123
40.85963821411133|23|1124
35.81813430786133|11|1125
45.415382385253906|54|1126
47.404136657714844|6|1127
46.65470504760742|6|1128
43.0977783203125|6|1129
44.9882698059082|11|1130
55.42426681518555|11|1131
57.6911506652832|11|1132
52.63154602050781|11|1133
54.005157470703125|11|1134
56.707855224609375|11|1135
99.35921478271484|10|1136
149.2830810546875|7|1137
189.37281799316406|6|1138
225.18109130859375|5|1139
212.60397338867188|5|1140
184.06130981445312|4|1141
175.1784210205078|4|1142
149.3985137939453|4|1143
107.4017333984375|4|1144
59.59001922607422|4|1145
30.424972534179688|23|1146
31.53536605834961|5|1147
29.9664306640625|6|1148
29.25940704345703|11|1149
28.949256896972656|11|1150
28.935285568237305|6|1151
28.477664947509766|6|1152
27.70070457458496|6|1153
26.281070709228516|6|1154
24.41521453857422|6|1155
25.583852767944336|23|1156
21.72134780883789|6|1157
65.50553131103516|11|1158
120.93757629394531|10|1159
175.32371520996094|6|1160
202.27862548828125|5|1161
225.20046997070312|5|1162
181.8587188720703|5|1163
167.8041534423828|4|1164
159.51690673828125|4|1165
126.06842041015625|4|1166
87.10310363769531|4|1167
51.02132797241211|5|1168
30.486309051513672|54|1169
27.578100204467773|54|1170
16.993488311767578|16|1171
21.363786697387695|54|1172
26.1104736328125|54|1173
16.187166213989258|54|1174
13.464625358581543|23|1175
18.395307540893555|17|1176
25.689321517944336|55|1177
32.86244201660156|54|1178
33.48276901245117|54|1179
37.389896392822266|54|1180
76.99982452392578|10|1181
132.0371856689453|7|1182
191.71035766601562|6|1183
227.07012939453125|5|1184
228.17225646972656|5|1185
189.97715759277344|5|1186
179.71627807617188|4|1187
159.1344451904297|4|1188
121.8359146118164|4|1189
75.16937255859375|4|1190
36.422393798828125|4|1191
21.10972785949707|5|1192
23.233022689819336|55|1193
27.408597946166992|55|1194
23.042932510375977|55|1195
14.036189079284668|11|1196
13.599472045898438|11|1197
24.77296257019043|54|1198
24.74752426147461|54|1199
17.537614822387695|54|1200
15.372814178466797|11|1201
18.820926666259766|55|1202
42.562660217285156|12|1203
101.14710235595703|12|1204
161.18814086914062|7|1205
197.51394653320312|6|1206
225.14443969726562|5|1207
208.83621215820312|5|1208
180.92898559570312|4|1209
173.60064697265625|4|1210
134.69602966308594|4|1211
85.73342895507812|4|1212
56.05153274536133|4|1213
45.130313873291016|5|1214
40.1119384765625|5|1215
36.39984893798828|10|1216
37.14791488647461|5|1217
41.45793533325195|5|1218
43.855369567871094|5|1219
42.05339050292969|5|1220
39.162044525146484|5|1221
37.065059661865234|5|1222
35.593894958496094|5|1223
35.88005828857422|54|1224
51.93159866333008|54|1225
74.43500518798828|16|1226
138.85801696777344|10|1227
175.78475952148438|6|1228
200.2719268798828|5|1229
227.79098510742188|5|1230
201.2319793701172|5|1231
185.20816040039062|4|1232
168.78700256347656|4|1233
128.97543334960938|4|1234
83.36703491210938|4|1235
66.86679077148438|10|1236
65.40230560302734|10|1237
59.892337799072266|10|1238
57.1319694519043|10|1239
56.08396911621094|10|1240
52.449981689453125|10|1241
49.21243667602539|10|1242
44.28593826293945|10|1243
36.52847671508789|10|1244
34.78364562988281|15|1245
32.867225646972656|15|1246
31.328014373779297|15|1247
45.85059356689453|16|1248
84.46305084228516|16|1249
128.11866760253906|8|1250
179.7581329345703|6|1251
201.95401000976562|5|1252
202.7866668701172|5|1253
173.17430114746094|5|1254
170.5834503173828|4|1255
150.0697021484375|4|1256
111.14794158935547|4|1257
68.18102264404297|4|1258
36.01091766357422|4|1259
35.26491165161133|16|1260
24.273216247558594|15|1261
33.24066162109375|55|1262
35.515403747558594|55|1263
28.965665817260742|55|1264
25.673633575439453|55|1265
25.550220489501953|55|1266
28.738235473632812|16|1267
21.54959487915039|15|1268
16.6253604888916|26|1269
27.928544998168945|55|1270
43.291717529296875|55|1271
114.54283142089844|10|1272
137.03082275390625|7|1273
184.7880096435547|6|1274
218.65562438964844|5|1275
203.91485595703125|5|1276
179.75840759277344|4|1277
175.15875244140625|4|1278
146.33351135253906|4|1279
99.2449722290039|4|1280
58.95939254760742|4|1281
29.320270538330078|4|1282
17.936758041381836|5|1283
17.778024673461914|55|1284
22.600828170776367|55|1285
22.02494239807129|55|1286
13.119991302490234|20|1287
12.090398788452148|5|1288
10.947461128234863|5|1289
11.154623031616211|25|1290
10.499269485473633|26|1291
11.498167991638184|26|1292
16.06021499633789|20|1293
60.55918502807617|13|1294
125.3614501953125|10|1295
167.0682830810547|6|1296
191.6553955078125|5|1297
222.0613555908203|5|1298
197.07810974121094|5|1299
171.97390747070312|4|1300
152.33248901367188|4|1301
112.54129791259766|4|1302
64.85910034179688|4|1303
59.21697235107422|9|1304
57.05411911010742|23|1305
50.94062805175781|9|1306
52.071170806884766|9|1307
55.473121643066406|9|1308
53.1900520324707|9|1309
49.875736236572266|9|1310
46.693260192871094|9|1311
39.93755340576172|9|1312
39.1257438659668|18|1313
38.424591064453125|18|1314
33.2032356262207|9|1315
28.70555877685547|23|1316
83.68287658691406|12|1317
134.17071533203125|7|1318
204.9510955810547|6|1319
237.70986938476562|5|1320
236.1621856689453|5|1321
194.74610900878906|5|1322
187.88861083984375|4|1323
165.57791137695312|4|1324
125.10218811035156|4|1325
75.88339233398438|4|1326
41.31992721557617|5|1327
29.78878402709961|14|1328
28.75464630126953|14|1329
32.121700286865234|14|1330
35.366024017333984|14|1331
34.67720031738281|14|1332
33.34972381591797|14|1333
32.4661865234375|14|1334
30.635278701782227|14|1335
27.696359634399414|14|1336
25.189697265625|14|1337
23.407438278198242|14|1338
47.522483825683594|15|1339
96.81269073486328|11|1340
150.0147705078125|7|1341
192.90538024902344|6|1342
226.14764404296875|5|1343
204.91317749023438|5|1344
173.83200073242188|4|1345
169.1050262451172|4|1346
146.0147247314453|4|1347
107.4100570678711|4|1348
62.71409225463867|4|1349
30.951467514038086|5|1350
18.947021484375|9|1351
19.40191078186035|9|1352
19.439773559570312|9|1353
19.476091384887695|9|1354
19.582592010498047|9|1355
19.49922752380371|9|1356
17.906038284301758|9|1357
16.091442108154297|9|1358
20.559844970703125|54|1359
21.84125328063965|54|1360
19.534656524658203|23|1361
56.73353958129883|14|1362
112.43623352050781|10|1363
170.5621795654297|6|1364
204.75314331054688|5|1365
226.95912170410156|5|1366
196.78558349609375|5|1367
180.7228546142578|4|1368
170.3775177001953|4|1369
140.29763793945312|4|1370
95.73439025878906|4|1371
51.644569396972656|4|1372
23.995376586914062|5|1373
12.864031791687012|9|1374
12.36403751373291|9|1375
13.540511131286621|9|1376
12.574374198913574|23|1377
11.634734153747559|23|1378
11.089146614074707|23|1379
11.520429611206055|23|1380
11.739712715148926|23|1381
10.54379653930664|23|1382
9.024779319763184|23|1383
8.490726470947266|23|1384
6.7299580574035645|23|1385
14.267281532287598|8|1386
28.878015518188477|8|1387
33.52104187011719|8|1388
34.17677307128906|8|1389
35.564056396484375|8|1390
43.76681137084961|8|1391
49.82614517211914|8|1392
57.59456253051758|8|1393
68.71300506591797|8|1394
67.34419250488281|8|1395
61.017948150634766|8|1396
62.34258270263672|8|1397
62.054508209228516|8|1398
57.67958450317383|8|1399
54.83475875854492|8|1400
51.345558166503906|8|1401
50.30400848388672|8|1402
51.341712951660156|8|1403
50.69853973388672|8|1404
51.16869354248047|8|1405
52.07950210571289|8|1406
53.0389404296875|8|1407
44.5434455871582|8|1408
27.83418083190918|8|1409
19.82605743408203|8|1410
21.347253799438477|8|1411
26.15160369873047|8|1412
32.123817443847656|8|1413
38.23405075073242|8|1414
42.76689529418945|8|1415
46.85995101928711|8|1416
50.28531265258789|8|1417
52.44460678100586|8|1418
55.310665130615234|8|1419
57.54219436645508|8|1420
56.461612701416016|8|1421
56.079261779785156|8|1422
56.24288558959961|8|1423
55.21683120727539|8|1424
53.42229461669922|8|1425
52.50064468383789|8|1426
52.212425231933594|8|1427
52.14607620239258|8|1428
50.49056625366211|8|1429
45.486785888671875|8|1430
31.55259895324707|8|1431
18.93309783935547|8|1432
15.526247024536133|8|1433
16.849018096923828|8|1434
19.99823570251465|8|1435
24.611936569213867|8|1436
28.65221405029297|8|1437
30.463226318359375|8|1438
32.044403076171875|8|1439
33.01299285888672|8|1440
33.14915466308594|8|1441
33.12467956542969|8|1442
33.4344367980957|8|1443
33.646812438964844|8|1444
33.75782775878906|8|1445
32.708560943603516|8|1446
31.221799850463867|8|1447
29.358652114868164|8|1448
36.018470764160156|23|1449
48.517818450927734|23|1450
51.07219314575195|23|1451
49.83567428588867|23|1452
43.34379196166992|23|1453
30.291723251342773|24|1454
22.834930419921875|26|1455
18.3228759765625|27|1456
9.164634704589844|8|1457
10.77157974243164|8|1458
11.851555824279785|8|1459
12.858380317687988|8|1460
14.138611793518066|8|1461
15.667991638183594|8|1462
15.357905387878418|8|1463
15.546914100646973|8|1464
15.979464530944824|8|1465
14.812435150146484|8|1466
18.484329223632812|28|1467
27.959060668945312|29|1468
38.34934616088867|30|1469
53.48569107055664|62|1470
77.18792724609375|62|1471
69.26516723632812|61|1472
57.69767379760742|60|1473
62.6207389831543|60|1474
59.48427963256836|60|1475
56.91462326049805|60|1476
60.04179000854492|61|1477
62.710289001464844|61|1478
60.364261627197266|61|1479
48.673973083496094|61|1480
39.08027267456055|60|1481
35.90499496459961|30|1482
34.8446044921875|30|1483
35.499473571777344|30|1484
31.29421615600586|30|1485
31.016979217529297|31|1486
35.84347915649414|31|1487
40.1681022644043|31|1488
38.84523391723633|30|1489
38.40978240966797|30|1490
31.692283630371094|30|1491
24.223163604736328|29|1492
20.79256820678711|29|1493
24.33482551574707|30|1494
21.235340118408203|11|1495
22.166709899902344|11|1496
22.016239166259766|11|1497
21.73215675354004|11|1498
21.59817886352539|11|1499
20.943239212036133|11|1500
20.73592185974121|11|1501
21.12901496887207|11|1502
20.3397274017334|11|1503
19.146650314331055|11|1504
18.653728485107422|11|1505
18.731292724609375|11|1506
18.830503463745117|11|1507
19.293678283691406|11|1508
19.608530044555664|11|1509
18.877229690551758|11|1510
17.190935134887695|11|1511
17.1987361907959|23|1512
19.32887840270996|23|1513
21.673925399780273|23|1514
23.5437068939209|23|1515
24.639562606811523|23|1516
25.47002601623535|23|1517
25.766538619995117|23|1518
26.067434310913086|23|1519
26.29825210571289|23|1520
26.21283531188965|23|1521
25.993783950805664|23|1522
25.131855010986328|23|1523
23.363914489746094|23|1524
21.291309356689453|23|1525
18.580196380615234|23|1526
17.83108901977539|27|1527
17.20838165283203|27|1528
16.835529327392578|27|1529
16.5033016204834|27|1530
16.248926162719727|27|1531
16.38380241394043|27|1532
16.195974349975586|27|1533
14.710307121276855|27|1534
15.907116889953613|31|1535
35.94743347167969|61|1536
73.06098175048828|62|1537
71.25121307373047|62|1538
61.00986099243164|61|1539
53.6862907409668|61|1540
49.32691192626953|122|1541
46.32246398925781|61|1542
51.825199127197266|61|1543
47.33879852294922|61|1544
26.33833885192871|61|1545
21.062137603759766|27|1546
33.13257598876953|27|1547
34.33573532104492|27|1548
24.534610748291016|27|1549
12.278115272521973|27|1550
9.437658309936523|61|1551
9.036725997924805|27|1552
9.180028915405273|27|1553
9.451238632202148|11|1554
10.052030563354492|11|1555
10.220076560974121|11|1556
10.723838806152344|11|1557
33.43869400024414|62|1558
58.26298522949219|61|1559
54.03575134277344|92|1560
58.09910583496094|93|1561
70.44134521484375|93|1562
61.4870719909668|94|1563
64.94453430175781|95|1564
79.7101821899414|96|1565
78.7890853881836|96|1566
79.8328857421875|97|1567
86.3429183959961|97|1568
81.62602233886719|98|1569
79.00888061523438|98|1570
60.1850471496582|99|1571
51.00830841064453|65|1572
55.709205627441406|65|1573
38.407135009765625|65|1574
25.641159057617188|20|1575
24.725709915161133|20|1576
37.102481842041016|63|1577
47.4017333984375|63|1578
49.10612869262695|63|1579
46.530662536621094|63|1580
42.74995040893555|62|1581
46.12934494018555|62|1582
40.331016540527344|62|1583
31.431493759155273|62|1584
24.94952964782715|10|1585
24.862571716308594|10|1586
23.905094146728516|10|1587
24.459186553955078|10|1588
24.105510711669922|10|1589
23.435060501098633|10|1590
23.782455444335938|10|1591
23.02766227722168|10|1592
22.593868255615234|10|1593
23.886484146118164|10|1594
24.276691436767578|10|1595
24.4381160736084|10|1596
25.213987350463867|10|1597
25.2779541015625|10|1598
24.749547958374023|10|1599
24.930233001708984|10|1600
25.04154396057129|10|1601
24.634471893310547|10|1602
24.494373321533203|10|1603
24.677478790283203|10|1604
24.709840774536133|10|1605
24.179410934448242|10|1606
23.90176010131836|10|1607
23.908842086791992|10|1608
23.286968231201172|10|1609
22.59787940979004|10|1610
22.140575408935547|10|1611
21.05466651916504|10|1612
20.104557037353516|10|1613
19.97187614440918|10|1614
19.63101577758789|10|1615
20.92660903930664|20|1616
21.435331344604492|20|1617
21.289648056030273|20|1618
20.977800369262695|20|1619
20.589941024780273|20|1620
19.727312088012695|20|1621
18.479917526245117|20|1622
17.303125381469727|26|1623
17.334882736206055|26|1624
16.4656925201416|26|1625
15.918766975402832|26|1626
15.11144733428955|26|1627
13.791099548339844|26|1628
12.288284301757812|26|1629
10.379302978515625|26|1630
10.959227561950684|10|1631
11.50823974609375|10|1632
11.948832511901855|10|1633
12.272218704223633|10|1634
12.333168029785156|10|1635
12.231928825378418|10|1636
13.49688720703125|26|1637
13.711731910705566|26|1638
14.07767105102539|10|1639
14.761846542358398|10|1640
15.02920150756836|10|1641
18.363937377929688|20|1642
20.582622528076172|21|1643
18.48764991760254|20|1644
18.718090057373047|20|1645
22.13168716430664|21|1646
17.580726623535156|20|1647
21.610559463500977|27|1648
31.345149993896484|27|1649
24.52060890197754|26|1650
12.546271324157715|25|1651
10.905801773071289|21|1652
9.784235954284668|26|1653
11.632796287536621|26|1654
12.822949409484863|26|1655
10.687893867492676|26|1656
14.08987045288086|25|1657
41.945465087890625|27|1658
48.996158599853516|27|1659
74.8632583618164|56|1660
78.52848815917969|56|1661
61.35097885131836|56|1662
41.535987854003906|57|1663
35.18034744262695|9|1664
46.26203536987305|62|1665
54.49795150756836|94|1666
53.49333190917969|94|1667
53.596649169921875|94|1668
53.831336975097656|93|1669
49.507659912109375|92|1670
51.85320281982422|92|1671
49.164493560791016|92|1672
48.2874870300293|92|1673
48.485897064208984|92|1674
40.10966110229492|92|1675
22.890310287475586|93|1676
16.0067081451416|93|1677
13.972134590148926|92|1678
14.570256233215332|23|1679
16.31305503845215|23|1680
17.57470703125|23|1681
17.452335357666016|23|1682
29.756227493286133|31|1683
48.79326248168945|32|1684
53.86357116699219|32|1685
45.812416076660156|32|1686
40.11185073852539|32|1687
36.32612991333008|32|1688
40.17827606201172|33|1689
40.59354019165039|34|1690
44.204593658447266|34|1691
45.560707092285156|34|1692
50.11329650878906|34|1693
54.20542526245117|34|1694
55.345951080322266|34|1695
55.163536071777344|34|1696
54.37217712402344|34|1697
53.07668685913086|34|1698
49.514915466308594|34|1699
45.429317474365234|33|1700
31.425186157226562|32|1701
32.61315155029297|32|1702
43.12145233154297|33|1703
54.20301818847656|33|1704
61.57080841064453|33|1705
54.0604248046875|33|1706
51.57016372680664|32|1707
61.52637481689453|31|1708
60.179134368896484|31|1709
57.18617630004883|31|1710
57.3456916809082|31|1711
58.2570915222168|31|1712
62.070838928222656|31|1713
62.44190979003906|31|1714
60.58711624145508|31|1715
58.67765426635742|31|1716
56.579833984375|31|1717
56.372764587402344|31|1718
56.47301483154297|31|1719
54.70237731933594|31|1720
55.975311279296875|31|1721
61.5517463684082|31|1722
62.555686950683594|31|1723
48.89760208129883|31|1724
33.16962432861328|30|1725
15.888232231140137|9|1726
27.205005645751953|27|1727
41.03318405151367|27|1728
42.38539505004883|27|1729
34.875770568847656|27|1730
21.974374771118164|26|1731
18.441774368286133|9|1732
18.42976188659668|9|1733
19.86943244934082|27|1734
34.57139205932617|27|1735
35.56767272949219|27|1736
33.33042907714844|27|1737
35.10927200317383|27|1738
36.39922332763672|27|1739
34.82881546020508|27|1740
33.02655029296875|55|1741
29.86101531982422|82|1742
38.28138732910156|82|1743
41.708030700683594|82|1744
39.935264587402344|82|1745
37.079368591308594|82|1746
35.21458435058594|82|1747
32.68023681640625|82|1748
36.66200637817383|81|1749
37.55326843261719|81|1750
28.86016845703125|81|1751
23.906343460083008|54|1752
25.221954345703125|54|1753
29.258495330810547|54|1754
28.033226013183594|54|1755
19.784879684448242|54|1756
17.2091064453125|27|1757
16.07807159423828|27|1758
16.059690475463867|27|1759
14.713042259216309|27|1760
13.516396522521973|9|1761
13.044931411743164|9|1762
12.637520790100098|9|1763
12.15799617767334|9|1764
11.727629661560059|9|1765
11.291973114013672|9|1766
10.830729484558105|9|1767
10.385056495666504|9|1768
10.020060539245605|9|1769
9.590751647949219|9|1770
10.454309463500977|23|1771
11.597902297973633|23|1772
12.222997665405273|23|1773
12.501168251037598|23|1774
12.54850959777832|23|1775
12.260252952575684|23|1776
11.64061450958252|23|1777
11.512758255004883|9|1778
11.444997787475586|9|1779
11.551738739013672|9|1780
11.819072723388672|9|1781
11.89984130859375|9|1782
11.85949993133545|9|1783
11.904240608215332|9|1784
11.871503829956055|9|1785
11.73334789276123|9|1786
11.52303409576416|9|1787
11.310096740722656|9|1788
10.979201316833496|9|1789
10.080256462097168|9|1790
8.636213302612305|9|1791
7.396487236022949|9|1792
16.201459884643555|21|1793
28.630279541015625|20|1794
32.18748474121094|20|1795
32.232181549072266|20|1796
32.58283615112305|20|1797
32.298095703125|20|1798
32.123538970947266|20|1799
32.62577438354492|20|1800
32.366722106933594|20|1801
31.4188289642334|20|1802
30.83586311340332|20|1803
30.104507446289062|20|1804
29.147018432617188|20|1805
29.309730529785156|20|1806
29.408456802368164|20|1807
29.0277042388916|20|1808
28.28057098388672|20|1809
26.59882926940918|20|1810
24.14960289001465|10|1811
23.727664947509766|10|1812
23.30940055847168|10|1813
22.863943099975586|10|1814
22.700550079345703|10|1815
22.749004364013672|10|1816
22.91533088684082|10|1817
23.11937713623047|10|1818
23.20992088317871|10|1819
23.159351348876953|10|1820
24.071287155151367|10|1821
30.783472061157227|22|1822
34.11817932128906|23|1823
40.894535064697266|23|1824
44.70452880859375|23|1825
43.37689208984375|23|1826
33.31117630004883|24|1827
25.237104415893555|10|1828
41.60430908203125|27|1829
67.01803588867188|27|1830
63.169586181640625|27|1831
36.17155075073242|27|1832
23.47614288330078|10|1833
22.296375274658203|10|1834
21.944135665893555|10|1835
22.807676315307617|10|1836
23.201610565185547|10|1837
24.23786163330078|10|1838
26.754735946655273|11|1839
27.54639434814453|12|1840
31.298473358154297|11|1841
39.09886932373047|11|1842
50.54936981201172|27|1843
45.746646881103516|55|1844
60.7783088684082|55|1845
60.43660354614258|56|1846
53.79233932495117|57|1847
59.24322509765625|59|1848
67.91394805908203|60|1849
73.39741516113281|61|1850
70.1550521850586|61|1851
62.61433410644531|61|1852
59.40086364746094|60|1853
58.94408416748047|60|1854
54.51850891113281|61|1855
55.50844955444336|61|1856
48.37617111206055|61|1857
39.84341812133789|61|1858
24.751340866088867|30|1859
23.281583786010742|30|1860
19.283538818359375|11|1861
19.078645706176758|23|1862
19.97215461730957|23|1863
19.650348663330078|11|1864
19.75960922241211|11|1865
19.4295597076416|11|1866
19.3364315032959|11|1867
20.661592483520508|11|1868
21.473344802856445|11|1869
21.82493782043457|11|1870
22.04400062561035|11|1871
19.95186996459961|11|1872
18.573814392089844|11|1873
17.711421966552734|23|1874
18.53211784362793|23|1875
19.491161346435547|23|1876
19.719621658325195|23|1877
19.563228607177734|23|1878
19.56160545349121|23|1879
18.680646896362305|23|1880
17.817869186401367|23|1881
18.09912872314453|23|1882
18.527284622192383|23|1883
19.024446487426758|23|1884
19.880395889282227|23|1885
20.496952056884766|23|1886
20.05733871459961|23|1887
18.39765739440918|23|1888
16.699926376342773|27|1889
17.255107879638672|27|1890
17.491804122924805|27|1891
17.250322341918945|27|1892
16.487924575805664|27|1893
15.769893646240234|27|1894
14.636451721191406|27|1895
12.948446273803711|27|1896
11.284038543701172|27|1897
12.72374439239502|11|1898
13.977286338806152|11|1899
36.182891845703125|30|1900
45.664886474609375|30|1901
55.57461166381836|31|1902
58.51611328125|31|1903
58.32347106933594|31|1904
51.0582389831543|31|1905
46.08259201049805|30|1906
42.625972747802734|30|1907
47.99208068847656|29|1908
40.93973159790039|28|1909
43.16574478149414|27|1910
43.32034683227539|27|1911
38.16746520996094|27|1912
21.840726852416992|29|1913
16.19951629638672|28|1914
17.052661895751953|27|1915
14.338309288024902|27|1916
14.822155952453613|27|1917
16.310298919677734|27|1918
14.76138687133789|27|1919
12.165365219116211|27|1920
11.084814071655273|11|1921
12.190451622009277|11|1922
26.840492248535156|63|1923
67.56459045410156|63|1924
61.56159210205078|62|1925
54.8065071105957|93|1926
57.259952545166016|93|1927
37.02189636230469|95|1928
56.24877166748047|100|1929
65.88069915771484|101|1930
72.27778625488281|101|1931
74.9906234741211|101|1932
78.31542205810547|101|1933
78.09122467041016|101|1934
74.13224792480469|101|1935
64.58381652832031|101|1936
44.1170539855957|101|1937
40.48210906982422|65|1938
31.929601669311523|65|1939
25.999977111816406|32|1940
25.568490982055664|20|1941
29.19972038269043|32|1942
31.82269287109375|63|1943
39.28129577636719|63|1944
39.248695373535156|62|1945
40.68503952026367|62|1946
36.80662536621094|62|1947
30.960113525390625|62|1948
23.86099624633789|62|1949
23.097795486450195|10|1950
23.736825942993164|10|1951
22.940927505493164|10|1952
22.892240524291992|10|1953
23.149192810058594|10|1954
21.761425018310547|10|1955
21.45199203491211|10|1956
22.15605354309082|10|1957
22.19148826599121|10|1958
22.539838790893555|10|1959
23.035186767578125|10|1960
22.877174377441406|10|1961
22.547054290771484|10|1962
23.366579055786133|10|1963
24.470664978027344|10|1964
24.568490982055664|10|1965
25.111623764038086|10|1966
26.30008888244629|10|1967
26.713687896728516|10|1968
26.1806583404541|10|1969
25.392637252807617|10|1970
24.552963256835938|10|1971
23.78009605407715|10|1972
23.419267654418945|10|1973
23.29351234436035|10|1974
22.733352661132812|10|1975
22.29144287109375|10|1976
22.13125991821289|10|1977
22.221378326416016|20|1978
22.970975875854492|20|1979
23.80632972717285|20|1980
24.904273986816406|20|1981
25.559162139892578|20|1982
24.583572387695312|20|1983
23.13874626159668|20|1984
21.248109817504883|20|1985
18.980236053466797|20|1986
17.026884078979492|20|1987
15.711389541625977|20|1988
14.476821899414062|20|1989
12.959954261779785|20|1990
11.346944808959961|20|1991
9.65624713897705|20|1992
8.660426139831543|10|1993
9.27631950378418|10|1994
10.134986877441406|10|1995
10.993117332458496|10|1996
11.85264778137207|10|1997
12.479910850524902|10|1998
12.894332885742188|10|1999
14.302457809448242|26|2000
15.03804874420166|26|2001
14.87990665435791|10|2002
15.54942512512207|10|2003
19.309059143066406|45|2004
26.893829345703125|45|2005
29.736770629882812|22|2006
26.382478713989258|22|2007
26.041902542114258|23|2008
20.24151039123535|24|2009
23.614410400390625|27|2010
39.25410461425781|27|2011
37.73263168334961|27|2012
33.16136932373047|28|2013
28.484649658203125|27|2014
12.184025764465332|26|2015
10.45143985748291|25|2016
10.652774810791016|26|2017
10.265913963317871|26|2018
14.545757293701172|20|2019
17.636062622070312|18|2020
27.64556312561035|18|2021
30.599246978759766|9|2022
33.66250228881836|9|2023
36.678348541259766|9|2024
38.00462341308594|9|2025
37.1474723815918|27|2026
35.92502212524414|9|2027
38.312313079833984|9|2028
38.89932632446289|9|2029
39.352779388427734|30|2030
41.94752502441406|31|2031
53.420162200927734|31|2032
59.007240295410156|31|2033
59.36326217651367|31|2034
56.5377082824707|31|2035
55.44192123413086|31|2036
58.257835388183594|31|2037
62.86162185668945|31|2038
64.58972930908203|31|2039
59.76935958862305|31|2040
57.89006042480469|30|2041
61.24266815185547|30|2042
48.84791946411133|30|2043
31.28456687927246|29|2044
24.056373596191406|28|2045
30.817237854003906|28|2046
40.77846145629883|30|2047
43.195098876953125|30|2048
36.31895446777344|30|2049
25.181528091430664|31|2050
27.612913131713867|32|2051
34.2034797668457|33|2052
45.47318649291992|34|2053
47.90542984008789|34|2054
46.11711120605469|34|2055
42.905574798583984|34|2056
40.725704193115234|67|2057
35.48447036743164|33|2058
37.80885696411133|33|2059
42.97783660888672|33|2060
41.04433059692383|34|2061
46.474605560302734|34|2062
40.537296295166016|34|2063
41.14706802368164|34|2064
44.092830657958984|34|2065
46.19036102294922|34|2066
46.80801010131836|34|2067
48.94761276245117|34|2068
45.43994140625|34|2069
41.2239990234375|33|2070
46.042388916015625|32|2071
57.24976348876953|31|2072
54.74345016479492|31|2073
56.854705810546875|30|2074
57.25840759277344|30|2075
55.5836296081543|30|2076
53.29786682128906|30|2077
52.79877853393555|30|2078
53.345252990722656|30|2079
55.10691833496094|30|2080
55.39643096923828|30|2081
54.79784393310547|30|2082
55.08324432373047|30|2083
56.00181198120117|30|2084
58.484004974365234|30|2085
58.92189407348633|30|2086
61.1883544921875|31|2087
55.78353500366211|31|2088
37.7238883972168|31|2089
39.10009765625|28|2090
47.171409606933594|28|2091
44.380767822265625|28|2092
37.01642990112305|27|2093
40.80801773071289|27|2094
43.14389419555664|27|2095
44.42449951171875|27|2096
43.48040771484375|27|2097
37.05857849121094|27|2098
20.84202003479004|26|2099
19.837095260620117|26|2100
31.261119842529297|28|2101
34.93730545043945|28|2102
39.08789825439453|56|2103
32.629661560058594|55|2104
33.016109466552734|55|2105
29.446226119995117|164|2106
28.319223403930664|55|2107
30.51250648498535|55|2108
32.28204345703125|55|2109
30.479175567626953|55|2110
29.278778076171875|164|2111
29.181690216064453|164|2112
30.733007431030273|55|2113
34.0036735534668|55|2114
37.72701644897461|55|2115
40.39206314086914|55|2116
34.51226043701172|54|2117
28.871862411499023|27|2118
27.958675384521484|54|2119
35.72788619995117|54|2120
32.096275329589844|55|2121
23.698232650756836|28|2122
23.646242141723633|28|2123
21.35282325744629|27|2124
22.836387634277344|27|2125
17.80397605895996|27|2126
12.698479652404785|27|2127
10.448627471923828|7|2128
12.167245864868164|28|2129
12.080037117004395|28|2130
13.06016731262207|28|2131
15.272555351257324|27|2132
13.611077308654785|27|2133
12.903736114501953|23|2134
14.228330612182617|23|2135
15.182854652404785|23|2136
15.707374572753906|23|2137
16.2867374420166|23|2138
16.81065559387207|23|2139
16.9373779296875|23|2140
16.1812686920166|23|2141
14.832374572753906|23|2142
13.266692161560059|23|2143
11.470402717590332|23|2144
12.004430770874023|8|2145
11.411213874816895|8|2146
11.019159317016602|8|2147
11.159260749816895|8|2148
10.125661849975586|8|2149
9.769719123840332|8|2150
9.288521766662598|8|2151
8.684542655944824|8|2152
8.581911087036133|8|2153
8.427681922912598|8|2154
8.250923156738281|8|2155
8.527547836303711|8|2156
9.020419120788574|8|2157
9.916529655456543|23|2158
11.669938087463379|23|2159
13.270414352416992|23|2160
14.553083419799805|23|2161
15.143683433532715|23|2162
14.785697937011719|23|2163
13.6054048538208|23|2164
12.034343719482422|23|2165
10.078010559082031|23|2166
8.289607048034668|23|2167
7.246605396270752|23|2168
6.864920139312744|23|2169
6.971754550933838|23|2170
7.052767753601074|23|2171
6.9891037940979|23|2172
7.209715366363525|8|2173
7.1517205238342285|8|2174
7.646407604217529|8|2175
7.927277565002441|8|2176
8.006002426147461|8|2177
8.341110229492188|8|2178
8.440049171447754|8|2179
8.757965087890625|23|2180
9.460514068603516|23|2181
9.91310977935791|23|2182
10.305493354797363|23|2183
9.965749740600586|23|2184
9.832377433776855|18|2185
9.785379409790039|18|2186
9.377899169921875|18|2187
9.02324104309082|18|2188
8.642353057861328|18|2189
8.100590705871582|18|2190
9.753927230834961|25|2191
18.969711303710938|26|2192
29.773237228393555|27|2193
38.65968322753906|27|2194
41.11526107788086|27|2195
45.62727737426758|27|2196
49.484405517578125|27|2197
48.189292907714844|27|2198
52.649967193603516|28|2199
58.39374923706055|28|2200
61.2844352722168|28|2201
48.17207336425781|11|2202
58.47724914550781|11|2203
59.702083587646484|27|2204
69.43607330322266|55|2205
68.50923919677734|55|2206
57.88613510131836|56|2207
50.9246940612793|27|2208
50.17708206176758|60|2209
57.08576965332031|61|2210
61.97001266479492|61|2211
60.75360870361328|61|2212
61.88135528564453|61|2213
61.198631286621094|61|2214
61.462989807128906|61|2215
63.17839813232422|61|2216
65.8258056640625|61|2217
66.73716735839844|61|2218
64.13829040527344|61|2219
52.278472900390625|61|2220
51.000240325927734|60|2221
52.063758850097656|59|2222
42.77852249145508|58|2223
33.25820541381836|57|2224
28.69518280029297|56|2225
22.400774002075195|27|2226
21.64348030090332|27|2227
22.10506248474121|27|2228
22.04163932800293|27|2229
20.50733757019043|27|2230
17.595958709716797|27|2231
16.580881118774414|11|2232
17.44254493713379|11|2233
17.726749420166016|11|2234
16.405860900878906|11|2235
16.082853317260742|23|2236
20.280460357666016|23|2237
24.18222427368164|23|2238
27.54505729675293|23|2239
29.17704200744629|23|2240
29.278118133544922|23|2241
29.30588150024414|23|2242
29.822284698486328|23|2243
30.12129783630371|23|2244
30.044540405273438|23|2245
29.946245193481445|23|2246
29.95511245727539|23|2247
29.02322769165039|23|2248
26.96724510192871|23|2249
24.226673126220703|23|2250
20.92730140686035|23|2251
18.894264221191406|27|2252
19.333126068115234|27|2253
19.196746826171875|27|2254
18.205278396606445|27|2255
16.887601852416992|27|2256
15.938709259033203|27|2257
15.276900291442871|27|2258
15.295029640197754|27|2259
23.139108657836914|28|2260
45.526611328125|30|2261
55.95796585083008|30|2262
48.17482376098633|30|2263
41.03864669799805|30|2264
30.114145278930664|30|2265
17.137765884399414|29|2266
11.913148880004883|23|2267
12.077587127685547|23|2268
12.361977577209473|23|2269
12.343217849731445|23|2270
24.74156951904297|28|2271
44.76926040649414|27|2272
50.679561614990234|27|2273
49.299560546875|27|2274
42.353092193603516|27|2275
28.357295989990234|27|2276
14.600298881530762|27|2277
12.144399642944336|23|2278
11.871606826782227|23|2279
11.710602760314941|11|2280
12.880119323730469|11|2281
13.443634986877441|11|2282
23.01177215576172|93|2283
48.91124725341797|92|2284
73.70155334472656|91|2285
74.65536499023438|91|2286
52.44077682495117|91|2287
47.628692626953125|96|2288
70.24409484863281|97|2289
80.24744415283203|98|2290
75.40071868896484|99|2291
82.10357666015625|99|2292
81.00660705566406|100|2293
79.75196838378906|10|2294
85.72879028320312|10|2295
82.09599304199219|10|2296
81.13529205322266|10|2297
82.55886840820312|10|2298
82.42034149169922|10|2299
73.6065902709961|10|2300
64.07516479492188|10|2301
56.23992919921875|10|2302
50.608985900878906|10|2303
49.21907043457031|10|2304
47.36350631713867|10|2305
57.50157928466797|63|2306
51.73957824707031|62|2307
50.960941314697266|62|2308
50.151695251464844|61|2309
45.97625732421875|10|2310
48.924537658691406|10|2311
49.47710037231445|10|2312
50.692893981933594|10|2313
52.42756652832031|10|2314
53.68477249145508|10|2315
54.019771575927734|10|2316
50.82115936279297|10|2317
46.36052703857422|10|2318
44.207523345947266|10|2319
41.778865814208984|10|2320
39.21702194213867|10|2321
37.20066833496094|10|2322
35.028076171875|10|2323
33.244041442871094|10|2324
32.36236572265625|10|2325
31.790088653564453|10|2326
30.517297744750977|10|2327
28.38545799255371|10|2328
26.80120849609375|10|2329
26.254941940307617|10|2330
24.96891975402832|10|2331
22.187559127807617|10|2332
19.753202438354492|10|2333
17.945011138916016|10|2334
16.5251522064209|10|2335
16.226041793823242|10|2336
15.260645866394043|10|2337
15.610722541809082|20|2338
17.47150230407715|20|2339
18.931350708007812|20|2340
19.753841400146484|20|2341
20.715042114257812|20|2342
21.815471649169922|20|2343
22.43589210510254|20|2344
22.622835159301758|20|2345
22.576826095581055|20|2346
22.180721282958984|20|2347
21.577653884887695|20|2348
20.067161560058594|20|2349
18.563522338867188|20|2350
17.19140625|20|2351
15.096919059753418|20|2352
12.286540985107422|20|2353
11.053642272949219|26|2354
10.804790496826172|10|2355
12.550186157226562|10|2356
13.900860786437988|10|2357
14.96272087097168|10|2358
15.715577125549316|10|2359
15.83963680267334|10|2360
15.817400932312012|10|2361
16.319149017333984|10|2362
16.70050048828125|10|2363
17.16946029663086|10|2364
17.530576705932617|10|2365
17.47907066345215|10|2366
18.542510986328125|46|2367
17.997018814086914|20|2368
20.67867660522461|21|2369
17.864099502563477|20|2370
17.357337951660156|20|2371
22.018598556518555|26|2372
39.53736877441406|27|2373
49.35475540161133|27|2374
47.19511032104492|27|2375
36.8248405456543|27|2376
38.12561798095703|27|2377
43.96363830566406|27|2378
39.96345520019531|28|2379
43.94188690185547|28|2380
42.272300720214844|28|2381
40.16819763183594|56|2382
41.67045211791992|28|2383
62.740089416503906|9|2384
74.75892639160156|111|2385
74.22942352294922|111|2386
61.8200569152832|9|2387
59.646705627441406|9|2388
60.0186653137207|9|2389
61.00642013549805|9|2390
60.446258544921875|121|2391
64.71418762207031|121|2392
67.43396759033203|121|2393
63.107933044433594|120|2394
75.58355712890625|119|2395
70.20098114013672|119|2396
69.63853454589844|120|2397
54.87533950805664|121|2398
48.08029556274414|121|2399
40.59159469604492|122|2400
37.32319259643555|122|2401
36.533111572265625|9|2402
36.43137741088867|9|2403
35.20757293701172|9|2404
34.162078857421875|9|2405
33.91486358642578|9|2406
37.3665657043457|30|2407
33.295204162597656|9|2408
34.58634948730469|9|2409
41.17153549194336|60|2410
39.41590881347656|60|2411
33.94159698486328|9|2412
33.48395919799805|9|2413
35.17839813232422|99|2414
53.07490921020508|101|2415
62.3350830078125|102|2416
67.27352905273438|102|2417
54.934234619140625|103|2418
40.505672454833984|102|2419
31.054609298706055|9|2420
30.015302658081055|9|2421
29.009552001953125|9|2422
27.137706756591797|9|2423
27.041889190673828|23|2424
27.7903995513916|23|2425
27.812461853027344|23|2426
27.776226043701172|23|2427
27.603885650634766|23|2428
26.29417610168457|23|2429
25.119382858276367|23|2430
36.35337448120117|62|2431
46.888614654541016|62|2432
45.21607208251953|61|2433
43.97633361816406|121|2434
48.35832595825195|91|2435
54.95530700683594|91|2436
58.94022750854492|91|2437
62.0316047668457|91|2438
64.24742889404297|91|2439
67.17918395996094|91|2440
67.27308654785156|91|2441
61.873355865478516|91|2442
60.75358200073242|92|2443
62.056549072265625|92|2444
44.28886413574219|92|2445
25.045713424682617|91|2446
10.041948318481445|23|2447
10.63139533996582|23|2448
11.437849998474121|9|2449
12.62747573852539|9|2450
13.302942276000977|9|2451
14.08156681060791|9|2452
20.864513397216797|27|2453
34.47123718261719|27|2454
37.62024688720703|27|2455
35.93266296386719|27|2456
32.221900939941406|27|2457
26.040983200073242|27|2458
16.05751609802246|27|2459
15.699145317077637|9|2460
15.486648559570312|9|2461
14.68871784210205|9|2462
13.545557975769043|9|2463
12.58602523803711|9|2464
11.826714515686035|23|2465
12.282267570495605|23|2466
22.238046646118164|27|2467
34.218116760253906|26|2468
34.88302230834961|26|2469
30.98293113708496|26|2470
27.752973556518555|26|2471
24.350540161132812|26|2472
26.319059371948242|27|2473
22.25629997253418|27|2474
23.35334014892578|28|2475
21.729272842407227|27|2476
24.096464157104492|27|2477
20.44622802734375|26|2478
17.296875|26|2479
15.592297554016113|27|2480
14.300211906433105|27|2481
14.509921073913574|27|2482
18.369482040405273|27|2483
20.886247634887695|27|2484
17.707441329956055|27|2485
12.689157485961914|27|2486
10.24527645111084|9|2487
10.859077453613281|28|2488
11.165190696716309|28|2489
9.897021293640137|29|2490
10.610363960266113|28|2491
10.704652786254883|27|2492
9.373414039611816|27|2493
8.478043556213379|23|2494
9.21245002746582|23|2495
10.21690845489502|23|2496
11.082267761230469|23|2497
11.826384544372559|23|2498
12.40253734588623|23|2499
12.65119743347168|23|2500
12.692875862121582|23|2501
12.197969436645508|23|2502
11.95768928527832|9|2503
12.662840843200684|9|2504
12.951845169067383|9|2505
13.210222244262695|9|2506
13.603845596313477|9|2507
13.79642391204834|9|2508
13.992547035217285|9|2509
14.177420616149902|9|2510
14.126130104064941|9|2511
13.817147254943848|9|2512
13.55711555480957|9|2513
13.5567045211792|9|2514
13.5072021484375|9|2515
13.141047477722168|9|2516
12.986917495727539|9|2517
19.45817756652832|21|2518
51.840171813964844|20|2519
64.47773742675781|20|2520
92.99231719970703|10|2521
93.60165405273438|10|2522
83.96011352539062|10|2523
83.81405639648438|10|2524
87.822021484375|10|2525
80.60425567626953|10|2526
67.6181640625|10|2527
60.93437957763672|10|2528
55.33760070800781|10|2529
49.810325622558594|10|2530
47.76504898071289|10|2531
46.91987228393555|10|2532
42.281898498535156|10|2533
39.56214904785156|10|2534
42.86969757080078|10|2535
46.32669448852539|10|2536
48.13911819458008|10|2537
49.92729949951172|10|2538
51.20863342285156|10|2539
52.17422103881836|10|2540
53.23226547241211|10|2541
53.11726760864258|10|2542
50.85121154785156|10|2543
47.326744079589844|10|2544
44.73976135253906|10|2545
42.68413162231445|10|2546
38.997154235839844|10|2547
35.42864990234375|10|2548
32.57416915893555|10|2549
30.300615310668945|10|2550
29.191532135009766|10|2551
28.371915817260742|10|2552
27.094465255737305|10|2553
26.134965896606445|10|2554
25.459739685058594|10|2555
35.11042404174805|26|2556
54.65324401855469|26|2557
49.22897720336914|26|2558
34.97975540161133|26|2559
28.288728713989258|27|2560
37.92416000366211|27|2561
50.02495574951172|27|2562
44.03313064575195|28|2563
55.101280212402344|28|2564
82.2739028930664|27|2565
82.3116683959961|28|2566
65.28380584716797|11|2567
58.9602165222168|27|2568
59.40328598022461|27|2569
61.9315071105957|27|2570
64.4155502319336|27|2571
55.66539764404297|27|2572
54.79844665527344|11|2573
55.76276397705078|90|2574
72.28331756591797|91|2575
72.65027618408203|91|2576
72.05696868896484|91|2577
67.82775115966797|91|2578
63.79187774658203|91|2579
61.726654052734375|92|2580
64.95772552490234|91|2581
69.8580322265625|91|2582
59.57844161987305|91|2583