Here with me
Marshmello
Chvrches
EDM
here_with_me
1025x2584
2584

5.997845164529281e-06|961|0
4.5668959501199424e-05|963|1
8.489074389217421e-05|949|2
8.949796756496653e-05|800|3
0.00010133662726730108|792|4
9.327643783763051e-05|895|5
0.00012335368955973536|882|6
0.00012458530545700341|800|7
0.00015235246974043548|918|8
0.0002948243636637926|916|9
0.06652181595563889|40|10
5.004825115203857|24|11
22.07588005065918|24|12
39.11909103393555|24|13
42.668113708496094|24|14
38.34467315673828|24|15
33.42216873168945|24|16
31.620040893554688|24|17
32.44780731201172|24|18
33.06539535522461|24|19
32.9084358215332|24|20
32.01518630981445|24|21
31.92083168029785|24|22
31.50360107421875|24|23
30.65304183959961|24|24
30.8601131439209|24|25
30.603294372558594|24|26
29.286243438720703|24|27
27.666452407836914|24|28
26.55166244506836|12|29
26.261131286621094|12|30
24.620685577392578|12|31
50.79401397705078|58|32
54.02320098876953|57|33
47.311851501464844|57|34
36.81467819213867|57|35
27.769927978515625|57|36
35.38359451293945|29|37
59.746341705322266|33|38
57.14747619628906|65|39
80.84629821777344|97|40
66.6897964477539|97|41
66.64884948730469|162|42
54.39136505126953|162|43
32.260623931884766|35|44
65.56208038330078|181|45
81.6747055053711|181|46
66.6480941772461|110|47
86.82950592041016|110|48
92.10003662109375|109|49
92.45022583007812|109|50
69.55553436279297|110|51
44.767364501953125|73|52
44.69172668457031|43|53
43.84639358520508|43|54
40.816192626953125|43|55
36.222679138183594|43|56
33.80241012573242|43|57
32.140018463134766|43|58
31.382875442504883|43|59
31.12911605834961|43|60
31.527090072631836|43|61
32.39717102050781|43|62
52.29593276977539|33|63
105.86459350585938|65|64
122.38063049316406|64|65
110.59713745117188|65|66
99.68853759765625|65|67
85.53368377685547|66|68
69.44741821289062|33|69
62.56913757324219|33|70
68.20708465576172|36|71
97.95460510253906|37|72
96.75407409667969|36|73
94.07604217529297|36|74
81.04998779296875|36|75
73.96178436279297|36|76
65.40107727050781|36|77
54.358917236328125|36|78
43.68805694580078|36|79
33.29557800292969|36|80
31.585208892822266|22|81
32.28607177734375|43|82
35.8194694519043|43|83
38.227943420410156|43|84
38.836605072021484|43|85
38.95555877685547|43|86
39.8121337890625|43|87
43.62278747558594|43|88
46.28996658325195|43|89
45.28858947753906|68|90
52.66014862060547|97|91
40.22860336303711|43|92
54.33641052246094|32|93
40.10945129394531|43|94
38.53055953979492|43|95
44.15403747558594|37|96
80.07785034179688|37|97
60.84904861450195|36|98
61.55548095703125|71|99
51.91508483886719|71|100
54.478553771972656|36|101
65.05601501464844|36|102
68.97911834716797|36|103
51.2949104309082|35|104
39.33794403076172|34|105
30.961769104003906|34|106
15.352409362792969|34|107
6.218164920806885|22|108
6.090524196624756|43|109
7.242231845855713|43|110
8.27259349822998|43|111
8.767427444458008|43|112
8.88441276550293|43|113
11.346890449523926|21|114
21.133865356445312|33|115
44.111061096191406|33|116
73.23666381835938|65|117
96.12540435791016|64|118
72.11003112792969|63|119
28.342641830444336|62|120
15.181780815124512|10|121
16.102231979370117|9|122
16.808712005615234|10|123
16.800277709960938|9|124
16.984622955322266|9|125
16.147241592407227|9|126
14.567980766296387|10|127
35.768394470214844|32|128
46.56343078613281|32|129
21.56829833984375|32|130
14.905385971069336|9|131
15.152368545532227|9|132
13.921274185180664|9|133
13.519818305969238|22|134
38.44038772583008|32|135
66.49110412597656|33|136
72.7564468383789|33|137
63.73057174682617|32|138
66.62748718261719|32|139
65.96307373046875|32|140
60.78202819824219|32|141
65.53191375732422|33|142
65.66899108886719|33|143
68.08683776855469|32|144
77.06521606445312|32|145
80.58448028564453|32|146
71.9891128540039|32|147
68.24927520751953|33|148
62.803672790527344|33|149
55.06220245361328|33|150
53.63300323486328|33|151
53.59381103515625|33|152
75.35771942138672|163|153
86.85367584228516|163|154
61.3199577331543|65|155
54.685035705566406|98|156
54.04023361206055|98|157
53.13844680786133|98|158
48.783329010009766|163|159
40.46371841430664|32|160
46.8050651550293|32|161
59.09136199951172|32|162
64.0230941772461|32|163
65.63301086425781|32|164
61.282615661621094|32|165
51.222599029541016|32|166
47.12272262573242|66|167
52.864376068115234|33|168
42.41686248779297|32|169
35.273868560791016|32|170
38.4644889831543|32|171
40.31039810180664|32|172
33.99388122558594|30|173
40.374534606933594|29|174
44.49289321899414|29|175
41.14008712768555|29|176
31.431495666503906|29|177
23.79356575012207|29|178
31.12608528137207|28|179
39.22343444824219|29|180
30.830833435058594|30|181
38.51552963256836|30|182
56.03660583496094|29|183
61.84502410888672|29|184
42.32167053222656|29|185
22.58161163330078|29|186
24.40282440185547|29|187
34.653541564941406|29|188
33.261348724365234|29|189
22.94462776184082|29|190
17.765256881713867|29|191
18.904829025268555|29|192
19.99018669128418|29|193
20.187381744384766|29|194
20.020599365234375|29|195
19.69874382019043|29|196
20.141050338745117|29|197
19.29591178894043|29|198
17.826128005981445|29|199
17.327999114990234|29|200
17.849815368652344|29|201
18.57950782775879|29|202
16.727628707885742|29|203
12.55782413482666|14|204
7.976806163787842|14|205
4.161529064178467|33|206
5.6315226554870605|29|207
5.557758808135986|29|208
5.247076511383057|29|209
4.973288059234619|29|210
4.643224239349365|29|211
4.737253189086914|29|212
4.873964786529541|29|213
5.490092754364014|29|214
6.402379989624023|29|215
6.62416934967041|29|216
5.696756839752197|29|217
8.379334449768066|24|218
21.47722053527832|24|219
26.531978607177734|24|220
25.982770919799805|24|221
25.851110458374023|24|222
24.926103591918945|24|223
23.74908447265625|24|224
23.711626052856445|24|225
22.932451248168945|24|226
21.77337074279785|24|227
20.748720169067383|24|228
19.28264617919922|24|229
18.198787689208984|24|230
18.74657440185547|24|231
20.033321380615234|24|232
20.578296661376953|24|233
21.149700164794922|24|234
20.952322006225586|24|235
18.509662628173828|24|236
16.33647346496582|24|237
23.035253524780273|59|238
43.69342803955078|58|239
44.21541213989258|57|240
53.168540954589844|57|241
46.10489273071289|58|242
46.150264739990234|99|243
56.32841873168945|65|244
61.93963623046875|162|245
51.21541976928711|96|246
46.21916961669922|97|247
51.68354034423828|196|248
39.5778923034668|33|249
43.583065032958984|33|250
67.0327377319336|72|251
83.0813217163086|73|252
83.745849609375|109|253
77.4391098022461|110|254
75.11599731445312|110|255
80.51654052734375|108|256
96.34033203125|108|257
66.94316101074219|108|258
40.38383865356445|22|259
37.40385437011719|22|260
33.318931579589844|37|261
28.678787231445312|22|262
27.395885467529297|22|263
28.409337997436523|22|264
29.07233238220215|22|265
28.64637565612793|22|266
28.308408737182617|22|267
27.338058471679688|22|268
49.68065643310547|32|269
84.06292724609375|33|270
79.51850891113281|33|271
60.17457962036133|32|272
46.76592254638672|32|273
44.02124786376953|32|274
57.92439651489258|32|275
57.18130874633789|32|276
47.65993118286133|36|277
70.11002349853516|37|278
65.5431137084961|37|279
62.99951171875|72|280
95.67085266113281|72|281
101.26457214355469|73|282
104.4200668334961|73|283
86.87487030029297|72|284
77.94523620605469|72|285
58.197113037109375|73|286
46.97642135620117|36|287
28.82829475402832|43|288
28.467540740966797|43|289
27.088449478149414|43|290
25.808670043945312|22|291
26.150989532470703|22|292
25.665842056274414|22|293
25.691545486450195|22|294
25.276927947998047|22|295
66.71951293945312|66|296
100.24603271484375|65|297
95.25556945800781|64|298
71.6948013305664|64|299
90.53643035888672|65|300
61.958560943603516|65|301
28.813335418701172|43|302
25.19120216369629|22|303
27.114662170410156|22|304
66.58750915527344|76|305
69.29914855957031|76|306
35.99150466918945|109|307
56.92763900756836|175|308
44.158138275146484|183|309
74.08006286621094|183|310
60.6822624206543|182|311
52.41066360473633|181|312
45.8564338684082|36|313
66.81359100341797|36|314
78.01113891601562|37|315
87.52867126464844|37|316
89.21688079833984|37|317
84.10688018798828|36|318
95.66394805908203|36|319
95.32547760009766|36|320
67.1116943359375|37|321
95.24006652832031|73|322
107.8481674194336|72|323
101.2247314453125|73|324
81.71134185791016|77|325
135.29315185546875|78|326
127.24143981933594|77|327
142.0785369873047|77|328
130.5837860107422|77|329
124.36091613769531|77|330
107.57572937011719|77|331
92.587646484375|76|332
61.5089225769043|77|333
62.75014114379883|116|334
74.72311401367188|116|335
52.7761344909668|76|336
31.300294876098633|35|337
26.50938606262207|34|338
16.088546752929688|29|339
16.545269012451172|10|340
18.0113525390625|10|341
29.96078872680664|65|342
75.13311004638672|65|343
65.1438217163086|65|344
57.86799240112305|160|345
48.143795013427734|161|346
60.45392990112305|164|347
60.241127014160156|164|348
42.752838134765625|161|349
44.71537399291992|32|350
45.34492492675781|32|351
46.48112869262695|32|352
45.63810348510742|33|353
52.37538146972656|33|354
61.09827423095703|66|355
76.16545867919922|65|356
79.59230041503906|65|357
71.3904037475586|65|358
64.2154541015625|64|359
57.31929016113281|64|360
58.06551742553711|32|361
56.46391296386719|32|362
53.25879669189453|32|363
51.97739028930664|33|364
54.755638122558594|33|365
36.27521514892578|32|366
29.01987648010254|22|367
28.960586547851562|22|368
26.56984519958496|21|369
26.01834487915039|22|370
23.953407287597656|22|371
23.400691986083984|22|372
25.503244400024414|33|373
57.64998245239258|33|374
60.89537048339844|33|375
42.43777847290039|31|376
38.214752197265625|31|377
49.117916107177734|33|378
57.463619232177734|32|379
54.06441116333008|31|380
70.5074462890625|29|381
73.30280303955078|29|382
68.65026092529297|29|383
73.8945083618164|29|384
76.33234405517578|29|385
62.31660079956055|29|386
48.37855911254883|28|387
49.91656494140625|29|388
50.28678894042969|30|389
43.559059143066406|29|390
38.404903411865234|29|391
30.23556900024414|28|392
25.10907745361328|29|393
23.00658416748047|22|394
23.61151885986328|22|395
23.610816955566406|22|396
23.08405113220215|21|397
22.981616973876953|22|398
24.17535972595215|22|399
25.69551658630371|22|400
25.173002243041992|22|401
23.372913360595703|22|402
21.88266372680664|22|403
21.361011505126953|22|404
21.87432861328125|22|405
22.423240661621094|22|406
23.073026657104492|22|407
24.33128547668457|22|408
25.614425659179688|22|409
26.214256286621094|22|410
23.73150634765625|21|411
18.424543380737305|21|412
14.721474647521973|20|413
8.610749244689941|36|414
6.122705936431885|36|415
5.976000785827637|36|416
5.486919403076172|36|417
5.241306781768799|36|418
5.2999162673950195|36|419
5.114934921264648|36|420
5.146305084228516|36|421
5.361364364624023|36|422
5.327884674072266|36|423
4.684846878051758|21|424
13.805033683776855|24|425
30.337522506713867|24|426
35.16379928588867|24|427
34.88047409057617|12|428
34.963592529296875|12|429
34.65201950073242|12|430
33.39326095581055|12|431
33.253997802734375|12|432
34.11222457885742|12|433
34.09720993041992|12|434
33.38481140136719|12|435
32.72090530395508|12|436
31.5784854888916|12|437
31.877458572387695|12|438
33.12225341796875|12|439
33.50362014770508|12|440
33.63665008544922|12|441
33.49959945678711|12|442
33.15700912475586|12|443
29.29283332824707|12|444
36.786903381347656|58|445
54.45006561279297|58|446
47.24155807495117|58|447
39.93439865112305|58|448
35.2665901184082|58|449
39.755069732666016|88|450
44.073081970214844|88|451
31.121212005615234|197|452
43.05097198486328|80|453
56.20930480957031|85|454
43.34942626953125|86|455
16.17988395690918|37|456
31.597909927368164|37|457
50.98184585571289|39|458
70.95501708984375|39|459
53.53831100463867|38|460
53.82964324951172|228|461
47.4385986328125|38|462
58.374271392822266|39|463
68.50174713134766|39|464
69.86669158935547|39|465
66.01920318603516|38|466
45.597843170166016|37|467
30.0753173828125|22|468
29.50783920288086|22|469
29.712387084960938|22|470
29.09547233581543|22|471
28.98436164855957|22|472
29.032384872436523|22|473
28.36858367919922|22|474
28.49981117248535|22|475
46.16101837158203|39|476
66.40982055664062|39|477
50.46910095214844|77|478
54.33281707763672|76|479
47.015438079833984|38|480
58.5684814453125|38|481
61.25244903564453|37|482
66.8832015991211|36|483
87.68589782714844|37|484
74.12095642089844|37|485
75.01817321777344|72|486
66.7216796875|72|487
68.52835083007812|73|488
69.72014617919922|73|489
68.87205505371094|73|490
69.96186065673828|73|491
71.76067352294922|110|492
72.82544708251953|110|493
82.78819274902344|110|494
89.90040588378906|109|495
66.0973129272461|36|496
43.77391815185547|36|497
26.151241302490234|22|498
25.93906021118164|22|499
38.164634704589844|35|500
68.00493621826172|36|501
62.586238861083984|72|502
54.41526412963867|68|503
65.43802642822266|65|504
59.86442947387695|65|505
68.83424377441406|65|506
74.83284759521484|65|507
48.561092376708984|65|508
40.50273132324219|58|509
65.79438018798828|56|510
81.06953430175781|56|511
87.9522476196289|57|512
92.91487884521484|58|513
60.341434478759766|58|514
38.94785690307617|28|515
56.732025146484375|58|516
77.65226745605469|58|517
62.04049301147461|58|518
50.607418060302734|29|519
49.40988540649414|29|520
28.05126953125|29|521
11.026712417602539|22|522
10.516456604003906|22|523
9.081451416015625|22|524
8.925485610961914|22|525
8.575515747070312|22|526
8.174915313720703|22|527
9.933661460876465|29|528
46.214046478271484|29|529
83.91779327392578|58|530
104.31014251708984|58|531
85.89449310302734|58|532
89.4996566772461|58|533
98.7606430053711|58|534
90.80621337890625|58|535
67.24443817138672|57|536
28.312076568603516|57|537
12.225339889526367|57|538
12.640835762023926|9|539
16.853744506835938|28|540
44.482337951660156|29|541
60.950252532958984|29|542
38.154659271240234|29|543
15.01481819152832|29|544
10.590205192565918|29|545
10.257896423339844|9|546
17.947996139526367|29|547
59.026676177978516|60|548
81.21495056152344|59|549
86.38583374023438|86|550
90.78076934814453|86|551
70.0447998046875|88|552
92.23995971679688|89|553
59.48899841308594|86|554
71.82244873046875|86|555
77.51333618164062|57|556
48.731849670410156|57|557
17.539033889770508|28|558
13.697736740112305|26|559
26.82513999938965|28|560
54.66961669921875|29|561
62.361785888671875|29|562
31.480918884277344|29|563
9.983975410461426|25|564
7.746654033660889|49|565
6.406550407409668|49|566
12.754243850708008|18|567
31.152694702148438|32|568
54.93544387817383|33|569
73.99089050292969|66|570
43.45425796508789|66|571
25.53584098815918|95|572
20.852306365966797|37|573
45.7668571472168|182|574
61.566646575927734|182|575
45.71383285522461|73|576
54.919044494628906|35|577
64.86608123779297|35|578
54.140037536621094|34|579
33.46017074584961|36|580
54.139404296875|37|581
51.751243591308594|37|582
35.152278900146484|36|583
42.18105697631836|252|584
41.9945182800293|253|585
45.71055603027344|255|586
53.040008544921875|256|587
48.250892639160156|257|588
44.469791412353516|256|589
49.186588287353516|256|590
44.37389373779297|36|591
39.6009521484375|36|592
30.04035758972168|34|593
35.99506759643555|33|594
43.70716857910156|32|595
41.87746047973633|32|596
32.23683166503906|32|597
20.853437423706055|32|598
20.66697120666504|29|599
20.710468292236328|29|600
20.17782974243164|29|601
20.101375579833984|29|602
19.656360626220703|29|603
19.78688621520996|29|604
19.407623291015625|29|605
18.961082458496094|29|606
19.623332977294922|29|607
19.235868453979492|29|608
18.614336013793945|29|609
18.613231658935547|29|610
18.829925537109375|29|611
17.333223342895508|29|612
16.6412296295166|29|613
17.295555114746094|29|614
16.510391235351562|29|615
14.771926879882812|29|616
13.397887229919434|14|617
10.66686725616455|207|618
10.112948417663574|207|619
5.270392894744873|36|620
5.490490436553955|36|621
4.948207378387451|36|622
4.692651748657227|29|623
5.134965896606445|29|624
5.340462684631348|36|625
6.445827007293701|36|626
6.143423080444336|36|627
5.773447513580322|36|628
5.623766899108887|29|629
4.993097305297852|29|630
6.588574409484863|23|631
16.691211700439453|24|632
31.717025756835938|16|633
40.93012237548828|16|634
41.87637710571289|16|635
40.2205924987793|16|636
38.40810012817383|16|637
36.93413543701172|16|638
35.94586181640625|16|639
35.46527862548828|16|640
34.53447341918945|16|641
33.45133590698242|16|642
32.82552719116211|16|643
30.998987197875977|16|644
37.180763244628906|39|645
43.598121643066406|38|646
38.29259490966797|20|647
47.684410095214844|20|648
66.26439666748047|21|649
72.26983642578125|22|650
57.69245147705078|21|651
35.84580612182617|20|652
41.67597198486328|38|653
28.97283172607422|39|654
23.745458602905273|58|655
30.356733322143555|58|656
62.900474548339844|66|657
100.68071746826172|65|658
90.46369934082031|97|659
88.98572540283203|98|660
76.66008758544922|99|661
81.6710205078125|104|662
93.77181243896484|109|663
125.44268035888672|109|664
96.39009857177734|108|665
122.51873779296875|107|666
100.10498046875|110|667
120.87863159179688|112|668
110.2787857055664|112|669
85.02245330810547|109|670
103.97392272949219|108|671
78.65156555175781|108|672
69.1816177368164|109|673
75.26221466064453|110|674
76.0658187866211|73|675
76.24711608886719|73|676
67.8317642211914|73|677
53.83648681640625|73|678
49.89444351196289|36|679
47.54349136352539|35|680
65.3661880493164|34|681
71.21525573730469|34|682
69.958251953125|35|683
75.1648178100586|36|684
72.66674041748047|36|685
40.14946365356445|34|686
45.70914077758789|33|687
46.56439971923828|33|688
51.25127410888672|32|689
41.41097640991211|31|690
51.01268768310547|29|691
60.01830291748047|29|692
62.97701644897461|29|693
60.86996078491211|29|694
58.78294372558594|29|695
59.27458572387695|29|696
58.512481689453125|29|697
49.37851333618164|29|698
35.26318359375|28|699
27.037410736083984|22|700
26.15723991394043|22|701
26.29022216796875|22|702
26.960845947265625|22|703
26.23802947998047|22|704
25.18465805053711|22|705
25.033720016479492|22|706
24.54018783569336|22|707
23.683116912841797|22|708
23.746662139892578|22|709
47.37422561645508|28|710
79.75369262695312|29|711
86.8033218383789|29|712
73.15715789794922|29|713
73.05146789550781|29|714
79.88196563720703|29|715
90.39329528808594|29|716
83.0770263671875|29|717
73.01921844482422|29|718
70.27059173583984|29|719
68.20670318603516|29|720
65.0981674194336|29|721
52.9944953918457|28|722
37.3385124206543|28|723
18.543264389038086|28|724
9.658437728881836|22|725
9.767759323120117|22|726
9.283724784851074|22|727
9.213805198669434|22|728
9.320479393005371|22|729
9.39732837677002|22|730
9.153044700622559|22|731
8.71832275390625|22|732
8.997623443603516|22|733
7.927574157714844|21|734
18.07029914855957|32|735
53.839759826660156|33|736
70.99244689941406|33|737
57.19758605957031|32|738
49.03075408935547|32|739
49.32697296142578|32|740
57.2681999206543|65|741
43.70917892456055|32|742
48.55780029296875|56|743
62.005027770996094|56|744
50.80736541748047|28|745
61.848121643066406|29|746
62.78451156616211|29|747
60.74933624267578|29|748
59.96498489379883|29|749
60.182376861572266|29|750
58.395355224609375|29|751
58.8292121887207|29|752
65.31637573242188|29|753
72.25621032714844|29|754
80.357421875|29|755
66.5396499633789|57|756
53.276954650878906|58|757
50.50775909423828|29|758
34.73124694824219|27|759
26.677583694458008|27|760
27.708473205566406|27|761
26.07533073425293|27|762
17.83450698852539|27|763
17.5283203125|11|764
19.724773406982422|11|765
21.126707077026367|11|766
21.674415588378906|11|767
22.57245445251465|11|768
24.689428329467773|24|769
26.847883224487305|25|770
40.6998405456543|26|771
56.664241790771484|28|772
80.3196792602539|29|773
88.73460388183594|29|774
87.95043182373047|29|775
90.31433868408203|29|776
75.84789276123047|29|777
63.99300765991211|30|778
61.11748123168945|29|779
55.95930862426758|29|780
48.431678771972656|28|781
36.78583908081055|28|782
31.722166061401367|29|783
28.587732315063477|29|784
20.194408416748047|29|785
18.086660385131836|11|786
16.501779556274414|11|787
16.02263641357422|36|788
15.358994483947754|37|789
16.51146125793457|29|790
17.120868682861328|29|791
18.428489685058594|29|792
22.61542510986328|29|793
27.58242416381836|29|794
30.965560913085938|29|795
29.8475284576416|29|796
27.462631225585938|29|797
27.265018463134766|29|798
26.573211669921875|29|799
23.488548278808594|29|800
20.585756301879883|29|801
19.261869430541992|29|802
19.4979190826416|29|803
19.64394187927246|29|804
18.837745666503906|29|805
18.309898376464844|36|806
19.401811599731445|36|807
20.156919479370117|36|808
20.425853729248047|36|809
20.151214599609375|36|810
19.416454315185547|36|811
20.145986557006836|29|812
20.30545425415039|29|813
20.26978302001953|29|814
20.29265594482422|29|815
20.418607711791992|29|816
20.515653610229492|29|817
20.00217056274414|29|818
18.679107666015625|29|819
17.755287170410156|29|820
17.427936553955078|29|821
16.598339080810547|29|822
15.784749031066895|29|823
16.478878021240234|29|824
16.82227897644043|29|825
16.36697769165039|29|826
17.08840560913086|29|827
16.83651351928711|29|828
12.224101066589355|28|829
8.596710205078125|35|830
3.6840248107910156|34|831
2.1971564292907715|18|832
1.83170747756958|18|833
1.754860758781433|36|834
2.0107369422912598|36|835
2.2137961387634277|36|836
2.435487985610962|37|837
46.95277786254883|14|838
137.13714599609375|12|839
240.59925842285156|7|840
346.234375|6|841
320.761962890625|6|842
273.8197937011719|5|843
182.85069274902344|4|844
139.62435913085938|5|845
111.0737533569336|6|846
103.3685531616211|6|847
110.93655395507812|6|848
115.82319641113281|6|849
121.18540954589844|6|850
123.19905090332031|6|851
122.80848693847656|6|852
122.18423461914062|6|853
123.81287384033203|6|854
125.31029510498047|6|855
125.66200256347656|6|856
128.2785186767578|6|857
130.0609893798828|6|858
128.14488220214844|6|859
127.9260025024414|6|860
129.57278442382812|6|861
129.41954040527344|6|862
127.27244567871094|6|863
118.6974868774414|6|864
107.41319274902344|6|865
104.3262710571289|6|866
108.94683074951172|6|867
116.0394287109375|6|868
122.84508514404297|6|869
124.73221588134766|6|870
124.16069030761719|6|871
123.56136322021484|6|872
122.67953491210938|6|873
123.21458435058594|6|874
123.74571228027344|6|875
124.22425842285156|6|876
122.53317260742188|6|877
109.06350708007812|5|878
114.11397552490234|5|879
111.74884796142578|5|880
113.2811050415039|5|881
113.06432342529297|5|882
111.52477264404297|5|883
110.30046844482422|5|884
110.20996856689453|5|885
112.20295715332031|5|886
113.00802612304688|5|887
113.13096618652344|5|888
113.63458251953125|5|889
113.4688491821289|5|890
110.80184173583984|5|891
109.5958023071289|5|892
109.51505279541016|5|893
112.06633758544922|5|894
111.95436096191406|5|895
110.65419006347656|5|896
111.84878540039062|5|897
109.82121276855469|5|898
110.72013854980469|5|899
111.25761413574219|5|900
110.1877670288086|5|901
106.07154846191406|5|902
93.0447769165039|13|903
139.46055603027344|9|904
244.7975311279297|7|905
308.5364685058594|6|906
321.23431396484375|5|907
320.3267517089844|5|908
224.69290161132812|5|909
145.59288024902344|5|910
106.68844604492188|5|911
96.63645935058594|5|912
98.32233428955078|5|913
100.45294952392578|5|914
100.61730194091797|5|915
92.67729949951172|5|916
85.54473876953125|5|917
90.5558853149414|5|918
98.85391998291016|5|919
104.04778289794922|5|920
106.34595489501953|5|921
104.66107940673828|5|922
101.35606384277344|5|923
103.34619140625|5|924
106.33567810058594|5|925
108.83377838134766|5|926
109.13237762451172|5|927
110.40362548828125|5|928
109.80989074707031|5|929
107.64554595947266|5|930
108.5191421508789|5|931
109.71435546875|5|932
108.99490356445312|5|933
109.82785034179688|5|934
110.54646301269531|5|935
111.39390563964844|5|936
110.57520294189453|5|937
111.48239135742188|5|938
111.66060638427734|5|939
110.922119140625|5|940
100.3573989868164|5|941
94.66146087646484|12|942
155.73916625976562|7|943
262.9617614746094|6|944
263.6929931640625|6|945
214.26669311523438|5|946
181.4976043701172|5|947
92.48698425292969|4|948
84.01972961425781|65|949
87.99685668945312|5|950
103.09333038330078|5|951
107.17912292480469|5|952
110.21895599365234|5|953
113.21217346191406|5|954
116.20550537109375|5|955
118.69120025634766|5|956
119.41851806640625|5|957
119.96939849853516|5|958
120.43289184570312|5|959
116.78697204589844|5|960
114.9250259399414|5|961
117.0903091430664|5|962
119.8488540649414|5|963
118.44673919677734|5|964
116.0307846069336|5|965
119.7690658569336|5|966
116.80804443359375|5|967
103.89833068847656|5|968
98.52607727050781|5|969
105.40473937988281|5|970
116.21546936035156|5|971
123.69156646728516|5|972
123.79904174804688|5|973
119.94410705566406|5|974
116.20441436767578|5|975
116.121826171875|5|976
119.38990783691406|5|977
120.66246032714844|5|978
122.03338623046875|5|979
122.25801849365234|5|980
104.27009582519531|5|981
115.15513610839844|4|982
108.96205139160156|4|983
108.63314819335938|4|984
109.90642547607422|4|985
109.3885269165039|4|986
109.12125396728516|4|987
110.62679290771484|4|988
111.89340209960938|4|989
111.6739273071289|4|990
111.16290283203125|4|991
111.72472381591797|4|992
110.356201171875|4|993
109.76190185546875|4|994
108.00049591064453|4|995
105.10529327392578|4|996
107.04882049560547|4|997
110.68060302734375|4|998
112.58483123779297|97|999
108.89168548583984|4|1000
107.1221923828125|4|1001
108.67755126953125|83|1002
105.7779312133789|4|1003
122.80342864990234|86|1004
131.45730590820312|86|1005
98.23849487304688|4|1006
123.08193969726562|12|1007
212.9637451171875|7|1008
283.6512756347656|6|1009
249.3550262451172|6|1010
247.69134521484375|5|1011
226.61476135253906|4|1012
179.13194274902344|4|1013
95.93113708496094|4|1014
86.1986312866211|4|1015
94.69224548339844|4|1016
98.81562042236328|4|1017
100.96780395507812|4|1018
96.1656723022461|4|1019
91.8666763305664|4|1020
93.29651641845703|4|1021
99.14994049072266|4|1022
103.6244888305664|4|1023
104.91053771972656|4|1024
106.9664306640625|4|1025
108.199462890625|4|1026
105.91385650634766|4|1027
107.27266693115234|4|1028
109.1500015258789|4|1029
109.13877868652344|4|1030
108.6988296508789|4|1031
97.81565856933594|4|1032
147.9391632080078|11|1033
255.9110565185547|7|1034
328.76971435546875|6|1035
299.88018798828125|5|1036
266.69561767578125|5|1037
178.96620178222656|5|1038
137.5890655517578|4|1039
115.77617645263672|4|1040
99.14645385742188|4|1041
97.86184692382812|4|1042
100.90498352050781|4|1043
103.20685577392578|4|1044
86.3087387084961|4|1045
162.10963439941406|12|1046
237.13592529296875|7|1047
274.35650634765625|6|1048
262.3045654296875|5|1049
287.1192932128906|5|1050
214.66856384277344|5|1051
97.97046661376953|6|1052
92.6803970336914|6|1053
107.85115051269531|6|1054
111.18024444580078|6|1055
114.79039764404297|6|1056
116.36347961425781|6|1057
120.02095031738281|6|1058
123.75642395019531|6|1059
123.64125061035156|6|1060
123.89468383789062|6|1061
125.8741455078125|6|1062
126.74623107910156|6|1063
126.47332000732422|6|1064
127.44783782958984|6|1065
128.5257110595703|6|1066
128.6005096435547|6|1067
128.09400939941406|6|1068
125.14550018310547|6|1069
120.55718994140625|6|1070
108.31791687011719|6|1071
96.05813598632812|6|1072
102.3132553100586|6|1073
113.75160217285156|6|1074
118.07138061523438|6|1075
119.08563232421875|6|1076
119.46131134033203|6|1077
119.37677001953125|6|1078
121.59081268310547|6|1079
124.18424224853516|6|1080
123.27052307128906|6|1081
122.73353576660156|6|1082
124.13389587402344|6|1083
117.125732421875|6|1084
113.11587524414062|5|1085
109.28971099853516|5|1086
109.45235443115234|5|1087
110.67292022705078|5|1088
108.5086441040039|5|1089
107.775390625|5|1090
108.3685531616211|5|1091
108.18681335449219|5|1092
109.07880401611328|5|1093
108.71050262451172|5|1094
109.84815979003906|5|1095
113.3846664428711|5|1096
113.7454605102539|5|1097
109.12574005126953|5|1098
108.95670318603516|5|1099
110.57703399658203|5|1100
111.55989837646484|5|1101
112.10295104980469|5|1102
110.41028594970703|5|1103
108.89521789550781|5|1104
110.63873291015625|5|1105
112.28621673583984|5|1106
111.69982147216797|5|1107
111.48561096191406|5|1108
105.58323669433594|5|1109
97.75668334960938|12|1110
169.67697143554688|8|1111
274.6287536621094|6|1112
283.3611145019531|6|1113
224.02322387695312|5|1114
180.48419189453125|5|1115
91.66691589355469|5|1116
53.409976959228516|5|1117
76.87611389160156|5|1118
90.6251220703125|5|1119
94.57705688476562|5|1120
98.7415771484375|5|1121
102.92143249511719|5|1122
97.45882415771484|5|1123
91.35145568847656|5|1124
98.93745422363281|5|1125
107.34113311767578|5|1126
108.28421020507812|5|1127
107.16638946533203|5|1128
102.22374725341797|5|1129
103.12271118164062|5|1130
106.03445434570312|5|1131
107.28787994384766|5|1132
106.57752990722656|5|1133
106.14521789550781|5|1134
107.32482147216797|5|1135
109.84894561767578|5|1136
109.82649993896484|5|1137
109.08930969238281|5|1138
111.79350280761719|5|1139
111.16864776611328|5|1140
109.04386138916016|5|1141
108.27307891845703|5|1142
110.65118408203125|5|1143
109.91507720947266|5|1144
109.73418426513672|5|1145
110.57340240478516|5|1146
108.42445373535156|5|1147
101.04449462890625|5|1148
102.48091888427734|11|1149
193.39450073242188|7|1150
267.12945556640625|6|1151
264.50469970703125|5|1152
270.8619689941406|5|1153
213.17330932617188|5|1154
150.64157104492188|4|1155
114.20368194580078|5|1156
99.12998962402344|5|1157
99.47576904296875|5|1158
103.56710052490234|5|1159
106.58552551269531|5|1160
106.55545806884766|5|1161
109.84832763671875|5|1162
116.48312377929688|5|1163
119.28500366210938|5|1164
117.57901000976562|5|1165
116.84004974365234|5|1166
117.39881896972656|5|1167
117.99712371826172|5|1168
119.20585632324219|5|1169
120.30297088623047|5|1170
119.76072692871094|5|1171
118.36445617675781|5|1172
119.33751678466797|5|1173
116.76368713378906|5|1174
108.29759216308594|5|1175
109.26815795898438|5|1176
119.4120101928711|5|1177
121.57617950439453|5|1178
119.80660247802734|5|1179
120.40306854248047|5|1180
119.60582733154297|5|1181
121.0190658569336|5|1182
122.85602569580078|5|1183
121.99527740478516|5|1184
122.52015686035156|5|1185
123.49107360839844|5|1186
119.87045288085938|5|1187
105.04042053222656|4|1188
113.39910888671875|4|1189
108.61334228515625|4|1190
109.6935806274414|4|1191
110.04118347167969|4|1192
109.60022735595703|4|1193
110.07709503173828|4|1194
110.42461395263672|4|1195
111.16485595703125|4|1196
111.61886596679688|4|1197
112.29617309570312|4|1198
111.34413146972656|4|1199
109.88677978515625|4|1200
111.33021545410156|4|1201
111.178466796875|4|1202
121.94967651367188|96|1203
116.11078643798828|96|1204
109.56830596923828|4|1205
108.9945068359375|4|1206
109.92579650878906|4|1207
111.52780151367188|4|1208
111.69580078125|4|1209
118.19063568115234|88|1210
124.94729614257812|87|1211
125.35353088378906|86|1212
94.16616821289062|4|1213
138.2813720703125|11|1214
226.82569885253906|7|1215
292.9364318847656|6|1216
273.98193359375|5|1217
240.35752868652344|5|1218
149.48133850097656|5|1219
99.52827453613281|4|1220
103.35425567626953|4|1221
94.88818359375|4|1222
95.52918243408203|4|1223
99.26506042480469|4|1224
101.18236541748047|4|1225
99.8843002319336|4|1226
97.65637969970703|4|1227
93.80123138427734|4|1228
96.7955093383789|4|1229
102.3376693725586|4|1230
105.59500885009766|4|1231
107.37265014648438|4|1232
107.79362487792969|4|1233
107.266845703125|4|1234
109.15401458740234|4|1235
112.4243392944336|4|1236
110.19933319091797|4|1237
103.65823364257812|4|1238
94.3856430053711|11|1239
148.62550354003906|7|1240
265.6557922363281|6|1241
311.0326843261719|6|1242
283.2193603515625|5|1243
275.2613830566406|5|1244
183.83457946777344|4|1245
81.92357635498047|3|1246
72.0467529296875|3|1247
90.51036071777344|4|1248
95.2094955444336|4|1249
98.97360229492188|4|1250
100.99076080322266|4|1251
99.6888656616211|11|1252
183.35899353027344|7|1253
289.40789794921875|6|1254
331.656982421875|6|1255
302.36077880859375|5|1256
237.24368286132812|5|1257
150.44186401367188|4|1258
96.46123504638672|5|1259
102.65690612792969|6|1260
108.40090942382812|6|1261
115.47346496582031|6|1262
116.74076843261719|6|1263
119.17393493652344|6|1264
122.20654296875|6|1265
123.49142456054688|6|1266
123.70655059814453|6|1267
123.79256439208984|6|1268
124.42977905273438|6|1269
125.3460464477539|6|1270
125.72974395751953|6|1271
126.11600494384766|6|1272
126.90665435791016|6|1273
128.29559326171875|6|1274
128.96353149414062|6|1275
127.86451721191406|6|1276
122.74821472167969|6|1277
110.41204833984375|6|1278
104.94596099853516|6|1279
111.32017517089844|6|1280
116.13603973388672|6|1281
119.43327331542969|6|1282
121.58648681640625|6|1283
121.4266128540039|6|1284
122.83506774902344|6|1285
124.80384063720703|6|1286
125.60440826416016|6|1287
124.89213562011719|6|1288
124.40675354003906|6|1289
124.00830841064453|6|1290
105.80471801757812|6|1291
111.8921127319336|5|1292
108.22521209716797|5|1293
109.01896667480469|5|1294
109.48306274414062|5|1295
110.27224731445312|5|1296
110.72061157226562|5|1297
110.01667022705078|5|1298
108.8648910522461|5|1299
110.20459747314453|5|1300
111.02133178710938|5|1301
110.41780090332031|5|1302
110.55404663085938|5|1303
110.05474853515625|5|1304
109.17637634277344|5|1305
109.6840591430664|5|1306
108.3692398071289|5|1307
108.94763946533203|5|1308
111.1317367553711|5|1309
111.7682876586914|5|1310
111.14704895019531|5|1311
113.1677474975586|5|1312
113.58963775634766|5|1313
111.88680267333984|5|1314
108.66012573242188|5|1315
96.04959106445312|5|1316
122.04708862304688|12|1317
211.87615966796875|7|1318
282.798828125|6|1319
285.8746032714844|5|1320
311.67926025390625|5|1321
232.718017578125|5|1322
181.25491333007812|4|1323
117.93167877197266|4|1324
90.47625732421875|5|1325
92.12188720703125|5|1326
94.57081604003906|5|1327
96.60830688476562|5|1328
92.90941619873047|5|1329
84.78427124023438|5|1330
84.06448364257812|5|1331
89.76439666748047|5|1332
94.90975189208984|5|1333
101.92797088623047|5|1334
107.06251525878906|5|1335
106.19763946533203|5|1336
104.30433654785156|5|1337
104.53945922851562|5|1338
107.03398895263672|5|1339
108.4122543334961|5|1340
107.13973999023438|5|1341
106.45097351074219|5|1342
107.88209533691406|5|1343
109.93150329589844|5|1344
109.18888854980469|5|1345
106.91921997070312|5|1346
108.07061767578125|5|1347
110.593505859375|5|1348
110.39384460449219|5|1349
110.41770935058594|5|1350
110.57190704345703|5|1351
110.20413208007812|5|1352
109.89656829833984|5|1353
109.22030639648438|5|1354
94.17827606201172|4|1355
119.39036560058594|11|1356
212.5165252685547|7|1357
264.5011901855469|6|1358
230.30361938476562|6|1359
251.63002014160156|5|1360
181.37278747558594|5|1361
93.44342803955078|5|1362
75.38953399658203|5|1363
95.4592514038086|5|1364
103.82276916503906|5|1365
106.8597183227539|5|1366
110.51815795898438|5|1367
113.44107055664062|5|1368
115.80884552001953|5|1369
118.54097747802734|5|1370
119.09786224365234|5|1371
121.09146881103516|5|1372
123.0148696899414|5|1373
123.44496154785156|5|1374
122.8561019897461|5|1375
122.62178802490234|5|1376
120.99165344238281|5|1377
121.38636779785156|5|1378
136.3515167236328|86|1379
136.59951782226562|86|1380
127.71380615234375|86|1381
139.1074676513672|87|1382
133.99569702148438|87|1383
111.44351959228516|5|1384
114.66030883789062|5|1385
117.42660522460938|5|1386
119.02696228027344|5|1387
119.81188201904297|5|1388
119.44561004638672|5|1389
118.3365478515625|5|1390
118.67325592041016|5|1391
119.54364013671875|5|1392
120.06273651123047|5|1393
114.83869934082031|5|1394
109.90836334228516|4|1395
111.27085876464844|4|1396
103.53254699707031|4|1397
104.35098266601562|4|1398
105.71073150634766|4|1399
108.25234985351562|4|1400
109.38565063476562|4|1401
109.67291259765625|4|1402
109.4545669555664|4|1403
109.3045883178711|4|1404
111.1375503540039|4|1405
110.1367416381836|4|1406
107.55980682373047|4|1407
109.58551788330078|4|1408
110.97877502441406|4|1409
110.71951293945312|4|1410
111.06138610839844|4|1411
111.0143814086914|4|1412
109.2337875366211|4|1413
108.26091003417969|4|1414
109.85404968261719|4|1415
110.42512512207031|4|1416
108.05791473388672|4|1417
106.85012817382812|4|1418
103.08642578125|4|1419
103.48774719238281|13|1420
158.72357177734375|7|1421
258.2806091308594|6|1422
283.82684326171875|6|1423
257.0546569824219|5|1424
245.1464080810547|5|1425
190.73667907714844|4|1426
93.60738372802734|3|1427
78.71894836425781|3|1428
89.38372802734375|4|1429
94.9728012084961|4|1430
99.1406021118164|4|1431
99.98831939697266|4|1432
98.41841888427734|4|1433
96.292724609375|4|1434
95.61243438720703|4|1435
101.99958038330078|4|1436
108.04576110839844|4|1437
107.12100982666016|4|1438
104.52780151367188|4|1439
108.21996307373047|4|1440
110.46745300292969|4|1441
109.98576354980469|4|1442
108.94075012207031|4|1443
109.6921615600586|4|1444
101.19662475585938|4|1445
119.14077758789062|13|1446
194.22085571289062|7|1447
303.2669677734375|6|1448
301.3699645996094|6|1449
278.5583801269531|5|1450
229.3974609375|5|1451
196.1053924560547|4|1452
139.37420654296875|4|1453
97.49169158935547|4|1454
94.56556701660156|4|1455
97.28069305419922|4|1456
100.89006042480469|4|1457
94.47891235351562|4|1458
121.16111755371094|13|1459
213.1045379638672|7|1460
300.6418151855469|6|1461
285.23773193359375|5|1462
264.3587341308594|5|1463
188.0956268310547|5|1464
118.93988037109375|5|1465
80.06439971923828|5|1466
94.91819763183594|4|1467
103.09076690673828|4|1468
108.1952133178711|4|1469
112.30281066894531|4|1470
116.01152038574219|4|1471
117.61598205566406|4|1472
117.18570709228516|4|1473
118.22386932373047|4|1474
121.09552001953125|4|1475
122.94562530517578|4|1476
122.66307067871094|4|1477
121.14862823486328|4|1478
120.50190734863281|4|1479
121.6314697265625|4|1480
123.78909301757812|4|1481
124.90484619140625|4|1482
121.27845764160156|4|1483
111.23770904541016|4|1484
101.25765991210938|4|1485
100.39246368408203|4|1486
107.26905059814453|4|1487
113.02597045898438|4|1488
115.1324691772461|4|1489
115.08436584472656|4|1490
120.03741455078125|110|1491
125.11475372314453|109|1492
131.61465454101562|108|1493
117.35205078125|4|1494
134.02957153320312|111|1495
115.12207794189453|4|1496
118.1141357421875|4|1497
118.41535949707031|4|1498
106.80463409423828|4|1499
108.18602752685547|5|1500
108.51278686523438|5|1501
108.93380737304688|5|1502
107.95740509033203|5|1503
106.8514633178711|5|1504
108.5054931640625|5|1505
110.84306335449219|5|1506
109.20418548583984|5|1507
107.98692321777344|5|1508
110.39443969726562|5|1509
111.29869842529297|5|1510
110.38457489013672|5|1511
108.82596588134766|5|1512
109.3386001586914|5|1513
109.75370788574219|5|1514
109.04801177978516|5|1515
108.22884368896484|5|1516
108.3892593383789|5|1517
109.90174102783203|5|1518
109.9144515991211|5|1519
108.21306610107422|5|1520
108.13679504394531|5|1521
108.8405990600586|5|1522
98.04666900634766|5|1523
133.0817413330078|11|1524
258.508544921875|7|1525
320.9548034667969|6|1526
311.2551574707031|5|1527
260.0960693359375|5|1528
180.26058959960938|4|1529
136.789794921875|4|1530
104.92964172363281|4|1531
91.45951843261719|5|1532
98.03804779052734|5|1533
102.08082580566406|5|1534
102.16851043701172|5|1535
94.44032287597656|5|1536
85.3066635131836|5|1537
92.05609130859375|5|1538
101.98137664794922|5|1539
101.79144287109375|5|1540
103.49592590332031|5|1541
106.0719985961914|5|1542
108.6171875|5|1543
109.33346557617188|5|1544
108.7096939086914|5|1545
109.1644515991211|5|1546
109.14344787597656|5|1547
108.76863861083984|5|1548
108.20796966552734|5|1549
108.68331146240234|5|1550
109.30583190917969|5|1551
109.70603942871094|5|1552
109.11348724365234|5|1553
108.53752136230469|5|1554
110.36112976074219|5|1555
111.2608642578125|5|1556
111.3818359375|5|1557
111.12342071533203|5|1558
110.9875259399414|5|1559
111.38105010986328|5|1560
109.52482604980469|5|1561
96.2591323852539|5|1562
144.0937957763672|8|1563
257.0517272949219|6|1564
272.18646240234375|6|1565
238.45855712890625|5|1566
234.813232421875|5|1567
200.82730102539062|5|1568
131.92889404296875|5|1569
84.75175476074219|6|1570
92.88711547851562|5|1571
99.4390640258789|5|1572
102.58789825439453|5|1573
103.7498779296875|5|1574
106.01795196533203|5|1575
107.32227325439453|5|1576
108.68955993652344|5|1577
110.39643859863281|5|1578
112.02349090576172|5|1579
113.11396789550781|5|1580
112.24158477783203|5|1581
111.73851776123047|5|1582
114.15071868896484|5|1583
114.78205871582031|5|1584
112.34976959228516|5|1585
111.26297760009766|5|1586
109.92604064941406|5|1587
97.29206848144531|5|1588
89.61080932617188|5|1589
95.70570373535156|5|1590
105.918212890625|5|1591
109.93679809570312|5|1592
112.13029479980469|5|1593
112.72119903564453|5|1594
112.84681701660156|5|1595
112.97783660888672|5|1596
112.49480438232422|5|1597
112.92237091064453|5|1598
113.13585662841797|5|1599
113.70918273925781|5|1600
111.85676574707031|5|1601
100.82550048828125|4|1602
110.5986099243164|4|1603
112.90544128417969|4|1604
114.69926452636719|4|1605
112.18421173095703|4|1606
108.71821594238281|4|1607
108.54277801513672|4|1608
109.7368392944336|4|1609
111.07657623291016|4|1610
110.87279510498047|4|1611
111.09542083740234|4|1612
110.51213073730469|4|1613
104.28376770019531|4|1614
78.7081527709961|29|1615
74.996337890625|29|1616
64.72179412841797|29|1617
50.25082015991211|29|1618
30.923521041870117|29|1619
19.19707489013672|28|1620
22.61056137084961|29|1621
25.61476707458496|29|1622
22.89885139465332|29|1623
22.005884170532227|29|1624
22.220117568969727|29|1625
18.662385940551758|29|1626
68.0792465209961|67|1627
83.42432403564453|58|1628
133.2263641357422|58|1629
107.63301086425781|58|1630
94.69527435302734|86|1631
87.59571075439453|87|1632
76.03604888916016|87|1633
88.71971130371094|58|1634
65.39967346191406|57|1635
39.78683090209961|27|1636
46.0955924987793|26|1637
35.076499938964844|26|1638
34.50613021850586|29|1639
62.432247161865234|36|1640
84.38297271728516|40|1641
74.75343322753906|41|1642
50.124969482421875|41|1643
43.572410583496094|43|1644
50.366600036621094|262|1645
48.138675689697266|44|1646
50.097591400146484|264|1647
51.37324905395508|262|1648
62.47688293457031|261|1649
54.168975830078125|43|1650
40.561771392822266|43|1651
18.199316024780273|29|1652
40.31437683105469|222|1653
64.33384704589844|89|1654
93.4528579711914|89|1655
66.91165924072266|88|1656
75.53323364257812|86|1657
94.60453796386719|86|1658
109.10638427734375|86|1659
108.7624282836914|86|1660
139.12103271484375|87|1661
145.5933074951172|87|1662
139.43605041503906|86|1663
88.53793334960938|87|1664
41.592262268066406|54|1665
66.86963653564453|6|1666
110.61380004882812|6|1667
129.37701416015625|6|1668
138.3083038330078|6|1669
141.2713623046875|6|1670
137.28948974609375|6|1671
132.92222595214844|6|1672
135.6499786376953|6|1673
141.2118377685547|6|1674
145.3920440673828|6|1675
146.14552307128906|6|1676
146.35235595703125|6|1677
146.3818817138672|6|1678
145.48626708984375|6|1679
145.548583984375|6|1680
144.51475524902344|6|1681
144.26162719726562|6|1682
144.14805603027344|6|1683
146.11029052734375|6|1684
150.89793395996094|6|1685
153.07138061523438|6|1686
154.26272583007812|6|1687
158.42710876464844|6|1688
160.03623962402344|6|1689
158.14337158203125|6|1690
146.5906219482422|6|1691
137.25563049316406|6|1692
142.46348571777344|6|1693
149.5845184326172|6|1694
156.36045837402344|6|1695
161.80006408691406|6|1696
166.11830139160156|6|1697
171.63827514648438|6|1698
173.33839416503906|6|1699
174.21534729003906|6|1700
180.23365783691406|6|1701
184.92721557617188|6|1702
185.04872131347656|6|1703
165.24635314941406|6|1704
128.8699951171875|6|1705
133.35877990722656|5|1706
142.23233032226562|5|1707
144.27853393554688|5|1708
149.70166015625|5|1709
153.27622985839844|5|1710
151.44676208496094|5|1711
152.28948974609375|5|1712
153.63644409179688|5|1713
155.18014526367188|5|1714
155.67596435546875|5|1715
154.0609588623047|5|1716
154.7142791748047|5|1717
154.61732482910156|5|1718
159.94874572753906|5|1719
162.2791748046875|5|1720
157.47384643554688|5|1721
153.3079376220703|5|1722
155.7277069091797|5|1723
153.90203857421875|5|1724
151.2911376953125|5|1725
152.9308624267578|5|1726
155.77830505371094|5|1727
156.6910858154297|5|1728
159.5970001220703|5|1729
163.02938842773438|5|1730
162.3197479248047|5|1731
161.71400451660156|5|1732
159.64898681640625|5|1733
160.7362060546875|5|1734
166.40345764160156|5|1735
167.4257354736328|5|1736
160.69412231445312|5|1737
157.47491455078125|5|1738
162.68035888671875|5|1739
165.2444610595703|5|1740
167.6311492919922|5|1741
163.9521484375|5|1742
147.94924926757812|5|1743
135.2969970703125|5|1744
143.12416076660156|5|1745
150.51876831054688|5|1746
157.5313720703125|5|1747
159.3406524658203|5|1748
163.91098022460938|5|1749
170.7674560546875|5|1750
172.4943389892578|5|1751
172.9268035888672|5|1752
172.26722717285156|5|1753
171.93316650390625|5|1754
167.33670043945312|5|1755
153.179931640625|5|1756
148.15750122070312|5|1757
154.4087371826172|5|1758
156.6118621826172|5|1759
155.60525512695312|5|1760
153.3995819091797|5|1761
157.88876342773438|5|1762
156.94256591796875|5|1763
151.9559326171875|5|1764
156.43788146972656|5|1765
162.33872985839844|5|1766
164.18833923339844|5|1767
157.97650146484375|5|1768
147.808349609375|5|1769
141.76858520507812|5|1770
139.42929077148438|5|1771
142.61135864257812|5|1772
144.47390747070312|5|1773
145.39749145507812|5|1774
148.9263153076172|5|1775
150.38111877441406|5|1776
143.5926055908203|5|1777
137.42062377929688|5|1778
138.00686645507812|5|1779
139.3714599609375|5|1780
139.9786376953125|5|1781
140.50071716308594|5|1782
145.27001953125|5|1783
152.16419982910156|5|1784
154.58363342285156|5|1785
155.82330322265625|5|1786
156.2008056640625|5|1787
149.26795959472656|5|1788
140.0386199951172|5|1789
135.0773468017578|5|1790
137.68807983398438|5|1791
142.50225830078125|5|1792
143.691162109375|5|1793
142.6885986328125|5|1794
131.7192840576172|5|1795
124.38859558105469|5|1796
129.86981201171875|5|1797
135.4838409423828|5|1798
134.83700561523438|5|1799
135.06581115722656|5|1800
136.8125457763672|5|1801
137.1734161376953|5|1802
139.48146057128906|5|1803
146.3272247314453|5|1804
153.94081115722656|5|1805
161.23828125|5|1806
161.3267059326172|5|1807
118.14308166503906|5|1808
111.95267486572266|4|1809
109.49296569824219|4|1810
114.6097183227539|4|1811
118.05087280273438|4|1812
119.32522583007812|4|1813
121.120361328125|4|1814
115.79314422607422|4|1815
113.63188934326172|4|1816
117.5589828491211|4|1817
120.2519302368164|4|1818
120.67790222167969|4|1819
109.0699234008789|4|1820
108.86053466796875|91|1821
109.7842788696289|4|1822
114.6114273071289|4|1823
113.60398864746094|4|1824
113.55416107177734|4|1825
113.70597076416016|4|1826
112.91726684570312|4|1827
114.94422912597656|4|1828
119.49168395996094|4|1829
124.62239074707031|4|1830
127.28329467773438|4|1831
124.28728485107422|4|1832
125.65414428710938|4|1833
119.16373443603516|4|1834
112.49144744873047|4|1835
114.40118408203125|4|1836
118.38294219970703|4|1837
120.8886947631836|4|1838
117.44903564453125|4|1839
112.60597229003906|4|1840
115.9695816040039|4|1841
124.32861328125|4|1842
126.86886596679688|4|1843
127.06290435791016|4|1844
123.7038803100586|4|1845
116.29216766357422|4|1846
106.53782653808594|4|1847
104.63710021972656|4|1848
111.37059783935547|4|1849
116.138427734375|4|1850
113.48298645019531|4|1851
114.44121551513672|4|1852
115.60400390625|4|1853
118.67130279541016|4|1854
122.03826141357422|4|1855
124.68972778320312|4|1856
127.9786605834961|4|1857
126.21939849853516|4|1858
122.47406005859375|4|1859
120.55412292480469|4|1860
115.88191986083984|4|1861
133.0568084716797|87|1862
138.10838317871094|87|1863
121.28205108642578|87|1864
124.49552917480469|4|1865
124.8685073852539|4|1866
120.48980712890625|4|1867
118.1986083984375|4|1868
118.5141830444336|4|1869
118.25767517089844|4|1870
120.51985168457031|4|1871
125.30281066894531|4|1872
114.18993377685547|5|1873
173.74118041992188|6|1874
192.85365295410156|6|1875
194.78610229492188|6|1876
191.3476104736328|6|1877
194.24183654785156|6|1878
197.92349243164062|6|1879
201.4761962890625|6|1880
202.75262451171875|6|1881
199.3834686279297|6|1882
197.64212036132812|6|1883
199.8247833251953|6|1884
202.28167724609375|6|1885
206.82310485839844|6|1886
211.15855407714844|6|1887
208.88262939453125|6|1888
208.68980407714844|6|1889
214.8218994140625|6|1890
213.37985229492188|6|1891
206.9322052001953|6|1892
208.39198303222656|6|1893
211.32159423828125|6|1894
212.19219970703125|6|1895
215.68849182128906|6|1896
216.6022186279297|6|1897
203.6036834716797|6|1898
187.90341186523438|6|1899
190.6482696533203|6|1900
201.064453125|6|1901
206.8726043701172|6|1902
210.48065185546875|6|1903
212.84500122070312|6|1904
213.8333282470703|6|1905
213.76727294921875|6|1906
214.99053955078125|6|1907
216.60482788085938|6|1908
214.85874938964844|6|1909
212.4792022705078|6|1910
204.08363342285156|6|1911
169.48568725585938|6|1912
158.45217895507812|5|1913
155.8986053466797|5|1914
156.10931396484375|5|1915
165.98223876953125|5|1916
165.160400390625|5|1917
157.18295288085938|5|1918
155.18653869628906|5|1919
162.9948272705078|5|1920
172.9095458984375|5|1921
175.66644287109375|5|1922
177.75726318359375|5|1923
176.24917602539062|5|1924
172.4469757080078|5|1925
170.9632568359375|5|1926
169.97039794921875|5|1927
172.04344177246094|5|1928
172.8834228515625|5|1929
170.69110107421875|5|1930
170.2749481201172|5|1931
172.07223510742188|5|1932
173.19386291503906|5|1933
171.93289184570312|5|1934
173.9690399169922|5|1935
176.1796112060547|5|1936
174.34222412109375|5|1937
176.62925720214844|5|1938
176.6045684814453|5|1939
175.14405822753906|5|1940
173.06861877441406|5|1941
173.34226989746094|5|1942
172.82376098632812|5|1943
171.92190551757812|5|1944
172.96243286132812|5|1945
173.83865356445312|5|1946
173.0665740966797|5|1947
172.51617431640625|5|1948
158.317626953125|5|1949
130.2440185546875|5|1950
135.929443359375|5|1951
160.6912078857422|5|1952
162.26467895507812|5|1953
155.75596618652344|5|1954
152.4564971923828|5|1955
156.53628540039062|5|1956
158.38743591308594|5|1957
155.1728057861328|5|1958
151.581787109375|5|1959
152.80599975585938|5|1960
153.1218719482422|5|1961
150.6892547607422|5|1962
138.33352661132812|5|1963
136.34483337402344|5|1964
148.09986877441406|5|1965
149.29754638671875|5|1966
143.35096740722656|5|1967
134.3048095703125|5|1968
134.5244903564453|5|1969
146.13571166992188|5|1970
152.17361450195312|5|1971
152.8604278564453|5|1972
156.2045135498047|5|1973
154.32794189453125|5|1974
144.64198303222656|5|1975
141.73440551757812|5|1976
145.65994262695312|5|1977
140.4966278076172|5|1978
135.70640563964844|5|1979
140.09365844726562|5|1980
146.63363647460938|5|1981
148.22850036621094|5|1982
149.38018798828125|5|1983
149.48635864257812|5|1984
148.5478057861328|5|1985
147.47593688964844|5|1986
148.2992706298828|5|1987
148.36483764648438|5|1988
147.1150360107422|5|1989
143.5233154296875|5|1990
145.01991271972656|5|1991
151.10430908203125|5|1992
157.23544311523438|5|1993
160.30824279785156|5|1994
153.59909057617188|5|1995
146.4415740966797|5|1996
150.75367736816406|5|1997
156.8970184326172|5|1998
157.87103271484375|5|1999
157.33657836914062|5|2000
136.72605895996094|5|2001
121.38408660888672|5|2002
131.4583282470703|5|2003
142.87054443359375|5|2004
145.9324493408203|5|2005
146.1692657470703|5|2006
146.70697021484375|5|2007
148.1123046875|5|2008
153.43051147460938|5|2009
154.51028442382812|5|2010
151.8313751220703|5|2011
144.949951171875|5|2012
136.9674530029297|5|2013
137.76266479492188|5|2014
105.08524322509766|5|2015
113.45307159423828|4|2016
107.47776794433594|4|2017
109.9951400756836|4|2018
116.23360443115234|4|2019
118.5898666381836|4|2020
118.24906921386719|4|2021
115.7424087524414|4|2022
115.34262084960938|4|2023
115.19271087646484|4|2024
118.72895812988281|4|2025
122.51815032958984|4|2026
141.75860595703125|74|2027
156.15452575683594|73|2028
170.8443145751953|73|2029
158.53244018554688|73|2030
142.65728759765625|73|2031
131.33648681640625|73|2032
139.66180419921875|73|2033
145.109619140625|73|2034
130.9732666015625|73|2035
117.40419006347656|4|2036
123.37025451660156|4|2037
127.07976531982422|4|2038
127.63896942138672|4|2039
126.124267578125|4|2040
114.24701690673828|4|2041
114.21683502197266|4|2042
122.5955581665039|4|2043
122.84861755371094|4|2044
122.2784652709961|4|2045
123.69957733154297|4|2046
118.04747009277344|4|2047
119.20394897460938|4|2048
122.3198013305664|4|2049
121.1114273071289|4|2050
120.58391571044922|4|2051
119.74396514892578|4|2052
109.09988403320312|4|2053
101.04906463623047|4|2054
106.81926727294922|4|2055
109.20037841796875|4|2056
106.77760314941406|4|2057
108.1684799194336|4|2058
113.95372772216797|4|2059
115.8849105834961|4|2060
117.72833251953125|36|2061
114.89093780517578|36|2062
112.04103088378906|4|2063
115.74238586425781|4|2064
117.8379898071289|4|2065
115.2061767578125|73|2066
164.8950653076172|73|2067
180.6079864501953|73|2068
153.43458557128906|73|2069
140.06512451171875|73|2070
152.35487365722656|73|2071
156.25384521484375|73|2072
154.77500915527344|73|2073
165.1195831298828|73|2074
150.7789764404297|73|2075
113.93694305419922|4|2076
120.3729476928711|4|2077
125.5246810913086|4|2078
134.1881866455078|4|2079
124.33966064453125|6|2080
186.04042053222656|6|2081
197.6434326171875|6|2082
196.98428344726562|6|2083
188.74456787109375|6|2084
189.0821075439453|6|2085
194.74331665039062|6|2086
196.16990661621094|6|2087
198.24851989746094|6|2088
199.98846435546875|6|2089
201.83905029296875|6|2090
204.9479522705078|6|2091
204.17356872558594|6|2092
202.40811157226562|6|2093
201.1394805908203|6|2094
199.71041870117188|6|2095
199.3225860595703|6|2096
193.7374725341797|6|2097
184.96861267089844|6|2098
183.0436248779297|6|2099
182.90106201171875|6|2100
181.7743682861328|6|2101
185.60037231445312|6|2102
186.4674072265625|6|2103
179.4967041015625|6|2104
163.67413330078125|6|2105
155.31895446777344|6|2106
157.29441833496094|6|2107
159.85682678222656|6|2108
163.41673278808594|6|2109
167.0270538330078|6|2110
168.3887176513672|6|2111
167.11192321777344|6|2112
166.31875610351562|6|2113
165.55471801757812|6|2114
163.2010955810547|6|2115
158.1016845703125|6|2116
155.96998596191406|6|2117
160.6741180419922|6|2118
150.4759063720703|6|2119
157.9064483642578|5|2120
155.23948669433594|5|2121
154.557861328125|5|2122
160.70726013183594|5|2123
161.79063415527344|5|2124
158.6569366455078|5|2125
160.8199005126953|5|2126
163.16734313964844|5|2127
162.59947204589844|5|2128
160.8836212158203|5|2129
162.586669921875|5|2130
165.94009399414062|5|2131
165.10784912109375|5|2132
162.0784149169922|5|2133
160.4150848388672|5|2134
160.41859436035156|5|2135
156.82472229003906|5|2136
154.28546142578125|5|2137
157.4151611328125|5|2138
158.32977294921875|5|2139
157.76052856445312|5|2140
155.38137817382812|5|2141
156.62123107910156|5|2142
154.4990692138672|5|2143
151.6631317138672|5|2144
155.76869201660156|5|2145
154.7401580810547|5|2146
154.0350799560547|5|2147
153.26937866210938|5|2148
152.8874969482422|5|2149
155.6511688232422|5|2150
152.58807373046875|5|2151
151.89675903320312|5|2152
153.9056854248047|5|2153
149.32789611816406|5|2154
137.32565307617188|5|2155
133.15484619140625|5|2156
131.77525329589844|5|2157
123.83598327636719|5|2158
123.2437744140625|5|2159
129.38490295410156|5|2160
128.49136352539062|5|2161
126.34839630126953|5|2162
129.3544464111328|5|2163
131.53599548339844|5|2164
133.35874938964844|5|2165
134.82955932617188|5|2166
135.05238342285156|5|2167
132.87405395507812|5|2168
129.72003173828125|5|2169
131.296142578125|5|2170
139.0789031982422|5|2171
142.8636932373047|5|2172
142.1785888671875|5|2173
141.08895874023438|5|2174
140.74803161621094|5|2175
142.91659545898438|5|2176
147.0275115966797|5|2177
146.8281707763672|5|2178
145.3875274658203|5|2179
145.9611053466797|5|2180
140.3459930419922|5|2181
133.60275268554688|5|2182
137.01702880859375|5|2183
165.69517517089844|74|2184
153.88583374023438|75|2185
159.63136291503906|77|2186
190.72779846191406|77|2187
181.13600158691406|77|2188
181.62637329101562|77|2189
163.94512939453125|77|2190
156.81826782226562|77|2191
149.3047637939453|5|2192
152.2061767578125|5|2193
152.4633331298828|5|2194
150.26097106933594|5|2195
149.73231506347656|5|2196
149.24029541015625|5|2197
148.1698455810547|5|2198
152.22262573242188|5|2199
160.3419647216797|5|2200
158.96966552734375|5|2201
148.90377807617188|5|2202
138.76075744628906|5|2203
144.2165069580078|5|2204
155.16033935546875|5|2205
153.5494842529297|5|2206
145.57540893554688|5|2207
134.87754821777344|5|2208
126.76231384277344|5|2209
134.14703369140625|5|2210
147.96884155273438|5|2211
151.6918487548828|5|2212
153.63365173339844|5|2213
153.24696350097656|5|2214
149.8387908935547|5|2215
150.81153869628906|5|2216
152.41864013671875|5|2217
156.77793884277344|5|2218
162.6383514404297|5|2219
148.45997619628906|5|2220
126.5635757446289|5|2221
116.61373138427734|4|2222
116.90599060058594|4|2223
106.97649383544922|4|2224
115.47218322753906|4|2225
120.41686248779297|4|2226
115.46866607666016|4|2227
113.49571990966797|4|2228
125.64478302001953|36|2229
143.45892333984375|36|2230
124.1090087890625|4|2231
125.79768371582031|4|2232
123.16344451904297|4|2233
119.70772552490234|4|2234
117.92342376708984|4|2235
118.46917724609375|4|2236
116.17356872558594|4|2237
119.81172180175781|4|2238
121.78394317626953|4|2239
124.10175323486328|4|2240
123.28534698486328|4|2241
119.1440658569336|4|2242
120.35377502441406|4|2243
120.93329620361328|4|2244
121.30842590332031|4|2245
126.85183715820312|4|2246
125.3497543334961|4|2247
121.499267578125|4|2248
119.50164794921875|4|2249
121.76939392089844|4|2250
122.52885437011719|4|2251
124.99595642089844|4|2252
125.1690444946289|4|2253
124.2317123413086|4|2254
126.57329559326172|4|2255
128.81900024414062|4|2256
131.8814697265625|4|2257
134.39976501464844|4|2258
131.1363983154297|4|2259
118.83184814453125|4|2260
112.29850769042969|4|2261
121.83956146240234|4|2262
127.9751205444336|4|2263
130.62820434570312|4|2264
129.08810424804688|4|2265
127.39615631103516|4|2266
128.59092712402344|4|2267
125.81507110595703|4|2268
127.39788818359375|4|2269
130.75167846679688|4|2270
128.58236694335938|4|2271
127.06403350830078|4|2272
131.0528564453125|4|2273
133.27687072753906|4|2274
134.4377899169922|4|2275
132.40481567382812|4|2276
129.85719299316406|4|2277
131.92625427246094|4|2278
130.92359924316406|4|2279
132.77517700195312|4|2280
136.62582397460938|4|2281
133.97254943847656|4|2282
129.10330200195312|4|2283
129.38706970214844|4|2284
117.9246597290039|4|2285
138.58413696289062|13|2286
222.4126739501953|7|2287
315.2019348144531|6|2288
321.92108154296875|6|2289
283.9595947265625|5|2290
186.4427490234375|5|2291
128.19334411621094|4|2292
105.63104248046875|6|2293
108.35796356201172|6|2294
118.12421417236328|6|2295
125.55413055419922|6|2296
128.5452423095703|6|2297
126.55009460449219|6|2298
139.19154357910156|44|2299
177.46160888671875|43|2300
134.2005157470703|6|2301
137.5418243408203|6|2302
138.07601928710938|6|2303
140.43399047851562|6|2304
140.8693389892578|6|2305
140.1006622314453|6|2306
143.4735107421875|6|2307
148.36172485351562|6|2308
150.21302795410156|6|2309
148.84837341308594|6|2310
128.34410095214844|6|2311
120.22769165039062|11|2312
201.104736328125|6|2313
295.99212646484375|6|2314
258.80950927734375|6|2315
206.20716857910156|5|2316
161.32774353027344|5|2317
126.4384994506836|5|2318
121.7061996459961|109|2319
115.65116882324219|6|2320
129.5724639892578|6|2321
135.69374084472656|6|2322
141.8331756591797|6|2323
139.32977294921875|6|2324
121.64769744873047|6|2325
112.37692260742188|5|2326
119.9888916015625|5|2327
123.3727798461914|5|2328
119.34770965576172|5|2329
117.64192199707031|5|2330
113.6674575805664|5|2331
113.86077880859375|5|2332
123.57085418701172|5|2333
131.22216796875|5|2334
134.7728271484375|5|2335
134.66835021972656|5|2336
114.87245178222656|5|2337
128.9586181640625|13|2338
232.07870483398438|6|2339
303.4451904296875|6|2340
264.58984375|5|2341
277.110107421875|5|2342
238.36904907226562|5|2343
145.74928283691406|5|2344
98.94567108154297|6|2345
113.61920166015625|5|2346
119.06890869140625|5|2347
123.56574249267578|5|2348
133.40757751464844|5|2349
138.40342712402344|5|2350
136.81613159179688|5|2351
139.04336547851562|5|2352
139.3593292236328|5|2353
141.66131591796875|5|2354
142.222412109375|5|2355
142.365478515625|5|2356
150.920654296875|5|2357
155.27061462402344|5|2358
154.5821075439453|5|2359
151.8854217529297|5|2360
148.71495056152344|5|2361
145.14735412597656|5|2362
124.38179016113281|5|2363
163.0193634033203|11|2364
257.06817626953125|6|2365
294.2023620605469|6|2366
254.95558166503906|5|2367
265.648681640625|5|2368
234.34100341796875|5|2369
147.03855895996094|5|2370
102.2496109008789|6|2371
118.82256317138672|5|2372
127.61738586425781|5|2373
134.34161376953125|5|2374
141.4709930419922|5|2375
148.46939086914062|5|2376
155.41307067871094|5|2377
156.27796936035156|5|2378
156.70840454101562|5|2379
158.20457458496094|5|2380
158.60260009765625|5|2381
162.53785705566406|5|2382
168.8041534423828|5|2383
168.1737060546875|5|2384
166.90621948242188|5|2385
165.80160522460938|5|2386
163.3700408935547|5|2387
151.32887268066406|5|2388
142.22511291503906|33|2389
103.67874908447266|33|2390
64.89506530761719|32|2391
68.77437591552734|32|2392
70.70056915283203|33|2393
73.36007690429688|33|2394
63.137630462646484|32|2395
83.21833801269531|59|2396
122.72569274902344|57|2397
143.7554168701172|57|2398
119.41580963134766|57|2399
112.1504898071289|58|2400
98.76657104492188|58|2401
93.25860595703125|29|2402
103.95062255859375|29|2403
102.3169174194336|29|2404
93.08916473388672|29|2405
88.45832824707031|29|2406
96.07908630371094|29|2407
102.31021881103516|29|2408
104.20664978027344|29|2409
109.6838607788086|58|2410
127.89763641357422|57|2411
114.0788345336914|57|2412
92.57926940917969|58|2413
76.29033660888672|29|2414
42.926856994628906|29|2415
14.768741607666016|59|2416
12.07473373413086|57|2417
11.787813186645508|57|2418
9.632674217224121|58|2419
13.719013214111328|25|2420
54.69187927246094|25|2421
98.95008087158203|25|2422
110.010498046875|26|2423
111.70901489257812|27|2424
141.7336883544922|28|2425
115.17761993408203|28|2426
85.7634506225586|30|2427
72.36369323730469|58|2428
68.3410873413086|56|2429
95.92628479003906|55|2430
83.8389663696289|56|2431
83.2590560913086|58|2432
79.20809173583984|29|2433
85.67416381835938|29|2434
84.59349060058594|29|2435
88.71607971191406|29|2436
92.29869842529297|29|2437
93.88495635986328|29|2438
88.73164367675781|29|2439
77.8775634765625|29|2440
71.9610824584961|29|2441
68.2063217163086|29|2442
60.11408996582031|29|2443
46.601905822753906|29|2444
33.6334342956543|29|2445
26.612651824951172|29|2446
17.11397361755371|29|2447
6.995751857757568|58|2448
5.792601585388184|24|2449
6.023278713226318|59|2450
7.216922283172607|57|2451
7.904416561126709|56|2452
29.328598022460938|46|2453
64.5658187866211|67|2454
116.92156219482422|58|2455
175.26632690429688|58|2456
140.65647888183594|58|2457
112.9715347290039|86|2458
111.35550689697266|87|2459
98.27302551269531|58|2460
111.24236297607422|58|2461
65.08656311035156|57|2462
67.17626190185547|27|2463
66.06804656982422|26|2464
39.80257034301758|26|2465
27.207172393798828|37|2466
83.03011322021484|38|2467
111.05805969238281|40|2468
85.53353881835938|41|2469
53.59946823120117|41|2470
50.46626663208008|43|2471
63.58774948120117|262|2472
42.553855895996094|264|2473
48.723445892333984|308|2474
66.32362365722656|261|2475
70.05010986328125|261|2476
61.7869987487793|43|2477
39.70012283325195|43|2478
33.6705207824707|44|2479
58.842533111572266|222|2480
70.71853637695312|89|2481
101.58587646484375|89|2482
85.51793670654297|87|2483
91.06117248535156|86|2484
103.27674102783203|86|2485
108.84458923339844|86|2486
118.2720718383789|87|2487
161.9164581298828|87|2488
168.60543823242188|87|2489
151.8778839111328|86|2490
96.08135223388672|87|2491
93.35259246826172|13|2492
147.63975524902344|13|2493
276.77044677734375|7|2494
372.760986328125|6|2495
329.970703125|6|2496
281.5966796875|5|2497
182.3698272705078|4|2498
156.97348022460938|4|2499
99.24019622802734|3|2500
90.94218444824219|3|2501
103.6747817993164|3|2502
115.21946716308594|3|2503
125.59337615966797|3|2504
125.49566650390625|3|2505
123.30318450927734|3|2506
125.94168853759766|3|2507
126.79839324951172|3|2508
127.89896392822266|3|2509
128.13555908203125|3|2510
126.04927825927734|3|2511
122.20399475097656|3|2512
122.12974548339844|3|2513
126.1031265258789|3|2514
128.61065673828125|3|2515
128.8662567138672|3|2516
119.87303161621094|3|2517
94.50020599365234|3|2518
72.16645050048828|18|2519
96.21031951904297|6|2520
72.7815933227539|6|2521
33.574588775634766|6|2522
23.56775665283203|87|2523
20.1296329498291|87|2524
43.4885368347168|73|2525
52.43450927734375|73|2526
51.6055793762207|73|2527
65.69136047363281|73|2528
68.37505340576172|73|2529
46.07016372680664|73|2530
101.5500259399414|12|2531
180.65989685058594|11|2532
300.1073913574219|6|2533
350.7294006347656|6|2534
284.39031982421875|5|2535
321.2706298828125|5|2536
248.85801696777344|5|2537
159.38723754882812|5|2538
117.46878814697266|5|2539
107.7628173828125|5|2540
112.58673095703125|5|2541
118.6690902709961|5|2542
118.53009796142578|5|2543
122.32749938964844|5|2544
126.40160369873047|5|2545
124.9107894897461|5|2546
128.2229461669922|5|2547
131.2765350341797|5|2548
125.76435852050781|5|2549
123.06257629394531|5|2550
127.11402130126953|5|2551
132.08950805664062|5|2552
132.2798309326172|5|2553
125.74125671386719|5|2554
126.19375610351562|5|2555
124.5688705444336|5|2556
120.42362976074219|14|2557
197.82647705078125|8|2558
305.19012451171875|6|2559
342.9808654785156|6|2560
281.2213134765625|5|2561
206.2025909423828|5|2562
120.6156234741211|4|2563
85.70995330810547|4|2564
100.40542602539062|4|2565
108.99270629882812|5|2566
113.60392761230469|5|2567
113.3534164428711|5|2568
101.63432312011719|5|2569
83.38703155517578|5|2570
83.44414520263672|5|2571
97.97992706298828|5|2572
108.6523666381836|5|2573
113.45634460449219|5|2574
108.9930648803711|5|2575
106.80716705322266|4|2576
114.51817321777344|5|2577
116.10641479492188|5|2578
116.0205307006836|5|2579
116.59027099609375|5|2580
112.43448638916016|5|2581
118.81317901611328|5|2582
114.68682098388672|5|2583