I'm Good
David Guetta
Bebe Rhexa
EDM
im_good
1025x2584
2584

4.901055945083499e-05|963|0
9.241181396646425e-05|949|1
9.818179387366399e-05|949|2
9.63593993219547e-05|872|3
9.573125862516463e-05|895|4
0.00012546918878797442|882|5
0.00013008351379539818|872|6
0.00013930672139395028|872|7
0.00011726441152859479|876|8
0.00012949403026141226|825|9
0.00012940011220052838|872|10
0.000138119823532179|792|11
0.00012035294639645144|876|12
0.00012793544738087803|825|13
0.00012991293624509126|872|14
0.00013838367885909975|792|15
0.00012072792742401361|876|16
0.0001302307064179331|882|17
0.00012887796037830412|872|18
0.0001387130469083786|792|19
0.0001200382539536804|876|20
0.00012952394899912179|825|21
0.00012746131687890738|872|22
0.00013777491403743625|872|23
0.00011949674808420241|876|24
0.00012991807307116687|825|25
0.00012844435696024448|872|26
0.0001380954636260867|792|27
0.0001206340966746211|876|28
0.00013008160749450326|825|29
0.00013097759801894426|872|30
0.00013899004261475056|872|31
0.00011939571413677186|876|32
0.0001308262289967388|825|33
0.00013011855480726808|872|34
0.00013959396164864302|872|35
0.00011850951705127954|876|36
0.00013198175292927772|825|37
0.00013037033204454929|872|38
0.00013779221626464278|792|39
0.00012041014269925654|876|40
0.000130901433294639|825|41
0.00012881882139481604|872|42
0.00013707898324355483|792|43
0.00011890604946529493|876|44
0.0001281126751564443|825|45
0.0001282583543797955|872|46
0.00013813578698318452|792|47
0.00011875748168677092|876|48
0.0001277335686609149|825|49
0.00012867026089224964|872|50
0.00013802103057969362|872|51
0.00011969314800808206|876|52
0.00013029573892708868|825|53
0.00013060519995633513|872|54
0.00013970285363029689|872|55
0.00012017297558486462|876|56
0.00013034803851041943|882|57
0.00012869760394096375|872|58
0.00013758367276750505|792|59
0.00012037182750646025|876|60
0.00012856475950684398|825|61
0.00012829230399802327|872|62
0.00013809085066895932|792|63
0.00012053988757543266|876|64
0.00013033210416324437|825|65
0.00013029012188781053|872|66
0.0001391074329148978|872|67
0.00011994592205155641|876|68
0.00013110610598232597|825|69
0.0001301398588111624|872|70
0.00013959396164864302|872|71
0.00011850950249936432|876|72
0.0001319817383773625|825|73
0.00013037034659646451|872|74
0.00013779221626464278|792|75
0.00012041012814734131|876|76
0.000130901433294639|825|77
0.00012881882139481604|872|78
0.0001370789686916396|792|79
0.00011890605674125254|876|80
0.00012811268970835954|825|81
0.00012825833982788026|872|82
0.00013813549594487995|792|83
0.00011805794929387048|876|84
0.0001281991571886465|825|85
0.00012907783093396574|872|86
0.0001384313654853031|872|87
0.00011928490130230784|895|88
0.0001303185272263363|825|89
0.00013060519995633513|872|90
0.00013970285363029689|872|91
0.00012015063839498907|876|92
0.00013054226292297244|825|93
0.008404490537941456|20|94
1.5487408638000488|13|95
15.932005882263184|308|96
55.08354187011719|308|97
90.5124282836914|5|98
107.68958282470703|4|99
92.62115478515625|5|100
97.56185913085938|5|101
108.70358276367188|5|102
92.84770965576172|5|103
98.50959777832031|5|104
96.73448944091797|5|105
92.93537902832031|5|106
98.5269775390625|4|107
83.36023712158203|27|108
87.78518676757812|55|109
87.43317413330078|55|110
77.23680114746094|55|111
68.78431701660156|27|112
102.54362487792969|5|113
86.04662322998047|5|114
78.14205932617188|55|115
71.23627471923828|55|116
71.58538818359375|5|117
64.09661102294922|258|118
67.91710662841797|5|119
84.7945556640625|5|120
55.47510528564453|109|121
53.37715148925781|109|122
53.492008209228516|4|123
48.72340774536133|5|124
34.74369812011719|109|125
44.887447357177734|5|126
61.87647247314453|5|127
77.1139907836914|43|128
90.0436019897461|43|129
96.72183990478516|43|130
107.93524932861328|43|131
106.27344512939453|43|132
93.94683074951172|43|133
82.00103759765625|43|134
65.59812927246094|43|135
50.25155258178711|43|136
49.430057525634766|48|137
112.1886978149414|49|138
129.78160095214844|49|139
116.88600158691406|49|140
96.61920928955078|49|141
78.73351287841797|49|142
65.71928405761719|49|143
57.03541946411133|49|144
55.92662048339844|49|145
59.116111755371094|49|146
53.04561233520508|49|147
69.5030517578125|33|148
84.74639129638672|65|149
89.13697052001953|65|150
84.86872100830078|65|151
79.49132537841797|65|152
78.3295669555664|65|153
75.96849822998047|65|154
65.1944580078125|65|155
65.24886322021484|5|156
62.50406265258789|5|157
56.09757995605469|4|158
58.06403350830078|123|159
51.60334014892578|41|160
49.09992218017578|41|161
59.413047790527344|5|162
71.84009552001953|5|163
76.85274505615234|5|164
70.25630950927734|5|165
61.66908645629883|5|166
62.274723052978516|5|167
66.20462799072266|130|168
76.95681762695312|130|169
80.28105163574219|5|170
83.50309753417969|5|171
76.7840347290039|5|172
74.70861053466797|5|173
73.93669128417969|5|174
74.07485961914062|5|175
78.27653503417969|5|176
85.57976531982422|5|177
89.53620147705078|5|178
87.81551361083984|5|179
83.42022705078125|5|180
80.84296417236328|5|181
82.4036636352539|5|182
84.15252685546875|5|183
88.58258056640625|5|184
91.14273834228516|5|185
92.54916381835938|5|186
91.3190689086914|5|187
82.89009094238281|5|188
79.92375183105469|5|189
83.66323852539062|5|190
87.69100952148438|5|191
95.73846435546875|5|192
100.0670166015625|5|193
102.14791107177734|5|194
104.3450927734375|5|195
101.03528594970703|5|196
97.73298645019531|5|197
88.25760650634766|5|198
88.05186462402344|5|199
97.60442352294922|5|200
100.08876037597656|5|201
101.74848937988281|5|202
104.42625427246094|5|203
102.20178985595703|5|204
97.97347259521484|5|205
95.51570129394531|5|206
97.51206970214844|5|207
91.86856842041016|5|208
94.53858947753906|55|209
89.00569152832031|5|210
87.54747772216797|5|211
88.39060974121094|5|212
90.77565002441406|5|213
93.6149673461914|5|214
93.95342254638672|5|215
92.41075134277344|5|216
87.98825073242188|5|217
84.64762878417969|5|218
81.41864776611328|5|219
80.23777770996094|5|220
81.8772964477539|5|221
82.16046142578125|5|222
78.70706939697266|5|223
77.1490707397461|5|224
77.75497436523438|5|225
75.06730651855469|5|226
72.28177642822266|5|227
69.08682250976562|5|228
64.17544555664062|5|229
63.51777648925781|5|230
65.34136199951172|5|231
65.0713119506836|5|232
60.598384857177734|5|233
58.501739501953125|5|234
56.36349868774414|5|235
54.09967041015625|5|236
51.22884750366211|5|237
80.52973937988281|54|238
130.47149658203125|55|239
147.0304718017578|55|240
131.3720245361328|55|241
102.26679229736328|55|242
79.67047882080078|55|243
78.53924560546875|55|244
78.35205841064453|55|245
77.79540252685547|54|246
76.05924987792969|54|247
68.70234680175781|54|248
106.3335952758789|49|249
133.8803253173828|49|250
130.3736114501953|49|251
113.90352630615234|49|252
95.02552032470703|49|253
84.99613952636719|49|254
78.73591613769531|49|255
71.0645980834961|49|256
67.8518295288086|49|257
62.7922477722168|49|258
80.7535400390625|130|259
83.09808349609375|130|260
61.28947448730469|130|261
46.25777816772461|130|262
49.723114013671875|43|263
44.84111404418945|9|264
46.14651107788086|9|265
47.84084701538086|9|266
48.7351188659668|9|267
49.80260467529297|9|268
50.94655227661133|28|269
61.03271484375|27|270
68.14527893066406|55|271
81.59471893310547|55|272
83.86280822753906|55|273
76.2928466796875|55|274
78.89871978759766|54|275
84.66368103027344|54|276
86.22234344482422|55|277
78.8045425415039|55|278
63.22169494628906|55|279
71.96508026123047|36|280
77.89625549316406|36|281
74.46708679199219|36|282
79.41400146484375|36|283
82.07525634765625|36|284
79.48979949951172|36|285
70.94510650634766|36|286
66.20641326904297|5|287
66.80109405517578|5|288
64.17340087890625|5|289
74.48351287841797|130|290
69.42906188964844|5|291
69.03168487548828|5|292
69.78559875488281|5|293
69.89253997802734|5|294
69.46856689453125|5|295
70.84967041015625|5|296
71.15655517578125|5|297
68.05714416503906|5|298
68.75066375732422|48|299
108.66767883300781|49|300
108.04792022705078|49|301
93.72773742675781|49|302
77.56385040283203|49|303
69.86482238769531|5|304
73.74874877929688|5|305
75.72750854492188|5|306
72.4244155883789|5|307
71.01566314697266|5|308
72.50652313232422|5|309
73.17051696777344|5|310
75.02399444580078|5|311
73.58578491210938|5|312
70.9837646484375|5|313
69.08763885498047|5|314
67.8421630859375|5|315
68.4408187866211|5|316
67.74736785888672|5|317
66.39141082763672|5|318
65.85667419433594|5|319
74.59855651855469|41|320
82.69066619873047|41|321
84.48614501953125|41|322
90.18413543701172|41|323
88.51543426513672|41|324
80.01227569580078|41|325
67.65780639648438|41|326
52.70681381225586|5|327
52.56452941894531|5|328
52.98234939575195|5|329
54.70275115966797|130|330
54.1363639831543|43|331
47.50996017456055|44|332
48.75355911254883|43|333
48.551395416259766|43|334
47.023216247558594|5|335
43.25086975097656|5|336
40.39374923706055|5|337
40.71691131591797|5|338
37.988773345947266|5|339
35.74977111816406|43|340
47.624664306640625|43|341
55.77538299560547|43|342
59.37019348144531|43|343
55.82600021362305|43|344
52.518402099609375|43|345
53.633079528808594|43|346
61.17263412475586|43|347
66.47797393798828|43|348
58.56198501586914|43|349
67.15290069580078|110|350
61.91142272949219|110|351
50.86227798461914|258|352
47.621337890625|9|353
52.768714904785156|36|354
58.473262786865234|36|355
61.716060638427734|36|356
58.923553466796875|36|357
55.386470794677734|36|358
51.78079605102539|9|359
64.21436309814453|131|360
62.568416595458984|130|361
66.53551483154297|43|362
80.89221954345703|43|363
88.2310791015625|43|364
86.47201538085938|43|365
78.40243530273438|43|366
66.11302947998047|9|367
66.37080383300781|9|368
63.060874938964844|9|369
115.1371841430664|55|370
154.4713897705078|55|371
147.0811004638672|55|372
121.53646087646484|55|373
96.11634826660156|55|374
85.66910552978516|55|375
86.53824615478516|54|376
87.75704956054688|54|377
83.92051696777344|54|378
73.86482238769531|54|379
62.52900695800781|55|380
63.80586242675781|58|381
64.65699005126953|9|382
61.191593170166016|9|383
56.634071350097656|9|384
53.10538101196289|9|385
50.419822692871094|9|386
48.185791015625|9|387
47.33556365966797|9|388
45.60751724243164|9|389
45.192359924316406|5|390
45.33259582519531|5|391
46.345436096191406|5|392
48.51959991455078|5|393
52.19256591796875|55|394
49.50092315673828|5|395
49.05847930908203|5|396
47.960960388183594|5|397
49.594661712646484|5|398
52.25170135498047|5|399
82.41543579101562|54|400
124.89275360107422|55|401
115.3538818359375|55|402
88.78938293457031|55|403
67.21227264404297|54|404
60.3183708190918|55|405
63.12889862060547|55|406
76.2983169555664|55|407
90.9876480102539|55|408
93.79313659667969|55|409
85.66682434082031|49|410
132.91831970214844|49|411
129.65248107910156|49|412
117.75118255615234|49|413
99.99445343017578|49|414
79.46892547607422|49|415
67.732177734375|49|416
60.629417419433594|49|417
57.74715042114258|49|418
57.51065444946289|5|419
60.394264221191406|130|420
83.39350891113281|130|421
70.83240509033203|130|422
57.134395599365234|130|423
59.67817687988281|43|424
58.08406066894531|43|425
55.90790557861328|5|426
54.3436393737793|5|427
55.927799224853516|5|428
56.6754150390625|5|429
57.34443283081055|27|430
91.90738677978516|27|431
87.38751983642578|27|432
81.34132385253906|27|433
80.4233169555664|27|434
78.55426025390625|27|435
73.15354919433594|27|436
69.56819915771484|27|437
69.2880859375|27|438
67.02456665039062|27|439
58.852054595947266|27|440
51.241127014160156|5|441
56.66728973388672|55|442
61.278202056884766|55|443
59.830963134765625|55|444
58.80413818359375|73|445
55.50925064086914|73|446
52.48517608642578|5|447
50.91575622558594|5|448
51.042274475097656|5|449
50.01993942260742|5|450
63.43613815307617|130|451
64.76756286621094|130|452
59.216033935546875|130|453
54.6200065612793|130|454
56.399959564208984|9|455
57.974185943603516|9|456
57.487022399902344|9|457
60.57600021362305|55|458
58.750247955322266|9|459
56.26460647583008|9|460
88.3651351928711|49|461
94.5531997680664|49|462
81.53245544433594|49|463
68.54348754882812|49|464
59.02126693725586|9|465
59.040374755859375|9|466
59.19920349121094|9|467
62.46879577636719|49|468
63.317501068115234|49|469
57.75809860229492|49|470
69.55414581298828|33|471
84.50111389160156|65|472
84.94417572021484|32|473
77.71113586425781|32|474
67.65533447265625|32|475
59.96696472167969|32|476
58.688358306884766|32|477
64.7191162109375|32|478
67.53723907470703|32|479
60.696807861328125|32|480
70.62388610839844|123|481
91.85072326660156|41|482
97.5805435180664|41|483
102.08242797851562|41|484
99.9464111328125|41|485
93.00137329101562|41|486
80.69430541992188|41|487
64.27748107910156|41|488
48.637996673583984|41|489
38.442344665527344|131|490
69.31051635742188|43|491
93.79454803466797|43|492
93.23961639404297|43|493
93.74913787841797|43|494
97.10639190673828|43|495
85.78421020507812|43|496
72.46858215332031|43|497
62.09254837036133|43|498
51.857601165771484|43|499
42.86710739135742|43|500
45.09080505371094|130|501
48.244773864746094|130|502
42.96900177001953|130|503
36.07064437866211|43|504
48.85926055908203|43|505
50.78774642944336|43|506
50.37538528442383|43|507
53.24149703979492|43|508
48.232601165771484|43|509
49.635292053222656|130|510
53.8148193359375|258|511
64.90867614746094|110|512
55.88913345336914|110|513
49.27701187133789|110|514
54.594722747802734|36|515
56.7266731262207|36|516
59.67247772216797|36|517
55.50429916381836|36|518
45.89054489135742|36|519
42.04011154174805|5|520
54.9910774230957|43|521
82.30300903320312|43|522
88.73931884765625|43|523
87.93728637695312|43|524
86.20724487304688|43|525
78.27074432373047|43|526
67.01844024658203|43|527
55.69335174560547|43|528
55.585723876953125|5|529
54.935176849365234|5|530
69.57738494873047|55|531
98.43505096435547|55|532
92.04987335205078|55|533
78.317138671875|55|534
58.98617935180664|5|535
58.0938835144043|5|536
58.853050231933594|5|537
59.75724411010742|5|538
65.55955505371094|55|539
64.81298828125|54|540
76.00383758544922|58|541
126.90748596191406|58|542
120.52288818359375|58|543
96.30232238769531|58|544
74.78048706054688|58|545
69.8065185546875|58|546
76.48837280273438|58|547
78.79427337646484|58|548
72.74659729003906|58|549
63.53501510620117|5|550
63.03877639770508|5|551
62.378448486328125|5|552
62.989891052246094|5|553
61.778648376464844|5|554
63.41748809814453|5|555
63.477664947509766|5|556
60.89500045776367|5|557
64.43064880371094|5|558
63.38235092163086|5|559
58.2199592590332|5|560
52.31679916381836|5|561
74.26545715332031|55|562
90.28296661376953|55|563
90.51520538330078|55|564
83.8656005859375|55|565
69.6008071899414|55|566
61.78103256225586|54|567
59.78556442260742|54|568
58.489383697509766|5|569
63.207984924316406|55|570
63.57471466064453|55|571
108.17511749267578|49|572
122.42630004882812|49|573
111.92974853515625|49|574
105.18446350097656|49|575
83.05451202392578|49|576
65.68870544433594|49|577
64.8666763305664|49|578
61.90885925292969|49|579
60.611751556396484|49|580
55.85511016845703|49|581
57.12760543823242|130|582
61.96879196166992|130|583
59.984615325927734|43|584
72.0309066772461|43|585
77.7650146484375|43|586
75.44868469238281|43|587
66.52754974365234|43|588
56.12602996826172|5|589
55.5804557800293|5|590
52.344482421875|5|591
63.688575744628906|28|592
82.81404113769531|27|593
83.09876251220703|27|594
81.16288757324219|27|595
78.10037231445312|27|596
77.3723373413086|27|597
77.34703063964844|27|598
75.56578063964844|27|599
73.85507202148438|27|600
68.71499633789062|27|601
59.422569274902344|5|602
74.48983001708984|36|603
77.24052429199219|36|604
76.73228454589844|36|605
77.69099426269531|36|606
76.2968521118164|36|607
72.33609771728516|36|608
66.10938262939453|5|609
66.56484985351562|5|610
65.184326171875|5|611
62.7283935546875|4|612
66.9783706665039|5|613
67.82847595214844|5|614
68.2230224609375|5|615
69.99077606201172|5|616
69.54344177246094|5|617
66.946044921875|5|618
67.25184631347656|5|619
68.39358520507812|5|620
72.27242279052734|5|621
74.0466537475586|5|622
77.845947265625|123|623
72.91646575927734|123|624
71.51737976074219|5|625
70.18321228027344|5|626
70.56512451171875|5|627
71.9912109375|5|628
72.11776733398438|5|629
74.44468688964844|5|630
74.73278045654297|5|631
74.56098937988281|5|632
75.31095123291016|5|633
76.48805236816406|5|634
78.25323486328125|5|635
77.95433807373047|5|636
77.04346466064453|5|637
77.49400329589844|55|638
78.97484588623047|5|639
74.8323745727539|5|640
74.54927062988281|5|641
74.73543548583984|5|642
72.9056625366211|5|643
74.08869171142578|5|644
70.40458679199219|5|645
68.72911071777344|5|646
72.47505950927734|5|647
71.9470443725586|5|648
69.84798431396484|5|649
70.43592071533203|5|650
71.5721435546875|5|651
71.16759490966797|5|652
70.04676055908203|5|653
73.22673797607422|5|654
74.19242095947266|5|655
73.16120147705078|5|656
72.89966583251953|5|657
73.71076965332031|5|658
74.93738555908203|5|659
73.60411071777344|5|660
73.77767944335938|5|661
75.51517486572266|5|662
74.28002166748047|5|663
74.93199157714844|5|664
74.01243591308594|5|665
73.85347747802734|5|666
75.38899230957031|5|667
77.48245239257812|5|668
76.81690979003906|5|669
76.80870056152344|5|670
79.72062683105469|5|671
80.93232727050781|5|672
79.61262512207031|5|673
81.03230285644531|5|674
79.42041015625|5|675
77.36186218261719|5|676
76.35823822021484|5|677
79.7336196899414|5|678
83.5755386352539|5|679
79.7748794555664|5|680
79.47196197509766|5|681
81.3277816772461|5|682
78.11319732666016|5|683
79.11477661132812|65|684
78.06705474853516|65|685
77.66708374023438|5|686
90.43949127197266|65|687
96.8802490234375|65|688
84.02466583251953|5|689
87.13198852539062|5|690
88.10220336914062|5|691
83.94669342041016|5|692
84.60028839111328|5|693
87.50616455078125|5|694
88.24030303955078|5|695
88.84841918945312|5|696
87.28998565673828|5|697
87.75010681152344|5|698
87.12319946289062|5|699
90.00255584716797|5|700
93.6404800415039|5|701
89.92693328857422|5|702
88.471435546875|5|703
91.81266784667969|5|704
92.73238372802734|5|705
91.65318298339844|5|706
94.0229721069336|5|707
96.14697265625|5|708
94.3192138671875|5|709
96.96887969970703|5|710
96.4619140625|5|711
94.4760513305664|5|712
92.35589599609375|5|713
91.2260513305664|5|714
91.73027038574219|5|715
91.90042114257812|5|716
92.79857635498047|5|717
92.06562042236328|5|718
88.3525619506836|5|719
84.87976837158203|5|720
91.15606689453125|120|721
85.6360092163086|5|722
87.42708587646484|5|723
83.9155502319336|5|724
83.83108520507812|5|725
85.74501037597656|5|726
87.00234985351562|5|727
84.95929718017578|5|728
97.11439514160156|61|729
110.66240692138672|61|730
87.17430877685547|5|731
84.85601806640625|5|732
89.59603118896484|21|733
99.57085418701172|21|734
107.85956573486328|21|735
101.6439208984375|21|736
109.54704284667969|22|737
87.210693359375|22|738
85.84078979492188|5|739
85.77115631103516|4|740
82.6241455078125|4|741
83.89608764648438|41|742
92.83534240722656|43|743
87.69072723388672|43|744
84.70572662353516|43|745
98.17548370361328|43|746
97.62773132324219|43|747
132.60134887695312|4|748
162.5941162109375|5|749
166.33697509765625|5|750
169.8712158203125|5|751
138.0662384033203|5|752
68.40721130371094|43|753
61.55282211303711|43|754
68.42683410644531|42|755
99.06156158447266|4|756
147.3527374267578|5|757
135.8876495361328|5|758
77.16429138183594|5|759
58.95769119262695|9|760
65.63611602783203|9|761
77.33011627197266|37|762
103.12380981445312|4|763
120.60517883300781|5|764
134.29617309570312|5|765
110.7662353515625|5|766
82.34735107421875|55|767
71.10920715332031|4|768
80.72925567626953|4|769
88.6174545288086|73|770
82.21427917480469|73|771
81.28547668457031|5|772
87.78277587890625|5|773
69.42369842529297|5|774
91.19014739990234|65|775
104.11866760253906|65|776
73.00425720214844|65|777
65.46107482910156|22|778
85.25884246826172|21|779
97.8868179321289|5|780
82.91492462158203|5|781
55.92368698120117|4|782
69.50334167480469|42|783
95.24522399902344|44|784
104.22701263427734|43|785
133.76080322265625|43|786
123.52323913574219|43|787
103.0382308959961|44|788
66.69302368164062|49|789
97.94243621826172|49|790
93.93810272216797|49|791
126.22730255126953|48|792
111.0114517211914|49|793
126.68309783935547|49|794
116.04475402832031|49|795
104.94664764404297|49|796
97.693603515625|49|797
95.87934112548828|49|798
92.92999267578125|48|799
77.98259735107422|48|800
63.68949508666992|48|801
74.32652282714844|23|802
68.85077667236328|22|803
64.25931549072266|43|804
78.85578155517578|62|805
104.53301239013672|61|806
103.58444213867188|61|807
95.69334411621094|61|808
91.85476684570312|61|809
82.46290588378906|41|810
85.14834594726562|41|811
93.3493423461914|41|812
88.66140747070312|41|813
62.39514923095703|42|814
102.44908142089844|87|815
121.43399810791016|87|816
108.17416381835938|87|817
114.1385498046875|87|818
121.17005920410156|87|819
123.40635681152344|87|820
116.23966217041016|87|821
102.35804748535156|87|822
91.98854064941406|86|823
94.41558837890625|86|824
95.74331665039062|86|825
119.46184539794922|86|826
142.5065155029297|87|827
149.28831481933594|87|828
143.01405334472656|86|829
138.14047241210938|87|830
120.98509979248047|86|831
97.87646484375|86|832
85.80458068847656|87|833
83.83326721191406|65|834
66.38541412353516|65|835
76.74700164794922|43|836
91.7231674194336|43|837
86.02287292480469|43|838
69.22126007080078|42|839
43.497291564941406|43|840
63.77235412597656|19|841
77.6445083618164|19|842
65.30916595458984|47|843
81.6445541381836|48|844
100.29931640625|49|845
104.46037292480469|49|846
105.65039825439453|49|847
98.4445571899414|49|848
110.55477905273438|219|849
102.2378921508789|219|850
102.33283996582031|49|851
72.71759796142578|49|852
60.259803771972656|23|853
65.27838134765625|27|854
87.21245574951172|27|855
97.8080062866211|245|856
86.85235595703125|246|857
87.18217468261719|27|858
88.84140014648438|27|859
84.72430419921875|27|860
77.88697052001953|27|861
75.76734161376953|54|862
108.24375915527344|55|863
113.55929565429688|55|864
89.48963928222656|55|865
69.26819610595703|55|866
91.54244995117188|138|867
80.74069213867188|138|868
78.9795150756836|57|869
96.07129669189453|58|870
63.01820755004883|29|871
101.3764877319336|29|872
139.06777954101562|29|873
117.98767852783203|29|874
81.87352752685547|57|875
95.16635131835938|57|876
92.17790985107422|58|877
109.89773559570312|58|878
111.6512451171875|58|879
97.01129150390625|57|880
90.35479736328125|57|881
61.01399230957031|55|882
68.09664154052734|54|883
56.29402160644531|57|884
79.73701477050781|86|885
98.584228515625|87|886
65.66322326660156|86|887
82.85848999023438|81|888
99.28169250488281|81|889
113.8194580078125|81|890
87.19087219238281|81|891
39.07802963256836|49|892
64.70909881591797|21|893
69.63152313232422|22|894
89.9655990600586|49|895
92.96705627441406|49|896
105.28311920166016|169|897
84.820556640625|170|898
75.08479309082031|49|899
43.55291748046875|21|900
51.96471405029297|20|901
57.97102355957031|19|902
44.3225212097168|17|903
60.41196823120117|21|904
90.9473876953125|43|905
98.49451446533203|65|906
113.4019546508789|65|907
111.34339904785156|65|908
99.79918670654297|65|909
91.7948226928711|66|910
100.3474349975586|65|911
101.38079833984375|65|912
91.1010513305664|43|913
86.9520034790039|43|914
58.39370346069336|43|915
49.151527404785156|73|916
49.3271598815918|5|917
52.518611907958984|5|918
53.182804107666016|5|919
55.725982666015625|5|920
59.68800354003906|5|921
62.51093292236328|5|922
63.41502380371094|5|923
66.3595962524414|5|924
67.97265625|5|925
68.70665740966797|72|926
76.68196105957031|73|927
73.64601135253906|5|928
73.94157409667969|5|929
75.53856658935547|5|930
77.98513793945312|5|931
80.6447525024414|5|932
80.48462677001953|5|933
77.229736328125|5|934
76.6675033569336|5|935
114.33580017089844|43|936
84.61712646484375|43|937
82.7204818725586|5|938
97.01370239257812|22|939
110.54706573486328|22|940
119.9935531616211|22|941
125.39801788330078|22|942
129.56459045410156|22|943
108.90390014648438|22|944
90.15811920166016|5|945
91.88825225830078|5|946
93.20866394042969|5|947
94.0094985961914|5|948
94.7910385131836|5|949
96.2001724243164|5|950
133.8761444091797|97|951
147.770263671875|97|952
94.87165069580078|5|953
95.898681640625|5|954
94.35325622558594|5|955
96.57592010498047|5|956
102.70516204833984|5|957
101.6873779296875|5|958
101.5025405883789|5|959
108.54268646240234|5|960
109.00949096679688|5|961
101.89765167236328|5|962
102.2236557006836|23|963
104.32231140136719|5|964
107.75334167480469|5|965
105.27906036376953|5|966
100.5595474243164|5|967
99.94060516357422|5|968
100.63433074951172|5|969
107.00604248046875|62|970
102.33454132080078|5|971
102.10628509521484|5|972
98.65505981445312|5|973
96.4094467163086|5|974
93.52568817138672|5|975
94.74305725097656|5|976
102.84952545166016|88|977
90.82061767578125|5|978
95.53627014160156|86|979
91.49274444580078|86|980
87.33978271484375|87|981
87.92481994628906|5|982
85.98993682861328|5|983
82.9049301147461|5|984
101.1177978515625|87|985
96.77916717529297|87|986
96.35013580322266|86|987
120.1159896850586|86|988
119.19367218017578|86|989
112.04967498779297|86|990
124.13568878173828|86|991
146.62188720703125|86|992
149.64329528808594|86|993
116.2674331665039|86|994
76.80843353271484|43|995
80.81659698486328|43|996
93.8526840209961|44|997
99.75611877441406|43|998
102.48246765136719|43|999
71.43038177490234|43|1000
47.677791595458984|43|1001
43.02573776245117|36|1002
42.06333541870117|36|1003
43.9310417175293|17|1004
69.77688598632812|44|1005
70.94229125976562|48|1006
116.73762512207031|49|1007
127.04772186279297|49|1008
104.4978256225586|48|1009
100.05870056152344|48|1010
98.5822982788086|49|1011
111.01703643798828|49|1012
132.4696502685547|49|1013
96.31742095947266|50|1014
86.43732452392578|54|1015
116.26171112060547|55|1016
110.08094787597656|55|1017
107.81228637695312|55|1018
120.7015151977539|55|1019
125.7174072265625|55|1020
137.06314086914062|55|1021
130.7113800048828|55|1022
97.75495910644531|55|1023
119.00102233886719|54|1024
144.0616912841797|54|1025
140.48135375976562|54|1026
108.62748718261719|54|1027
111.32561492919922|82|1028
92.01763153076172|83|1029
74.91239166259766|56|1030
82.89067077636719|58|1031
89.54142761230469|58|1032
85.57928466796875|86|1033
100.42874145507812|86|1034
122.77877807617188|58|1035
123.71835327148438|58|1036
118.38200378417969|87|1037
125.21178436279297|87|1038
144.9269256591797|87|1039
134.61004638671875|86|1040
118.10836029052734|86|1041
104.79464721679688|57|1042
65.35331726074219|58|1043
66.19796752929688|25|1044
82.64908599853516|26|1045
95.36251068115234|55|1046
122.61127471923828|55|1047
117.49693298339844|54|1048
126.55735778808594|54|1049
132.37570190429688|54|1050
122.9800033569336|54|1051
106.43663024902344|54|1052
107.77437591552734|54|1053
95.95103454589844|54|1054
69.18910217285156|5|1055
112.59996032714844|49|1056
103.2192611694336|49|1057
107.826416015625|48|1058
121.0300064086914|48|1059
123.06291961669922|48|1060
75.93576049804688|48|1061
72.54298400878906|5|1062
75.02831268310547|5|1063
72.74381256103516|5|1064
71.56929016113281|5|1065
78.79031372070312|43|1066
120.98907470703125|43|1067
106.49748992919922|43|1068
93.18172454833984|44|1069
94.76327514648438|43|1070
106.6961669921875|43|1071
121.8791732788086|43|1072
134.40081787109375|43|1073
127.23535919189453|43|1074
128.47947692871094|43|1075
145.4730682373047|43|1076
130.6364288330078|43|1077
86.25069427490234|43|1078
67.72151947021484|44|1079
62.03883743286133|5|1080
62.331092834472656|5|1081
60.8085823059082|5|1082
59.56957244873047|5|1083
61.84823989868164|5|1084
68.68214416503906|43|1085
94.89281463623047|20|1086
92.34408569335938|39|1087
106.54644012451172|37|1088
123.69867706298828|36|1089
130.19239807128906|36|1090
128.6830291748047|36|1091
131.8397216796875|36|1092
128.24024963378906|36|1093
122.92474365234375|37|1094
89.0606460571289|38|1095
48.85556411743164|38|1096
94.09043884277344|66|1097
80.62093353271484|65|1098
68.54912567138672|64|1099
59.13904571533203|22|1100
95.93180084228516|23|1101
118.35948944091797|24|1102
109.43607330322266|23|1103
56.513465881347656|23|1104
63.54787063598633|44|1105
76.19434356689453|44|1106
79.07808685302734|65|1107
79.12981414794922|65|1108
93.39083862304688|65|1109
73.17124938964844|65|1110
71.56468963623047|123|1111
128.3768310546875|123|1112
88.21612548828125|123|1113
41.031524658203125|9|1114
59.311614990234375|21|1115
78.39879608154297|21|1116
90.12831115722656|98|1117
93.0809326171875|97|1118
82.0872573852539|97|1119
78.76181030273438|73|1120
94.80854797363281|73|1121
115.5503921508789|73|1122
96.74958801269531|73|1123
59.353355407714844|72|1124
55.35401916503906|9|1125
56.60163879394531|42|1126
66.05467224121094|61|1127
87.19345092773438|61|1128
97.7448501586914|61|1129
95.22323608398438|61|1130
79.96846008300781|61|1131
68.47466278076172|61|1132
76.14131164550781|41|1133
99.54158782958984|41|1134
96.46080017089844|41|1135
78.62356567382812|63|1136
64.22472381591797|87|1137
109.88162231445312|87|1138
111.30205535888672|87|1139
97.82242584228516|87|1140
99.64225006103516|108|1141
98.66437530517578|108|1142
89.99995422363281|108|1143
87.84359741210938|108|1144
98.45984649658203|108|1145
109.70852661132812|108|1146
100.68838500976562|108|1147
86.43630981445312|108|1148
91.40447998046875|108|1149
98.79579162597656|86|1150
81.65864562988281|108|1151
60.57771682739258|108|1152
65.01316833496094|79|1153
50.671966552734375|74|1154
66.40721130371094|73|1155
61.664798736572266|54|1156
82.09334564208984|54|1157
106.07782745361328|54|1158
124.50442504882812|54|1159
125.66856384277344|54|1160
118.39460754394531|54|1161
89.36551666259766|54|1162
55.621620178222656|5|1163
62.66299819946289|17|1164
57.623043060302734|5|1165
64.8317642211914|36|1166
113.10387420654297|37|1167
111.4067611694336|37|1168
109.41292572021484|36|1169
104.70803833007812|36|1170
108.53130340576172|36|1171
124.59525299072266|36|1172
134.91773986816406|36|1173
132.68499755859375|36|1174
94.96040344238281|36|1175
58.247589111328125|5|1176
69.88495635986328|35|1177
111.35320281982422|36|1178
126.37654113769531|36|1179
136.10655212402344|36|1180
131.1016845703125|36|1181
121.72146606445312|37|1182
104.56565856933594|37|1183
57.58458709716797|5|1184
59.72976303100586|5|1185
63.2136344909668|5|1186
99.95275115966797|37|1187
89.8259506225586|36|1188
80.75334930419922|36|1189
81.72694396972656|36|1190
92.26201629638672|36|1191
115.31651306152344|36|1192
130.80479431152344|36|1193
99.35443115234375|36|1194
59.86988830566406|5|1195
63.57209396362305|5|1196
60.93942642211914|5|1197
96.89417266845703|37|1198
155.49615478515625|37|1199
147.6272430419922|36|1200
167.4801025390625|36|1201
168.0669708251953|36|1202
158.99484252929688|36|1203
143.8242950439453|36|1204
130.11679077148438|36|1205
112.82845306396484|37|1206
114.1156997680664|37|1207
95.68712615966797|37|1208
97.96139526367188|55|1209
89.4171371459961|36|1210
98.5490493774414|54|1211
112.61993408203125|54|1212
109.05934143066406|54|1213
102.47579956054688|55|1214
82.71883392333984|55|1215
77.96810150146484|57|1216
73.3663558959961|62|1217
107.70256042480469|62|1218
90.69158935546875|61|1219
114.3018569946289|61|1220
109.70851135253906|61|1221
55.325801849365234|9|1222
96.46875762939453|21|1223
119.52412414550781|21|1224
85.27059936523438|21|1225
70.66425323486328|36|1226
59.584712982177734|9|1227
81.71553039550781|40|1228
124.82770538330078|41|1229
127.30889129638672|41|1230
104.6528549194336|41|1231
99.97142791748047|41|1232
86.93875122070312|42|1233
106.09639739990234|43|1234
111.97872161865234|43|1235
104.5897216796875|43|1236
88.25231170654297|43|1237
97.68123626708984|44|1238
98.32689666748047|44|1239
89.8786392211914|43|1240
96.7016830444336|43|1241
103.04340362548828|43|1242
90.92372131347656|43|1243
90.48802185058594|43|1244
97.58098602294922|43|1245
97.08511352539062|22|1246
83.51593780517578|43|1247
114.77088928222656|43|1248
106.7203140258789|43|1249
59.45866394042969|41|1250
90.91697692871094|61|1251
111.599609375|61|1252
101.81930541992188|61|1253
75.86009216308594|61|1254
85.2394790649414|83|1255
102.74961853027344|83|1256
80.17078399658203|82|1257
43.738868713378906|20|1258
56.40704345703125|91|1259
69.24424743652344|91|1260
71.80558776855469|55|1261
83.91505432128906|55|1262
64.88768768310547|36|1263
50.012969970703125|35|1264
49.058780670166016|35|1265
63.60914611816406|55|1266
75.4924087524414|55|1267
67.3773422241211|55|1268
57.92649841308594|54|1269
86.8533706665039|43|1270
88.28421020507812|42|1271
61.63508987426758|41|1272
62.41790008544922|41|1273
68.3529281616211|27|1274
72.80125427246094|27|1275
62.50347137451172|27|1276
67.14237213134766|27|1277
77.30521392822266|27|1278
82.17982482910156|55|1279
85.21784210205078|55|1280
84.16134643554688|54|1281
93.41385650634766|54|1282
86.51679992675781|55|1283
101.72390747070312|55|1284
94.61077117919922|55|1285
81.98289489746094|41|1286
70.89118957519531|28|1287
77.35658264160156|29|1288
57.9525032043457|45|1289
71.24241638183594|33|1290
59.22273254394531|52|1291
78.43547058105469|54|1292
67.85962677001953|55|1293
67.97637176513672|62|1294
99.09100341796875|62|1295
129.38453674316406|61|1296
129.2606964111328|61|1297
116.03944396972656|61|1298
93.68999481201172|61|1299
71.64350891113281|79|1300
82.4022445678711|92|1301
125.75213623046875|91|1302
93.18840789794922|92|1303
70.63956451416016|102|1304
134.5703582763672|103|1305
120.9439926147461|102|1306
133.18655395507812|102|1307
123.07164001464844|101|1308
119.33578491210938|100|1309
93.3744125366211|100|1310
67.36200714111328|91|1311
114.82844543457031|90|1312
108.05767822265625|90|1313
139.77310180664062|91|1314
138.4448699951172|91|1315
120.0544662475586|91|1316
133.377685546875|91|1317
137.4819793701172|91|1318
134.2094268798828|91|1319
149.27935791015625|91|1320
139.38258361816406|91|1321
120.55750274658203|91|1322
95.8122787475586|91|1323
78.32351684570312|91|1324
77.73785400390625|91|1325
73.21849822998047|72|1326
71.91195678710938|72|1327
62.75654220581055|218|1328
69.41230010986328|218|1329
71.2919921875|219|1330
70.67100524902344|55|1331
64.32426452636719|54|1332
84.6906509399414|54|1333
99.24700164794922|54|1334
113.9631118774414|55|1335
116.26942443847656|55|1336
119.41252136230469|55|1337
109.59101867675781|55|1338
89.09980773925781|54|1339
91.3429946899414|54|1340
100.82465362548828|54|1341
110.109375|54|1342
107.89141845703125|55|1343
114.9717025756836|55|1344
90.3132553100586|55|1345
64.63872528076172|36|1346
62.66468048095703|18|1347
79.89796447753906|18|1348
81.0479736328125|18|1349
61.69116973876953|5|1350
60.17252731323242|5|1351
61.005043029785156|5|1352
61.66727066040039|5|1353
61.50956344604492|5|1354
59.66743850708008|5|1355
55.75444412231445|4|1356
69.59247589111328|38|1357
73.45809173583984|42|1358
81.56204223632812|62|1359
98.9491195678711|62|1360
119.65787506103516|61|1361
120.77516174316406|61|1362
101.6455078125|61|1363
85.6776123046875|40|1364
67.79598999023438|40|1365
69.76683044433594|5|1366
65.77092742919922|5|1367
84.39691925048828|41|1368
76.03711700439453|163|1369
93.16500091552734|162|1370
97.5315933227539|123|1371
138.9678955078125|123|1372
134.54371643066406|123|1373
114.19268798828125|102|1374
106.37347412109375|102|1375
131.8475799560547|123|1376
144.78451538085938|123|1377
148.05299377441406|123|1378
138.71481323242188|123|1379
121.6390151977539|122|1380
99.57157135009766|122|1381
143.8384246826172|41|1382
129.00547790527344|41|1383
115.14277648925781|40|1384
111.40654754638672|41|1385
83.29939270019531|41|1386
70.6570053100586|5|1387
65.44390106201172|5|1388
79.86378479003906|44|1389
70.69007873535156|42|1390
92.30271911621094|173|1391
91.04179382324219|173|1392
97.26080322265625|173|1393
105.52910614013672|173|1394
84.97978973388672|44|1395
99.13387298583984|44|1396
90.43573760986328|44|1397
75.31988525390625|43|1398
62.899688720703125|65|1399
66.5511703491211|27|1400
65.37293243408203|27|1401
75.58289337158203|60|1402
64.51095581054688|72|1403
77.96916961669922|36|1404
104.56108093261719|36|1405
89.50184631347656|37|1406
65.88983154296875|5|1407
72.85167694091797|5|1408
70.11663055419922|5|1409
76.4355239868164|73|1410
92.86573791503906|73|1411
93.8842544555664|73|1412
99.04898071289062|73|1413
128.69708251953125|73|1414
125.99213409423828|73|1415
87.42779541015625|74|1416
98.7232437133789|74|1417
82.6079330444336|75|1418
61.686100006103516|5|1419
67.1124038696289|129|1420
85.98050689697266|128|1421
68.99729919433594|128|1422
71.16124725341797|44|1423
88.22590637207031|43|1424
80.48538970947266|43|1425
67.45915985107422|5|1426
67.12240600585938|5|1427
69.93595886230469|5|1428
61.571678161621094|5|1429
75.54059600830078|49|1430
82.0191421508789|49|1431
73.47189331054688|49|1432
72.8587646484375|4|1433
69.31231689453125|4|1434
97.61283874511719|48|1435
143.27487182617188|49|1436
161.3602294921875|49|1437
127.21548461914062|48|1438
72.66950988769531|4|1439
78.05585479736328|194|1440
92.66304779052734|49|1441
109.44117736816406|49|1442
100.4847183227539|97|1443
108.5206298828125|97|1444
85.33834075927734|97|1445
88.45034790039062|48|1446
84.33976745605469|48|1447
78.01032257080078|4|1448
76.31875610351562|49|1449
77.16876983642578|123|1450
77.47649383544922|121|1451
77.79198455810547|121|1452
82.42495727539062|82|1453
99.3604736328125|83|1454
117.47661590576172|82|1455
132.75457763671875|82|1456
106.91822814941406|123|1457
139.73036193847656|123|1458
127.07815551757812|123|1459
79.10469055175781|123|1460
116.3251724243164|87|1461
144.8939971923828|87|1462
134.11439514160156|87|1463
99.32698059082031|87|1464
90.54498291015625|173|1465
107.55651092529297|174|1466
94.47066497802734|174|1467
73.82317352294922|172|1468
89.73683166503906|86|1469
77.11016845703125|86|1470
75.01329040527344|86|1471
107.47683715820312|86|1472
130.1306610107422|86|1473
86.00704956054688|87|1474
65.98336029052734|4|1475
65.86297607421875|174|1476
98.94622039794922|86|1477
127.1973648071289|86|1478
126.54975891113281|86|1479
121.88751220703125|87|1480
68.10794830322266|87|1481
94.44971466064453|43|1482
136.26124572753906|43|1483
140.65623474121094|43|1484
76.4439926147461|43|1485
74.96602630615234|86|1486
86.76734161376953|87|1487
107.09903717041016|87|1488
92.03546905517578|46|1489
87.97225952148438|44|1490
85.72996520996094|43|1491
89.26648712158203|43|1492
93.28369903564453|43|1493
99.67579650878906|43|1494
98.76216888427734|43|1495
101.60714721679688|43|1496
99.21135711669922|43|1497
74.20417022705078|43|1498
62.17220687866211|4|1499
74.48245239257812|55|1500
106.7902603149414|55|1501
98.57964324951172|219|1502
89.954345703125|218|1503
94.0295181274414|218|1504
103.2468490600586|218|1505
105.94376373291016|218|1506
112.41520690917969|218|1507
103.8862533569336|218|1508
90.16683959960938|54|1509
75.53398132324219|55|1510
126.4129638671875|58|1511
131.6300048828125|58|1512
117.44966125488281|58|1513
105.90380859375|58|1514
115.70075988769531|58|1515
151.4850311279297|58|1516
160.5309600830078|58|1517
127.39629364013672|58|1518
102.32762145996094|58|1519
80.49433135986328|58|1520
72.13784790039062|116|1521
97.71829986572266|58|1522
112.63350677490234|58|1523
113.01151275634766|58|1524
114.48764038085938|174|1525
106.42286682128906|173|1526
71.12651062011719|113|1527
100.96868896484375|108|1528
99.95791625976562|109|1529
84.93502044677734|56|1530
85.76752471923828|55|1531
79.96345520019531|58|1532
59.59608459472656|115|1533
70.52005767822266|163|1534
94.90911102294922|163|1535
108.10626220703125|162|1536
63.613216400146484|81|1537
53.16435623168945|6|1538
61.62126922607422|21|1539
70.76496124267578|22|1540
113.43997192382812|49|1541
115.93058776855469|49|1542
112.82026672363281|49|1543
118.62398529052734|49|1544
117.52131652832031|48|1545
95.47186279296875|48|1546
69.69627380371094|49|1547
68.98060607910156|49|1548
60.6591911315918|49|1549
62.16611099243164|45|1550
80.64720916748047|44|1551
95.9654312133789|86|1552
90.79944610595703|86|1553
100.79861450195312|87|1554
109.35692596435547|87|1555
83.73551177978516|87|1556
64.59934997558594|86|1557
83.05211639404297|86|1558
103.99810028076172|173|1559
119.52530670166016|173|1560
70.3019027709961|174|1561
73.84164428710938|55|1562
88.29425811767578|55|1563
99.3297119140625|55|1564
91.33979797363281|55|1565
67.08989715576172|55|1566
59.61672592163086|43|1567
61.870323181152344|55|1568
61.66313934326172|27|1569
88.2852783203125|37|1570
103.83356475830078|36|1571
105.41725158691406|36|1572
109.69281005859375|36|1573
116.46642303466797|37|1574
114.17304229736328|36|1575
94.77599334716797|36|1576
76.89215087890625|36|1577
69.49165344238281|37|1578
77.96016693115234|37|1579
75.66657257080078|37|1580
68.96302032470703|21|1581
79.07063293457031|43|1582
89.50057220458984|43|1583
68.4488296508789|21|1584
93.5869369506836|22|1585
115.81155395507812|22|1586
102.85453033447266|22|1587
85.46819305419922|43|1588
94.00196075439453|43|1589
98.7425308227539|43|1590
80.08045959472656|43|1591
88.38679504394531|173|1592
87.38101959228516|172|1593
84.82073211669922|172|1594
80.21404266357422|173|1595
51.30817794799805|175|1596
106.49886322021484|97|1597
143.8618621826172|97|1598
120.40559387207031|97|1599
66.80966186523438|96|1600
69.32034301757812|50|1601
106.74699401855469|97|1602
138.06736755371094|97|1603
142.210205078125|97|1604
112.14435577392578|97|1605
78.09516143798828|97|1606
72.83761596679688|96|1607
79.27774810791016|24|1608
68.69876861572266|23|1609
80.6534194946289|128|1610
69.91089630126953|43|1611
106.82027435302734|81|1612
114.2576675415039|81|1613
104.97024536132812|82|1614
80.75514221191406|82|1615
85.71904754638672|62|1616
90.68570709228516|163|1617
125.29216766357422|163|1618
113.35059356689453|163|1619
94.44151306152344|162|1620
69.70133209228516|41|1621
90.08343505859375|130|1622
79.91795349121094|131|1623
76.607666015625|174|1624
92.43756866455078|172|1625
111.283203125|130|1626
124.586669921875|130|1627
126.64461517333984|130|1628
91.89713287353516|87|1629
115.19788360595703|87|1630
72.80638122558594|129|1631
99.22679138183594|129|1632
87.8683853149414|129|1633
82.25142669677734|130|1634
114.32262420654297|86|1635
159.9956512451172|86|1636
177.0136260986328|86|1637
166.06748962402344|86|1638
136.47010803222656|86|1639
115.2756576538086|87|1640
137.3129119873047|86|1641
145.41136169433594|86|1642
109.15635681152344|86|1643
86.44595336914062|43|1644
81.87663269042969|36|1645
93.77665710449219|36|1646
100.8892822265625|36|1647
93.6258316040039|36|1648
85.5523910522461|36|1649
70.31721496582031|36|1650
68.10421752929688|44|1651
88.3717269897461|49|1652
101.42420196533203|49|1653
90.37284851074219|49|1654
90.50090789794922|48|1655
94.3700180053711|48|1656
111.57113647460938|145|1657
113.09502410888672|97|1658
124.3104019165039|97|1659
91.10090637207031|97|1660
50.07403564453125|49|1661
58.18137741088867|163|1662
111.46574401855469|163|1663
129.5042266845703|163|1664
120.02996826171875|55|1665
126.98955535888672|55|1666
131.43051147460938|55|1667
143.37196350097656|55|1668
140.01023864746094|55|1669
125.96941375732422|54|1670
89.1566390991211|162|1671
103.78886413574219|58|1672
131.14161682128906|58|1673
118.88013458251953|58|1674
96.82759094238281|58|1675
94.97999572753906|58|1676
121.50299835205078|58|1677
138.30181884765625|58|1678
133.3385467529297|58|1679
124.88932037353516|58|1680
120.86231994628906|58|1681
115.01534271240234|58|1682
115.73841094970703|58|1683
105.14190673828125|58|1684
99.4688949584961|173|1685
131.81610107421875|173|1686
151.26473999023438|173|1687
153.70892333984375|172|1688
111.4161376953125|172|1689
62.564666748046875|172|1690
62.55425262451172|25|1691
97.56559753417969|54|1692
108.907470703125|54|1693
119.81035614013672|163|1694
141.85389709472656|163|1695
112.86245727539062|163|1696
92.94898223876953|163|1697
108.2255859375|163|1698
107.06578826904297|162|1699
103.0844955444336|54|1700
100.77005004882812|54|1701
90.46334075927734|55|1702
112.43916320800781|49|1703
109.98011016845703|194|1704
103.71846008300781|194|1705
84.90802001953125|194|1706
92.32718658447266|49|1707
85.56675720214844|49|1708
74.197998046875|55|1709
57.881011962890625|49|1710
56.159828186035156|48|1711
84.20480346679688|43|1712
102.71444702148438|43|1713
65.212646484375|43|1714
98.93661499023438|86|1715
92.22592163085938|87|1716
104.09895324707031|217|1717
113.24788665771484|43|1718
126.28311157226562|43|1719
140.98182678222656|43|1720
151.45974731445312|43|1721
145.56568908691406|43|1722
125.76313781738281|43|1723
111.18505096435547|43|1724
69.29381561279297|55|1725
66.55116271972656|55|1726
64.29940032958984|54|1727
63.937129974365234|54|1728
74.18941497802734|55|1729
78.45896911621094|55|1730
80.43164825439453|31|1731
66.1513671875|20|1732
82.30549621582031|36|1733
105.57767486572266|36|1734
120.44770812988281|36|1735
138.2546844482422|36|1736
143.6553497314453|36|1737
139.49261474609375|36|1738
143.55313110351562|37|1739
141.96487426757812|37|1740
104.81391143798828|38|1741
63.06834411621094|37|1742
63.441375732421875|130|1743
90.242431640625|130|1744
106.16060638427734|130|1745
80.73474884033203|130|1746
73.97815704345703|86|1747
109.6257095336914|43|1748
87.43860626220703|43|1749
69.92034149169922|44|1750
102.85346221923828|45|1751
86.4666976928711|45|1752
91.33490753173828|87|1753
72.70376586914062|49|1754
59.14073181152344|4|1755
64.82587432861328|4|1756
70.82813262939453|4|1757
82.30016326904297|147|1758
78.01052856445312|4|1759
79.7488784790039|4|1760
81.48854064941406|4|1761
82.3954849243164|4|1762
90.36560821533203|98|1763
120.94902038574219|97|1764
117.52912139892578|97|1765
79.9688491821289|97|1766
80.53485107421875|146|1767
103.72187042236328|146|1768
94.37177276611328|146|1769
83.6651382446289|4|1770
84.82391357421875|4|1771
81.87274169921875|4|1772
82.12198638916016|42|1773
103.9371109008789|41|1774
109.67254638671875|122|1775
137.65740966796875|123|1776
164.7610321044922|123|1777
160.1798858642578|123|1778
160.41464233398438|123|1779
155.02377319335938|123|1780
132.2513885498047|123|1781
80.87804412841797|123|1782
76.48921203613281|83|1783
94.7127914428711|87|1784
115.3721923828125|86|1785
112.17568969726562|87|1786
125.01605987548828|87|1787
121.66636657714844|87|1788
115.12598419189453|87|1789
113.16912841796875|87|1790
127.43780517578125|87|1791
141.40585327148438|87|1792
119.92516326904297|87|1793
137.6387481689453|86|1794
140.32183837890625|86|1795
86.6154556274414|85|1796
56.723731994628906|4|1797
62.4807014465332|161|1798
65.65367126464844|161|1799
71.50359344482422|79|1800
85.76195526123047|73|1801
95.55899047851562|73|1802
78.99956512451172|72|1803
105.8388900756836|72|1804
106.56134796142578|72|1805
89.52099609375|54|1806
81.68926239013672|54|1807
103.37680053710938|36|1808
117.2744140625|36|1809
88.51795959472656|36|1810
56.01813888549805|36|1811
82.033203125|36|1812
101.64915466308594|37|1813
94.73299407958984|36|1814
117.96949768066406|36|1815
126.18329620361328|36|1816
137.38699340820312|36|1817
148.1282501220703|36|1818
151.00238037109375|36|1819
160.11241149902344|36|1820
122.96279907226562|36|1821
70.97122192382812|36|1822
79.21192932128906|37|1823
117.2101058959961|37|1824
150.51560974121094|36|1825
157.64720153808594|36|1826
161.82830810546875|36|1827
149.65908813476562|36|1828
132.66659545898438|36|1829
85.3401107788086|36|1830
76.98970031738281|36|1831
81.47657012939453|36|1832
85.80430603027344|37|1833
93.68131256103516|58|1834
94.60980987548828|58|1835
103.25064086914062|73|1836
115.40559387207031|73|1837
111.4279556274414|73|1838
83.9429702758789|73|1839
67.84229278564453|58|1840
70.91251373291016|58|1841
65.92426300048828|58|1842
56.666996002197266|58|1843
49.961097717285156|58|1844
57.30431365966797|182|1845
52.98871612548828|182|1846
66.62260437011719|145|1847
72.97411346435547|36|1848
103.81047058105469|36|1849
83.91291046142578|36|1850
96.82485961914062|36|1851
126.53785705566406|36|1852
72.27125549316406|37|1853
130.10520935058594|55|1854
154.27603149414062|55|1855
134.004638671875|55|1856
120.71111297607422|55|1857
128.0162811279297|55|1858
132.3612518310547|54|1859
126.19313049316406|54|1860
117.5494155883789|55|1861
70.0100326538086|54|1862
64.65850830078125|41|1863
73.70929718017578|49|1864
99.39718627929688|49|1865
94.73277282714844|49|1866
90.31865692138672|124|1867
88.94541931152344|122|1868
75.99541473388672|49|1869
81.63198852539062|21|1870
72.74298095703125|49|1871
79.46546936035156|49|1872
74.1886215209961|49|1873
83.37100982666016|41|1874
132.76034545898438|41|1875
111.49763488769531|41|1876
92.9044189453125|42|1877
91.84144592285156|43|1878
102.55160522460938|43|1879
128.50950622558594|43|1880
127.56468963623047|43|1881
124.64752197265625|43|1882
103.84262084960938|43|1883
93.77571105957031|173|1884
108.72994995117188|173|1885
119.86177062988281|173|1886
104.41641235351562|173|1887
90.21524047851562|43|1888
61.811744689941406|43|1889
79.22338104248047|43|1890
101.86954498291016|44|1891
88.6865463256836|45|1892
79.81800079345703|45|1893
101.29484558105469|43|1894
63.894203186035156|44|1895
66.03530883789062|85|1896
81.28219604492188|43|1897
105.50585174560547|43|1898
103.86196899414062|82|1899
146.1625518798828|82|1900
115.28255462646484|82|1901
61.79658508300781|5|1902
73.43228149414062|80|1903
62.91389083862305|5|1904
63.03647232055664|36|1905
75.01122283935547|109|1906
72.697998046875|109|1907
84.42842102050781|43|1908
81.58379364013672|43|1909
69.70631408691406|43|1910
56.44281005859375|5|1911
62.29570007324219|5|1912
59.48057556152344|5|1913
54.90413284301758|55|1914
66.39017486572266|123|1915
75.21711730957031|43|1916
103.82701110839844|41|1917
138.58282470703125|41|1918
129.6414031982422|41|1919
117.44263458251953|41|1920
96.8014144897461|41|1921
104.48406219482422|55|1922
109.1012954711914|55|1923
94.82035064697266|55|1924
72.13919067382812|41|1925
54.53443908691406|41|1926
51.49534225463867|4|1927
76.61602783203125|54|1928
65.14161682128906|82|1929
67.69715881347656|82|1930
66.43705749511719|27|1931
89.1550064086914|28|1932
99.41819763183594|28|1933
62.1529541015625|28|1934
65.2411117553711|74|1935
104.9260025024414|74|1936
85.43119812011719|74|1937
73.13318634033203|55|1938
85.84793090820312|82|1939
86.78492736816406|81|1940
104.55941772460938|123|1941
136.38197326660156|123|1942
110.69727325439453|123|1943
77.8909912109375|61|1944
66.50153350830078|80|1945
68.17522430419922|79|1946
80.20941925048828|74|1947
84.14636993408203|91|1948
69.71321105957031|36|1949
73.62926483154297|36|1950
85.66108703613281|123|1951
93.21692657470703|123|1952
88.6590805053711|102|1953
89.80970764160156|101|1954
70.68927764892578|100|1955
74.93849182128906|109|1956
90.99158477783203|109|1957
95.29764556884766|110|1958
104.88912200927734|110|1959
115.54151153564453|91|1960
129.80039978027344|109|1961
126.65559387207031|109|1962
110.5418930053711|109|1963
102.74955749511719|109|1964
99.25436401367188|109|1965
93.96839904785156|91|1966
92.44605255126953|110|1967
110.39649963378906|109|1968
112.03382873535156|109|1969
99.92354583740234|91|1970
94.15885162353516|91|1971
84.7892837524414|91|1972
90.34945678710938|110|1973
101.46263885498047|73|1974
85.83872985839844|73|1975
77.2412109375|36|1976
72.92512512207031|72|1977
77.49563598632812|72|1978
83.8725814819336|73|1979
117.95255279541016|74|1980
123.7526626586914|74|1981
83.3011474609375|73|1982
115.11836242675781|72|1983
80.70121002197266|71|1984
58.62796401977539|65|1985
54.562782287597656|258|1986
79.46347045898438|55|1987
87.62266540527344|73|1988
108.56990051269531|37|1989
109.24176788330078|37|1990
89.51758575439453|38|1991
77.20563507080078|44|1992
66.41985321044922|49|1993
70.45204162597656|51|1994
80.09262084960938|52|1995
65.39201354980469|52|1996
97.74061584472656|49|1997
113.92081451416016|49|1998
91.74609375|49|1999
55.16889190673828|49|2000
39.83882141113281|36|2001
41.36433029174805|109|2002
46.778717041015625|109|2003
52.073753356933594|65|2004
72.70146179199219|65|2005
76.0731430053711|65|2006
61.369754791259766|65|2007
48.83246612548828|65|2008
48.5101203918457|11|2009
50.3509635925293|11|2010
45.98545837402344|11|2011
49.82205581665039|11|2012
57.6004524230957|11|2013
49.009796142578125|32|2014
54.472476959228516|110|2015
54.399845123291016|110|2016
62.839664459228516|36|2017
65.96826171875|36|2018
74.49593353271484|36|2019
82.37307739257812|36|2020
79.9232177734375|36|2021
67.57524108886719|36|2022
52.95508575439453|36|2023
48.46383285522461|36|2024
49.12716293334961|123|2025
66.68570709228516|123|2026
62.30278015136719|41|2027
70.02583312988281|41|2028
77.44977569580078|41|2029
82.9921646118164|41|2030
88.34938049316406|41|2031
78.75331115722656|41|2032
62.43973159790039|41|2033
49.811805725097656|10|2034
109.62586975097656|10|2035
158.6126251220703|5|2036
238.34938049316406|5|2037
249.9095458984375|4|2038
228.08480834960938|4|2039
188.72250366210938|4|2040
133.9134063720703|4|2041
69.86012268066406|5|2042
66.71492767333984|9|2043
68.76165771484375|9|2044
74.12383270263672|73|2045
73.59683990478516|27|2046
75.40935516357422|55|2047
84.42282104492188|55|2048
71.26114654541016|5|2049
73.02151489257812|18|2050
71.09800720214844|5|2051
66.99566650390625|5|2052
62.89756393432617|27|2053
65.272216796875|27|2054
85.3923568725586|11|2055
125.1522445678711|6|2056
217.2998504638672|5|2057
239.17298889160156|4|2058
237.57861328125|4|2059
231.52325439453125|4|2060
218.45782470703125|4|2061
187.4584503173828|4|2062
132.3684539794922|4|2063
86.95440673828125|4|2064
77.2146224975586|5|2065
71.68936157226562|5|2066
82.8929443359375|18|2067
85.89726257324219|18|2068
82.47015380859375|18|2069
81.25379943847656|18|2070
83.86595153808594|5|2071
82.92070770263672|73|2072
51.44161605834961|73|2073
35.814666748046875|146|2074
83.86479187011719|12|2075
144.0032501220703|8|2076
223.28912353515625|5|2077
255.4752960205078|4|2078
249.7028350830078|4|2079
228.14552307128906|4|2080
193.1514434814453|4|2081
134.67147827148438|4|2082
86.11356353759766|49|2083
73.4561996459961|8|2084
75.3288345336914|8|2085
73.80167388916016|8|2086
75.11719512939453|65|2087
77.61463165283203|65|2088
76.70636749267578|65|2089
76.05274963378906|65|2090
70.99158477783203|4|2091
68.81040954589844|8|2092
56.14697265625|32|2093
55.93498611450195|32|2094
58.98905563354492|12|2095
111.76701354980469|9|2096
201.92193603515625|5|2097
238.4964141845703|4|2098
239.9197540283203|4|2099
228.38194274902344|4|2100
218.7700958251953|4|2101
196.3192901611328|4|2102
149.66050720214844|4|2103
95.29004669189453|4|2104
74.06478881835938|41|2105
67.75772094726562|41|2106
83.46904754638672|130|2107
81.42121124267578|130|2108
70.80998229980469|8|2109
72.36540222167969|4|2110
72.25701904296875|8|2111
71.3410873413086|8|2112
54.88799285888672|8|2113
35.568695068359375|65|2114
56.820987701416016|12|2115
132.78530883789062|9|2116
192.97935485839844|5|2117
231.46710205078125|5|2118
246.85372924804688|4|2119
239.7677001953125|4|2120
227.9713592529297|4|2121
186.91989135742188|4|2122
101.04224395751953|4|2123
72.10935974121094|43|2124
63.0541877746582|7|2125
68.77218627929688|7|2126
72.1009750366211|7|2127
70.47265625|7|2128
72.94796752929688|7|2129
73.27900695800781|7|2130
71.71803283691406|7|2131
68.56460571289062|7|2132
58.54311752319336|36|2133
53.03882598876953|36|2134
53.2524299621582|36|2135
89.36102294921875|10|2136
146.3213348388672|5|2137
217.08314514160156|5|2138
239.88783264160156|4|2139
225.88943481445312|4|2140
218.2947235107422|4|2141
203.14630126953125|4|2142
147.04580688476562|4|2143
78.1131820678711|43|2144
78.88133239746094|43|2145
74.25411224365234|8|2146
86.04203796386719|55|2147
85.68132781982422|55|2148
78.44880676269531|55|2149
68.50017547607422|55|2150
61.10527420043945|6|2151
64.23968505859375|12|2152
64.99054718017578|12|2153
65.7289047241211|12|2154
68.57280731201172|12|2155
112.43638610839844|12|2156
155.52041625976562|5|2157
239.28329467773438|5|2158
254.4545135498047|4|2159
248.29302978515625|4|2160
217.65927124023438|4|2161
172.78823852539062|4|2162
145.22886657714844|4|2163
82.69478607177734|6|2164
50.60786437988281|6|2165
52.17490005493164|9|2166
85.8784408569336|9|2167
74.8207015991211|6|2168
57.5714225769043|6|2169
66.03087615966797|58|2170
57.838417053222656|6|2171
63.29017639160156|6|2172
68.41316223144531|6|2173
68.09712219238281|6|2174
53.96427536010742|6|2175
87.09088897705078|12|2176
123.43729400634766|9|2177
202.05247497558594|5|2178
238.74578857421875|4|2179
242.83871459960938|4|2180
227.5263214111328|4|2181
178.71548461914062|4|2182
133.6356201171875|5|2183
97.43012237548828|4|2184
91.42696380615234|55|2185
84.29729461669922|55|2186
110.25717163085938|49|2187
131.38491821289062|49|2188
135.68643188476562|49|2189
127.62493896484375|49|2190
104.98772430419922|49|2191
85.10970306396484|48|2192
93.01737213134766|49|2193
96.3544921875|49|2194
76.91769409179688|49|2195
87.67337036132812|15|2196
150.3505096435547|9|2197
220.760009765625|5|2198
246.0273895263672|4|2199
239.18212890625|4|2200
209.5186004638672|4|2201
164.50827026367188|4|2202
106.61172485351562|4|2203
64.6445541381836|9|2204
70.97540283203125|9|2205
71.90282440185547|9|2206
74.00550842285156|5|2207
73.08003234863281|5|2208
76.7054214477539|5|2209
79.58331298828125|9|2210
80.80284118652344|9|2211
80.19435119628906|9|2212
83.27892303466797|5|2213
65.27796936035156|5|2214
61.5181999206543|27|2215
57.147212982177734|27|2216
111.60203552246094|10|2217
178.01953125|5|2218
225.61134338378906|4|2219
243.83480834960938|4|2220
221.52040100097656|4|2221
181.91917419433594|4|2222
118.52027130126953|4|2223
64.89064025878906|9|2224
68.36310577392578|9|2225
72.6634521484375|5|2226
76.5175552368164|5|2227
78.7122802734375|5|2228
82.17174530029297|9|2229
85.86564636230469|5|2230
85.18939971923828|5|2231
80.85615539550781|9|2232
78.06102752685547|5|2233
60.50847625732422|5|2234
54.23786926269531|73|2235
42.68224334716797|13|2236
117.38169860839844|10|2237
186.49093627929688|5|2238
246.3914794921875|5|2239
266.66949462890625|4|2240
257.8934326171875|4|2241
243.06948852539062|4|2242
211.4294891357422|4|2243
155.82054138183594|4|2244
95.85195922851562|4|2245
73.68721771240234|8|2246
68.45513916015625|8|2247
78.91419982910156|33|2248
75.27630615234375|32|2249
78.09983825683594|32|2250
73.23039245605469|32|2251
69.33524322509766|4|2252
69.05550384521484|4|2253
62.255252838134766|32|2254
58.03690719604492|32|2255
42.950035095214844|32|2256
89.55520629882812|9|2257
133.04071044921875|5|2258
220.42044067382812|5|2259
243.64952087402344|4|2260
229.7504119873047|4|2261
215.26644897460938|4|2262
195.85650634765625|4|2263
159.7294921875|4|2264
110.4853515625|4|2265
79.92552947998047|81|2266
72.2757568359375|8|2267
73.17589569091797|44|2268
91.26899719238281|43|2269
91.01368713378906|43|2270
86.38668823242188|43|2271
91.81501770019531|43|2272
83.28236389160156|8|2273
73.56484985351562|8|2274
55.677947998046875|43|2275
48.31627655029297|43|2276
103.31424713134766|11|2277
152.56642150878906|9|2278
238.612548828125|5|2279
251.599365234375|4|2280
231.0915069580078|4|2281
206.02197265625|4|2282
196.69505310058594|4|2283
181.75267028808594|4|2284
122.02998352050781|4|2285
59.8975715637207|4|2286
65.42143249511719|7|2287
67.25877380371094|7|2288
67.46173095703125|7|2289
69.18069458007812|7|2290
75.5849609375|36|2291
82.97663116455078|36|2292
80.60562896728516|7|2293
72.08009338378906|7|2294
64.39997100830078|36|2295
62.54774856567383|36|2296
62.83613586425781|13|2297
114.67704010009766|9|2298
205.9712371826172|5|2299
236.25978088378906|4|2300
230.08323669433594|4|2301
209.3623809814453|4|2302
202.2300567626953|4|2303
184.09112548828125|4|2304
123.91314697265625|4|2305
66.39521026611328|7|2306
56.26163864135742|8|2307
100.9419937133789|55|2308
112.8885498046875|55|2309
104.08279418945312|55|2310
92.5059585571289|55|2311
73.65555572509766|55|2312
66.45696258544922|54|2313
67.55494689941406|54|2314
67.54845428466797|54|2315
66.38541412353516|54|2316
93.054931640625|12|2317
137.82861328125|9|2318
206.6611328125|5|2319
241.6968536376953|4|2320
253.1294708251953|4|2321
239.50863647460938|4|2322
201.0081329345703|4|2323
147.35525512695312|4|2324
113.04027557373047|4|2325
59.322975158691406|58|2326
61.34592056274414|58|2327
64.89128875732422|8|2328
77.45281219482422|6|2329
66.21087646484375|6|2330
60.30923080444336|3|2331
64.52796173095703|6|2332
68.99224853515625|6|2333
72.353515625|6|2334
70.71141052246094|6|2335
61.1070671081543|6|2336
51.637847900390625|11|2337
110.04871368408203|11|2338
161.85011291503906|5|2339
215.5577850341797|5|2340
246.35113525390625|4|2341
239.29786682128906|4|2342
219.50686645507812|4|2343
155.46690368652344|4|2344
102.56475067138672|4|2345
87.48896789550781|55|2346
87.20984649658203|55|2347
79.8202133178711|55|2348
101.58358001708984|49|2349
87.7389907836914|49|2350
71.0770492553711|4|2351
80.42498779296875|8|2352
83.66556549072266|8|2353
83.5500259399414|8|2354
82.49397277832031|8|2355
80.9884262084961|8|2356
75.02042388916016|8|2357
134.6702117919922|9|2358
166.50762939453125|6|2359
237.69061279296875|5|2360
247.9282684326172|4|2361
221.9267578125|4|2362
189.64852905273438|4|2363
158.27113342285156|4|2364
128.2401123046875|4|2365
99.40679168701172|4|2366
78.97529602050781|4|2367
78.18597412109375|5|2368
75.55690002441406|55|2369
77.08343505859375|55|2370
80.5988998413086|5|2371
79.56709289550781|5|2372
82.42826080322266|9|2373
81.69610595703125|9|2374
72.75923156738281|5|2375
59.02877426147461|55|2376
55.88264846801758|27|2377
82.28826141357422|12|2378
123.33655548095703|6|2379
215.1002960205078|5|2380
241.23143005371094|4|2381
232.3548126220703|4|2382
215.8698272705078|4|2383
196.85067749023438|4|2384
171.90127563476562|4|2385
128.08656311035156|4|2386
85.43416595458984|4|2387
72.55594635009766|5|2388
71.32666778564453|5|2389
73.81053924560547|5|2390
76.94847869873047|5|2391
75.68955993652344|5|2392
77.6055679321289|5|2393
79.17062377929688|5|2394
73.80696105957031|5|2395
49.345672607421875|5|2396
49.22321319580078|73|2397
77.81293487548828|11|2398
145.1265869140625|9|2399
218.25601196289062|5|2400
249.17916870117188|4|2401
245.3684539794922|4|2402
225.04212951660156|4|2403
186.78379821777344|4|2404
122.11720275878906|4|2405
76.43496704101562|49|2406
78.24039459228516|49|2407
69.90216064453125|8|2408
68.46552276611328|8|2409
73.13996124267578|8|2410
77.91104125976562|8|2411
78.9467544555664|8|2412
77.6492919921875|8|2413
78.16171264648438|8|2414
73.95297241210938|8|2415
60.40667724609375|65|2416
56.67212677001953|32|2417
55.60773849487305|32|2418
114.918212890625|9|2419
191.61245727539062|5|2420
227.3294219970703|4|2421
233.91880798339844|4|2422
204.79942321777344|4|2423
167.2333984375|4|2424
124.35748291015625|4|2425
100.1208724975586|5|2426
74.52220153808594|8|2427
70.8720932006836|8|2428
69.8248519897461|8|2429
75.94937896728516|8|2430
80.08589935302734|8|2431
76.83914947509766|8|2432
80.67706298828125|4|2433
82.8287353515625|4|2434
76.93302917480469|8|2435
59.125179290771484|43|2436
44.82716751098633|43|2437
58.87789535522461|12|2438
132.76014709472656|9|2439
191.60914611816406|5|2440
233.57215881347656|4|2441
250.2622833251953|4|2442
243.90223693847656|4|2443
225.9544219970703|4|2444
173.48219299316406|4|2445
81.29606628417969|5|2446
56.23234939575195|14|2447
63.89938735961914|43|2448
54.87971878051758|15|2449
65.910888671875|110|2450
59.762996673583984|110|2451
57.13273239135742|14|2452
61.35409927368164|15|2453
65.43578338623047|15|2454
69.31480407714844|36|2455
64.91704559326172|36|2456
59.56398391723633|87|2457
56.18001174926758|36|2458
92.16322326660156|11|2459
155.1669921875|5|2460
226.7661895751953|5|2461
254.66676330566406|4|2462
238.98675537109375|4|2463
198.42971801757812|4|2464
145.20635986328125|4|2465
111.7837142944336|4|2466
89.32884216308594|4|2467
65.2873306274414|7|2468
85.93683624267578|55|2469
138.20587158203125|55|2470
143.9893798828125|55|2471
127.96788787841797|55|2472
104.9545669555664|55|2473
93.057861328125|12|2474
97.68385314941406|12|2475
99.8717269897461|12|2476
96.94261932373047|12|2477
84.81998443603516|55|2478
102.13505554199219|11|2479
146.7816162109375|6|2480
219.70875549316406|5|2481
234.38182067871094|4|2482
223.23658752441406|4|2483
219.33798217773438|4|2484
188.58534240722656|4|2485
108.98443603515625|4|2486
79.23968505859375|5|2487
53.84508514404297|6|2488
56.26923370361328|33|2489
87.37108612060547|7|2490
83.0141830444336|36|2491
101.12545776367188|36|2492
85.48114013671875|36|2493
53.646697998046875|12|2494
55.1310920715332|73|2495
77.97803497314453|37|2496
147.07791137695312|36|2497
158.2887420654297|36|2498
110.52906799316406|37|2499
116.72479248046875|9|2500
189.66148376464844|5|2501
219.8772735595703|4|2502
209.45265197753906|4|2503
188.28982543945312|4|2504
178.84422302246094|4|2505
130.12901306152344|4|2506
76.17353057861328|55|2507
56.00505065917969|54|2508
59.09922790527344|42|2509
76.93571472167969|9|2510
92.86227416992188|49|2511
78.57237243652344|49|2512
74.76078033447266|124|2513
78.24142456054688|8|2514
79.72003173828125|8|2515
91.65767669677734|21|2516
78.73517608642578|8|2517
75.485595703125|8|2518
85.70677185058594|13|2519
123.70294952392578|8|2520
196.09051513671875|5|2521
222.00747680664062|4|2522
226.05087280273438|4|2523
218.72061157226562|4|2524
208.00039672851562|4|2525
177.91656494140625|4|2526
126.89714813232422|4|2527
103.93301391601562|43|2528
97.23662567138672|43|2529
86.78842163085938|43|2530
82.30519104003906|44|2531
90.61312103271484|43|2532
87.19013977050781|43|2533
81.81816101074219|43|2534
71.53675842285156|5|2535
80.45065307617188|43|2536
96.37351989746094|43|2537
79.65279388427734|22|2538
86.9687271118164|21|2539
103.13533782958984|9|2540
164.61878967285156|5|2541
207.12396240234375|4|2542
227.72621154785156|4|2543
215.01290893554688|4|2544
194.7492218017578|4|2545
161.77120971679688|4|2546
121.51725006103516|5|2547
90.82292938232422|5|2548
70.84850311279297|5|2549
64.51298522949219|5|2550
68.46258544921875|9|2551
88.86759948730469|73|2552
88.76587677001953|73|2553
69.82134246826172|9|2554
75.48016357421875|9|2555
75.6365966796875|9|2556
61.48232650756836|5|2557
40.29779052734375|73|2558
43.007423400878906|14|2559
102.31177520751953|9|2560
166.11305236816406|5|2561
222.29518127441406|5|2562
234.21194458007812|4|2563
223.85653686523438|4|2564
209.1692657470703|4|2565
178.98587036132812|4|2566
127.9268798828125|4|2567
92.09455108642578|55|2568
74.50570678710938|27|2569
83.73033905029297|28|2570
75.23282623291016|55|2571
87.4337158203125|55|2572
98.81969451904297|55|2573
115.29415893554688|54|2574
119.52942657470703|54|2575
110.5655517578125|54|2576
88.96681213378906|55|2577
89.22883605957031|55|2578
68.60625457763672|55|2579
81.34939575195312|10|2580
127.89546203613281|5|2581
209.89817810058594|5|2582
216.373046875|4|2583