Levels
Avicii

EDM
levels
1025x2584
2584

4.51729154586792|31|0
20.77672576904297|11|1
42.08835983276367|8|2
42.227325439453125|5|3
24.945350646972656|8|4
20.823171615600586|7|5
24.702526092529297|4|6
32.01921463012695|4|7
41.058048248291016|12|8
31.060232162475586|13|9
28.64727020263672|10|10
39.419288635253906|10|11
40.64238739013672|10|12
42.960784912109375|9|13
41.560585021972656|9|14
58.927207946777344|9|15
75.92015838623047|0|16
94.30980682373047|0|17
108.57878112792969|0|18
113.10493469238281|0|19
112.04320526123047|0|20
104.67992401123047|0|21
78.56626892089844|0|22
59.83866500854492|7|23
59.822845458984375|7|24
64.19389343261719|0|25
68.80370330810547|0|26
72.0527572631836|0|27
70.11299896240234|0|28
63.288841247558594|0|29
54.04452133178711|7|30
57.46402359008789|7|31
55.00221633911133|6|32
66.71497344970703|6|33
71.16182708740234|6|34
70.17835235595703|6|35
64.70185089111328|6|36
76.04811096191406|0|37
95.35031127929688|0|38
113.96380615234375|0|39
133.6781463623047|0|40
150.3915557861328|0|41
135.6046600341797|0|42
93.89414978027344|0|43
68.23751831054688|0|44
58.239994049072266|0|45
53.44254684448242|5|46
62.65255355834961|5|47
64.36236572265625|5|48
58.91288757324219|5|49
63.08799362182617|5|50
71.248779296875|5|51
76.77043151855469|5|52
81.14456176757812|5|53
77.0809326171875|5|54
95.85140991210938|0|55
117.2384262084961|0|56
138.23411560058594|0|57
157.29893493652344|0|58
165.15347290039062|0|59
160.88339233398438|0|60
155.88995361328125|0|61
145.07040405273438|0|62
108.30908966064453|0|63
74.59429931640625|0|64
65.4853515625|0|65
58.47555160522461|5|66
59.26719284057617|5|67
55.94537353515625|5|68
47.99790573120117|5|69
36.218509674072266|5|70
27.686649322509766|4|71
29.93181610107422|4|72
29.75017547607422|5|73
34.068336486816406|0|74
40.266357421875|0|75
34.938438415527344|0|76
29.730228424072266|0|77
26.106468200683594|0|78
21.801624298095703|0|79
20.323558807373047|0|80
21.592126846313477|0|81
25.907041549682617|77|82
32.828121185302734|77|83
19.40074348449707|78|84
7.865537643432617|93|85
8.706796646118164|20|86
11.145431518554688|19|87
10.547667503356934|34|88
12.115095138549805|34|89
13.211014747619629|10|90
15.709319114685059|10|91
17.06722640991211|77|92
19.352062225341797|77|93
14.486960411071777|77|94
16.898418426513672|92|95
20.223007202148438|91|96
15.944772720336914|91|97
15.921215057373047|103|98
19.03494644165039|104|99
20.610353469848633|104|100
17.66500473022461|78|101
17.023374557495117|78|102
19.15045928955078|92|103
16.214548110961914|12|104
21.005706787109375|12|105
19.562925338745117|12|106
19.91839599609375|0|107
31.76666259765625|0|108
43.85300064086914|0|109
56.66804122924805|0|110
69.78341674804688|0|111
81.35108184814453|0|112
89.67261505126953|0|113
97.57379913330078|0|114
110.2806167602539|0|115
123.79357147216797|0|116
130.9937286376953|0|117
132.72470092773438|0|118
133.10394287109375|0|119
131.17420959472656|0|120
120.68634796142578|0|121
101.77025604248047|0|122
79.73728942871094|0|123
53.075870513916016|0|124
25.780925750732422|0|125
9.656146049499512|0|126
6.2790703773498535|39|127
8.86800479888916|0|128
18.659107208251953|0|129
29.837406158447266|0|130
42.34468460083008|0|131
56.170135498046875|0|132
71.66883087158203|0|133
88.12035369873047|0|134
104.14200592041016|0|135
111.77375030517578|0|136
103.5785140991211|0|137
85.01589965820312|0|138
65.43669128417969|0|139
46.662113189697266|0|140
27.972251892089844|0|141
17.322391510009766|31|142
23.658315658569336|31|143
26.31256103515625|31|144
29.378812789916992|0|145
29.65779685974121|0|146
37.64278030395508|0|147
48.347511291503906|0|148
59.43518829345703|0|149
71.08344268798828|0|150
81.75894927978516|0|151
89.17835998535156|0|152
93.92311096191406|0|153
98.77749633789062|0|154
105.32569122314453|0|155
116.08869171142578|0|156
125.8198471069336|0|157
125.11367797851562|0|158
113.83214569091797|0|159
97.11817932128906|0|160
78.64165496826172|0|161
60.05795669555664|0|162
41.921234130859375|0|163
24.414058685302734|0|164
12.636408805847168|51|165
12.48314094543457|51|166
10.837542533874512|51|167
8.881988525390625|61|168
8.091523170471191|61|169
6.423616886138916|61|170
11.956771850585938|78|171
15.17580795288086|78|172
15.835488319396973|78|173
16.97318458557129|78|174
15.81708812713623|78|175
17.091777801513672|78|176
26.587860107421875|77|177
29.58670997619629|77|178
14.743305206298828|76|179
15.239892959594727|61|180
16.172819137573242|0|181
20.373668670654297|0|182
22.635278701782227|0|183
21.321117401123047|0|184
18.106693267822266|0|185
16.574390411376953|77|186
17.580778121948242|77|187
13.87349796295166|78|188
10.011626243591309|78|189
9.618603706359863|77|190
11.01878547668457|52|191
11.20329475402832|51|192
13.066163063049316|39|193
14.292449951171875|38|194
15.044748306274414|38|195
17.15211296081543|77|196
14.460676193237305|104|197
16.562862396240234|104|198
29.61132049560547|0|199
46.22856140136719|0|200
61.94291305541992|0|201
77.30034637451172|0|202
92.17509460449219|0|203
105.96183013916016|0|204
115.20259094238281|0|205
102.94102478027344|0|206
71.05450439453125|0|207
54.65110397338867|0|208
56.71835708618164|0|209
60.06473922729492|0|210
63.06175994873047|0|211
65.43001556396484|0|212
66.63162231445312|0|213
64.39364624023438|0|214
59.04523468017578|0|215
52.46973419189453|0|216
45.75008010864258|0|217
38.485958099365234|0|218
28.349952697753906|0|219
15.695429801940918|0|220
15.69859790802002|92|221
12.247157096862793|91|222
23.51624298095703|0|223
36.0903434753418|0|224
49.0234489440918|0|225
57.989315032958984|0|226
50.87517547607422|0|227
38.34024429321289|0|228
33.82705307006836|0|229
29.447601318359375|0|230
23.328580856323242|0|231
16.632015228271484|0|232
10.821050643920898|39|233
12.20913028717041|39|234
12.863640785217285|39|235
16.27528953552246|0|236
27.953567504882812|0|237
42.23748016357422|0|238
58.231956481933594|0|239
72.57621765136719|0|240
84.54911041259766|0|241
95.45099639892578|0|242
105.13191986083984|0|243
111.7452392578125|0|244
112.5383529663086|0|245
109.05663299560547|0|246
92.30310821533203|0|247
62.1927375793457|0|248
47.34048080444336|0|249
48.526512145996094|0|250
49.226898193359375|0|251
48.025299072265625|0|252
44.25746536254883|0|253
39.535831451416016|0|254
34.487831115722656|0|255
28.925764083862305|0|256
23.273765563964844|0|257
17.580759048461914|0|258
16.94530487060547|39|259
16.110048294067383|78|260
15.413311958312988|0|261
18.445404052734375|0|262
20.46569061279297|0|263
21.556425094604492|0|264
22.78617286682129|0|265
24.291860580444336|0|266
24.42416763305664|0|267
19.201847076416016|0|268
14.961787223815918|69|269
19.7359619140625|69|270
16.03730583190918|69|271
15.324477195739746|39|272
18.698007583618164|19|273
22.622068405151367|19|274
22.571842193603516|19|275
19.104305267333984|19|276
19.887773513793945|77|277
20.84137535095215|78|278
21.493019104003906|77|279
21.52190589904785|0|280
21.682065963745117|39|281
23.537389755249023|38|282
26.126264572143555|38|283
28.008243560791016|39|284
27.500688552856445|39|285
20.56614875793457|39|286
18.01563262939453|13|287
15.208734512329102|78|288
15.148480415344238|26|289
19.20648193359375|19|290
20.28022003173828|19|291
24.21857452392578|26|292
28.601957321166992|26|293
29.561246871948242|26|294
33.25725173950195|0|295
41.10332489013672|0|296
49.70029067993164|0|297
58.73355484008789|0|298
68.1980972290039|0|299
77.163330078125|0|300
81.97615051269531|0|301
83.10389709472656|0|302
82.90448760986328|0|303
81.52764129638672|0|304
80.59528350830078|0|305
77.2624740600586|0|306
69.72537994384766|0|307
59.32134246826172|0|308
41.53867721557617|0|309
25.204326629638672|0|310
25.3011417388916|69|311
32.442317962646484|69|312
36.266082763671875|69|313
33.1528434753418|39|314
34.397987365722656|39|315
27.133243560791016|39|316
22.687253952026367|78|317
22.320262908935547|77|318
21.754961013793945|77|319
18.29375648498535|19|320
20.60230827331543|19|321
22.271053314208984|19|322
27.18000030517578|19|323
29.905925750732422|13|324
32.30840301513672|13|325
33.063621520996094|13|326
30.748369216918945|13|327
33.00828552246094|0|328
41.865238189697266|13|329
53.242897033691406|14|330
56.81661605834961|5|331
32.59930419921875|12|332
26.101585388183594|8|333
32.06528854370117|4|334
42.43608093261719|4|335
59.34263610839844|12|336
47.7152099609375|13|337
39.518150329589844|10|338
49.42698669433594|10|339
46.815269470214844|10|340
44.50063705444336|9|341
42.88589859008789|9|342
61.980560302734375|9|343
73.64336395263672|9|344
68.87891387939453|9|345
58.583251953125|9|346
60.402217864990234|8|347
70.10133361816406|8|348
70.82731628417969|8|349
68.0302505493164|8|350
60.534324645996094|7|351
60.260589599609375|7|352
56.730682373046875|7|353
55.28683853149414|7|354
53.73411178588867|7|355
53.17713165283203|7|356
56.24587631225586|7|357
56.11587905883789|7|358
57.97489929199219|7|359
51.69258117675781|6|360
63.94484329223633|6|361
68.35651397705078|6|362
66.13138580322266|6|363
59.64270782470703|6|364
52.503501892089844|6|365
49.71914291381836|6|366
52.87102127075195|6|367
47.80080795288086|6|368
42.26835632324219|6|369
42.26934814453125|5|370
42.48720932006836|6|371
43.89679718017578|6|372
41.92988204956055|5|373
39.08136749267578|5|374
45.873321533203125|5|375
47.73605728149414|5|376
41.66675567626953|5|377
43.112205505371094|5|378
48.169002532958984|5|379
49.5582275390625|5|380
56.80738830566406|61|381
73.1351547241211|61|382
70.53546142578125|61|383
67.21607208251953|61|384
64.46149444580078|61|385
55.759124755859375|61|386
45.23051452636719|60|387
40.96413040161133|5|388
40.2567138671875|5|389
37.21184539794922|5|390
50.611488342285156|61|391
47.58992004394531|61|392
56.70498275756836|61|393
61.01408004760742|61|394
40.88962173461914|61|395
27.439298629760742|5|396
24.028121948242188|5|397
25.408475875854492|61|398
30.850147247314453|61|399
42.27926254272461|61|400
56.85496139526367|61|401
70.36190795898438|61|402
77.04843139648438|61|403
72.31643676757812|61|404
65.86332702636719|61|405
51.75136184692383|62|406
41.6973991394043|61|407
48.563621520996094|61|408
54.62660217285156|61|409
40.01506805419922|61|410
28.364120483398438|0|411
26.056589126586914|58|412
23.680500030517578|58|413
24.12832260131836|23|414
25.753150939941406|23|415
24.30914878845215|23|416
22.843215942382812|29|417
22.297378540039062|29|418
23.298599243164062|58|419
22.650632858276367|0|420
27.4724063873291|57|421
47.596717834472656|58|422
57.25309371948242|58|423
54.14284133911133|58|424
46.67654800415039|58|425
41.4381217956543|29|426
36.837364196777344|29|427
34.494728088378906|58|428
31.872800827026367|58|429
32.635990142822266|0|430
32.183902740478516|0|431
29.753437042236328|61|432
36.534114837646484|61|433
41.41389083862305|61|434
34.57776641845703|61|435
21.713016510009766|61|436
17.704002380371094|35|437
18.856346130371094|0|438
20.48691177368164|62|439
21.43218231201172|0|440
23.259458541870117|0|441
38.60871505737305|61|442
30.6555118560791|62|443
29.150571823120117|0|444
31.226821899414062|0|445
31.799549102783203|0|446
31.80852508544922|0|447
32.382015228271484|0|448
34.139034271240234|0|449
34.820343017578125|0|450
33.3512077331543|0|451
29.026466369628906|0|452
20.8129825592041|0|453
15.878998756408691|0|454
16.396459579467773|0|455
17.167556762695312|0|456
17.571514129638672|0|457
17.92763328552246|0|458
19.229612350463867|0|459
21.002653121948242|0|460
22.910125732421875|0|461
26.478967666625977|0|462
28.22728729248047|0|463
44.91176986694336|103|464
51.60075759887695|103|465
40.71745681762695|103|466
46.2156982421875|104|467
40.18373107910156|103|468
32.82427978515625|0|469
34.1041374206543|0|470
34.52921676635742|0|471
31.755979537963867|0|472
23.47318458557129|0|473
19.01432991027832|46|474
19.53188133239746|91|475
26.602859497070312|91|476
25.143110275268555|91|477
23.393409729003906|91|478
24.454723358154297|92|479
20.143218994140625|93|480
21.106361389160156|0|481
22.931541442871094|0|482
24.489093780517578|78|483
38.99005889892578|77|484
47.91408920288086|77|485
45.95936965942383|77|486
43.447200775146484|77|487
44.338645935058594|77|488
37.43781280517578|77|489
32.045875549316406|76|490
31.341400146484375|0|491
31.16922950744629|0|492
27.110931396484375|0|493
23.36736488342285|69|494
19.747570037841797|39|495
23.012372970581055|68|496
23.7807674407959|69|497
20.17314338684082|69|498
17.251811981201172|0|499
18.715625762939453|0|500
21.8619441986084|70|501
30.52765655517578|69|502
28.099451065063477|69|503
43.99097442626953|61|504
53.72249984741211|61|505
48.30771255493164|61|506
42.25115203857422|61|507
49.48647689819336|61|508
60.624637603759766|61|509
60.33864974975586|61|510
40.325584411621094|61|511
32.22321701049805|0|512
31.24138069152832|0|513
42.58374786376953|60|514
40.728519439697266|61|515
22.232227325439453|61|516
15.106131553649902|0|517
17.662006378173828|61|518
18.037748336791992|61|519
19.03253173828125|19|520
21.028295516967773|62|521
22.037378311157227|31|522
22.882659912109375|0|523
25.088672637939453|0|524
28.10548973083496|0|525
31.29081153869629|0|526
33.11517333984375|0|527
33.43781280517578|0|528
33.7181510925293|0|529
33.775062561035156|0|530
33.480770111083984|0|531
33.18526840209961|0|532
33.07959747314453|0|533
29.278215408325195|0|534
21.012500762939453|30|535
20.311904907226562|61|536
17.226898193359375|60|537
16.49775505065918|0|538
17.714248657226562|61|539
20.45055389404297|61|540
18.807209014892578|0|541
20.26326560974121|0|542
21.927860260009766|0|543
23.625164031982422|0|544
27.47108268737793|46|545
33.01593780517578|46|546
36.219783782958984|61|547
27.212228775024414|0|548
28.35141944885254|0|549
29.181550979614258|0|550
30.569782257080078|0|551
34.43758773803711|60|552
36.298362731933594|61|553
38.395442962646484|61|554
37.424591064453125|61|555
26.365991592407227|62|556
17.014297485351562|46|557
17.68404769897461|46|558
19.27634620666504|61|559
17.13602638244629|0|560
17.868240356445312|0|561
19.10799217224121|0|562
20.80462646484375|0|563
22.837411880493164|0|564
24.102767944335938|0|565
34.2474365234375|46|566
36.123477935791016|61|567
33.61210632324219|62|568
30.5620059967041|0|569
30.467449188232422|0|570
42.65995407104492|61|571
36.76289749145508|61|572
40.81117248535156|31|573
38.290672302246094|31|574
28.605337142944336|0|575
26.05528450012207|52|576
23.394407272338867|52|577
18.096628189086914|52|578
19.96031379699707|23|579
21.10407257080078|23|580
20.130840301513672|23|581
18.610326766967773|0|582
20.441823959350586|0|583
21.873661041259766|0|584
23.231143951416016|0|585
34.62281036376953|52|586
54.198768615722656|52|587
59.96709060668945|52|588
57.440711975097656|52|589
48.12310028076172|52|590
32.314842224121094|52|591
30.99837875366211|0|592
38.148468017578125|51|593
39.07175827026367|51|594
33.33689880371094|51|595
33.13078308105469|46|596
38.54829406738281|46|597
35.74578094482422|46|598
34.07954025268555|46|599
26.082122802734375|46|600
23.929636001586914|46|601
25.664997100830078|46|602
29.49951934814453|46|603
33.81771469116211|46|604
36.85943603515625|46|605
43.0533447265625|46|606
40.23571014404297|46|607
34.55434036254883|45|608
35.34787368774414|46|609
30.89955711364746|0|610
31.608196258544922|0|611
32.39071273803711|0|612
33.4676513671875|0|613
33.998329162597656|0|614
32.99943542480469|0|615
28.555015563964844|0|616
20.026533126831055|0|617
15.050604820251465|0|618
15.491631507873535|0|619
16.079151153564453|0|620
16.48955535888672|0|621
17.09088897705078|0|622
18.199024200439453|0|623
20.498422622680664|0|624
21.099651336669922|0|625
22.344392776489258|0|626
39.74591827392578|103|627
59.341060638427734|103|628
63.136905670166016|103|629
56.106414794921875|104|630
56.813720703125|104|631
50.6307487487793|103|632
38.68000793457031|103|633
31.666086196899414|0|634
32.26525115966797|0|635
31.81511878967285|103|636
29.730960845947266|103|637
29.62083625793457|92|638
31.342945098876953|92|639
24.1052188873291|91|640
19.686174392700195|91|641
21.30260467529297|92|642
21.62090301513672|92|643
22.06403160095215|93|644
20.456932067871094|0|645
22.039587020874023|0|646
23.632612228393555|0|647
28.34575843811035|77|648
38.18545913696289|77|649
33.76542663574219|77|650
47.71980285644531|78|651
52.33081817626953|78|652
43.267974853515625|77|653
32.623287200927734|0|654
32.53117752075195|0|655
32.06694412231445|0|656
29.038394927978516|77|657
24.810190200805664|69|658
29.0687313079834|69|659
23.68315887451172|68|660
21.047767639160156|68|661
16.730531692504883|68|662
16.61321258544922|0|663
17.554765701293945|0|664
19.281829833984375|0|665
21.943622589111328|34|666
23.091995239257812|34|667
23.417924880981445|0|668
27.23290252685547|26|669
29.396320343017578|26|670
29.519384384155273|0|671
29.794313430786133|0|672
30.566179275512695|0|673
31.478900909423828|61|674
33.56939697265625|60|675
33.628387451171875|60|676
31.570165634155273|0|677
25.101099014282227|0|678
16.938045501708984|0|679
16.153411865234375|31|680
15.257296562194824|0|681
16.114662170410156|0|682
19.174514770507812|61|683
20.421316146850586|61|684
19.09077262878418|0|685
20.286571502685547|0|686
21.815174102783203|0|687
24.031208038330078|0|688
27.247425079345703|0|689
30.485923767089844|0|690
32.359893798828125|0|691
32.901607513427734|0|692
32.856510162353516|0|693
32.76834487915039|0|694
32.662078857421875|0|695
32.4953727722168|0|696
31.829465866088867|0|697
26.42655372619629|0|698
19.83319664001465|61|699
24.25369644165039|61|700
25.3220272064209|61|701
28.30036163330078|61|702
29.72890281677246|61|703
26.09524154663086|61|704
20.960359573364258|62|705
22.068113327026367|62|706
21.467693328857422|0|707
23.201576232910156|0|708
34.87846374511719|61|709
59.297298431396484|61|710
63.936302185058594|61|711
57.53813934326172|61|712
46.81472396850586|61|713
38.34735870361328|61|714
38.46449279785156|61|715
43.29248046875|61|716
37.8300895690918|61|717
28.939605712890625|0|718
40.009132385253906|62|719
35.76458740234375|62|720
32.62895202636719|62|721
33.22431182861328|61|722
32.485755920410156|61|723
32.28651428222656|61|724
28.066967010498047|61|725
19.17778968811035|61|726
20.17595863342285|0|727
21.566743850708008|0|728
36.23208236694336|61|729
59.232784271240234|61|730
52.107826232910156|61|731
33.76540756225586|60|732
33.90533447265625|61|733
35.07663345336914|62|734
41.251033782958984|61|735
37.91015625|61|736
31.16829490661621|0|737
32.713863372802734|61|738
28.296632766723633|0|739
41.59641647338867|58|740
37.78757858276367|58|741
25.092252731323242|58|742
21.206401824951172|23|743
20.437713623046875|23|744
19.61176300048828|29|745
20.55906867980957|29|746
20.829389572143555|29|747
21.808826446533203|29|748
22.343341827392578|0|749
25.600540161132812|59|750
44.007144927978516|58|751
47.36563491821289|58|752
48.87303924560547|58|753
58.073360443115234|58|754
63.61199188232422|58|755
56.149139404296875|58|756
43.134681701660156|58|757
38.95249938964844|57|758
30.273164749145508|29|759
23.253562927246094|0|760
15.132064819335938|0|761
14.83110237121582|23|762
17.522319793701172|61|763
16.359663009643555|23|764
16.04625701904297|60|765
16.996042251586914|61|766
18.464569091796875|0|767
20.55093765258789|0|768
21.788148880004883|0|769
23.158798217773438|0|770
32.792850494384766|31|771
43.60197830200195|31|772
62.79576110839844|61|773
55.71770095825195|61|774
36.76591491699219|31|775
28.438688278198242|0|776
29.42931365966797|0|777
30.073749542236328|0|778
31.021541595458984|0|779
28.81899642944336|0|780
20.389583587646484|0|781
14.626769065856934|0|782
14.695985794067383|0|783
15.5987548828125|0|784
16.371187210083008|0|785
17.017192840576172|0|786
17.867233276367188|0|787
19.277544021606445|0|788
21.029747009277344|0|789
22.726572036743164|0|790
36.65977478027344|103|791
44.572166442871094|103|792
40.58634948730469|103|793
36.173336029052734|103|794
38.96002197265625|104|795
35.62451171875|104|796
30.329896926879883|0|797
31.00196647644043|0|798
30.893775939941406|0|799
29.755613327026367|0|800
24.216901779174805|0|801
21.71487808227539|46|802
22.752840042114258|92|803
28.346071243286133|92|804
23.385848999023438|92|805
20.994279861450195|91|806
17.26778221130371|0|807
19.350418090820312|92|808
19.558008193969727|0|809
20.972084045410156|0|810
23.820253372192383|92|811
45.436614990234375|77|812
55.29732894897461|77|813
55.3436393737793|77|814
40.30909729003906|77|815
34.0596809387207|79|816
31.734878540039062|78|817
30.956005096435547|0|818
31.20600128173828|0|819
30.860666275024414|0|820
27.451536178588867|0|821
26.359622955322266|69|822
20.955533981323242|69|823
14.925216674804688|69|824
14.962386131286621|19|825
15.841171264648438|0|826
21.207904815673828|68|827
27.9202938079834|69|828
23.903310775756836|69|829
23.95998191833496|34|830
22.311738967895508|34|831
40.547794342041016|61|832
58.35107421875|61|833
55.18392562866211|61|834
51.3354377746582|61|835
52.31871795654297|61|836
49.622222900390625|61|837
48.1843147277832|61|838
51.93832015991211|61|839
49.77791976928711|61|840
34.963565826416016|61|841
37.48870086669922|61|842
38.715030670166016|61|843
25.50912857055664|61|844
21.259363174438477|61|845
23.82498550415039|61|846
30.47202491760254|61|847
34.90763473510742|61|848
32.4911994934082|62|849
32.714046478271484|62|850
22.798925399780273|62|851
23.07428741455078|0|852
25.92445945739746|0|853
28.958484649658203|0|854
30.632524490356445|0|855
30.841245651245117|0|856
30.651914596557617|0|857
31.154727935791016|0|858
31.87281608581543|0|859
31.806196212768555|0|860
31.380733489990234|0|861
28.234760284423828|0|862
21.988943099975586|61|863
20.709644317626953|62|864
24.82895278930664|61|865
31.747913360595703|61|866
37.336029052734375|61|867
37.917362213134766|61|868
29.99335289001465|61|869
24.83711051940918|61|870
25.43642807006836|62|871
30.603506088256836|61|872
35.45849609375|61|873
31.05175018310547|61|874
30.445085525512695|61|875
38.233367919921875|61|876
39.813907623291016|62|877
48.252769470214844|62|878
49.37639236450195|61|879
46.94817352294922|61|880
38.13177490234375|61|881
31.72714614868164|60|882
23.330907821655273|0|883
19.26112937927246|46|884
19.70838165283203|46|885
19.649608612060547|46|886
16.393836975097656|46|887
15.567567825317383|0|888
16.456775665283203|0|889
18.216781616210938|0|890
20.266767501831055|0|891
21.64638328552246|0|892
22.439481735229492|0|893
25.538921356201172|46|894
28.697805404663086|15|895
33.393428802490234|31|896
36.60824966430664|31|897
32.474308013916016|31|898
30.555490493774414|0|899
30.31195068359375|0|900
29.981060028076172|0|901
29.97612953186035|0|902
27.947467803955078|0|903
30.308120727539062|51|904
32.67964553833008|51|905
29.543800354003906|51|906
23.567935943603516|52|907
20.9244441986084|51|908
23.555992126464844|51|909
22.9036808013916|51|910
25.848003387451172|52|911
26.58696746826172|52|912
27.44684600830078|51|913
45.660301208496094|51|914
57.66464614868164|51|915
60.97956848144531|51|916
45.9332275390625|51|917
38.9658317565918|52|918
32.746551513671875|52|919
29.498580932617188|0|920
30.275020599365234|0|921
36.195804595947266|51|922
45.23377990722656|51|923
31.602649688720703|52|924
24.41212272644043|46|925
19.403587341308594|46|926
18.102510452270508|46|927
21.30589485168457|46|928
26.61334228515625|46|929
28.052324295043945|46|930
27.298303604125977|46|931
27.39041519165039|46|932
25.889253616333008|46|933
28.28057289123535|46|934
41.20527648925781|46|935
37.59975814819336|46|936
35.8376579284668|45|937
40.12923812866211|45|938
47.65943145751953|46|939
45.37157440185547|46|940
31.43069076538086|0|941
31.4807071685791|0|942
30.865827560424805|0|943
28.045730590820312|0|944
20.164737701416016|0|945
14.76616096496582|0|946
15.190533638000488|0|947
15.990934371948242|0|948
16.127254486083984|0|949
16.00273895263672|0|950
16.6484317779541|0|951
19.02513313293457|0|952
20.385345458984375|0|953
20.933103561401367|0|954
42.75654220581055|103|955
45.771636962890625|102|956
41.94084930419922|102|957
34.67125701904297|102|958
31.831005096435547|103|959
37.32045364379883|103|960
52.4788703918457|104|961
36.2114143371582|104|962
30.009536743164062|0|963
29.04851531982422|0|964
22.869680404663086|0|965
24.985326766967773|92|966
21.74763298034668|92|967
21.7565975189209|92|968
20.24911880493164|92|969
20.92833709716797|91|970
17.961692810058594|91|971
17.583288192749023|0|972
19.104154586791992|0|973
20.449844360351562|0|974
22.17856788635254|0|975
24.30006980895996|0|976
34.37501907348633|76|977
42.27993392944336|77|978
44.573184967041016|77|979
32.52739334106445|78|980
29.58782386779785|78|981
29.478214263916016|0|982
29.588701248168945|0|983
27.3385009765625|0|984
33.668033599853516|10|985
96.04002380371094|7|986
141.58920288085938|6|987
161.03900146484375|5|988
140.4654083251953|5|989
125.32762908935547|5|990
113.07510375976562|5|991
120.88521575927734|4|992
129.51873779296875|4|993
123.96287536621094|4|994
79.75511169433594|4|995
35.48771667480469|13|996
50.73316192626953|13|997
54.70753479003906|6|998
58.38547134399414|6|999
64.61866760253906|6|1000
70.78282165527344|6|1001
72.98773956298828|6|1002
75.42854309082031|6|1003
69.60330200195312|6|1004
46.23059844970703|6|1005
61.047672271728516|8|1006
98.92066192626953|6|1007
142.1858367919922|5|1008
162.92733764648438|5|1009
141.716796875|5|1010
118.06746673583984|5|1011
114.29137420654297|4|1012
125.7529525756836|4|1013
137.33416748046875|4|1014
113.24613952636719|4|1015
47.979454040527344|4|1016
24.162918090820312|0|1017
27.13995361328125|0|1018
28.02080535888672|0|1019
28.0078182220459|0|1020
30.039724349975586|0|1021
29.606571197509766|0|1022
27.95767593383789|0|1023
29.56594467163086|0|1024
29.19545555114746|0|1025
31.051095962524414|11|1026
87.49605560302734|7|1027
139.4994659423828|6|1028
166.483642578125|5|1029
150.70578002929688|5|1030
127.71639251708984|5|1031
115.69847106933594|5|1032
121.93342590332031|4|1033
128.06692504882812|4|1034
122.97998809814453|4|1035
80.45814514160156|4|1036
57.06424331665039|61|1037
78.11640167236328|61|1038
73.10822296142578|61|1039
58.86714553833008|61|1040
63.0837516784668|8|1041
64.39452362060547|8|1042
66.5463638305664|8|1043
66.98701477050781|8|1044
62.65883255004883|8|1045
45.97698211669922|8|1046
63.00419235229492|8|1047
93.38593292236328|6|1048
134.6004638671875|5|1049
155.95693969726562|5|1050
131.32135009765625|5|1051
109.0948486328125|5|1052
105.85210418701172|4|1053
118.36495208740234|4|1054
127.4146728515625|4|1055
105.55278778076172|4|1056
46.27949142456055|4|1057
44.9561767578125|61|1058
47.06828308105469|15|1059
58.5125846862793|8|1060
67.40979766845703|8|1061
69.81575012207031|8|1062
72.61615753173828|8|1063
75.66798400878906|8|1064
73.2324447631836|8|1065
60.67660903930664|8|1066
55.927303314208984|8|1067
88.03453063964844|8|1068
113.08441162109375|6|1069
152.17501831054688|5|1070
147.09310913085938|5|1071
123.61527252197266|5|1072
100.84122467041016|4|1073
113.7853775024414|4|1074
123.41193389892578|4|1075
117.37750244140625|4|1076
74.22084045410156|4|1077
37.298583984375|6|1078
50.37739944458008|6|1079
64.84160614013672|6|1080
67.99566650390625|6|1081
66.8553466796875|6|1082
68.7587890625|6|1083
72.61505126953125|6|1084
73.88668823242188|6|1085
67.97078704833984|6|1086
50.13801193237305|6|1087
53.87482452392578|7|1088
84.11076354980469|7|1089
131.63449096679688|5|1090
159.336669921875|5|1091
143.31727600097656|5|1092
113.18392944335938|5|1093
110.05020904541016|4|1094
128.28297424316406|4|1095
132.56021118164062|4|1096
107.42449951171875|4|1097
60.93451690673828|5|1098
47.33536148071289|5|1099
69.4072265625|5|1100
80.60365295410156|5|1101
76.63208770751953|5|1102
73.91588592529297|5|1103
78.09416198730469|5|1104
82.52303314208984|5|1105
84.26519012451172|5|1106
84.07903289794922|5|1107
71.76426696777344|5|1108
87.17214965820312|9|1109
120.89019012451172|6|1110
151.84326171875|5|1111
139.6606903076172|5|1112
115.67628479003906|5|1113
110.13568878173828|4|1114
127.72390747070312|4|1115
141.91249084472656|4|1116
137.03916931152344|4|1117
86.00225067138672|5|1118
43.95608901977539|5|1119
54.82255554199219|5|1120
70.92223358154297|5|1121
74.56507110595703|5|1122
73.5089111328125|5|1123
75.53730773925781|5|1124
78.83193969726562|5|1125
78.81150817871094|5|1126
71.30109405517578|5|1127
55.708457946777344|5|1128
55.61484146118164|9|1129
81.75284576416016|7|1130
131.55096435546875|5|1131
157.81491088867188|5|1132
129.75326538085938|5|1133
96.16204071044922|5|1134
101.98480224609375|4|1135
123.6895751953125|4|1136
135.344482421875|4|1137
115.65958404541016|5|1138
69.34580993652344|5|1139
53.89219284057617|5|1140
68.22574615478516|5|1141
74.85563659667969|5|1142
75.43641662597656|5|1143
76.06114196777344|5|1144
76.42097473144531|5|1145
77.31307220458984|5|1146
77.97148895263672|5|1147
67.63595581054688|5|1148
48.76579284667969|5|1149
80.26183319091797|7|1150
124.16708374023438|6|1151
146.3331756591797|5|1152
130.75357055664062|5|1153
115.48324584960938|5|1154
104.5481185913086|5|1155
115.39122009277344|4|1156
125.69132232666016|4|1157
122.29235076904297|4|1158
79.32498168945312|4|1159
32.49741744995117|6|1160
48.831634521484375|61|1161
58.46076965332031|6|1162
59.63951873779297|6|1163
64.45795440673828|6|1164
66.363037109375|6|1165
64.8403549194336|6|1166
65.36504364013672|6|1167
64.22321319580078|6|1168
46.4525260925293|6|1169
53.02633285522461|8|1170
88.9078369140625|6|1171
126.59265899658203|5|1172
147.90077209472656|5|1173
128.59561157226562|5|1174
108.46088409423828|5|1175
106.832763671875|4|1176
120.91735076904297|4|1177
130.24160766601562|4|1178
108.30164337158203|4|1179
48.55948257446289|4|1180
21.19114112854004|61|1181
23.742385864257812|0|1182
24.44510269165039|0|1183
24.84470558166504|0|1184
27.62255096435547|0|1185
27.54454803466797|0|1186
25.597227096557617|0|1187
27.111003875732422|0|1188
27.5880126953125|0|1189
25.212581634521484|11|1190
77.10295104980469|7|1191
125.96619415283203|6|1192
155.72244262695312|5|1193
146.38015747070312|5|1194
124.29674530029297|5|1195
111.4088134765625|5|1196
114.86334228515625|4|1197
124.34712982177734|4|1198
122.12422943115234|4|1199
79.48229217529297|4|1200
23.6381778717041|4|1201
38.36410140991211|8|1202
51.74895095825195|8|1203
62.38661193847656|8|1204
68.68811798095703|8|1205
71.60730743408203|8|1206
75.15364074707031|8|1207
75.54193878173828|8|1208
66.23020935058594|8|1209
45.86460494995117|8|1210
57.84018325805664|8|1211
91.04426574707031|6|1212
134.5353240966797|5|1213
161.16769409179688|5|1214
137.15032958984375|5|1215
111.37165069580078|5|1216
105.80305480957031|4|1217
117.82626342773438|4|1218
124.01171112060547|4|1219
104.46082305908203|4|1220
49.24793243408203|4|1221
28.362470626831055|7|1222
47.11974334716797|8|1223
54.44300079345703|8|1224
55.01634216308594|8|1225
57.13215637207031|8|1226
62.416011810302734|8|1227
66.42937469482422|8|1228
66.135498046875|8|1229
57.014854431152344|8|1230
46.76935958862305|8|1231
30.078462600708008|8|1232
16.706430435180664|52|1233
22.3679256439209|51|1234
25.782672882080078|52|1235
20.924854278564453|52|1236
15.644079208374023|6|1237
18.41659164428711|6|1238
22.414897918701172|6|1239
24.63581085205078|6|1240
23.235986709594727|52|1241
38.90559768676758|52|1242
53.44028854370117|52|1243
60.17794418334961|6|1244
66.0667724609375|6|1245
69.77252960205078|6|1246
72.69776916503906|6|1247
74.5135726928711|6|1248
76.40658569335938|6|1249
71.62454986572266|6|1250
53.66474914550781|6|1251
30.587289810180664|6|1252
19.467605590820312|18|1253
20.297168731689453|7|1254
23.376720428466797|6|1255
24.78483009338379|5|1256
25.08356475830078|5|1257
22.12158203125|6|1258
22.710718154907227|6|1259
21.565671920776367|6|1260
17.83539390563965|45|1261
26.246383666992188|45|1262
41.9638786315918|5|1263
65.65432739257812|5|1264
76.6329574584961|5|1265
78.60050964355469|5|1266
77.46432495117188|5|1267
76.01399230957031|5|1268
75.78726196289062|5|1269
74.94756317138672|5|1270
74.61656951904297|5|1271
69.72663879394531|5|1272
45.23649597167969|5|1273
18.334224700927734|5|1274
12.145936965942383|0|1275
13.161003112792969|5|1276
15.869725227355957|5|1277
16.720109939575195|5|1278
15.493934631347656|5|1279
20.54804801940918|5|1280
27.27962303161621|5|1281
26.61110496520996|5|1282
31.58716583251953|5|1283
51.31941223144531|5|1284
66.2951889038086|5|1285
70.04745483398438|5|1286
71.94161224365234|5|1287
71.70950317382812|5|1288
68.09827423095703|5|1289
67.91647338867188|5|1290
66.38186645507812|5|1291
55.114097595214844|5|1292
38.493072509765625|5|1293
20.27484893798828|9|1294
19.52225685119629|8|1295
20.67633628845215|92|1296
23.903106689453125|5|1297
21.949472427368164|5|1298
19.747974395751953|5|1299
22.783050537109375|5|1300
30.94382095336914|5|1301
35.47708511352539|5|1302
39.18873596191406|5|1303
50.826969146728516|5|1304
63.048583984375|5|1305
70.47419738769531|5|1306
72.04025268554688|5|1307
70.31082916259766|5|1308
70.39166259765625|5|1309
73.97615814208984|5|1310
73.89532470703125|5|1311
64.02183532714844|5|1312
47.85251235961914|5|1313
71.28640747070312|7|1314
106.6394271850586|6|1315
128.44793701171875|5|1316
118.53677368164062|5|1317
103.66673278808594|5|1318
90.11505889892578|5|1319
96.97457122802734|4|1320
102.15601348876953|4|1321
100.44005584716797|4|1322
67.43238067626953|4|1323
25.723299026489258|6|1324
35.612430572509766|6|1325
48.256683349609375|6|1326
53.83962631225586|6|1327
54.417442321777344|6|1328
53.81475830078125|6|1329
56.69695281982422|6|1330
60.65855026245117|6|1331
54.575653076171875|6|1332
37.50981140136719|6|1333
42.666622161865234|8|1334
75.7529067993164|6|1335
112.6384506225586|5|1336
134.92929077148438|5|1337
115.71595001220703|5|1338
93.26290130615234|5|1339
85.65050506591797|4|1340
91.62603759765625|4|1341
97.76640319824219|4|1342
86.35728454589844|4|1343
42.446739196777344|4|1344
16.314334869384766|62|1345
21.36063003540039|0|1346
24.445682525634766|0|1347
25.0308895111084|0|1348
26.66349220275879|0|1349
26.571775436401367|0|1350
25.698806762695312|0|1351
27.560155868530273|0|1352
27.62717056274414|0|1353
22.52132225036621|11|1354
67.5744400024414|7|1355
113.84703826904297|6|1356
137.14291381835938|5|1357
127.80441284179688|5|1358
108.45365142822266|5|1359
94.24054718017578|5|1360
94.69229125976562|4|1361
102.84843444824219|4|1362
101.39544677734375|4|1363
69.36991882324219|4|1364
36.55384063720703|61|1365
55.012210845947266|61|1366
57.512107849121094|61|1367
48.08970260620117|61|1368
49.5325927734375|8|1369
50.70127487182617|8|1370
56.373924255371094|8|1371
61.05514144897461|8|1372
57.50199890136719|8|1373
42.64241027832031|8|1374
48.920738220214844|8|1375
73.57962799072266|6|1376
107.05646514892578|5|1377
131.28623962402344|5|1378
114.89682006835938|5|1379
97.0534896850586|5|1380
92.60413360595703|4|1381
100.95308685302734|4|1382
105.95657348632812|4|1383
92.69403839111328|4|1384
44.97914505004883|4|1385
31.718751907348633|62|1386
47.3668212890625|62|1387
51.447811126708984|61|1388
50.05427932739258|61|1389
51.53886795043945|8|1390
54.78384017944336|8|1391
59.53131103515625|8|1392
59.51431655883789|8|1393
50.899200439453125|8|1394
47.72688293457031|8|1395
82.26531982421875|8|1396
102.89683532714844|6|1397
136.24118041992188|5|1398
133.93186950683594|5|1399
113.89579772949219|5|1400
91.54602813720703|4|1401
97.63333892822266|4|1402
102.09357452392578|4|1403
98.29219055175781|4|1404
69.4400863647461|4|1405
29.69937515258789|6|1406
38.3188362121582|6|1407
54.34293746948242|6|1408
61.220909118652344|6|1409
61.25996017456055|6|1410
62.26186752319336|6|1411
63.16975021362305|6|1412
66.61587524414062|6|1413
63.40810012817383|6|1414
46.68217086791992|6|1415
43.3179817199707|7|1416
76.01625061035156|7|1417
107.37043762207031|5|1418
136.55335998535156|5|1419
123.00347137451172|5|1420
99.0143814086914|5|1421
97.43061065673828|4|1422
114.76531982421875|4|1423
120.9677734375|4|1424
100.13912200927734|4|1425
55.42395782470703|5|1426
39.52443313598633|5|1427
55.689002990722656|5|1428
67.48455047607422|5|1429
68.83409881591797|5|1430
68.48872375488281|5|1431
71.1915512084961|5|1432
73.05364990234375|5|1433
72.6830825805664|5|1434
72.44340515136719|5|1435
64.82262420654297|5|1436
77.69007873535156|9|1437
105.23237609863281|6|1438
133.10963439941406|5|1439
125.01651763916016|5|1440
101.98512268066406|5|1441
94.75119018554688|4|1442
112.33439636230469|4|1443
129.5702667236328|4|1444
128.74758911132812|4|1445
83.13650512695312|5|1446
39.47020721435547|5|1447
42.666439056396484|5|1448
57.70811462402344|5|1449
66.11956787109375|5|1450
68.73001098632812|5|1451
69.6664810180664|5|1452
69.36334228515625|5|1453
68.54466247558594|5|1454
63.25088882446289|5|1455
50.20602798461914|5|1456
46.07212448120117|9|1457
73.07282257080078|9|1458
109.37779235839844|5|1459
138.26731872558594|5|1460
118.97823333740234|5|1461
93.677978515625|5|1462
95.53821563720703|4|1463
112.95465850830078|4|1464
124.89879608154297|4|1465
109.74158477783203|5|1466
64.24544525146484|5|1467
39.09092712402344|5|1468
50.70698547363281|5|1469
62.745079040527344|5|1470
66.15216827392578|5|1471
65.35275268554688|5|1472
66.45323181152344|5|1473
68.64666748046875|5|1474
68.83724975585938|5|1475
60.08979415893555|5|1476
45.6932258605957|5|1477
67.16629028320312|7|1478
110.4407730102539|6|1479
129.74864196777344|5|1480
117.93902587890625|5|1481
101.40372467041016|5|1482
90.86001586914062|5|1483
97.9248275756836|4|1484
108.03937530517578|4|1485
108.96235656738281|4|1486
75.42733001708984|4|1487
25.908863067626953|6|1488
32.68904113769531|6|1489
50.2963752746582|6|1490
58.122615814208984|6|1491
61.46761703491211|6|1492
62.545509338378906|6|1493
61.99907302856445|6|1494
62.21010208129883|6|1495
58.08048629760742|6|1496
42.52451705932617|6|1497
41.82136154174805|8|1498
74.85005187988281|7|1499
107.53500366210938|6|1500
133.7474822998047|5|1501
116.41439819335938|5|1502
99.79317474365234|5|1503
95.09720611572266|4|1504
107.57923889160156|4|1505
117.1728744506836|4|1506
101.89215087890625|4|1507
51.07986831665039|4|1508
17.220985412597656|0|1509
23.098461151123047|0|1510
24.3493709564209|0|1511
23.784244537353516|0|1512
25.104642868041992|0|1513
24.89236068725586|0|1514
24.010549545288086|0|1515
25.887794494628906|0|1516
26.316486358642578|0|1517
19.984594345092773|12|1518
66.73375701904297|7|1519
119.90872192382812|6|1520
148.34397888183594|5|1521
139.59793090820312|5|1522
117.22407531738281|5|1523
104.17121124267578|5|1524
103.89797973632812|4|1525
108.84712219238281|4|1526
106.29310607910156|4|1527
74.54634094238281|4|1528
26.118833541870117|4|1529
33.59524154663086|8|1530
47.981449127197266|8|1531
55.03901672363281|8|1532
56.6871223449707|8|1533
58.63433837890625|8|1534
62.23957443237305|8|1535
62.65597152709961|8|1536
61.49087905883789|8|1537
47.494346618652344|8|1538
50.94572830200195|8|1539
73.31301879882812|6|1540
114.30396270751953|5|1541
143.5392303466797|5|1542
123.28235626220703|5|1543
99.58081817626953|5|1544
94.73678588867188|4|1545
105.28206634521484|4|1546
115.81280517578125|4|1547
102.9858169555664|4|1548
51.91941452026367|4|1549
26.847503662109375|61|1550
42.980194091796875|61|1551
50.40054702758789|8|1552
55.470245361328125|8|1553
58.77463912963867|8|1554
59.339759826660156|8|1555
60.7354850769043|8|1556
60.75546646118164|8|1557
53.993492126464844|8|1558
55.111141204833984|8|1559
88.5160140991211|8|1560
93.9549789428711|6|1561
131.82357788085938|5|1562
130.3483123779297|5|1563
110.49590301513672|5|1564
86.53357696533203|4|1565
93.44583892822266|4|1566
105.42456817626953|5|1567
102.22105407714844|4|1568
72.08503723144531|4|1569
29.49081802368164|51|1570
35.771461486816406|6|1571
50.00968933105469|6|1572
60.99089431762695|6|1573
65.43766784667969|6|1574
65.327392578125|6|1575
63.309688568115234|6|1576
63.40752029418945|6|1577
61.96674346923828|6|1578
48.28590393066406|6|1579
40.198429107666016|7|1580
73.09456634521484|7|1581
103.20182800292969|5|1582
139.16514587402344|5|1583
127.0174789428711|5|1584
99.90157318115234|5|1585
90.54003143310547|4|1586
103.66250610351562|4|1587
110.33580017089844|4|1588
95.94312286376953|4|1589
56.083641052246094|5|1590
39.845191955566406|5|1591
52.35835266113281|5|1592
60.77772521972656|5|1593
62.46556091308594|5|1594
61.71581268310547|5|1595
62.17972183227539|5|1596
64.73360443115234|5|1597
68.53738403320312|5|1598
72.54811096191406|5|1599
66.6803207397461|5|1600
74.7903823852539|9|1601
102.80169677734375|6|1602
131.25137329101562|5|1603
127.2139663696289|5|1604
103.32593536376953|5|1605
95.54010009765625|4|1606
113.03495788574219|4|1607
129.04791259765625|4|1608
129.48565673828125|4|1609
83.78094482421875|4|1610
39.25157165527344|5|1611
41.008052825927734|5|1612
58.72455596923828|5|1613
66.3313980102539|5|1614
67.40131378173828|5|1615
67.3647232055664|5|1616
68.2657699584961|5|1617
70.37199401855469|5|1618
66.88113403320312|5|1619
53.56419372558594|5|1620
40.73670196533203|9|1621
71.79996490478516|9|1622
100.65657043457031|5|1623
136.84068298339844|5|1624
121.05634307861328|5|1625
93.10317993164062|5|1626
92.88597106933594|4|1627
105.84333801269531|4|1628
113.21306610107422|4|1629
99.82093811035156|5|1630
61.46078872680664|5|1631
38.53236770629883|5|1632
50.180789947509766|5|1633
59.90895462036133|5|1634
60.88278579711914|5|1635
59.14664840698242|5|1636
60.437591552734375|5|1637
62.26643753051758|5|1638
61.4592170715332|5|1639
54.72896194458008|5|1640
38.83417892456055|5|1641
38.743106842041016|10|1642
38.738529205322266|8|1643
26.69768524169922|5|1644
21.05449676513672|34|1645
17.64685821533203|34|1646
22.234600067138672|4|1647
28.928407669067383|12|1648
36.110137939453125|12|1649
24.54617691040039|13|1650
27.196542739868164|10|1651
32.695796966552734|10|1652
31.682117462158203|10|1653
31.61260986328125|9|1654
37.39556884765625|9|1655
52.78216552734375|9|1656
54.32964324951172|9|1657
46.20439147949219|9|1658
41.46664047241211|8|1659
48.74937438964844|8|1660
53.719627380371094|8|1661
53.53752517700195|8|1662
49.539573669433594|8|1663
49.871707916259766|7|1664
48.912315368652344|7|1665
47.686492919921875|7|1666
44.61268997192383|7|1667
39.17072677612305|7|1668
38.3165168762207|7|1669
40.213748931884766|6|1670
42.73512649536133|7|1671
42.0306396484375|7|1672
46.42937469482422|6|1673
56.82038116455078|6|1674
60.26429748535156|6|1675
56.08011245727539|6|1676
50.65336227416992|6|1677
44.79776382446289|6|1678
49.87845230102539|6|1679
50.33350372314453|6|1680
44.80641555786133|6|1681
45.46574401855469|5|1682
42.8714485168457|6|1683
48.11831283569336|6|1684
48.566017150878906|5|1685
44.08433532714844|5|1686
45.441463470458984|5|1687
54.86387634277344|5|1688
52.94692611694336|5|1689
49.804019927978516|5|1690
54.52409744262695|5|1691
60.719810485839844|5|1692
64.525634765625|5|1693
64.40252685546875|5|1694
58.252838134765625|5|1695
53.572628021240234|5|1696
51.637413024902344|5|1697
50.84846878051758|5|1698
56.39580154418945|5|1699
58.902000427246094|5|1700
57.539485931396484|5|1701
57.19465255737305|5|1702
56.50932312011719|5|1703
53.45212173461914|5|1704
48.5346794128418|5|1705
46.75613784790039|5|1706
48.97903060913086|5|1707
47.803035736083984|5|1708
43.27377700805664|5|1709
35.91607666015625|5|1710
25.233367919921875|5|1711
24.684417724609375|4|1712
30.333805084228516|61|1713
39.86573028564453|46|1714
51.42498779296875|46|1715
47.849281311035156|46|1716
41.83781814575195|46|1717
33.711181640625|46|1718
31.773099899291992|31|1719
28.094161987304688|31|1720
31.086925506591797|60|1721
30.052465438842773|60|1722
25.46915054321289|61|1723
23.932157516479492|59|1724
27.768802642822266|58|1725
23.947629928588867|58|1726
24.415470123291016|58|1727
24.489784240722656|58|1728
23.736738204956055|58|1729
22.694332122802734|58|1730
22.735994338989258|58|1731
22.666173934936523|58|1732
19.716215133666992|58|1733
27.717529296875|29|1734
37.73103713989258|58|1735
70.8199234008789|58|1736
75.09043884277344|58|1737
62.71818923950195|58|1738
44.34324264526367|58|1739
27.29401206970215|58|1740
30.171459197998047|57|1741
31.54574966430664|57|1742
27.48980712890625|58|1743
21.392414093017578|0|1744
15.937142372131348|12|1745
16.759552001953125|12|1746
19.474496841430664|61|1747
26.529287338256836|61|1748
27.606538772583008|61|1749
23.0240421295166|61|1750
19.011367797851562|61|1751
18.11334800720215|61|1752
18.021753311157227|61|1753
18.656557083129883|0|1754
32.739044189453125|60|1755
66.30034637451172|61|1756
78.83969116210938|61|1757
59.97304916381836|62|1758
33.04625701904297|62|1759
23.32096290588379|0|1760
23.972858428955078|0|1761
24.212881088256836|0|1762
24.7939510345459|0|1763
24.042705535888672|0|1764
18.62046241760254|0|1765
15.170907974243164|103|1766
16.248241424560547|103|1767
13.398468017578125|0|1768
13.072670936584473|0|1769
13.020584106445312|0|1770
13.566462516784668|0|1771
15.093791007995605|0|1772
16.151302337646484|0|1773
18.483766555786133|0|1774
25.41025733947754|103|1775
46.30389404296875|103|1776
45.582427978515625|103|1777
34.51318359375|52|1778
38.84230422973633|104|1779
37.703407287597656|104|1780
30.424909591674805|103|1781
25.062885284423828|0|1782
25.228992462158203|0|1783
25.223533630371094|0|1784
22.426498413085938|0|1785
30.215679168701172|92|1786
29.748218536376953|92|1787
24.523601531982422|92|1788
18.555971145629883|91|1789
19.192596435546875|91|1790
19.932939529418945|92|1791
16.371652603149414|93|1792
17.293094635009766|93|1793
16.732620239257812|0|1794
18.235584259033203|0|1795
38.0383415222168|77|1796
42.38287353515625|77|1797
36.06626510620117|77|1798
35.055599212646484|77|1799
37.23023223876953|78|1800
37.07554626464844|77|1801
32.00370407104492|77|1802
25.779373168945312|0|1803
25.389541625976562|0|1804
25.531587600708008|77|1805
23.181316375732422|69|1806
29.075794219970703|68|1807
21.837465286254883|68|1808
17.837209701538086|95|1809
15.443408966064453|93|1810
17.076093673706055|34|1811
19.531341552734375|34|1812
19.715181350708008|34|1813
18.56262969970703|34|1814
17.287139892578125|34|1815
20.929645538330078|61|1816
38.90358352661133|61|1817
33.097286224365234|61|1818
24.57672882080078|61|1819
23.989513397216797|0|1820
25.359718322753906|62|1821
27.449453353881836|61|1822
26.860088348388672|60|1823
27.99805450439453|61|1824
29.36033058166504|61|1825
23.130151748657227|60|1826
19.57375717163086|61|1827
19.834009170532227|61|1828
27.801959991455078|62|1829
38.55331039428711|61|1830
44.86897277832031|61|1831
45.29947280883789|61|1832
40.45724105834961|61|1833
25.78656005859375|61|1834
17.14413833618164|0|1835
18.551511764526367|0|1836
20.20635986328125|0|1837
34.73896408081055|61|1838
35.04804229736328|61|1839
25.005695343017578|0|1840
25.05027961730957|0|1841
25.091144561767578|0|1842
25.32424545288086|0|1843
25.77768325805664|0|1844
25.971561431884766|0|1845
24.53289031982422|0|1846
18.555927276611328|0|1847
14.189096450805664|31|1848
19.427793502807617|61|1849
28.977357864379883|61|1850
34.89878463745117|61|1851
35.19764709472656|61|1852
32.929107666015625|61|1853
28.509769439697266|61|1854
26.055530548095703|61|1855
30.891908645629883|61|1856
45.1551513671875|61|1857
49.172279357910156|61|1858
32.22412109375|61|1859
23.826093673706055|62|1860
29.869773864746094|62|1861
38.40255355834961|61|1862
45.595462799072266|61|1863
50.35350799560547|61|1864
43.829063415527344|60|1865
34.006996154785156|60|1866
26.068946838378906|61|1867
37.00458526611328|61|1868
40.5408821105957|61|1869
28.7992000579834|62|1870
28.645963668823242|61|1871
38.07526779174805|61|1872
43.992897033691406|61|1873
39.03816223144531|61|1874
31.463327407836914|61|1875
20.063350677490234|60|1876
26.298768997192383|60|1877
32.32406234741211|60|1878
45.377193450927734|61|1879
61.13009262084961|61|1880
56.617576599121094|61|1881
40.43769454956055|62|1882
30.780683517456055|31|1883
31.328754425048828|31|1884
30.44603729248047|61|1885
26.79567527770996|31|1886
24.66361427307129|0|1887
22.305089950561523|52|1888
31.01803207397461|52|1889
31.792484283447266|52|1890
29.64010238647461|52|1891
23.109445571899414|52|1892
20.137388229370117|51|1893
18.75455665588379|51|1894
22.783157348632812|52|1895
24.455158233642578|52|1896
20.292720794677734|51|1897
32.415443420410156|51|1898
41.85883331298828|51|1899
31.67002296447754|51|1900
36.24055099487305|52|1901
44.83988952636719|52|1902
38.41130447387695|52|1903
25.638227462768555|51|1904
31.584339141845703|51|1905
33.52338409423828|51|1906
27.98386001586914|52|1907
22.906688690185547|52|1908
16.130342483520508|102|1909
19.086956024169922|103|1910
21.20493507385254|103|1911
21.395174026489258|103|1912
19.337953567504883|103|1913
19.568063735961914|46|1914
22.32725715637207|46|1915
15.566962242126465|0|1916
17.2493953704834|0|1917
18.196163177490234|0|1918
20.74040412902832|23|1919
25.402225494384766|46|1920
36.576873779296875|47|1921
47.34775161743164|46|1922
41.50709533691406|46|1923
34.80149459838867|46|1924
26.38903045654297|46|1925
25.3493709564209|0|1926
25.25469398498535|0|1927
24.327381134033203|0|1928
18.91806411743164|0|1929
12.792901039123535|0|1930
11.999698638916016|0|1931
12.99782943725586|0|1932
13.375834465026855|103|1933
13.040271759033203|0|1934
13.505427360534668|0|1935
15.2085542678833|0|1936
16.51014518737793|0|1937
18.066497802734375|0|1938
20.52305030822754|104|1939
29.553436279296875|102|1940
38.26174545288086|102|1941
49.79443359375|103|1942
52.26853561401367|103|1943
40.15480422973633|103|1944
29.11758041381836|103|1945
25.26932716369629|102|1946
29.543420791625977|102|1947
25.234859466552734|0|1948
22.467693328857422|0|1949
16.003374099731445|0|1950
13.034778594970703|92|1951
19.608131408691406|92|1952
21.65229034423828|92|1953
21.446155548095703|91|1954
20.16800880432129|91|1955
23.780689239501953|92|1956
20.970348358154297|92|1957
19.299701690673828|93|1958
22.360565185546875|92|1959
23.497737884521484|92|1960
35.41020202636719|77|1961
42.25218963623047|77|1962
41.74628829956055|77|1963
34.061485290527344|77|1964
33.42253875732422|78|1965
28.53597068786621|77|1966
24.70212745666504|0|1967
24.93320083618164|0|1968
24.869985580444336|0|1969
21.978605270385742|70|1970
28.087535858154297|69|1971
29.16326904296875|69|1972
21.170860290527344|69|1973
16.804243087768555|34|1974
19.418167114257812|34|1975
21.1623592376709|34|1976
21.104854583740234|34|1977
19.308504104614258|34|1978
21.084684371948242|69|1979
22.507104873657227|78|1980
27.94712257385254|77|1981
31.652908325195312|31|1982
29.344144821166992|31|1983
24.33068084716797|0|1984
24.571212768554688|0|1985
24.9412784576416|0|1986
25.261974334716797|0|1987
24.93932342529297|0|1988
25.868179321289062|60|1989
23.795669555664062|61|1990
15.710558891296387|0|1991
13.688098907470703|26|1992
14.655949592590332|31|1993
14.318659782409668|61|1994
12.946174621582031|0|1995
13.741700172424316|0|1996
19.75800895690918|61|1997
21.629051208496094|62|1998
23.54117202758789|62|1999
22.571815490722656|62|2000
22.627613067626953|61|2001
22.440372467041016|0|2002
31.215309143066406|61|2003
38.21815872192383|61|2004
27.724958419799805|61|2005
25.758203506469727|0|2006
25.99094009399414|0|2007
26.26993751525879|0|2008
26.2871150970459|0|2009
24.931625366210938|0|2010
23.792104721069336|61|2011
28.39798355102539|61|2012
16.947093963623047|61|2013
14.017428398132324|46|2014
13.060033798217773|0|2015
14.199676513671875|61|2016
20.748374938964844|61|2017
14.939360618591309|0|2018
17.199840545654297|62|2019
17.660554885864258|0|2020
18.730703353881836|0|2021
28.434783935546875|46|2022
34.03445053100586|61|2023
26.31597137451172|61|2024
27.2618408203125|61|2025
39.3626594543457|61|2026
46.554588317871094|61|2027
41.66250991821289|61|2028
23.656583786010742|0|2029
23.79506492614746|0|2030
32.956520080566406|61|2031
37.46326446533203|61|2032
28.422744750976562|61|2033
23.29398536682129|61|2034
20.608734130859375|61|2035
22.47854232788086|61|2036
21.73851203918457|61|2037
22.689767837524414|61|2038
19.76480484008789|61|2039
17.180519104003906|0|2040
18.480409622192383|0|2041
24.864076614379883|46|2042
31.360755920410156|46|2043
30.532493591308594|46|2044
26.580142974853516|46|2045
24.442092895507812|31|2046
24.384756088256836|0|2047
24.698556900024414|0|2048
24.350919723510742|0|2049
24.61236572265625|0|2050
25.577220916748047|61|2051
20.469947814941406|0|2052
15.74646282196045|64|2053
17.20159149169922|58|2054
25.318387985229492|58|2055
25.92987632751465|58|2056
21.176658630371094|58|2057
18.472658157348633|58|2058
18.62786865234375|58|2059
19.642532348632812|58|2060
18.839921951293945|59|2061
22.727651596069336|29|2062
30.799461364746094|29|2063
31.44664192199707|29|2064
27.305482864379883|29|2065
24.167640686035156|0|2066
24.76974105834961|0|2067
34.86761474609375|58|2068
35.24131393432617|58|2069
29.080841064453125|57|2070
24.712528228759766|0|2071
22.878843307495117|0|2072
16.33390998840332|0|2073
17.817840576171875|103|2074
20.502870559692383|103|2075
21.34589958190918|103|2076
18.136943817138672|103|2077
17.60824966430664|61|2078
14.93337631225586|103|2079
18.488340377807617|103|2080
20.380783081054688|103|2081
18.362335205078125|0|2082
21.269224166870117|61|2083
36.91412353515625|61|2084
58.77265167236328|61|2085
61.35619354248047|61|2086
37.623023986816406|61|2087
22.81857681274414|31|2088
23.040729522705078|0|2089
24.162433624267578|0|2090
24.42851448059082|0|2091
23.7996883392334|0|2092
19.13502311706543|0|2093
14.755475044250488|103|2094
12.385543823242188|0|2095
13.370607376098633|0|2096
13.179489135742188|0|2097
12.760575294494629|0|2098
13.266983032226562|0|2099
15.0162992477417|0|2100
16.158245086669922|0|2101
17.6145076751709|0|2102
29.37053680419922|103|2103
52.46933364868164|103|2104
57.64970016479492|103|2105
43.48320007324219|102|2106
33.29305648803711|103|2107
42.54184341430664|104|2108
35.500999450683594|104|2109
24.956348419189453|0|2110
25.715042114257812|0|2111
25.878799438476562|0|2112
22.63210105895996|0|2113
26.94060516357422|92|2114
21.24907684326172|92|2115
15.033515930175781|91|2116
16.539751052856445|91|2117
16.589252471923828|91|2118
15.204878807067871|90|2119
14.488567352294922|91|2120
15.429793357849121|0|2121
16.69843101501465|0|2122
18.00128746032715|0|2123
27.40662956237793|77|2124
33.97428894042969|76|2125
27.378131866455078|77|2126
26.730491638183594|77|2127
24.632434844970703|77|2128
28.56442642211914|78|2129
28.637775421142578|78|2130
25.820077896118164|77|2131
25.175573348999023|0|2132
24.32024383544922|0|2133
20.299789428710938|77|2134
29.670482635498047|69|2135
30.844806671142578|69|2136
30.408050537109375|69|2137
23.196868896484375|69|2138
20.555099487304688|68|2139
16.42986297607422|68|2140
15.070828437805176|0|2141
15.839288711547852|0|2142
17.221960067749023|0|2143
18.961801528930664|0|2144
28.630001068115234|61|2145
27.319984436035156|39|2146
22.955318450927734|39|2147
27.780559539794922|61|2148
30.554906845092773|61|2149
31.06598663330078|61|2150
33.28499221801758|61|2151
24.118722915649414|0|2152
24.198286056518555|0|2153
37.169532775878906|60|2154
47.86058044433594|61|2155
38.27169418334961|61|2156
37.177371978759766|61|2157
35.51774215698242|61|2158
41.84626770019531|61|2159
40.01232147216797|61|2160
36.28568649291992|61|2161
35.07032775878906|61|2162
28.93201446533203|61|2163
21.771926879882812|61|2164
19.8474063873291|0|2165
22.632156372070312|0|2166
25.169347763061523|0|2167
25.996559143066406|0|2168
26.106491088867188|0|2169
26.100505828857422|0|2170
26.03550910949707|0|2171
26.104938507080078|0|2172
26.149494171142578|0|2173
25.139982223510742|0|2174
19.665956497192383|0|2175
18.94447135925293|46|2176
17.93375587463379|46|2177
18.115835189819336|61|2178
30.88067626953125|61|2179
36.95563888549805|61|2180
38.163509368896484|61|2181
36.92560958862305|61|2182
27.452402114868164|61|2183
17.489089965820312|0|2184
18.107940673828125|0|2185
23.872812271118164|46|2186
28.09625244140625|46|2187
34.06769561767578|61|2188
33.952117919921875|61|2189
23.810867309570312|0|2190
27.00438117980957|63|2191
40.37907791137695|62|2192
50.26104736328125|61|2193
33.72883605957031|60|2194
24.340822219848633|60|2195
20.4908390045166|61|2196
12.035500526428223|46|2197
12.462733268737793|62|2198
22.442594528198242|61|2199
24.99059295654297|61|2200
20.587493896484375|61|2201
15.30938720703125|61|2202
16.246435165405273|62|2203
17.17025375366211|0|2204
18.24078941345215|0|2205
24.227373123168945|62|2206
26.71432113647461|46|2207
29.769521713256836|46|2208
31.309120178222656|61|2209
35.57480239868164|62|2210
39.203712463378906|62|2211
38.08015441894531|62|2212
43.26538848876953|61|2213
42.00104522705078|61|2214
37.46921920776367|60|2215
18.8486385345459|0|2216
12.420772552490234|0|2217
13.153061866760254|65|2218
14.065836906433105|66|2219
14.656448364257812|23|2220
15.866175651550293|70|2221
16.08269691467285|71|2222
14.561373710632324|73|2223
16.042070388793945|0|2224
17.858715057373047|0|2225
18.18628692626953|0|2226
19.725765228271484|103|2227
24.14791488647461|51|2228
25.74104118347168|52|2229
21.61558723449707|0|2230
22.453636169433594|0|2231
23.36163330078125|0|2232
27.571447372436523|52|2233
24.785842895507812|0|2234
24.400365829467773|0|2235
29.295574188232422|51|2236
21.2699031829834|51|2237
21.713611602783203|103|2238
23.116796493530273|103|2239
19.90287971496582|103|2240
17.576942443847656|46|2241
15.176985740661621|103|2242
15.259517669677734|103|2243
15.420530319213867|103|2244
17.108522415161133|0|2245
26.82247543334961|46|2246
25.75351905822754|46|2247
20.00227928161621|0|2248
22.049135208129883|0|2249
32.308555603027344|46|2250
35.226253509521484|46|2251
24.205623626708984|46|2252
24.19643211364746|0|2253
24.593448638916016|0|2254
24.642322540283203|0|2255
24.51819610595703|0|2256
20.455272674560547|0|2257
13.866774559020996|0|2258
13.76641845703125|103|2259
13.345041275024414|0|2260
13.256909370422363|0|2261
13.397859573364258|0|2262
13.768773078918457|0|2263
14.519088745117188|0|2264
15.372636795043945|0|2265
17.282297134399414|0|2266
19.257211685180664|103|2267
29.872295379638672|103|2268
24.474882125854492|102|2269
31.30697250366211|102|2270
41.69851303100586|103|2271
34.61553955078125|103|2272
28.017141342163086|104|2273
24.460092544555664|0|2274
25.353971481323242|102|2275
24.509746551513672|0|2276
22.378070831298828|0|2277
24.35637664794922|103|2278
23.255502700805664|103|2279
18.84234046936035|46|2280
18.358068466186523|92|2281
17.93456268310547|91|2282
15.112408638000488|90|2283
15.35201644897461|90|2284
16.379343032836914|92|2285
16.269489288330078|0|2286
17.789899826049805|0|2287
26.397499084472656|77|2288
33.93579864501953|77|2289
34.61545944213867|39|2290
30.982040405273438|39|2291
30.81365203857422|77|2292
26.565454483032227|77|2293
30.144094467163086|78|2294
23.54690933227539|78|2295
23.487293243408203|0|2296
21.287906646728516|0|2297
45.280181884765625|9|2298
92.21282196044922|6|2299
117.56560516357422|5|2300
126.67817687988281|5|2301
110.5749740600586|5|2302
97.55413055419922|5|2303
93.53618621826172|4|2304
97.76973724365234|4|2305
97.4517822265625|4|2306
77.44865417480469|4|2307
33.91228485107422|4|2308
30.573131561279297|13|2309
38.270973205566406|13|2310
42.11900329589844|6|2311
46.20456314086914|6|2312
49.147098541259766|6|2313
53.399574279785156|6|2314
56.297786712646484|6|2315
55.55193328857422|6|2316
45.54997253417969|6|2317
30.626100540161133|12|2318
65.74065399169922|8|2319
99.19638061523438|6|2320
126.66929626464844|5|2321
113.86239624023438|5|2322
92.9209976196289|5|2323
78.81938934326172|4|2324
86.02397155761719|4|2325
94.66039276123047|4|2326
89.61647033691406|4|2327
56.02824401855469|4|2328
28.671493530273438|61|2329
34.320194244384766|61|2330
29.181766510009766|61|2331
23.333032608032227|0|2332
24.513164520263672|0|2333
25.187837600708008|0|2334
24.131193161010742|0|2335
25.365123748779297|0|2336
27.001964569091797|0|2337
21.98179054260254|0|2338
42.185089111328125|7|2339
93.13134002685547|6|2340
121.89407348632812|5|2341
131.11761474609375|5|2342
108.46552276611328|5|2343
92.32361602783203|5|2344
88.58804321289062|4|2345
92.09209442138672|4|2346
92.65482330322266|4|2347
77.1583251953125|4|2348
35.67058563232422|4|2349
24.272350311279297|8|2350
37.99324035644531|8|2351
44.0588264465332|8|2352
48.13227462768555|8|2353
52.50114059448242|8|2354
57.56658935546875|8|2355
60.83869171142578|8|2356
58.18050765991211|8|2357
46.68449401855469|8|2358
38.15066909790039|8|2359
65.27690887451172|8|2360
100.9957046508789|6|2361
133.48904418945312|5|2362
123.68572235107422|5|2363
102.02912902832031|5|2364
87.58985137939453|5|2365
91.91676330566406|4|2366
101.26811981201172|4|2367
101.20144653320312|4|2368
64.43553161621094|4|2369
21.832164764404297|7|2370
32.37080764770508|8|2371
40.44660186767578|8|2372
46.73279571533203|8|2373
51.1356086730957|8|2374
52.193023681640625|8|2375
53.89680099487305|8|2376
55.408119201660156|8|2377
51.80046081542969|8|2378
42.0688362121582|61|2379
64.49287414550781|8|2380
81.60643768310547|7|2381
113.13833618164062|5|2382
127.7014389038086|5|2383
110.80440521240234|5|2384
88.2319107055664|5|2385
90.68612670898438|4|2386
99.30349731445312|5|2387
98.61634826660156|4|2388
80.7896957397461|4|2389
37.90052795410156|5|2390
29.631134033203125|6|2391
40.395076751708984|6|2392
49.14897155761719|6|2393
53.752357482910156|6|2394
59.42719650268555|6|2395
62.09457015991211|6|2396
59.47716522216797|6|2397
54.877071380615234|6|2398
44.722511291503906|6|2399
28.688650131225586|12|2400
65.07891845703125|8|2401
88.59175109863281|6|2402
126.16155242919922|5|2403
123.2989273071289|5|2404
101.51204681396484|5|2405
83.05474090576172|4|2406
93.72196197509766|4|2407
104.25311279296875|4|2408
100.33457946777344|4|2409
61.76716232299805|4|2410
38.58983612060547|5|2411
49.3150520324707|61|2412
51.92967224121094|5|2413
55.96635818481445|5|2414
57.63222122192383|5|2415
61.25784683227539|5|2416
64.5170669555664|5|2417
65.61376190185547|5|2418
67.45590209960938|5|2419
66.2721176147461|5|2420
58.37498092651367|9|2421
84.65962982177734|7|2422
110.97332763671875|5|2423
125.50567626953125|5|2424
103.48772430419922|5|2425
89.85659790039062|5|2426
99.21698760986328|4|2427
118.6917724609375|4|2428
122.50089263916016|4|2429
90.18634033203125|4|2430
46.84254837036133|5|2431
35.110740661621094|5|2432
47.893821716308594|5|2433
56.10894012451172|5|2434
60.10749053955078|5|2435
62.37309265136719|5|2436
65.28009796142578|5|2437
68.61946868896484|5|2438
67.5363998413086|5|2439
57.108585357666016|5|2440
38.45976257324219|5|2441
65.33349609375|9|2442
87.42729949951172|6|2443
128.96884155273438|5|2444
122.93466186523438|5|2445
94.79090881347656|5|2446
84.57999420166016|4|2447
98.09624481201172|4|2448
114.74208068847656|4|2449
110.25606536865234|4|2450
78.13762664794922|5|2451
43.52667236328125|5|2452
47.408634185791016|5|2453
58.10129165649414|5|2454
61.88747024536133|5|2455
61.904747009277344|5|2456
61.0396842956543|5|2457
62.18567657470703|5|2458
65.08338165283203|5|2459
62.29706954956055|5|2460
51.33596420288086|5|2461
48.918819427490234|9|2462
88.21350860595703|7|2463
112.09610748291016|5|2464
121.59622955322266|5|2465
104.13594818115234|5|2466
91.01638793945312|5|2467
88.46529388427734|4|2468
99.43030548095703|4|2469
103.88236236572266|4|2470
85.54618072509766|4|2471
39.3564453125|4|2472
25.46944236755371|6|2473
41.62570571899414|6|2474
49.1199951171875|6|2475
53.319541931152344|6|2476
57.272926330566406|6|2477
59.45676803588867|6|2478
61.1391716003418|6|2479
60.904930114746094|6|2480
51.46058654785156|6|2481
32.11326599121094|12|2482
65.22833251953125|8|2483
99.62506103515625|6|2484
131.7886505126953|5|2485
123.115966796875|5|2486
102.57161712646484|5|2487
86.3640365600586|4|2488
93.68811798095703|4|2489
104.64967346191406|4|2490
104.26227569580078|4|2491
68.27606201171875|4|2492
18.12034034729004|5|2493
20.81085205078125|0|2494
22.73275375366211|0|2495
23.465524673461914|0|2496
24.289133071899414|0|2497
24.553661346435547|0|2498
23.04403305053711|0|2499
23.81715202331543|0|2500
25.799560546875|0|2501
22.044025421142578|0|2502
39.61029052734375|7|2503
93.75191497802734|6|2504
118.7115249633789|5|2505
126.71964263916016|5|2506
105.1069107055664|5|2507
92.9354248046875|5|2508
90.83187866210938|4|2509
99.12059783935547|4|2510
103.12757110595703|4|2511
86.48661804199219|4|2512
41.84968185424805|4|2513
23.366056442260742|8|2514
41.21805953979492|8|2515
53.285404205322266|8|2516
57.323394775390625|8|2517
54.84765625|8|2518
54.92310333251953|8|2519
58.86492919921875|8|2520
59.10593032836914|8|2521
50.220359802246094|8|2522
39.80168914794922|8|2523
68.72061157226562|8|2524
102.35186767578125|6|2525
136.26708984375|5|2526
130.40640258789062|5|2527
104.9331283569336|5|2528
90.24127960205078|5|2529
98.27178955078125|4|2530
107.63381958007812|4|2531
106.5439224243164|4|2532
71.01583099365234|4|2533
27.357107162475586|61|2534
36.8631477355957|61|2535
44.83738327026367|61|2536
49.734039306640625|8|2537
50.97792053222656|8|2538
52.9351921081543|8|2539
57.88607406616211|8|2540
60.92643737792969|8|2541
57.43824768066406|8|2542
51.1793098449707|8|2543
48.4473762512207|5|2544
34.02239227294922|6|2545
13.083038330078125|65|2546
14.757503509521484|66|2547
15.1227445602417|68|2548
15.20026969909668|70|2549
16.62303924560547|71|2550
17.971071243286133|6|2551
20.933767318725586|6|2552
21.07659339904785|6|2553
21.110042572021484|6|2554
30.504560470581055|6|2555
46.71326446533203|6|2556
57.67235565185547|6|2557
61.0837516784668|6|2558
61.78176498413086|6|2559
63.070491790771484|6|2560
65.0699691772461|6|2561
63.5180549621582|6|2562
52.8298454284668|6|2563
34.862369537353516|6|2564
20.326379776000977|18|2565
16.53801918029785|8|2566
20.179628372192383|6|2567
20.624591827392578|46|2568
24.06181526184082|5|2569
21.5052490234375|5|2570
20.49618911743164|46|2571
21.643150329589844|45|2572
18.074209213256836|46|2573
16.60780906677246|6|2574
28.482803344726562|6|2575
48.46528625488281|5|2576
64.28661346435547|5|2577
67.93534088134766|5|2578
66.52667999267578|5|2579
66.26929473876953|5|2580
68.58211517333984|5|2581
72.66046142578125|5|2582
69.79460144042969|5|2583