Lush Life
Zara Larsson

Pop
lush_life
1025x2584
2584

4.9010552174877375e-05|963|0
9.241179941454902e-05|949|1
9.818167018238455e-05|949|2
9.617258911021054e-05|872|3
9.591762500349432e-05|895|4
0.0001246207393705845|882|5
0.000130156782688573|872|6
0.0001393045240547508|872|7
0.00011726440425263718|876|8
0.0001294940448133275|825|9
0.00012940011220052838|872|10
0.000138119823532179|792|11
0.00012035296094836667|876|12
0.0001279354328289628|825|13
0.00012991292169317603|872|14
0.0001383836497552693|792|15
0.00012072793469997123|876|16
0.0001302307064179331|882|17
0.00012887796037830412|872|18
0.00013871301780454814|792|19
0.00012003823940176517|876|20
0.00012952394899912179|825|21
0.0001274613314308226|872|22
0.0001377749431412667|872|23
0.00011949672625632957|876|24
0.00012991807307116687|825|25
0.00012844434240832925|872|26
0.00013809543452225626|792|27
0.00012063408939866349|876|28
0.00013008160749450326|825|29
0.00013097759801894426|872|30
0.0001389900135109201|872|31
0.00011939571413677186|876|32
0.00013082624354865402|825|33
0.00013011855480726808|872|34
0.00013959396164864302|872|35
0.00011850951705127954|876|36
0.0001319817383773625|825|37
0.00013037034659646451|872|38
0.00013779221626464278|792|39
0.00012041011359542608|876|40
0.000130901433294639|825|41
0.0001287592895096168|872|42
0.00013763621973339468|792|43
0.00011812351294793189|876|44
0.0001286546903429553|825|45
0.00012822364806197584|872|46
0.00013813578698318452|792|47
0.00011875746713485569|876|48
0.0001277335686609149|825|49
0.00012867027544416487|872|50
0.00013802104513160884|872|51
0.00011969313345616683|876|52
0.00013029573892708868|825|53
0.0001306051854044199|872|54
0.00013970282452646643|872|55
0.00012017299013677984|876|56
0.00013034803851041943|882|57
0.0001286976330447942|872|58
0.00013758365821558982|792|59
0.00012037289707222953|876|60
0.00012928115029353648|825|61
0.00012774007336702198|872|62
0.0003193200391251594|823|63
0.0006520043243654072|822|64
0.0018694869941100478|0|65
0.003917463589459658|0|66
0.004190858453512192|0|67
0.004962294828146696|0|68
0.005308812949806452|0|69
0.003900369629263878|0|70
0.003731291275471449|0|71
0.0052580079063773155|0|72
0.005771170370280743|0|73
0.004156392998993397|0|74
0.0022128752898424864|0|75
0.0015855298843234777|0|76
0.0024905428290367126|0|77
2.098644495010376|109|78
14.193595886230469|36|79
36.104942321777344|36|80
43.32294464111328|36|81
38.46053695678711|36|82
31.679229736328125|36|83
25.727502822875977|36|84
20.666702270507812|36|85
17.548206329345703|36|86
15.812328338623047|36|87
29.94638442993164|43|88
32.30049514770508|43|89
25.77248764038086|43|90
19.228504180908203|43|91
13.801925659179688|43|92
9.090394020080566|43|93
7.747944355010986|21|94
8.232367515563965|21|95
8.534741401672363|21|96
7.512421607971191|21|97
5.342743396759033|21|98
3.592966079711914|21|99
11.751482009887695|130|100
22.10011100769043|21|101
38.34382247924805|21|102
44.077213287353516|22|103
39.003639221191406|22|104
30.666828155517578|22|105
23.065406799316406|22|106
16.303043365478516|22|107
14.09935474395752|14|108
12.284448623657227|14|109
10.918832778930664|14|110
9.693915367126465|14|111
8.346566200256348|14|112
7.1132330894470215|14|113
6.150475978851318|14|114
7.094018459320068|22|115
8.578058242797852|22|116
8.48853874206543|22|117
7.514842510223389|22|118
15.40141773223877|109|119
22.739643096923828|54|120
40.94381332397461|18|121
46.74357986450195|18|122
42.836727142333984|18|123
37.117103576660156|18|124
31.253765106201172|18|125
25.227136611938477|18|126
20.345529556274414|18|127
16.046981811523438|18|128
12.176560401916504|18|129
8.742842674255371|18|130
6.145792484283447|12|131
5.39980936050415|12|132
4.988918304443359|12|133
4.780969619750977|12|134
4.688879489898682|12|135
4.6587233543396|12|136
4.379268169403076|12|137
3.63126277923584|12|138
6.7434401512146|108|139
16.568710327148438|31|140
23.482431411743164|18|141
40.86812973022461|18|142
44.335994720458984|18|143
39.50210189819336|18|144
33.529502868652344|18|145
27.693490982055664|18|146
22.406597137451172|18|147
18.61932373046875|18|148
15.30147933959961|18|149
11.721083641052246|18|150
8.316971778869629|18|151
7.0617756843566895|12|152
6.173781394958496|12|153
6.471932411193848|18|154
6.200855255126953|18|155
5.2899627685546875|18|156
4.589836120605469|12|157
9.210098266601562|129|158
16.930688858032227|65|159
34.2719612121582|21|160
42.4019889831543|22|161
38.88591766357422|22|162
31.154067993164062|22|163
23.3679256439209|22|164
16.31902313232422|22|165
12.647466659545898|14|166
12.252885818481445|14|167
11.990005493164062|14|168
10.739471435546875|14|169
9.110376358032227|14|170
9.3360595703125|22|171
19.942184448242188|24|172
45.3306770324707|24|173
51.40313720703125|24|174
42.49042892456055|24|175
32.70853042602539|24|176
26.45246696472168|16|177
21.499391555786133|16|178
17.990211486816406|16|179
14.323565483093262|16|180
11.020051002502441|16|181
9.703790664672852|16|182
10.145058631896973|16|183
10.388864517211914|16|184
18.88192367553711|27|185
47.79634475708008|27|186
57.558494567871094|27|187
49.98178482055664|27|188
41.84236145019531|27|189
35.141624450683594|18|190
30.826393127441406|18|191
25.019603729248047|18|192
25.077646255493164|43|193
34.908935546875|43|194
29.01533317565918|43|195
21.98967170715332|43|196
16.916013717651367|43|197
12.613964080810547|43|198
8.991189956665039|43|199
6.65632963180542|43|200
5.284914016723633|18|201
4.580138683319092|18|202
3.7185721397399902|18|203
2.7103116512298584|64|204
10.877593040466309|54|205
36.214107513427734|54|206
42.583003997802734|54|207
44.233985900878906|36|208
39.499027252197266|36|209
33.17758560180664|36|210
28.93511199951172|36|211
23.629329681396484|36|212
18.161706924438477|36|213
15.498711585998535|18|214
14.86082935333252|18|215
14.232285499572754|18|216
12.86007308959961|18|217
10.967792510986328|18|218
9.243266105651855|18|219
7.925821781158447|18|220
6.574265956878662|18|221
5.108727931976318|18|222
4.19658088684082|27|223
10.86149787902832|129|224
19.647878646850586|43|225
24.691062927246094|43|226
30.712373733520508|16|227
27.898475646972656|16|228
24.778221130371094|16|229
22.077594757080078|16|230
18.891950607299805|16|231
16.521337509155273|16|232
14.448025703430176|16|233
11.925142288208008|16|234
10.234772682189941|16|235
9.439336776733398|16|236
8.594568252563477|16|237
7.545880317687988|16|238
6.284505367279053|16|239
5.06568717956543|16|240
3.9548308849334717|16|241
3.218252182006836|16|242
2.9431614875793457|16|243
2.9623923301696777|45|244
18.57091522216797|48|245
28.426929473876953|49|246
33.467140197753906|24|247
40.21794891357422|16|248
36.249366760253906|16|249
32.588558197021484|16|250
27.565338134765625|16|251
29.669321060180664|48|252
26.735261917114258|48|253
20.715473175048828|48|254
15.264126777648926|48|255
12.41847038269043|48|256
10.345717430114746|48|257
8.027983665466309|48|258
6.883583068847656|16|259
5.768493175506592|16|260
5.009139060974121|16|261
4.538537979125977|16|262
5.132436275482178|24|263
25.016170501708984|48|264
38.17840576171875|49|265
38.12541961669922|32|266
34.564537048339844|32|267
29.4770450592041|32|268
23.76777458190918|32|269
20.75247573852539|32|270
15.693218231201172|32|271
23.713401794433594|36|272
39.77157211303711|36|273
38.86671829223633|36|274
32.7089729309082|36|275
26.23911476135254|36|276
18.987144470214844|36|277
28.146955490112305|43|278
41.529781341552734|24|279
40.25961685180664|24|280
33.95219421386719|24|281
28.10556411743164|16|282
24.07892608642578|16|283
19.72909164428711|16|284
19.11918830871582|48|285
31.115686416625977|48|286
28.934934616088867|48|287
23.217639923095703|48|288
18.69795036315918|48|289
21.106887817382812|36|290
50.79750442504883|36|291
59.87090301513672|36|292
50.68436813354492|36|293
39.566917419433594|36|294
31.014612197875977|22|295
24.847087860107422|36|296
20.10011863708496|36|297
19.95641326904297|43|298
36.52802658081055|43|299
35.816314697265625|43|300
27.467681884765625|43|301
19.91653823852539|43|302
14.146217346191406|43|303
9.802310943603516|43|304
7.530872344970703|43|305
6.512526035308838|43|306
7.400655269622803|21|307
7.726355075836182|21|308
6.848231315612793|21|309
5.431235313415527|21|310
12.103690147399902|130|311
23.34827423095703|21|312
39.0032958984375|21|313
43.06623458862305|22|314
38.42352294921875|22|315
31.050310134887695|22|316
23.714096069335938|22|317
17.5260066986084|21|318
13.641332626342773|14|319
12.223499298095703|14|320
10.095109939575195|14|321
8.238383293151855|14|322
6.3615217208862305|14|323
5.125937461853027|14|324
5.432266712188721|21|325
7.239416599273682|21|326
9.302135467529297|21|327
9.89333438873291|22|328
9.548500061035156|22|329
14.620107650756836|30|330
23.136232376098633|18|331
41.379913330078125|18|332
46.7767219543457|18|333
42.36524200439453|18|334
36.12471389770508|18|335
30.239662170410156|18|336
24.435062408447266|18|337
19.3004207611084|18|338
15.089303970336914|18|339
11.370070457458496|18|340
7.753614902496338|18|341
5.268265724182129|12|342
4.680940628051758|12|343
4.403123378753662|12|344
4.3746232986450195|12|345
4.367506980895996|12|346
4.442237854003906|12|347
4.113824367523193|12|348
3.337069272994995|12|349
8.137816429138184|109|350
17.109590530395508|31|351
24.270118713378906|18|352
41.67597579956055|18|353
46.175899505615234|18|354
42.934593200683594|18|355
38.146446228027344|18|356
32.67232131958008|18|357
26.311532974243164|18|358
21.40353012084961|18|359
17.821739196777344|18|360
13.644342422485352|18|361
9.61949634552002|18|362
7.224675178527832|18|363
6.212100028991699|18|364
5.671113967895508|18|365
4.982301235198975|18|366
4.416294097900391|12|367
4.727581977844238|12|368
10.493739128112793|129|369
17.384000778198242|65|370
33.413875579833984|21|371
41.823429107666016|22|372
38.39469909667969|22|373
30.991302490234375|22|374
23.73124122619629|22|375
18.304288864135742|22|376
13.5802001953125|22|377
10.883381843566895|14|378
8.931447982788086|14|379
7.629238605499268|14|380
6.461825370788574|14|381
8.491326332092285|145|382
20.682283401489258|24|383
45.68753433227539|24|384
52.34088897705078|24|385
45.07755661010742|24|386
35.66919708251953|24|387
27.988327026367188|24|388
21.6839542388916|24|389
17.63336753845215|16|390
15.08095932006836|16|391
12.79633617401123|16|392
11.420742988586426|16|393
9.825592994689941|16|394
9.147783279418945|16|395
20.782556533813477|27|396
48.57037353515625|27|397
56.9582405090332|27|398
48.39875793457031|27|399
38.57367706298828|27|400
32.1834602355957|18|401
27.094764709472656|18|402
23.5695743560791|18|403
26.447851181030273|43|404
34.94686508178711|43|405
27.785369873046875|43|406
20.952556610107422|43|407
16.048877716064453|43|408
12.083637237548828|43|409
9.945921897888184|43|410
8.588529586791992|43|411
7.152712345123291|43|412
5.57051944732666|43|413
4.68052864074707|18|414
4.121427536010742|18|415
9.719213485717773|53|416
29.32423210144043|54|417
35.46492385864258|36|418
38.29859161376953|36|419
33.56681823730469|36|420
27.445968627929688|36|421
23.73175621032715|36|422
26.395483016967773|54|423
27.617612838745117|54|424
23.085861206054688|54|425
18.35711097717285|54|426
14.272065162658691|54|427
10.589028358459473|54|428
7.6349263191223145|54|429
19.472763061523438|48|430
31.368850708007812|48|431
29.0167236328125|48|432
22.727886199951172|48|433
16.000869750976562|48|434
20.632341384887695|49|435
30.262582778930664|49|436
40.06821060180664|24|437
43.096126556396484|24|438
37.0219841003418|16|439
32.71078872680664|16|440
27.938526153564453|16|441
23.637176513671875|16|442
19.950634002685547|16|443
32.912166595458984|43|444
34.7769775390625|43|445
26.382951736450195|43|446
18.350250244140625|43|447
13.411118507385254|191|448
8.337156295776367|192|449
7.214482307434082|192|450
8.316740036010742|193|451
9.167826652526855|183|452
5.608511924743652|43|453
7.867788791656494|96|454
34.96647644042969|95|455
46.46862030029297|91|456
36.59804916381836|90|457
40.381412506103516|24|458
47.72748565673828|24|459
37.724220275878906|16|460
43.70252990722656|30|461
70.55886840820312|32|462
89.0528335571289|32|463
107.69873809814453|32|464
157.18870544433594|32|465
183.3736572265625|32|466
175.3671875|32|467
146.64674377441406|32|468
102.8365707397461|33|469
67.11653900146484|66|470
68.26994323730469|65|471
77.9272232055664|31|472
82.00450134277344|30|473
57.75005340576172|28|474
54.39411926269531|26|475
59.22149658203125|25|476
98.28724670410156|32|477
96.11425018310547|63|478
115.16175079345703|65|479
121.30889892578125|65|480
111.23224639892578|65|481
99.39451599121094|66|482
101.24641418457031|66|483
96.36347961425781|65|484
126.29682922363281|65|485
120.06373596191406|65|486
131.3209686279297|64|487
111.6732406616211|64|488
62.49195861816406|64|489
82.18330383300781|33|490
94.21678161621094|33|491
86.17626190185547|32|492
88.17543029785156|63|493
83.47721099853516|64|494
72.85191345214844|65|495
62.96356201171875|66|496
47.80784606933594|63|497
32.904239654541016|48|498
25.42412757873535|48|499
19.739030838012695|48|500
25.407371520996094|145|501
48.859535217285156|36|502
58.650211334228516|36|503
107.27322387695312|31|504
124.07211303710938|32|505
114.92340087890625|32|506
109.13353729248047|33|507
102.29551696777344|33|508
57.8213005065918|32|509
35.66529846191406|43|510
34.36354446411133|43|511
25.921567916870117|43|512
19.34757423400879|43|513
17.021291732788086|33|514
72.54130554199219|37|515
158.0773162841797|37|516
173.21971130371094|36|517
158.8997802734375|36|518
146.8524932861328|37|519
135.33917236328125|37|520
149.3773651123047|36|521
159.99386596679688|36|522
109.2989501953125|36|523
89.34088897705078|65|524
94.24817657470703|129|525
75.11975860595703|129|526
69.16018676757812|65|527
68.71533966064453|65|528
58.5099983215332|64|529
27.83018684387207|33|530
17.53587532043457|25|531
28.2008113861084|22|532
26.09368133544922|21|533
20.83992576599121|20|534
57.29933547973633|27|535
87.2262954711914|27|536
84.95349884033203|55|537
78.80229187011719|27|538
88.41075897216797|27|539
88.56925201416016|27|540
81.28924560546875|27|541
72.34011840820312|27|542
66.07596588134766|27|543
62.04452896118164|55|544
58.677310943603516|54|545
76.44866180419922|82|546
87.51834106445312|82|547
86.75804138183594|81|548
95.64717102050781|81|549
56.58817672729492|81|550
43.877723693847656|31|551
68.41917419433594|31|552
58.588287353515625|31|553
40.10638427734375|27|554
55.30196762084961|26|555
58.67841720581055|27|556
51.94438934326172|28|557
45.32001876831055|29|558
15.805805206298828|28|559
5.682662010192871|48|560
8.348801612854004|107|561
24.322303771972656|49|562
55.02392578125|48|563
66.3900375366211|48|564
57.51880645751953|48|565
69.44766235351562|24|566
84.26054382324219|25|567
139.79600524902344|49|568
89.54407501220703|48|569
70.81552124023438|24|570
92.9967041015625|25|571
85.69502258300781|26|572
72.65782165527344|27|573
48.453895568847656|82|574
51.81111526489258|162|575
53.09413146972656|26|576
81.34672546386719|26|577
88.84112548828125|27|578
43.713199615478516|24|579
49.917572021484375|22|580
53.99473190307617|50|581
96.62332916259766|51|582
108.28582000732422|52|583
114.87353515625|53|584
123.42637634277344|54|585
113.2013168334961|54|586
115.72181701660156|54|587
124.52305603027344|54|588
124.39785766601562|54|589
120.81353759765625|54|590
120.86737823486328|54|591
106.53267669677734|54|592
55.01375961303711|53|593
53.33353042602539|50|594
72.20123291015625|25|595
63.21072769165039|24|596
66.5185775756836|84|597
70.19692993164062|85|598
55.12411880493164|84|599
46.239166259765625|55|600
45.878265380859375|54|601
23.346988677978516|27|602
12.211884498596191|16|603
10.882922172546387|16|604
10.752976417541504|16|605
9.48303508758545|16|606
32.166015625|49|607
74.55157470703125|49|608
102.45172119140625|49|609
105.8588638305664|49|610
99.98627471923828|49|611
87.32670593261719|49|612
69.50972747802734|24|613
42.33192825317383|23|614
38.6650390625|22|615
36.60116958618164|43|616
29.16718292236328|43|617
22.646400451660156|43|618
17.34398078918457|43|619
32.638248443603516|27|620
72.4289321899414|27|621
94.19963073730469|54|622
110.22945404052734|54|623
103.73270416259766|54|624
81.41753387451172|28|625
87.2878189086914|29|626
68.78466033935547|49|627
117.44477081298828|49|628
76.08830261230469|49|629
58.49772644042969|54|630
54.39034652709961|55|631
37.3316535949707|81|632
40.60702133178711|71|633
50.059818267822266|48|634
60.38861846923828|48|635
33.93803024291992|25|636
19.71893882751465|72|637
14.173513412475586|19|638
8.521297454833984|20|639
31.272397994995117|23|640
54.53611373901367|23|641
64.24794006347656|44|642
73.11024475097656|44|643
58.913185119628906|22|644
35.770877838134766|21|645
22.27443504333496|181|646
31.69892692565918|64|647
58.25461959838867|65|648
63.28152847290039|65|649
53.19851303100586|73|650
86.94271850585938|74|651
92.74032592773438|74|652
69.2137222290039|74|653
58.70431137084961|73|654
52.35932540893555|73|655
47.40147399902344|73|656
49.52172088623047|73|657
60.06300735473633|73|658
40.93291473388672|25|659
31.81618881225586|25|660
14.848647117614746|25|661
7.621190071105957|25|662
4.836981773376465|162|663
3.7038662433624268|129|664
3.6531691551208496|129|665
5.661585330963135|130|666
21.319929122924805|48|667
29.816320419311523|49|668
41.11148452758789|24|669
54.42280578613281|65|670
53.84789276123047|65|671
42.41588592529297|64|672
40.85707092285156|24|673
58.972747802734375|24|674
88.55653381347656|24|675
96.38861083984375|24|676
94.32512664794922|24|677
70.6185531616211|24|678
68.19279479980469|26|679
85.63986206054688|28|680
100.49325561523438|28|681
81.75360870361328|27|682
118.18844604492188|27|683
143.40298461914062|27|684
152.14157104492188|27|685
159.69668579101562|27|686
144.0078887939453|27|687
95.8734359741211|27|688
117.10762786865234|55|689
98.83940124511719|55|690
81.38685607910156|55|691
75.29603576660156|55|692
44.61893081665039|55|693
25.588253021240234|36|694
40.38786315917969|36|695
38.725852966308594|36|696
31.918045043945312|36|697
24.926969528198242|36|698
34.71697235107422|134|699
61.87218475341797|82|700
79.5928955078125|82|701
88.61137390136719|81|702
85.90019226074219|81|703
79.340576171875|82|704
76.9364242553711|82|705
58.618717193603516|82|706
46.075801849365234|55|707
46.74430465698242|48|708
67.98762512207031|27|709
89.1234130859375|27|710
93.49430847167969|26|711
89.68714904785156|25|712
63.91915512084961|24|713
57.96479797363281|36|714
50.142276763916016|72|715
46.30078887939453|145|716
32.99637222290039|36|717
49.259342193603516|82|718
72.92455291748047|82|719
65.5606460571289|81|720
61.78709411621094|81|721
35.4142951965332|43|722
26.658599853515625|43|723
19.523380279541016|43|724
19.59027099609375|81|725
36.574161529541016|126|726
37.122623443603516|76|727
55.69382095336914|96|728
57.652530670166016|96|729
38.145965576171875|75|730
40.88886642456055|82|731
37.187286376953125|83|732
39.78782272338867|58|733
50.327232360839844|57|734
43.05323028564453|22|735
44.03522872924805|22|736
37.77344512939453|21|737
37.044803619384766|22|738
37.13690948486328|50|739
75.08212280273438|50|740
67.03633117675781|49|741
78.86463928222656|74|742
60.15961456298828|75|743
36.418766021728516|53|744
61.83210754394531|27|745
98.40213012695312|27|746
92.3730697631836|27|747
54.549537658691406|50|748
61.77669143676758|73|749
80.24161529541016|73|750
88.50206756591797|73|751
86.4139404296875|73|752
75.37872314453125|48|753
100.41710662841797|48|754
93.19278717041016|48|755
88.18584442138672|73|756
83.95588684082031|73|757
72.0103759765625|49|758
66.79834747314453|49|759
60.93642807006836|49|760
53.04362487792969|25|761
50.575653076171875|26|762
46.66065216064453|27|763
31.089595794677734|26|764
20.269325256347656|25|765
8.701435089111328|25|766
6.052038192749023|145|767
5.364963054656982|48|768
5.797257900238037|115|769
5.975128650665283|115|770
4.91506814956665|49|771
8.826118469238281|108|772
26.944713592529297|48|773
57.592491149902344|48|774
68.80020141601562|48|775
63.82770538330078|48|776
57.80201721191406|48|777
45.86385726928711|48|778
44.12643051147461|21|779
70.797607421875|24|780
106.528564453125|48|781
112.72164916992188|48|782
68.31048583984375|48|783
62.939002990722656|26|784
87.4744873046875|27|785
92.6636734008789|27|786
104.3148193359375|27|787
100.52962493896484|54|788
90.9332275390625|27|789
110.20194244384766|27|790
125.86522674560547|28|791
133.583251953125|27|792
120.05585479736328|27|793
86.7756118774414|27|794
101.86266326904297|54|795
100.73875427246094|55|796
76.80301666259766|55|797
36.30193328857422|27|798
18.567663192749023|23|799
19.849397659301758|21|800
22.978479385375977|20|801
25.81532096862793|20|802
26.352754592895508|20|803
28.446128845214844|21|804
59.393741607666016|54|805
125.02742004394531|55|806
125.90479278564453|55|807
91.20252990722656|55|808
88.41677856445312|55|809
90.79209899902344|55|810
86.35842895507812|54|811
85.42652893066406|55|812
94.47242736816406|55|813
103.46904754638672|55|814
103.10652923583984|55|815
90.22606658935547|54|816
89.20185852050781|54|817
74.31301879882812|53|818
63.77935028076172|27|819
60.52699661254883|72|820
92.26524353027344|72|821
80.06169891357422|73|822
37.735496520996094|73|823
41.882633209228516|55|824
56.125892639160156|220|825
58.132564544677734|55|826
59.64936065673828|55|827
54.536861419677734|54|828
27.80682945251465|54|829
21.888198852539062|43|830
27.88412094116211|181|831
37.6785774230957|103|832
49.58342742919922|99|833
65.72148132324219|98|834
82.88202667236328|96|835
53.005958557128906|96|836
35.85060119628906|99|837
53.00067901611328|80|838
68.0992202758789|81|839
66.85189819335938|82|840
80.57139587402344|109|841
77.26367950439453|108|842
57.017974853515625|107|843
52.86241149902344|53|844
49.829620361328125|75|845
62.70590591430664|74|846
44.33919906616211|75|847
37.06725311279297|79|848
45.74353790283203|81|849
46.30759048461914|27|850
60.634178161621094|27|851
49.84051513671875|26|852
41.44585037231445|49|853
65.18762969970703|73|854
79.02633666992188|73|855
85.98207092285156|73|856
81.68913269042969|72|857
92.11991119384766|72|858
82.22090911865234|72|859
84.19773864746094|73|860
80.88761901855469|73|861
66.41577911376953|73|862
54.9223747253418|25|863
52.01602554321289|26|864
58.39059066772461|27|865
61.14874267578125|27|866
46.411842346191406|27|867
24.204605102539062|43|868
18.358047485351562|43|869
19.403736114501953|43|870
32.8251838684082|17|871
26.452863693237305|16|872
19.332965850830078|15|873
32.17609786987305|37|874
22.328195571899414|46|875
16.821184158325195|51|876
18.88519287109375|54|877
38.27583694458008|55|878
47.61223602294922|41|879
62.97218704223633|64|880
72.60047912597656|65|881
50.212852478027344|65|882
47.03650665283203|9|883
85.47505187988281|7|884
114.55015563964844|6|885
131.37257385253906|5|886
107.61241149902344|4|887
104.62734985351562|4|888
87.59526062011719|4|889
115.94611358642578|32|890
131.3330535888672|32|891
96.99708557128906|33|892
77.35470581054688|8|893
90.01463317871094|8|894
89.68250274658203|7|895
81.13231658935547|7|896
96.02476501464844|13|897
146.81919860839844|13|898
144.40402221679688|13|899
153.39649963378906|12|900
176.54617309570312|65|901
148.23220825195312|65|902
115.14957427978516|65|903
100.66971588134766|65|904
103.98448944091797|17|905
108.59857940673828|12|906
121.18208312988281|12|907
135.70985412597656|12|908
148.36485290527344|12|909
127.37409973144531|12|910
109.38048553466797|36|911
132.6251220703125|10|912
154.56442260742188|10|913
161.23861694335938|32|914
150.7210693359375|32|915
135.02049255371094|31|916
161.3429412841797|32|917
150.9515380859375|32|918
157.32240295410156|8|919
183.7650909423828|8|920
168.657958984375|8|921
155.9437713623047|7|922
92.57290649414062|7|923
56.2177619934082|32|924
60.178428649902344|36|925
60.789390563964844|88|926
38.950618743896484|36|927
34.312862396240234|99|928
75.27823638916016|99|929
80.73136138916016|98|930
90.0673599243164|98|931
83.62187194824219|97|932
77.80657958984375|97|933
60.020286560058594|97|934
54.63803482055664|64|935
38.665348052978516|64|936
43.33699035644531|71|937
52.13851547241211|181|938
65.35308074951172|182|939
62.85068893432617|182|940
56.37916946411133|182|941
46.985408782958984|72|942
17.2842960357666|72|943
43.915977478027344|58|944
53.128944396972656|57|945
40.24544143676758|58|946
54.906532287597656|31|947
124.16983795166016|33|948
177.62539672851562|33|949
136.12530517578125|33|950
107.44943237304688|33|951
110.73188018798828|33|952
109.02342987060547|32|953
68.93421936035156|30|954
66.7601547241211|24|955
68.17654418945312|24|956
78.66874694824219|27|957
92.87659454345703|54|958
82.30805969238281|54|959
40.28363800048828|23|960
78.23458862304688|22|961
83.32718658447266|21|962
76.31835174560547|20|963
79.86837005615234|20|964
77.10017395019531|48|965
76.22332763671875|48|966
80.95891571044922|54|967
74.92633056640625|82|968
70.95034790039062|83|969
69.21516418457031|82|970
79.14215850830078|82|971
75.28507232666016|81|972
84.49978637695312|81|973
76.33597564697266|81|974
69.20790100097656|82|975
61.028480529785156|110|976
57.49972152709961|82|977
56.31785583496094|82|978
45.32619857788086|81|979
41.288490295410156|28|980
75.62908935546875|30|981
99.21088409423828|30|982
95.49687194824219|30|983
99.11870574951172|27|984
148.80007934570312|27|985
169.2112274169922|28|986
202.05270385742188|28|987
186.22561645507812|28|988
124.23820495605469|27|989
115.39765930175781|25|990
92.96764373779297|48|991
92.20006561279297|72|992
101.10424041748047|73|993
91.62140655517578|74|994
70.34400939941406|49|995
52.63072967529297|49|996
65.2588882446289|55|997
72.81101989746094|55|998
63.61301803588867|55|999
74.11679077148438|109|1000
88.70707702636719|109|1001
94.0000228881836|54|1002
103.11011505126953|54|1003
119.40258026123047|55|1004
99.02537536621094|55|1005
100.23674774169922|110|1006
87.05231475830078|110|1007
90.92338562011719|109|1008
82.15376281738281|109|1009
67.93159484863281|109|1010
67.88970947265625|27|1011
101.28044891357422|27|1012
102.18511199951172|27|1013
87.91523742675781|25|1014
102.74742126464844|24|1015
104.42425537109375|24|1016
79.26162719726562|24|1017
87.29573059082031|28|1018
90.79122924804688|27|1019
98.59496307373047|27|1020
103.1605453491211|27|1021
74.00800323486328|27|1022
53.376834869384766|23|1023
81.57028198242188|22|1024
88.5301742553711|21|1025
90.40919494628906|20|1026
69.27049255371094|19|1027
71.66594696044922|19|1028
66.67146301269531|48|1029
122.90447235107422|48|1030
97.92860412597656|48|1031
73.0479507446289|74|1032
112.29801940917969|73|1033
115.79759979248047|73|1034
101.45597076416016|73|1035
87.34169006347656|73|1036
76.41120910644531|73|1037
72.94081115722656|73|1038
69.81089782714844|48|1039
119.52080535888672|48|1040
128.31085205078125|48|1041
63.50261688232422|25|1042
66.17366027832031|26|1043
97.61346435546875|54|1044
106.32179260253906|54|1045
96.66311645507812|27|1046
146.77951049804688|28|1047
139.63604736328125|27|1048
120.02657318115234|26|1049
136.61175537109375|25|1050
118.97872161865234|25|1051
74.23497772216797|52|1052
102.13200378417969|54|1053
99.38672637939453|54|1054
56.67768478393555|53|1055
60.090599060058594|73|1056
80.23390197753906|73|1057
75.0468521118164|73|1058
64.83463287353516|72|1059
74.72405242919922|72|1060
57.62220001220703|23|1061
62.979122161865234|23|1062
127.77642059326172|43|1063
155.66537475585938|43|1064
136.02365112304688|43|1065
107.57015991210938|43|1066
93.60330963134766|22|1067
71.5911636352539|22|1068
48.813316345214844|19|1069
71.67178344726562|24|1070
81.17725372314453|24|1071
89.12166595458984|48|1072
76.07463836669922|73|1073
66.7061996459961|73|1074
66.89865112304688|74|1075
73.37023162841797|74|1076
76.11190795898438|74|1077
63.0905876159668|74|1078
64.5033187866211|49|1079
66.34219360351562|48|1080
56.37337112426758|46|1081
65.47416687011719|24|1082
97.64763641357422|25|1083
66.19405364990234|25|1084
25.53422737121582|25|1085
12.815038681030273|25|1086
5.523562431335449|25|1087
7.782054901123047|47|1088
26.211490631103516|48|1089
32.00919723510742|48|1090
46.809173583984375|24|1091
49.99807357788086|65|1092
44.43685531616211|65|1093
34.75764465332031|16|1094
43.375858306884766|24|1095
97.05970764160156|24|1096
134.76524353027344|25|1097
131.6427001953125|24|1098
115.64299774169922|24|1099
86.56255340576172|25|1100
92.56586456298828|27|1101
103.0328369140625|27|1102
102.43755340576172|55|1103
122.4573745727539|54|1104
98.32357788085938|27|1105
141.464599609375|27|1106
166.95115661621094|27|1107
173.980224609375|27|1108
135.4272918701172|27|1109
108.04228210449219|55|1110
93.82476043701172|55|1111
69.09551239013672|55|1112
85.97541809082031|55|1113
72.48063659667969|55|1114
40.09351348876953|54|1115
29.765361785888672|36|1116
42.24094009399414|36|1117
39.632389068603516|36|1118
31.640417098999023|36|1119
24.49966812133789|36|1120
38.631248474121094|144|1121
56.12216567993164|144|1122
46.662899017333984|81|1123
71.3598861694336|81|1124
76.36563110351562|81|1125
66.17449188232422|82|1126
73.1908950805664|82|1127
54.11397171020508|82|1128
36.58002471923828|54|1129
54.89418411254883|27|1130
90.91095733642578|27|1131
132.1990203857422|27|1132
153.37217712402344|27|1133
137.41075134277344|27|1134
78.1984634399414|27|1135
58.43356704711914|169|1136
45.87652587890625|170|1137
42.82430648803711|124|1138
38.233856201171875|125|1139
24.497737884521484|188|1140
39.82450866699219|81|1141
53.40579605102539|82|1142
53.27006912231445|82|1143
31.633481979370117|43|1144
25.634464263916016|43|1145
19.808671951293945|43|1146
22.21260643005371|181|1147
37.272769927978516|98|1148
56.00849914550781|95|1149
83.1820068359375|95|1150
57.895225524902344|95|1151
58.34633255004883|75|1152
54.09910202026367|77|1153
37.190765380859375|54|1154
39.330223083496094|57|1155
46.53269577026367|172|1156
40.27915954589844|22|1157
40.77079391479492|21|1158
36.58317565917969|21|1159
32.2961540222168|22|1160
36.88795471191406|52|1161
65.16157531738281|51|1162
61.46770095825195|74|1163
72.39349365234375|74|1164
56.365394592285156|75|1165
36.36812973022461|82|1166
51.845523834228516|55|1167
50.60564041137695|27|1168
90.6190185546875|27|1169
78.37332916259766|26|1170
66.822265625|49|1171
78.34803771972656|72|1172
108.65499114990234|72|1173
100.43495178222656|73|1174
82.04950714111328|73|1175
95.27989959716797|49|1176
120.81266021728516|49|1177
127.66397094726562|49|1178
115.27875518798828|48|1179
102.3850326538086|48|1180
98.49855041503906|73|1181
82.95020294189453|24|1182
63.274349212646484|25|1183
53.25602722167969|27|1184
31.09928321838379|26|1185
16.621963500976562|27|1186
8.462949752807617|27|1187
4.7558088302612305|12|1188
6.843902587890625|49|1189
8.244718551635742|48|1190
10.213265419006348|49|1191
8.634450912475586|49|1192
7.891677379608154|212|1193
13.61864948272705|207|1194
26.258602142333984|48|1195
61.0457649230957|48|1196
70.04524230957031|48|1197
54.99393844604492|48|1198
40.36992645263672|48|1199
31.237716674804688|18|1200
37.23752212524414|49|1201
79.78528594970703|49|1202
83.70701599121094|74|1203
75.5141372680664|74|1204
40.78675079345703|26|1205
83.22895050048828|28|1206
97.78579711914062|28|1207
80.07028198242188|54|1208
42.63874816894531|54|1209
21.720012664794922|22|1210
6.198553085327148|49|1211
6.026365280151367|25|1212
16.29077911376953|20|1213
42.69770431518555|49|1214
58.65010452270508|50|1215
101.87532043457031|50|1216
137.27420043945312|49|1217
121.60652923583984|49|1218
58.25815963745117|49|1219
71.12480926513672|53|1220
93.84130859375|54|1221
81.1759262084961|27|1222
105.0212631225586|28|1223
134.73634338378906|27|1224
158.80731201171875|27|1225
134.97950744628906|26|1226
88.48054504394531|25|1227
119.43104553222656|50|1228
85.00984191894531|50|1229
51.563446044921875|52|1230
54.15862274169922|55|1231
76.42337799072266|56|1232
93.76927185058594|57|1233
70.26591491699219|56|1234
80.2523422241211|55|1235
105.8965835571289|55|1236
119.30718231201172|55|1237
117.7552490234375|54|1238
119.14370727539062|53|1239
81.87684631347656|52|1240
61.8780403137207|98|1241
96.06117248535156|98|1242
82.1972427368164|99|1243
56.29950714111328|100|1244
50.9081916809082|81|1245
53.1443977355957|81|1246
28.908504486083984|172|1247
29.347152709960938|43|1248
33.80899429321289|43|1249
26.139354705810547|43|1250
20.18964958190918|43|1251
42.32889938354492|24|1252
88.86966705322266|25|1253
82.14698028564453|25|1254
81.31903839111328|72|1255
82.0037841796875|73|1256
82.17536163330078|75|1257
51.73508071899414|77|1258
46.42256546020508|81|1259
60.841773986816406|55|1260
92.80106353759766|55|1261
90.72608947753906|54|1262
91.03569793701172|108|1263
70.08841705322266|81|1264
73.3485107421875|81|1265
44.633697509765625|81|1266
33.20854568481445|149|1267
40.0731086730957|99|1268
74.2958755493164|97|1269
69.31903839111328|97|1270
82.27317810058594|75|1271
97.48117065429688|75|1272
76.4081802368164|54|1273
124.82070922851562|54|1274
125.8815689086914|54|1275
91.36115264892578|53|1276
74.50241088867188|48|1277
125.72156524658203|72|1278
157.06002807617188|72|1279
142.12509155273438|72|1280
125.80223846435547|72|1281
119.9583740234375|73|1282
115.69084930419922|73|1283
90.53807830810547|74|1284
103.73284149169922|74|1285
116.50848388671875|74|1286
106.50627899169922|74|1287
92.62834930419922|73|1288
102.38935852050781|73|1289
83.09615325927734|73|1290
57.9162712097168|26|1291
91.33037567138672|27|1292
87.777587890625|200|1293
114.20136260986328|200|1294
83.8140640258789|22|1295
86.16709899902344|22|1296
80.28531646728516|22|1297
80.11587524414062|65|1298
80.51356506347656|65|1299
86.74515533447266|65|1300
85.10323333740234|65|1301
90.79698944091797|200|1302
112.1783447265625|200|1303
84.51504516601562|22|1304
91.22621154785156|22|1305
83.12138366699219|22|1306
83.6156234741211|21|1307
72.72167205810547|21|1308
69.883544921875|22|1309
72.2698745727539|22|1310
73.45635223388672|23|1311
79.77737426757812|24|1312
92.72966766357422|23|1313
86.822265625|17|1314
95.01579284667969|178|1315
94.27764892578125|178|1316
77.65296173095703|178|1317
59.117496490478516|177|1318
82.48017120361328|13|1319
119.89964294433594|13|1320
116.68395233154297|13|1321
126.2802963256836|12|1322
130.62680053710938|12|1323
119.94905090332031|12|1324
87.92076873779297|12|1325
68.33326721191406|11|1326
106.6229019165039|17|1327
114.30110168457031|12|1328
125.78854370117188|12|1329
141.6365966796875|12|1330
149.8921356201172|12|1331
126.24817657470703|11|1332
93.72547912597656|12|1333
126.29533386230469|10|1334
141.48556518554688|10|1335
94.21617126464844|10|1336
86.04204559326172|9|1337
71.04046630859375|10|1338
49.81827163696289|10|1339
67.35325622558594|12|1340
143.32293701171875|8|1341
172.05355834960938|8|1342
158.32244873046875|8|1343
147.26715087890625|7|1344
87.42791748046875|7|1345
167.45492553710938|10|1346
216.87118530273438|7|1347
304.16217041015625|6|1348
318.113525390625|6|1349
252.37060546875|5|1350
237.806640625|5|1351
206.9967041015625|5|1352
98.75907135009766|7|1353
108.20880126953125|7|1354
86.9866943359375|7|1355
74.88517761230469|7|1356
60.568519592285156|7|1357
50.31876754760742|7|1358
39.93964767456055|7|1359
78.90254974365234|51|1360
100.3841552734375|50|1361
140.5906982421875|49|1362
151.3502197265625|49|1363
145.54368591308594|49|1364
106.94329833984375|50|1365
100.1319351196289|6|1366
167.7534942626953|7|1367
189.5259552001953|7|1368
169.6387176513672|7|1369
142.81642150878906|7|1370
81.3019027709961|7|1371
112.7396011352539|11|1372
148.65032958984375|7|1373
265.3905334472656|6|1374
323.3001403808594|6|1375
268.4114990234375|5|1376
249.3112030029297|5|1377
224.5062255859375|5|1378
146.59397888183594|5|1379
75.75517272949219|82|1380
58.59994125366211|54|1381
64.16485595703125|53|1382
44.659427642822266|26|1383
52.061988830566406|12|1384
125.28563690185547|12|1385
153.66049194335938|12|1386
149.01373291015625|12|1387
140.97366333007812|12|1388
122.85031127929688|12|1389
100.53772735595703|6|1390
83.50096893310547|6|1391
68.99617004394531|6|1392
67.27105712890625|55|1393
72.35323333740234|54|1394
69.7163314819336|54|1395
35.75237274169922|53|1396
23.99615478515625|12|1397
99.76616668701172|11|1398
162.13348388671875|10|1399
264.59228515625|7|1400
340.0306091308594|6|1401
275.4697265625|5|1402
269.42340087890625|5|1403
244.82421875|5|1404
233.50723266601562|5|1405
215.11904907226562|6|1406
206.60540771484375|6|1407
166.9851837158203|6|1408
152.50892639160156|6|1409
142.85301208496094|6|1410
128.14962768554688|6|1411
111.20313262939453|6|1412
91.7537841796875|6|1413
71.87859344482422|6|1414
56.41079330444336|6|1415
41.82438278198242|6|1416
30.181299209594727|6|1417
21.02448081970215|6|1418
13.208593368530273|6|1419
6.219677448272705|6|1420
2.8330342769622803|23|1421
3.5600836277008057|23|1422
7.693666458129883|30|1423
57.335296630859375|11|1424
127.83417510986328|11|1425
194.26577758789062|7|1426
291.2882995605469|6|1427
306.8214416503906|6|1428
221.01837158203125|5|1429
201.25839233398438|5|1430
231.45733642578125|5|1431
143.7442626953125|6|1432
66.92218780517578|12|1433
57.95955276489258|73|1434
51.90769577026367|98|1435
52.56283187866211|73|1436
48.004451751708984|72|1437
28.890172958374023|49|1438
11.387320518493652|25|1439
7.153979778289795|556|1440
4.365366458892822|550|1441
3.3043510913848877|549|1442
5.130044460296631|218|1443
14.284144401550293|209|1444
18.55619239807129|208|1445
27.58735466003418|25|1446
75.06527709960938|26|1447
83.82584381103516|26|1448
86.26611328125|49|1449
92.13909912109375|49|1450
127.90937042236328|11|1451
157.2086944580078|10|1452
272.9779357910156|7|1453
319.64117431640625|6|1454
244.56533813476562|5|1455
200.77279663085938|5|1456
175.86923217773438|5|1457
132.09327697753906|5|1458
96.90287017822266|9|1459
94.7550048828125|54|1460
72.38815307617188|27|1461
68.61822509765625|27|1462
74.66178894042969|9|1463
129.4867401123047|9|1464
172.55670166015625|9|1465
171.67576599121094|9|1466
159.0653839111328|9|1467
145.50210571289062|9|1468
128.46897888183594|9|1469
110.35189819335938|9|1470
90.4027328491211|9|1471
118.08590698242188|9|1472
171.2572784423828|9|1473
165.68138122558594|9|1474
152.97354125976562|9|1475
112.8402099609375|9|1476
93.27310180664062|11|1477
135.432373046875|10|1478
220.21559143066406|7|1479
307.1727600097656|6|1480
267.8067932128906|6|1481
260.36053466796875|5|1482
238.50048828125|5|1483
193.20614624023438|5|1484
94.99267578125|5|1485
66.5390853881836|55|1486
65.85652160644531|55|1487
73.7908706665039|54|1488
71.34883117675781|54|1489
88.99784088134766|8|1490
159.6267547607422|8|1491
175.1090850830078|8|1492
168.8085479736328|8|1493
156.32186889648438|8|1494
138.05169677734375|8|1495
114.87757873535156|8|1496
93.09059143066406|8|1497
79.09127044677734|55|1498
77.10208892822266|55|1499
75.9629898071289|55|1500
73.43415069580078|55|1501
74.27577209472656|27|1502
113.72935485839844|28|1503
143.7204132080078|11|1504
191.65956115722656|7|1505
284.7972717285156|6|1506
314.5753479003906|6|1507
271.76531982421875|5|1508
246.06077575683594|5|1509
229.25440979003906|5|1510
156.13427734375|6|1511
205.32357788085938|8|1512
206.12423706054688|8|1513
191.1619110107422|8|1514
173.4216766357422|8|1515
155.84535217285156|8|1516
130.93927001953125|8|1517
108.58906555175781|8|1518
90.6580581665039|8|1519
69.97714233398438|8|1520
53.205474853515625|8|1521
39.55025863647461|8|1522
27.80056381225586|8|1523
18.048717498779297|8|1524
11.742609977722168|23|1525
13.831594467163086|23|1526
12.408684730529785|23|1527
9.587835311889648|23|1528
21.497215270996094|11|1529
100.33206176757812|11|1530
128.72097778320312|10|1531
241.72314453125|7|1532
319.7886657714844|6|1533
258.5434265136719|5|1534
242.28514099121094|5|1535
218.7705078125|5|1536
158.13943481445312|5|1537
75.42683410644531|8|1538
53.3021240234375|8|1539
39.119510650634766|8|1540
27.314990997314453|8|1541
51.27382278442383|8|1542
147.89828491210938|8|1543
206.47116088867188|8|1544
209.02093505859375|8|1545
199.32278442382812|8|1546
177.9634246826172|8|1547
153.6650390625|8|1548
128.21337890625|8|1549
123.33290100097656|8|1550
179.81712341308594|8|1551
227.0469207763672|8|1552
222.78631591796875|8|1553
201.22491455078125|8|1554
153.54959106445312|8|1555
83.99420166015625|12|1556
156.4531707763672|10|1557
220.07748413085938|7|1558
302.8512878417969|6|1559
302.6222229003906|6|1560
255.47752380371094|5|1561
243.3243865966797|5|1562
208.39804077148438|5|1563
95.89149475097656|5|1564
91.42030334472656|7|1565
73.8230209350586|7|1566
64.73882293701172|7|1567
52.42909240722656|7|1568
43.801143646240234|7|1569
34.99842834472656|7|1570
72.21237182617188|50|1571
104.1395034790039|50|1572
103.0692367553711|49|1573
118.61474609375|49|1574
81.20162963867188|49|1575
59.951290130615234|26|1576
114.98101806640625|8|1577
172.1549530029297|7|1578
175.86961364746094|7|1579
161.26351928710938|7|1580
138.03016662597656|7|1581
82.68370819091797|28|1582
112.20944213867188|11|1583
150.56100463867188|7|1584
255.9825439453125|6|1585
306.6455993652344|6|1586
260.5723571777344|5|1587
240.48126220703125|5|1588
215.45449829101562|5|1589
137.95570373535156|5|1590
70.1262435913086|82|1591
65.68482971191406|54|1592
80.53717803955078|54|1593
62.72671127319336|53|1594
51.418426513671875|11|1595
131.96682739257812|12|1596
173.98362731933594|12|1597
170.06246948242188|12|1598
161.2467498779297|12|1599
142.99488830566406|12|1600
119.53384399414062|12|1601
95.44186401367188|12|1602
76.58078002929688|12|1603
75.3976821899414|55|1604
70.3832015991211|54|1605
89.68655395507812|54|1606
101.06099700927734|54|1607
118.62673950195312|54|1608
108.63593292236328|54|1609
161.0186767578125|10|1610
261.76336669921875|7|1611
335.57421875|6|1612
272.1622619628906|5|1613
260.4732666015625|5|1614
237.52157592773438|5|1615
224.72056579589844|5|1616
208.93138122558594|6|1617
184.95956420898438|6|1618
147.8257598876953|6|1619
140.89385986328125|6|1620
133.06980895996094|6|1621
119.3984375|6|1622
104.14925384521484|6|1623
87.10196685791016|6|1624
69.5732650756836|6|1625
55.783138275146484|6|1626
42.234405517578125|6|1627
30.77562141418457|6|1628
21.335315704345703|6|1629
13.310275077819824|6|1630
6.409704685211182|6|1631
2.6653265953063965|22|1632
3.697223663330078|23|1633
8.711051940917969|24|1634
58.41569519042969|11|1635
121.76825714111328|11|1636
196.96530151367188|7|1637
290.9243469238281|6|1638
292.4870910644531|6|1639
212.87684631347656|5|1640
197.68104553222656|5|1641
220.29486083984375|5|1642
135.36561584472656|6|1643
68.08822631835938|49|1644
75.11490631103516|74|1645
65.2975845336914|73|1646
68.86150360107422|72|1647
67.4621810913086|72|1648
108.67918395996094|10|1649
132.15341186523438|10|1650
140.7176055908203|10|1651
130.37213134765625|10|1652
87.60462188720703|9|1653
72.20764923095703|9|1654
57.682254791259766|9|1655
82.56404876708984|9|1656
145.1920623779297|8|1657
184.73281860351562|8|1658
173.6514434814453|8|1659
161.31373596191406|7|1660
121.46300506591797|7|1661
134.7918701171875|49|1662
154.59573364257812|7|1663
264.9789733886719|7|1664
314.6963195800781|6|1665
237.73854064941406|5|1666
195.83702087402344|5|1667
176.62828063964844|5|1668
132.22085571289062|5|1669
82.43424224853516|9|1670
70.36460876464844|9|1671
69.70665740966797|28|1672
74.57342529296875|28|1673
75.99384307861328|9|1674
134.02978515625|9|1675
170.50294494628906|9|1676
165.71595764160156|9|1677
156.36892700195312|9|1678
144.97885131835938|9|1679
130.38815307617188|9|1680
112.79269409179688|9|1681
103.51271057128906|9|1682
151.18739318847656|9|1683
177.4760284423828|9|1684
164.6544952392578|9|1685
151.46881103515625|9|1686
106.73743438720703|9|1687
97.66975402832031|11|1688
137.95877075195312|10|1689
229.20413208007812|7|1690
316.3609619140625|6|1691
264.15057373046875|6|1692
257.1817932128906|5|1693
231.52867126464844|5|1694
180.7776641845703|5|1695
85.21502685546875|5|1696
31.779279708862305|5|1697
22.63063621520996|5|1698
14.928984642028809|4|1699
24.365726470947266|9|1700
101.9334716796875|8|1701
176.9163360595703|8|1702
194.28115844726562|8|1703
185.1991729736328|8|1704
167.05282592773438|8|1705
143.95242309570312|8|1706
117.65650177001953|8|1707
92.70024108886719|8|1708
72.85994720458984|8|1709
55.32558822631836|8|1710
40.81435775756836|8|1711
27.972904205322266|8|1712
17.619152069091797|8|1713
55.562076568603516|11|1714
153.39979553222656|11|1715
203.722900390625|7|1716
299.9336242675781|6|1717
313.06201171875|6|1718
270.5829162597656|5|1719
243.34120178222656|5|1720
223.8900909423828|5|1721
143.63328552246094|6|1722
201.0895538330078|8|1723
201.14414978027344|8|1724
191.6421661376953|8|1725
178.0283660888672|8|1726
159.55418395996094|8|1727
136.5524139404297|8|1728
119.75725555419922|8|1729
101.48847198486328|8|1730
78.34162902832031|8|1731
60.56227111816406|8|1732
42.983829498291016|8|1733
34.66007614135742|13|1734
104.93133544921875|10|1735
144.19093322753906|10|1736
140.76576232910156|10|1737
135.51577758789062|10|1738
137.22621154785156|10|1739
135.1068115234375|10|1740
188.08050537109375|10|1741
207.69564819335938|10|1742
235.93077087402344|7|1743
294.36968994140625|6|1744
238.9878692626953|5|1745
228.45382690429688|5|1746
209.32785034179688|5|1747
148.7135467529297|5|1748
73.39397430419922|8|1749
54.02549362182617|36|1750
48.64271545410156|36|1751
39.24129104614258|36|1752
48.93290710449219|8|1753
139.83029174804688|8|1754
187.766357421875|8|1755
187.31553649902344|8|1756
176.93565368652344|8|1757
152.78021240234375|8|1758
129.86302185058594|8|1759
105.54967498779297|8|1760
104.63441467285156|8|1761
167.64675903320312|8|1762
209.22576904296875|8|1763
197.0771942138672|8|1764
176.82235717773438|8|1765
134.47738647460938|8|1766
87.71009063720703|12|1767
160.93243408203125|10|1768
225.1038360595703|7|1769
299.93536376953125|6|1770
288.3771057128906|6|1771
250.61672973632812|5|1772
236.01158142089844|5|1773
195.48236083984375|5|1774
84.95234680175781|5|1775
88.08218383789062|7|1776
73.08663940429688|7|1777
64.64366912841797|7|1778
52.81817626953125|7|1779
43.777896881103516|7|1780
34.650821685791016|7|1781
31.627853393554688|50|1782
93.57646179199219|50|1783
117.6845703125|50|1784
104.43323516845703|49|1785
78.66864013671875|50|1786
65.81571960449219|26|1787
87.4297103881836|15|1788
134.56210327148438|7|1789
162.78778076171875|7|1790
153.98028564453125|7|1791
133.56570434570312|7|1792
87.53421783447266|27|1793
110.16139221191406|11|1794
160.7327117919922|7|1795
264.53179931640625|6|1796
303.279541015625|6|1797
256.7010803222656|5|1798
234.11305236816406|5|1799
207.6579132080078|5|1800
128.22047424316406|5|1801
83.93612670898438|56|1802
91.41887664794922|56|1803
59.93168640136719|53|1804
45.88509750366211|26|1805
57.800926208496094|11|1806
140.70516967773438|12|1807
179.641357421875|12|1808
164.7462615966797|12|1809
147.70713806152344|12|1810
123.38396453857422|12|1811
98.41361999511719|12|1812
81.24272155761719|6|1813
68.65360260009766|28|1814
70.73484802246094|28|1815
58.6329231262207|27|1816
35.755714416503906|53|1817
18.292102813720703|6|1818
26.16152000427246|12|1819
108.48924255371094|11|1820
163.2605743408203|10|1821
257.69183349609375|7|1822
319.5259704589844|6|1823
260.8197937011719|5|1824
247.1647186279297|5|1825
226.93972778320312|5|1826
213.72900390625|5|1827
211.64952087402344|6|1828
186.20401000976562|6|1829
157.53018188476562|6|1830
151.15713500976562|6|1831
140.08529663085938|6|1832
126.60309600830078|6|1833
112.10354614257812|6|1834
92.86858367919922|6|1835
72.13755798339844|6|1836
56.7895393371582|6|1837
43.373687744140625|6|1838
31.772031784057617|6|1839
21.136083602905273|6|1840
12.130680084228516|6|1841
5.353403568267822|6|1842
2.9109182357788086|23|1843
3.5751490592956543|47|1844
10.266377449035645|24|1845
66.25038146972656|11|1846
127.88252258300781|10|1847
198.640380859375|7|1848
297.5390319824219|6|1849
289.5123291015625|6|1850
209.64096069335938|5|1851
196.23231506347656|5|1852
218.14727783203125|5|1853
131.9574432373047|6|1854
59.34282302856445|12|1855
45.97906494140625|97|1856
55.3846549987793|97|1857
47.659114837646484|97|1858
63.251708984375|72|1859
54.6952018737793|72|1860
45.17810821533203|24|1861
60.130584716796875|24|1862
69.10173797607422|24|1863
70.2977294921875|24|1864
71.76355743408203|24|1865
72.88439178466797|24|1866
74.99742126464844|24|1867
77.03730010986328|25|1868
51.83704376220703|73|1869
59.37759017944336|73|1870
45.57888412475586|73|1871
37.231224060058594|12|1872
133.33682250976562|11|1873
166.50039672851562|7|1874
270.84686279296875|6|1875
313.06640625|6|1876
236.39602661132812|5|1877
193.49899291992188|5|1878
173.64476013183594|5|1879
126.78528594970703|5|1880
86.10962677001953|9|1881
74.17529296875|9|1882
64.48896789550781|191|1883
57.214176177978516|9|1884
78.74846649169922|9|1885
133.8826141357422|9|1886
169.67971801757812|9|1887
166.4963836669922|9|1888
157.0594482421875|9|1889
146.6291046142578|9|1890
133.73175048828125|9|1891
115.4577865600586|9|1892
105.95767211914062|9|1893
154.2667236328125|9|1894
180.3218994140625|9|1895
168.2992706298828|9|1896
156.08128356933594|9|1897
108.96318817138672|9|1898
95.84288024902344|11|1899
129.0086212158203|10|1900
224.63328552246094|7|1901
310.66162109375|6|1902
255.8388214111328|5|1903
247.75108337402344|5|1904
227.16195678710938|5|1905
175.3520965576172|5|1906
79.43367004394531|5|1907
30.344669342041016|5|1908
21.40104103088379|4|1909
13.92373275756836|4|1910
26.609182357788086|9|1911
101.96736907958984|8|1912
166.85995483398438|8|1913
175.82772827148438|8|1914
165.75595092773438|8|1915
150.48365783691406|8|1916
127.89788818359375|8|1917
105.98054504394531|25|1918
96.75737762451172|26|1919
84.39183044433594|27|1920
86.93238067626953|27|1921
99.99569702148438|28|1922
96.6610107421875|28|1923
101.40535736083984|28|1924
133.0766143798828|28|1925
150.78176879882812|10|1926
209.11798095703125|7|1927
296.82806396484375|6|1928
301.3388671875|6|1929
271.3974609375|5|1930
241.4582061767578|5|1931
213.77752685546875|5|1932
129.3631591796875|6|1933
210.23658752441406|8|1934
212.4774627685547|8|1935
201.73297119140625|8|1936
186.01036071777344|8|1937
166.67205810546875|8|1938
143.0192108154297|8|1939
123.197998046875|8|1940
100.9801025390625|8|1941
76.12670135498047|8|1942
58.14396286010742|8|1943
43.26063537597656|8|1944
29.817745208740234|8|1945
18.473852157592773|8|1946
11.742843627929688|23|1947
13.256967544555664|23|1948
11.627777099609375|23|1949
8.336187362670898|31|1950
25.93338966369629|11|1951
104.01158905029297|11|1952
131.1422119140625|7|1953
242.85743713378906|6|1954
314.07366943359375|6|1955
257.57598876953125|5|1956
239.6023712158203|5|1957
216.42984008789062|5|1958
148.82315063476562|5|1959
65.92974853515625|8|1960
44.91071701049805|8|1961
32.27745056152344|8|1962
22.871212005615234|8|1963
57.563018798828125|8|1964
150.92050170898438|8|1965
194.05380249023438|8|1966
188.0747528076172|8|1967
172.8270721435547|8|1968
146.01214599609375|8|1969
121.49333190917969|8|1970
97.52327728271484|8|1971
103.44869232177734|8|1972
171.4679412841797|8|1973
209.0753936767578|8|1974
195.60951232910156|8|1975
172.99954223632812|8|1976
128.8411102294922|8|1977
91.427978515625|12|1978
170.0338134765625|10|1979
227.53604125976562|7|1980
306.7912902832031|6|1981
290.3973693847656|6|1982
249.39813232421875|5|1983
235.4295654296875|5|1984
192.50924682617188|5|1985
86.95198059082031|7|1986
92.40458679199219|7|1987
76.32247161865234|7|1988
65.70613098144531|7|1989
54.038448333740234|7|1990
45.01245880126953|7|1991
35.49301528930664|7|1992
52.52412414550781|73|1993
69.89087677001953|74|1994
62.90437316894531|75|1995
44.3906364440918|78|1996
37.556861877441406|196|1997
42.67406463623047|15|1998
122.03091430664062|15|1999
146.66741943359375|14|2000
171.51490783691406|7|2001
160.4905242919922|7|2002
137.4663848876953|7|2003
77.92718505859375|14|2004
118.047607421875|11|2005
167.2032012939453|7|2006
270.9942932128906|6|2007
295.0977783203125|6|2008
256.7944030761719|5|2009
235.84056091308594|5|2010
205.60116577148438|5|2011
122.73243713378906|5|2012
58.78750228881836|83|2013
49.85942840576172|83|2014
54.24297332763672|55|2015
55.47921371459961|54|2016
55.920955657958984|7|2017
115.27130126953125|12|2018
137.32034301757812|12|2019
148.61203002929688|49|2020
154.26177978515625|49|2021
115.90831756591797|49|2022
91.6202621459961|6|2023
75.68345642089844|6|2024
68.12062072753906|28|2025
83.39906311035156|28|2026
80.39350891113281|28|2027
88.248291015625|27|2028
93.9557876586914|27|2029
84.87687683105469|28|2030
117.5570297241211|11|2031
159.69973754882812|10|2032
268.9002380371094|7|2033
331.0823974609375|6|2034
268.72357177734375|5|2035
251.0529022216797|5|2036
233.78440856933594|5|2037
212.9392852783203|5|2038
213.98703002929688|6|2039
182.42965698242188|6|2040
158.5132598876953|6|2041
153.11474609375|6|2042
139.89093017578125|6|2043
123.3614273071289|6|2044
106.15139770507812|6|2045
88.58305358886719|6|2046
71.7910385131836|6|2047
56.922481536865234|6|2048
41.75309371948242|6|2049
29.75933074951172|6|2050
20.357215881347656|6|2051
12.160527229309082|6|2052
5.174128532409668|6|2053
3.292288303375244|23|2054
5.533598899841309|865|2055
10.923026084899902|24|2056
68.67478942871094|11|2057
119.79800415039062|11|2058
209.7998504638672|7|2059
300.43988037109375|6|2060
285.4918212890625|6|2061
207.27011108398438|5|2062
185.85910034179688|5|2063
207.84152221679688|5|2064
125.8609390258789|6|2065
53.881629943847656|73|2066
71.21578216552734|74|2067
79.2127685546875|75|2068
81.57767486572266|74|2069
66.54364776611328|73|2070
68.84297180175781|72|2071
66.320068359375|47|2072
44.40874481201172|24|2073
37.9869270324707|22|2074
36.99787521362305|21|2075
31.100326538085938|21|2076
20.201276779174805|25|2077
57.75186538696289|49|2078
121.72036743164062|49|2079
149.27210998535156|49|2080
139.0216064453125|49|2081
131.59156799316406|49|2082
123.59850311279297|49|2083
141.01043701171875|11|2084
177.31781005859375|7|2085
280.04486083984375|6|2086
313.874267578125|6|2087
240.41514587402344|5|2088
193.54092407226562|5|2089
169.23902893066406|5|2090
116.95964813232422|5|2091
88.88147735595703|9|2092
77.34249877929688|9|2093
66.02056884765625|9|2094
75.2130126953125|55|2095
112.19468688964844|54|2096
94.2837142944336|54|2097
64.48973846435547|55|2098
84.83075714111328|55|2099
61.06513595581055|55|2100
52.12812805175781|83|2101
59.50006103515625|82|2102
65.14920806884766|82|2103
72.74961853027344|82|2104
78.32073974609375|82|2105
70.87416076660156|82|2106
73.72994232177734|81|2107
46.637908935546875|81|2108
39.81877517700195|29|2109
52.99835205078125|29|2110
55.41520690917969|29|2111
51.511260986328125|29|2112
36.12794876098633|29|2113
30.680156707763672|28|2114
19.363683700561523|28|2115
20.802461624145508|92|2116
14.945120811462402|91|2117
21.336212158203125|61|2118
21.19440269470215|61|2119
18.956287384033203|60|2120
20.13845443725586|87|2121
26.697616577148438|87|2122
18.402055740356445|87|2123
20.34300422668457|57|2124
29.12713623046875|57|2125
25.25100326538086|57|2126
17.501386642456055|82|2127
20.502525329589844|82|2128
18.21681022644043|81|2129
21.67780113220215|54|2130
31.68368148803711|54|2131
27.56735610961914|54|2132
16.42974090576172|78|2133
23.137971878051758|77|2134
21.60535430908203|77|2135
18.17389488220215|191|2136
12.432879447937012|192|2137
12.77449893951416|187|2138
13.658210754394531|183|2139
16.697900772094727|73|2140
17.137004852294922|73|2141
25.269052505493164|95|2142
50.797000885009766|95|2143
53.19328308105469|91|2144
33.99314498901367|85|2145
39.34650421142578|49|2146
58.20473098754883|49|2147
71.69703674316406|29|2148
96.68903350830078|30|2149
115.09962463378906|32|2150
99.07868194580078|32|2151
129.11981201171875|32|2152
186.7295684814453|32|2153
199.4906005859375|32|2154
180.94967651367188|32|2155
126.63445281982422|33|2156
69.70539855957031|33|2157
65.0308609008789|65|2158
62.10896682739258|63|2159
77.41651153564453|30|2160
60.36103820800781|30|2161
59.49782180786133|27|2162
69.75716400146484|25|2163
61.5063591003418|25|2164
76.08830261230469|31|2165
109.43875885009766|64|2166
125.53898620605469|65|2167
121.10082244873047|65|2168
102.57418823242188|65|2169
108.8239974975586|66|2170
106.06686401367188|66|2171
119.41295623779297|65|2172
133.2366485595703|65|2173
130.06405639648438|64|2174
140.6683349609375|64|2175
89.11119079589844|64|2176
66.1830825805664|33|2177
92.25753021240234|33|2178
90.53044891357422|33|2179
90.88961791992188|63|2180
99.37504577636719|64|2181
93.3568344116211|65|2182
66.25214385986328|65|2183
56.163330078125|65|2184
48.03401184082031|62|2185
34.818634033203125|35|2186
32.07944107055664|35|2187
23.642566680908203|36|2188
99.2590103149414|11|2189
165.0794219970703|10|2190
225.4805450439453|7|2191
291.2254638671875|6|2192
273.8539733886719|6|2193
232.9796905517578|5|2194
217.64645385742188|5|2195
168.77471923828125|5|2196
105.9997329711914|43|2197
146.7420196533203|43|2198
139.2173309326172|43|2199
120.67886352539062|43|2200
99.53450775146484|43|2201
75.1200942993164|43|2202
125.28340148925781|36|2203
158.67581176757812|36|2204
160.9100341796875|36|2205
139.4683074951172|36|2206
143.37832641601562|37|2207
146.0252685546875|36|2208
156.72930908203125|36|2209
127.87345123291016|36|2210
142.0718994140625|7|2211
145.54737854003906|7|2212
141.41357421875|7|2213
120.96159362792969|7|2214
72.72867584228516|65|2215
101.99624633789062|10|2216
182.95188903808594|7|2217
271.5779724121094|6|2218
279.9703674316406|6|2219
242.10446166992188|5|2220
215.4140167236328|5|2221
184.03941345214844|5|2222
104.95817565917969|5|2223
94.88732147216797|27|2224
93.55940246582031|27|2225
108.39578247070312|27|2226
109.45742797851562|27|2227
84.90304565429688|27|2228
81.95684814453125|54|2229
146.29254150390625|6|2230
149.30189514160156|6|2231
138.452880859375|6|2232
129.96730041503906|6|2233
116.5593032836914|6|2234
103.63803100585938|6|2235
95.92066192626953|6|2236
91.72989654541016|81|2237
75.78105926513672|6|2238
63.675498962402344|6|2239
72.87429809570312|31|2240
65.34495544433594|30|2241
109.23712921142578|11|2242
142.81532287597656|10|2243
249.11048889160156|7|2244
306.5191955566406|6|2245
256.07037353515625|5|2246
241.496826171875|5|2247
212.54580688476562|5|2248
139.7469024658203|5|2249
123.1343765258789|6|2250
151.13185119628906|6|2251
146.46311950683594|6|2252
145.09291076660156|6|2253
131.0223388671875|6|2254
109.15570068359375|6|2255
101.04008483886719|49|2256
75.37525177001953|6|2257
85.46134948730469|25|2258
101.51817321777344|25|2259
91.547607421875|27|2260
50.64830017089844|109|2261
56.96837615966797|54|2262
63.88515853881836|80|2263
52.46355438232422|26|2264
90.86021423339844|27|2265
61.92405700683594|26|2266
62.10810470581055|22|2267
85.35429382324219|21|2268
115.55134582519531|10|2269
199.33126831054688|7|2270
260.31494140625|6|2271
221.9951171875|5|2272
251.75845336914062|5|2273
242.7863006591797|5|2274
143.98130798339844|5|2275
145.2506866455078|54|2276
139.88800048828125|54|2277
131.04400634765625|54|2278
113.99349212646484|54|2279
79.89601135253906|53|2280
95.32801818847656|49|2281
135.64706420898438|49|2282
121.99198913574219|48|2283
101.51321411132812|48|2284
82.28797912597656|48|2285
69.2216567993164|84|2286
51.43492889404297|83|2287
47.85933303833008|54|2288
43.513587951660156|28|2289
39.862850189208984|24|2290
34.4617919921875|24|2291
30.349140167236328|24|2292
24.75070571899414|24|2293
57.22990036010742|25|2294
135.74037170410156|11|2295
176.37930297851562|7|2296
263.0461730957031|6|2297
272.8493957519531|6|2298
210.04473876953125|5|2299
174.30484008789062|5|2300
155.43263244628906|5|2301
105.6158447265625|5|2302
170.7730255126953|43|2303
175.6408233642578|43|2304
156.16844177246094|43|2305
132.7415313720703|43|2306
108.168701171875|43|2307
150.36129760742188|9|2308
187.33853149414062|9|2309
176.7296905517578|9|2310
157.5872802734375|9|2311
143.6433868408203|9|2312
128.394775390625|9|2313
112.50243377685547|9|2314
101.43034362792969|49|2315
151.01495361328125|36|2316
180.69723510742188|36|2317
175.42312622070312|36|2318
161.05178833007812|36|2319
116.6906509399414|36|2320
88.6857681274414|11|2321
108.55284881591797|10|2322
226.8976593017578|7|2323
289.2334899902344|6|2324
235.513916015625|5|2325
223.51336669921875|5|2326
199.51382446289062|5|2327
142.1020050048828|5|2328
78.57308197021484|23|2329
121.99490356445312|44|2330
125.85175323486328|43|2331
93.52153015136719|43|2332
51.48930740356445|43|2333
89.38912200927734|7|2334
157.00547790527344|8|2335
171.41510009765625|8|2336
170.94564819335938|8|2337
163.26161193847656|8|2338
149.3202667236328|8|2339
132.74691772460938|8|2340
120.1545181274414|8|2341
110.59285736083984|8|2342
98.28570556640625|8|2343
83.18502807617188|8|2344
78.75018310546875|73|2345
63.780757904052734|73|2346
77.62132263183594|12|2347
137.97183227539062|10|2348
210.69732666015625|7|2349
290.8489685058594|6|2350
261.984375|6|2351
233.33273315429688|5|2352
214.69564819335938|5|2353
189.5442657470703|5|2354
132.27374267578125|8|2355
195.80630493164062|8|2356
192.40670776367188|8|2357
181.08973693847656|8|2358
162.9779510498047|8|2359
140.1417236328125|8|2360
122.40320587158203|48|2361
148.5755615234375|48|2362
155.57052612304688|49|2363
133.84274291992188|49|2364
110.14442443847656|49|2365
89.60807800292969|25|2366
82.13335418701172|27|2367
106.21346282958984|28|2368
117.65037536621094|28|2369
148.26715087890625|27|2370
186.3948974609375|27|2371
198.09365844726562|27|2372
169.43133544921875|27|2373
143.19546508789062|27|2374
135.1541748046875|7|2375
235.2239990234375|6|2376
278.5033264160156|6|2377
227.80401611328125|5|2378
209.93067932128906|5|2379
191.34703063964844|5|2380
126.80179595947266|5|2381
171.53785705566406|36|2382
198.11122131347656|36|2383
183.5055389404297|36|2384
151.64295959472656|36|2385
97.27303314208984|36|2386
113.81941986083984|8|2387
145.1566619873047|8|2388
151.33477783203125|8|2389
148.64764404296875|8|2390
132.0713348388672|8|2391
114.7975845336914|8|2392
89.83412170410156|8|2393
82.1839828491211|12|2394
119.77088928222656|8|2395
156.86312866210938|8|2396
159.51243591308594|8|2397
150.34059143066406|8|2398
122.4199447631836|25|2399
89.54747772216797|12|2400
143.33248901367188|10|2401
208.82357788085938|7|2402
273.7171936035156|6|2403
251.62261962890625|6|2404
207.33912658691406|5|2405
190.82655334472656|5|2406
150.0345916748047|5|2407
127.47319793701172|43|2408
162.62574768066406|43|2409
150.9850616455078|43|2410
128.7207794189453|43|2411
102.04251098632812|43|2412
72.98816680908203|43|2413
49.53413772583008|43|2414
51.108299255371094|72|2415
73.90117645263672|72|2416
59.22555923461914|72|2417
40.836910247802734|76|2418
41.39397430419922|83|2419
36.125038146972656|44|2420
91.64287567138672|7|2421
135.7429962158203|7|2422
136.93295288085938|7|2423
133.73696899414062|7|2424
113.57282257080078|7|2425
57.23497772216797|7|2426
98.82164001464844|10|2427
173.13772583007812|7|2428
253.81944274902344|6|2429
250.48768615722656|6|2430
224.7831573486328|5|2431
202.4219970703125|5|2432
170.02676391601562|5|2433
133.2626495361328|27|2434
80.6054458618164|27|2435
61.763916015625|49|2436
88.69107818603516|73|2437
94.15494537353516|73|2438
80.51919555664062|73|2439
124.41133880615234|6|2440
136.371826171875|6|2441
122.45919799804688|6|2442
117.84632110595703|6|2443
116.10612487792969|6|2444
108.96285247802734|6|2445
95.50370788574219|6|2446
81.81594848632812|6|2447
73.886962890625|6|2448
66.95535278320312|6|2449
57.75348663330078|6|2450
47.27200698852539|6|2451
52.5629768371582|26|2452
106.98065948486328|11|2453
137.06576538085938|7|2454
237.97515869140625|7|2455
286.753173828125|6|2456
237.29336547851562|5|2457
220.59591674804688|5|2458
193.93577575683594|5|2459
122.7557373046875|5|2460
113.52936553955078|6|2461
142.84678649902344|6|2462
139.0301513671875|36|2463
130.7643280029297|36|2464
121.22016906738281|6|2465
107.57902526855469|6|2466
90.16463470458984|6|2467
141.94329833984375|24|2468
150.9903564453125|24|2469
131.11973571777344|24|2470
111.55506896972656|25|2471
87.2319107055664|27|2472
115.34680938720703|28|2473
151.97772216796875|27|2474
165.1972198486328|27|2475
155.85733032226562|27|2476
180.54791259765625|27|2477
201.94451904296875|27|2478
190.91775512695312|27|2479
183.89443969726562|27|2480
187.3760528564453|7|2481
246.01222229003906|6|2482
214.81581115722656|5|2483
247.3365020751953|5|2484
234.4643096923828|5|2485
128.81507873535156|5|2486
53.77845001220703|5|2487
70.71662902832031|6|2488
68.99161529541016|6|2489
52.35223388671875|6|2490
45.81416702270508|20|2491
66.70809173583984|48|2492
113.0073013305664|54|2493
139.4735565185547|55|2494
96.48409271240234|48|2495
76.2804946899414|48|2496
90.7669906616211|54|2497
103.94009399414062|54|2498
109.49844360351562|55|2499
115.3923568725586|55|2500
127.38341522216797|55|2501
130.97825622558594|55|2502
126.63790130615234|55|2503
123.49205017089844|54|2504
105.64800262451172|54|2505
135.0956268310547|11|2506
179.00843811035156|7|2507
271.32550048828125|6|2508
272.2211608886719|6|2509
210.9494171142578|5|2510
173.70108032226562|5|2511
149.20660400390625|5|2512
96.70887756347656|5|2513
153.70632934570312|43|2514
147.51861572265625|43|2515
122.22279357910156|43|2516
98.7655258178711|43|2517
77.90554809570312|43|2518
122.09812927246094|9|2519
149.17213439941406|9|2520
148.5174560546875|9|2521
138.64852905273438|9|2522
130.0482635498047|9|2523
117.86478424072266|9|2524
98.47710418701172|9|2525
91.79483032226562|9|2526
148.59115600585938|36|2527
158.98614501953125|36|2528
147.22821044921875|36|2529
127.75017547607422|9|2530
88.19715881347656|36|2531
92.91931915283203|11|2532
106.57471466064453|10|2533
215.3867645263672|7|2534
273.0407409667969|6|2535
227.63204956054688|5|2536
212.14227294921875|5|2537
186.76055908203125|5|2538
129.8125457763672|5|2539
113.30911254882812|48|2540
115.96502685546875|48|2541
103.77022552490234|48|2542
93.08413696289062|73|2543
99.7403564453125|73|2544
92.3603286743164|73|2545
164.7818603515625|8|2546
175.0815887451172|8|2547
168.15431213378906|8|2548
156.8467559814453|8|2549
141.53807067871094|8|2550
128.7813262939453|8|2551
123.28874969482422|8|2552
128.94517517089844|43|2553
155.30128479003906|43|2554
140.0585174560547|43|2555
112.52830505371094|43|2556
73.72706604003906|43|2557
76.87965393066406|12|2558
131.22998046875|10|2559
208.61880493164062|7|2560
288.65203857421875|6|2561
250.7423553466797|6|2562
225.00177001953125|5|2563
207.0741729736328|5|2564
170.59649658203125|5|2565
96.43559265136719|8|2566
158.69337463378906|8|2567
158.64109802246094|8|2568
148.2215118408203|8|2569
134.7541046142578|8|2570
118.16767120361328|8|2571
120.82571411132812|48|2572
128.878173828125|48|2573
107.72920227050781|48|2574
83.1915512084961|48|2575
68.08528137207031|32|2576
101.37635040283203|32|2577
120.80265045166016|32|2578
103.100341796875|33|2579
73.76375579833984|65|2580
76.03508758544922|178|2581
77.58751678466797|178|2582
59.063812255859375|178|2583