My Feelings
Serhat Durmus, Raaban
Georgi Kay
EDM
my_feelings
1025x2584
2584

5.99784470978193e-06|961|0
4.5668959501199424e-05|963|1
8.489287574775517e-05|949|2
8.811885345494375e-05|800|3
0.00010330907389288768|792|4
0.09128721058368683|29|5
2.704662799835205|31|6
7.330991268157959|31|7
8.45792007446289|31|8
7.286596775054932|31|9
5.847665309906006|31|10
6.061179161071777|26|11
7.742725849151611|26|12
8.013699531555176|26|13
7.570315361022949|26|14
5.583725452423096|25|15
6.902838706970215|30|16
9.62119197845459|30|17
10.431727409362793|39|18
17.418405532836914|39|19
18.772705078125|39|20
17.501562118530273|39|21
15.091425895690918|39|22
12.508386611938477|39|23
9.422152519226074|39|24
6.157282829284668|39|25
3.393164873123169|39|26
11.783913612365723|26|27
41.97144317626953|26|28
67.68814849853516|26|29
72.05339050292969|26|30
67.34262084960938|26|31
55.217281341552734|26|32
41.7037353515625|26|33
32.7919921875|26|34
29.256717681884766|26|35
28.937591552734375|26|36
31.747499465942383|26|37
31.408401489257812|26|38
31.898582458496094|26|39
31.87016487121582|26|40
21.023347854614258|26|41
31.74808692932129|31|42
74.02970886230469|31|43
107.61003875732422|31|44
112.91047668457031|31|45
106.59253692626953|31|46
84.16930389404297|31|47
61.38181686401367|31|48
48.37485122680664|31|49
34.40544509887695|31|50
26.44637680053711|31|51
24.654367446899414|30|52
27.924943923950195|30|53
28.003276824951172|30|54
26.478973388671875|30|55
33.19599914550781|30|56
42.218238830566406|30|57
95.40431213378906|39|58
129.3860626220703|39|59
126.71967315673828|39|60
108.34366607666016|39|61
83.25312805175781|39|62
59.476043701171875|39|63
34.38731384277344|39|64
24.673583984375|30|65
23.287343978881836|39|66
39.070980072021484|38|67
77.77418518066406|26|68
99.718505859375|26|69
96.18412780761719|26|70
83.71841430664062|26|71
69.91815948486328|39|72
54.91133117675781|38|73
37.18754577636719|38|74
32.20808792114258|31|75
38.622344970703125|31|76
39.96327209472656|31|77
34.740299224853516|30|78
32.00450897216797|38|79
28.152381896972656|38|80
20.330995559692383|26|81
42.4091682434082|31|82
94.69920349121094|31|83
116.71192169189453|31|84
115.68984985351562|31|85
103.41098022460938|31|86
78.47770690917969|31|87
60.337894439697266|31|88
48.729434967041016|31|89
35.116905212402344|31|90
28.913007736206055|31|91
24.842073440551758|30|92
25.017559051513672|39|93
21.898265838623047|30|94
22.629871368408203|30|95
28.682689666748047|30|96
48.21516036987305|39|97
105.82489013671875|39|98
125.60334777832031|39|99
115.03627014160156|39|100
91.65475463867188|39|101
67.22798919677734|39|102
46.24159622192383|39|103
27.428064346313477|39|104
16.606975555419922|39|105
21.133142471313477|39|106
34.9337272644043|26|107
71.22026824951172|26|108
81.9914779663086|26|109
78.05729675292969|26|110
66.73707580566406|26|111
50.446311950683594|26|112
35.852256774902344|26|113
30.799808502197266|31|114
30.23358154296875|31|115
34.915489196777344|31|116
34.73534393310547|30|117
28.28986358642578|30|118
29.607751846313477|38|119
23.067874908447266|38|120
16.807024002075195|31|121
46.66713333129883|31|122
87.78243255615234|31|123
99.14276123046875|31|124
96.71371459960938|31|125
82.80155944824219|31|126
61.15066909790039|31|127
47.972843170166016|31|128
37.48179244995117|31|129
26.519147872924805|31|130
22.51641082763672|31|131
21.179786682128906|39|132
21.903709411621094|39|133
18.0555419921875|39|134
20.005916595458984|30|135
26.640352249145508|30|136
54.03034591674805|39|137
97.14872741699219|39|138
104.4527816772461|39|139
91.8000259399414|39|140
71.0437240600586|39|141
51.86489486694336|39|142
34.111724853515625|39|143
19.496023178100586|39|144
15.199912071228027|39|145
22.145709991455078|39|146
41.23591995239258|26|147
71.36143493652344|26|148
76.03517150878906|26|149
71.42356872558594|26|150
58.655181884765625|26|151
43.405460357666016|26|152
31.618833541870117|26|153
27.1339111328125|31|154
28.51580810546875|31|155
33.0752067565918|31|156
30.913532257080078|30|157
24.745779037475586|38|158
24.531536102294922|38|159
18.4693660736084|38|160
18.380577087402344|31|161
55.267879486083984|31|162
89.56172943115234|31|163
95.44644927978516|31|164
91.3214111328125|31|165
74.47454071044922|31|166
55.100162506103516|31|167
44.184471130371094|31|168
33.044219970703125|31|169
24.741365432739258|31|170
20.72687339782715|31|171
20.33575439453125|39|172
19.469083786010742|39|173
17.17070770263672|30|174
21.239124298095703|30|175
27.693899154663086|30|176
63.08533477783203|39|177
96.65445709228516|39|178
97.19727325439453|39|179
83.02546691894531|39|180
63.11823272705078|39|181
46.411460876464844|39|182
29.509113311767578|39|183
16.576688766479492|39|184
15.234722137451172|39|185
21.808324813842773|39|186
49.38628387451172|26|187
72.75140380859375|26|188
73.95243835449219|26|189
67.99632263183594|26|190
54.57720947265625|26|191
39.6534423828125|26|192
28.32501792907715|26|193
25.78507423400879|31|194
28.607139587402344|31|195
31.74861717224121|31|196
28.73857879638672|30|197
25.535751342773438|38|198
23.45935821533203|38|199
16.392515182495117|38|200
23.899795532226562|31|201
64.19798278808594|31|202
90.53802490234375|31|203
92.4642105102539|31|204
85.4588623046875|31|205
67.28780364990234|31|206
50.60675048828125|31|207
40.38230895996094|31|208
29.032146453857422|31|209
22.815927505493164|31|210
18.92247200012207|30|211
20.004301071166992|39|212
17.901357650756836|39|213
17.145296096801758|30|214
22.427627563476562|30|215
28.29800796508789|39|216
73.46800994873047|39|217
97.8155746459961|39|218
93.30487060546875|39|219
76.47518157958984|39|220
56.879005432128906|39|221
40.72054672241211|39|222
24.88645362854004|39|223
14.729448318481445|39|224
16.894790649414062|39|225
24.18742561340332|38|226
57.88501739501953|26|227
74.68567657470703|26|228
72.96392822265625|26|229
64.45552062988281|26|230
49.9169807434082|26|231
35.66249084472656|26|232
26.670005798339844|31|233
25.8972110748291|31|234
29.804397583007812|31|235
30.388381958007812|30|236
26.26071548461914|30|237
25.7606201171875|38|238
21.393997192382812|38|239
15.508610725402832|26|240
32.00777053833008|31|241
72.9581298828125|31|242
91.31260681152344|31|243
91.34335327148438|31|244
82.19062805175781|31|245
62.68232727050781|31|246
47.72602844238281|31|247
37.80646896362305|31|248
26.451732635498047|31|249
21.6070556640625|31|250
18.345867156982422|30|251
19.007749557495117|39|252
16.791397094726562|30|253
17.540390014648438|30|254
23.94512176513672|30|255
38.6978645324707|39|256
82.91018676757812|39|257
97.94186401367188|39|258
89.74645233154297|39|259
71.95112609863281|39|260
53.31062316894531|39|261
36.81053161621094|39|262
21.50266456604004|39|263
13.2844877243042|39|264
17.859298706054688|39|265
31.03346824645996|26|266
64.48487091064453|26|267
74.77729797363281|26|268
71.69705963134766|26|269
61.47734451293945|26|270
46.53163146972656|26|271
33.35660934448242|26|272
26.40142250061035|31|273
26.158658981323242|31|274
30.70359992980957|31|275
30.548696517944336|30|276
24.438261032104492|31|277
24.64418601989746|38|278
19.83738136291504|26|279
14.687329292297363|26|280
41.89080047607422|31|281
81.07018280029297|31|282
92.09944152832031|31|283
90.41012573242188|31|284
77.85863494873047|31|285
57.787384033203125|31|286
45.27943801879883|31|287
35.40727996826172|31|288
25.185754776000977|31|289
20.979108810424805|31|290
19.519046783447266|39|291
19.713916778564453|39|292
17.294832229614258|30|293
19.15478515625|30|294
25.135812759399414|30|295
49.48933410644531|39|296
89.77642059326172|39|297
97.3376235961914|39|298
86.1089859008789|39|299
67.00301361083984|39|300
49.037353515625|39|301
32.36806106567383|39|302
18.663671493530273|39|303
14.013989448547363|39|304
19.808914184570312|39|305
39.62289047241211|26|306
69.33126831054688|26|307
74.4014663696289|26|308
70.19202423095703|26|309
58.36399841308594|26|310
43.113677978515625|26|311
30.72899055480957|26|312
27.037822723388672|31|313
27.755714416503906|31|314
31.68526268005371|31|315
29.989789962768555|30|316
23.759124755859375|38|317
23.9781494140625|38|318
18.01557159423828|38|319
17.765941619873047|31|320
54.18474578857422|31|321
88.78025817871094|31|322
89.39505767822266|31|323
85.81012725830078|31|324
73.51090240478516|31|325
52.56718063354492|31|326
42.4676628112793|31|327
47.37534713745117|49|328
64.14307403564453|51|329
68.8763427734375|52|330
67.48381042480469|53|331
69.50472259521484|54|332
90.43953704833984|55|333
79.68704223632812|56|334
60.82181167602539|58|335
60.96820831298828|39|336
95.16073608398438|39|337
94.97447204589844|39|338
81.13613891601562|39|339
61.52005386352539|39|340
45.110469818115234|39|341
29.123046875|39|342
16.774168014526367|39|343
13.402402877807617|39|344
19.162466049194336|39|345
49.11903381347656|26|346
78.49481964111328|61|347
93.73925018310547|61|348
66.11265563964844|26|349
52.63395309448242|26|350
38.624019622802734|26|351
33.91990280151367|62|352
44.375640869140625|64|353
54.051631927490234|97|354
36.7496223449707|97|355
52.03763961791992|91|356
35.93129348754883|92|357
43.84385681152344|97|358
42.16230392456055|65|359
32.51787185668945|63|360
47.557472229003906|30|361
72.11246490478516|31|362
81.8189697265625|31|363
91.47905731201172|31|364
67.92351531982422|31|365
46.93429183959961|31|366
45.87575912475586|30|367
43.5691032409668|30|368
37.5609016418457|61|369
34.99363708496094|61|370
39.99660110473633|30|371
48.77054977416992|61|372
47.65049362182617|61|373
43.736656188964844|31|374
33.37770080566406|31|375
74.07808685302734|39|376
98.54598236083984|39|377
94.48216247558594|39|378
77.7615737915039|39|379
57.69622802734375|39|380
40.77667999267578|39|381
25.134815216064453|39|382
21.373624801635742|23|383
20.386367797851562|22|384
26.923051834106445|22|385
56.09324645996094|26|386
83.88076782226562|26|387
76.77154541015625|26|388
75.87784576416016|60|389
97.66929626464844|61|390
84.59695434570312|61|391
70.49595642089844|61|392
61.84811782836914|61|393
61.15916061401367|62|394
55.44729232788086|63|395
83.75802612304688|65|396
60.909488677978516|65|397
52.686588287353516|61|398
52.51126480102539|61|399
35.65713119506836|30|400
56.67496871948242|30|401
72.96851348876953|31|402
92.2326889038086|31|403
83.94325256347656|31|404
65.88150024414062|31|405
54.27978515625|31|406
47.533119201660156|31|407
43.59536361694336|36|408
77.0548095703125|36|409
71.27706146240234|35|410
45.031227111816406|34|411
60.06925964355469|69|412
69.62777709960938|69|413
69.00325012207031|69|414
58.72813034057617|69|415
85.34222412109375|39|416
119.41403198242188|39|417
138.18504333496094|39|418
99.70269012451172|39|419
37.998268127441406|38|420
25.192596435546875|30|421
21.658227920532227|30|422
16.644073486328125|31|423
14.637380599975586|39|424
30.992122650146484|26|425
63.60920333862305|26|426
74.9477767944336|26|427
75.59213256835938|26|428
62.22886276245117|26|429
45.683353424072266|26|430
47.48668670654297|87|431
59.56415939331055|87|432
63.283626556396484|86|433
79.98104095458984|86|434
75.05668640136719|86|435
52.32721710205078|88|436
45.82209396362305|90|437
31.507923126220703|90|438
42.493553161621094|57|439
54.76339340209961|57|440
84.73851013183594|31|441
104.01776885986328|31|442
105.12694549560547|31|443
85.68054962158203|31|444
58.716583251953125|31|445
45.60182189941406|31|446
38.15904235839844|31|447
37.53594207763672|27|448
50.91229248046875|85|449
59.94670486450195|85|450
70.15741729736328|86|451
75.9940185546875|86|452
69.2159423828125|86|453
60.172367095947266|86|454
65.36475372314453|86|455
88.64471435546875|39|456
96.06498718261719|39|457
83.34029388427734|39|458
63.36430358886719|39|459
55.086212158203125|51|460
60.36654281616211|51|461
65.44259643554688|51|462
69.02448272705078|51|463
63.19709014892578|50|464
59.41625213623047|48|465
69.6009521484375|23|466
89.53419494628906|23|467
75.10179138183594|23|468
55.29030227661133|23|469
51.53404235839844|59|470
59.413963317871094|60|471
64.8721923828125|61|472
69.63819122314453|62|473
63.91512680053711|62|474
75.61101531982422|61|475
81.14181518554688|61|476
66.11135864257812|60|477
43.24696350097656|57|478
66.91776275634766|52|479
79.58538055419922|51|480
85.28231811523438|29|481
89.00520324707031|29|482
77.63130187988281|29|483
64.44420623779297|29|484
49.90297317504883|29|485
52.456790924072266|54|486
51.19118881225586|54|487
62.65645980834961|82|488
69.02852630615234|82|489
49.93745803833008|83|490
49.47402572631836|29|491
65.43287658691406|29|492
56.98158645629883|29|493
36.729820251464844|29|494
54.874916076660156|34|495
88.01996612548828|34|496
88.67033386230469|34|497
79.27629089355469|34|498
64.1682357788086|34|499
52.292091369628906|34|500
38.412559509277344|34|501
32.02876663208008|34|502
29.95429229736328|34|503
31.734909057617188|34|504
49.65571212768555|23|505
81.26553344726562|23|506
87.61321258544922|23|507
76.39134979248047|23|508
59.07963943481445|23|509
44.55739212036133|23|510
39.50238037109375|31|511
46.946380615234375|31|512
40.54495620727539|32|513
50.98024368286133|32|514
48.63734436035156|32|515
34.88554000854492|30|516
43.65929412841797|29|517
33.786865234375|29|518
36.896968841552734|32|519
63.03095245361328|32|520
89.21060180664062|29|521
90.8669204711914|29|522
83.88560485839844|29|523
83.38546752929688|29|524
64.30087280273438|29|525
59.775630950927734|29|526
58.59185028076172|29|527
47.149837493896484|31|528
47.61622619628906|62|529
49.62748718261719|62|530
55.26696014404297|61|531
50.388954162597656|29|532
43.32168960571289|29|533
37.27275848388672|29|534
72.71971893310547|34|535
94.81159210205078|34|536
88.6375961303711|34|537
78.2193603515625|34|538
60.517181396484375|34|539
47.20953369140625|34|540
40.46459197998047|25|541
44.19438171386719|25|542
49.983734130859375|25|543
62.50723648071289|25|544
75.73041534423828|23|545
87.38661193847656|23|546
82.43336486816406|23|547
73.98726654052734|23|548
89.00176239013672|61|549
76.9150161743164|62|550
65.94256591796875|62|551
59.029571533203125|61|552
55.04952621459961|61|553
50.85618209838867|61|554
48.23769760131836|61|555
52.92692947387695|61|556
36.64409637451172|61|557
36.07917022705078|29|558
36.36421585083008|29|559
71.08927917480469|29|560
95.37033081054688|29|561
100.1831283569336|29|562
91.29023742675781|29|563
79.65318298339844|29|564
68.40157318115234|29|565
56.59981918334961|29|566
44.9707145690918|29|567
31.321823120117188|29|568
41.654598236083984|97|569
46.951576232910156|98|570
56.982505798339844|101|571
65.38976287841797|103|572
68.77763366699219|104|573
68.98253631591797|104|574
90.3316421508789|34|575
100.8885269165039|34|576
100.35735321044922|34|577
89.58218383789062|34|578
60.6786994934082|34|579
61.5067138671875|38|580
66.19983673095703|39|581
73.49468231201172|39|582
72.13700103759766|39|583
56.935272216796875|39|584
69.4398193359375|23|585
83.31119537353516|23|586
80.5064697265625|23|587
69.82820892333984|23|588
55.44160842895508|23|589
58.13132095336914|29|590
68.61785888671875|57|591
61.70243835449219|57|592
51.332332611083984|56|593
53.88405990600586|56|594
52.06313705444336|56|595
46.263221740722656|59|596
58.96348190307617|61|597
62.099124908447266|61|598
50.23713302612305|30|599
96.08869934082031|29|600
126.61724853515625|29|601
128.9359893798828|29|602
111.73458099365234|29|603
93.40857696533203|29|604
76.66803741455078|29|605
62.185420989990234|29|606
49.683311462402344|29|607
43.64155960083008|29|608
44.68474578857422|59|609
36.58074188232422|58|610
43.858150482177734|57|611
48.77564239501953|57|612
51.96684646606445|29|613
56.24192810058594|29|614
92.04669189453125|34|615
99.56588745117188|34|616
92.73250579833984|34|617
74.75242614746094|34|618
53.81382369995117|34|619
39.866817474365234|34|620
33.66899490356445|34|621
33.87186050415039|34|622
37.70236587524414|34|623
50.799476623535156|29|624
53.90495681762695|20|625
58.41695022583008|20|626
52.81322479248047|20|627
85.61150360107422|60|628
62.56493377685547|61|629
52.68050003051758|61|630
46.39839553833008|62|631
46.91213607788086|62|632
41.28132247924805|61|633
40.52195358276367|61|634
40.926475524902344|60|635
40.52834701538086|54|636
49.58815383911133|53|637
64.09867858886719|51|638
87.51155853271484|51|639
99.00601959228516|51|640
89.64251708984375|51|641
76.51459503173828|26|642
69.14350128173828|51|643
66.33455657958984|51|644
66.51512908935547|52|645
36.587158203125|52|646
47.74314880371094|27|647
57.186424255371094|26|648
46.793521881103516|25|649
48.43009948730469|24|650
37.179656982421875|24|651
33.45272445678711|25|652
25.9312744140625|26|653
44.728240966796875|31|654
77.73098754882812|31|655
82.36438751220703|31|656
74.24919891357422|31|657
62.13461685180664|30|658
48.235836029052734|31|659
38.506622314453125|31|660
32.503639221191406|30|661
22.27886199951172|31|662
24.328174591064453|26|663
45.145511627197266|21|664
60.98262405395508|21|665
61.95612716674805|20|666
55.60533142089844|20|667
46.49104309082031|20|668
39.56437683105469|30|669
31.0120906829834|20|670
25.332157135009766|21|671
26.92636489868164|21|672
28.19860076904297|21|673
24.72284507751465|20|674
25.93527603149414|20|675
53.69218444824219|41|676
59.34333419799805|41|677
39.25649642944336|41|678
51.10402297973633|26|679
76.5222396850586|26|680
76.75362396240234|26|681
67.32211303710938|26|682
48.86126708984375|26|683
33.65476608276367|26|684
26.966041564941406|26|685
32.677101135253906|72|686
32.20198440551758|75|687
28.208187103271484|41|688
34.43754196166992|114|689
60.44689178466797|115|690
72.79931640625|116|691
59.336326599121094|116|692
40.69484329223633|116|693
63.706241607666016|31|694
71.85414123535156|31|695
66.6546630859375|31|696
64.44156646728516|31|697
53.357704162597656|31|698
40.00273513793945|31|699
31.448204040527344|31|700
23.370651245117188|31|701
17.691389083862305|31|702
24.407085418701172|21|703
48.94651794433594|21|704
61.46196746826172|20|705
61.27097702026367|21|706
54.584739685058594|20|707
51.425228118896484|31|708
58.767189025878906|31|709
53.113372802734375|31|710
39.10642623901367|31|711
28.361146926879883|21|712
26.643159866333008|21|713
37.70012283325195|29|714
44.9379997253418|53|715
79.64649200439453|52|716
80.64772033691406|51|717
57.89004898071289|51|718
66.56312561035156|52|719
63.74517822265625|52|720
62.28826904296875|51|721
62.672882080078125|52|722
69.37496185302734|52|723
79.98619842529297|52|724
83.22080993652344|52|725
74.83051300048828|53|726
67.36371612548828|53|727
53.85380935668945|52|728
45.177452087402344|50|729
50.1971549987793|50|730
37.97163009643555|51|731
24.490314483642578|53|732
29.874011993408203|27|733
69.94855499267578|31|734
86.74978637695312|31|735
84.50926208496094|31|736
74.09608459472656|31|737
57.30502700805664|31|738
46.12604904174805|31|739
38.2236213684082|31|740
27.20747184753418|31|741
25.59435272216797|52|742
30.538349151611328|21|743
54.01241683959961|21|744
62.596832275390625|20|745
60.9227409362793|21|746
52.93467330932617|20|747
45.38669967651367|20|748
36.940242767333984|20|749
30.112646102905273|30|750
29.14134407043457|30|751
36.5770263671875|30|752
32.04532241821289|30|753
39.54121398925781|44|754
36.97673416137695|67|755
47.47024917602539|67|756
48.91238784790039|82|757
79.53780364990234|86|758
93.45946502685547|86|759
79.26641082763672|87|760
73.39729309082031|26|761
63.692569732666016|26|762
48.74860763549805|26|763
60.550357818603516|61|764
51.61656188964844|61|765
30.145915985107422|62|766
27.98343849182129|41|767
27.41788673400879|41|768
24.532190322875977|30|769
22.206586837768555|31|770
18.187849044799805|26|771
17.648780822753906|21|772
40.13304138183594|31|773
83.2835464477539|31|774
91.60234832763672|31|775
85.46009063720703|31|776
75.87770080566406|58|777
68.62173461914062|58|778
64.17393493652344|58|779
54.86489486694336|59|780
71.0340347290039|61|781
75.89440155029297|61|782
61.61204147338867|61|783
63.403377532958984|23|784
71.81365966796875|23|785
65.95500946044922|23|786
55.224308013916016|23|787
43.88405227661133|23|788
49.528133392333984|61|789
45.28147888183594|61|790
30.876317977905273|30|791
33.0445442199707|56|792
29.16922378540039|56|793
24.792924880981445|29|794
26.371540069580078|43|795
30.700071334838867|29|796
37.17829513549805|42|797
62.50916290283203|28|798
92.37924194335938|29|799
95.32634735107422|29|800
77.5711441040039|29|801
55.066165924072266|29|802
42.38694763183594|29|803
36.88041687011719|30|804
79.92213439941406|59|805
70.1377182006836|59|806
34.2985954284668|31|807
36.41865921020508|30|808
54.00996398925781|29|809
52.00270080566406|29|810
53.730499267578125|29|811
49.547611236572266|29|812
54.47821044921875|58|813
85.36754608154297|34|814
88.03765106201172|34|815
79.2890396118164|34|816
63.95429229736328|34|817
49.81748962402344|34|818
39.94818115234375|29|819
37.24911117553711|29|820
29.098297119140625|34|821
33.196388244628906|34|822
51.006019592285156|23|823
82.3692626953125|23|824
87.25985717773438|23|825
76.21308135986328|23|826
60.225975036621094|23|827
44.58665084838867|23|828
33.54655838012695|23|829
27.830631256103516|23|830
23.786252975463867|23|831
17.739486694335938|29|832
18.48162841796875|29|833
22.061824798583984|58|834
23.086145401000977|29|835
26.215789794921875|29|836
26.06298065185547|29|837
55.90250015258789|29|838
88.6535415649414|29|839
93.61907958984375|29|840
81.63925170898438|29|841
71.62451171875|29|842
62.667991638183594|29|843
49.855377197265625|29|844
36.453125|29|845
19.881372451782227|29|846
23.58287811279297|58|847
35.03413772583008|29|848
53.42886734008789|29|849
55.40216064453125|29|850
54.17612838745117|29|851
46.23680877685547|29|852
71.2739486694336|34|853
95.44418334960938|34|854
91.39254760742188|34|855
80.26123046875|34|856
62.03544998168945|34|857
46.8840446472168|34|858
38.35965347290039|29|859
33.52084732055664|34|860
33.822200775146484|34|861
42.64808654785156|29|862
61.61946487426758|23|863
84.31155395507812|23|864
84.18317413330078|23|865
74.2389907836914|23|866
59.602622985839844|23|867
45.5726432800293|23|868
34.8399543762207|29|869
29.74864387512207|29|870
25.03523063659668|29|871
21.80864906311035|29|872
22.18647575378418|29|873
24.257631301879883|29|874
26.429969787597656|29|875
28.105302810668945|29|876
37.04642105102539|30|877
74.1916732788086|29|878
101.10905456542969|29|879
104.23649597167969|29|880
92.28718566894531|29|881
79.72782135009766|29|882
67.29119873046875|29|883
52.19738006591797|29|884
39.22164535522461|29|885
26.058128356933594|29|886
26.728273391723633|29|887
41.02424621582031|29|888
50.26691818237305|29|889
51.511165618896484|29|890
47.999141693115234|29|891
39.63272476196289|29|892
79.97676086425781|34|893
95.7519302368164|34|894
89.6384506225586|34|895
76.34130096435547|34|896
55.218685150146484|34|897
41.04701232910156|34|898
35.03152847290039|34|899
33.22410583496094|34|900
34.542259216308594|34|901
48.543025970458984|29|902
68.41402435302734|23|903
85.29808807373047|23|904
81.97050476074219|23|905
70.75125885009766|23|906
56.98978042602539|23|907
42.48828887939453|23|908
32.65548324584961|29|909
28.15729331970215|29|910
22.108108520507812|29|911
16.634483337402344|29|912
17.098602294921875|29|913
20.73135757446289|29|914
24.477806091308594|29|915
26.5382080078125|29|916
43.376708984375|29|917
84.26329803466797|29|918
105.21426391601562|29|919
103.64820098876953|29|920
91.7200698852539|29|921
78.32305908203125|29|922
66.07966613769531|29|923
55.71357345581055|29|924
48.09113311767578|77|925
55.203548431396484|77|926
44.46527099609375|77|927
47.174068450927734|29|928
54.117122650146484|29|929
53.0909538269043|29|930
47.80743408203125|29|931
48.824214935302734|34|932
91.36195373535156|34|933
100.66992950439453|34|934
88.6270751953125|34|935
69.8576889038086|34|936
52.544395446777344|34|937
39.9914436340332|34|938
33.304107666015625|34|939
32.80554962158203|34|940
42.582393646240234|29|941
57.07610321044922|29|942
70.25366973876953|26|943
77.69474792480469|26|944
71.96578216552734|26|945
59.56196975708008|26|946
46.47612762451172|26|947
37.17484664916992|29|948
32.54887771606445|29|949
27.990638732910156|29|950
22.333845138549805|29|951
18.20695686340332|52|952
18.54134178161621|29|953
21.11675453186035|29|954
24.840965270996094|29|955
24.07795524597168|29|956
47.3586540222168|31|957
87.88599395751953|31|958
93.08882904052734|30|959
81.96409606933594|31|960
63.68684387207031|31|961
69.69491577148438|82|962
52.5929069519043|82|963
44.2637939453125|86|964
30.24812126159668|83|965
32.50769805908203|86|966
49.51941680908203|87|967
42.16142272949219|117|968
36.09965515136719|30|969
37.06883239746094|31|970
42.16868591308594|31|971
51.25782012939453|39|972
84.4813232421875|39|973
86.62067413330078|39|974
78.16287231445312|39|975
61.853858947753906|39|976
48.8274040222168|39|977
38.574371337890625|39|978
24.472768783569336|39|979
15.809791564941406|29|980
18.669343948364258|29|981
43.26735305786133|26|982
71.32552337646484|26|983
75.58695220947266|60|984
64.23296356201172|26|985
51.679195404052734|26|986
40.386966705322266|91|987
41.076820373535156|124|988
50.52082061767578|95|989
37.06202697753906|95|990
38.32511901855469|89|991
47.035125732421875|88|992
29.948993682861328|89|993
47.20406723022461|63|994
51.975399017333984|63|995
42.87236404418945|61|996
57.56517791748047|61|997
86.78919219970703|31|998
87.1920394897461|31|999
84.19451904296875|31|1000
76.11090850830078|31|1001
65.6030044555664|30|1002
57.119834899902344|31|1003
46.628013610839844|62|1004
40.007015228271484|31|1005
40.03373336791992|30|1006
39.62751770019531|30|1007
34.43142318725586|31|1008
32.33303451538086|31|1009
37.58096694946289|30|1010
43.136741638183594|30|1011
72.64766693115234|39|1012
96.46678924560547|39|1013
92.34693908691406|39|1014
77.1898422241211|39|1015
58.37727355957031|39|1016
41.924766540527344|38|1017
24.06763458251953|39|1018
14.177102088928223|60|1019
14.93156909942627|39|1020
26.781679153442383|38|1021
49.98788070678711|26|1022
70.80065155029297|26|1023
78.36470794677734|26|1024
89.62769317626953|30|1025
91.09266662597656|31|1026
84.41372680664062|30|1027
81.54467010498047|30|1028
76.76219177246094|31|1029
95.30984497070312|31|1030
85.3514633178711|32|1031
78.64259338378906|32|1032
57.62838363647461|31|1033
55.3421745300293|30|1034
56.47565460205078|31|1035
55.36016082763672|32|1036
48.32551193237305|32|1037
81.1785888671875|31|1038
90.44073486328125|31|1039
78.41963195800781|31|1040
58.54609680175781|31|1041
40.507755279541016|31|1042
39.18338394165039|31|1043
42.85108947753906|35|1044
56.9364128112793|35|1045
47.716068267822266|35|1046
40.30091094970703|34|1047
41.243385314941406|34|1048
43.096866607666016|34|1049
43.430973052978516|34|1050
45.372859954833984|34|1051
79.15033721923828|39|1052
112.16905212402344|38|1053
129.51800537109375|38|1054
124.34603118896484|39|1055
111.35445404052734|39|1056
82.0217056274414|39|1057
47.91748046875|38|1058
19.8388729095459|39|1059
13.646932601928711|39|1060
28.278379440307617|26|1061
62.15330123901367|26|1062
75.29519653320312|26|1063
72.03495788574219|26|1064
63.377174377441406|26|1065
49.48406982421875|26|1066
63.76593017578125|115|1067
63.67734909057617|116|1068
51.896759033203125|116|1069
55.27369689941406|30|1070
47.72662353515625|30|1071
46.3039436340332|123|1072
43.5421142578125|30|1073
27.62727928161621|30|1074
27.29892349243164|29|1075
32.37041473388672|32|1076
56.54660415649414|31|1077
81.92265319824219|31|1078
103.12306213378906|30|1079
83.2273941040039|31|1080
59.887142181396484|31|1081
48.70441436767578|31|1082
32.77497482299805|31|1083
38.658714294433594|58|1084
70.7265853881836|58|1085
87.5543441772461|58|1086
91.12483978271484|58|1087
88.2516098022461|58|1088
81.85497283935547|58|1089
75.11072540283203|58|1090
69.69824981689453|58|1091
88.9683837890625|39|1092
97.8316650390625|39|1093
89.19674682617188|39|1094
72.55239868164062|39|1095
54.5501823425293|39|1096
50.406532287597656|51|1097
57.383419036865234|51|1098
53.75239944458008|51|1099
50.76853942871094|52|1100
51.011695861816406|52|1101
66.22563934326172|23|1102
73.4937744140625|23|1103
66.55058288574219|23|1104
55.30807876586914|23|1105
54.35491943359375|60|1106
71.73544311523438|61|1107
65.43497467041016|62|1108
49.334293365478516|62|1109
51.92076110839844|30|1110
54.5069580078125|30|1111
53.227108001708984|30|1112
48.10146713256836|30|1113
37.45589828491211|29|1114
39.09590530395508|27|1115
44.82465744018555|29|1116
78.85447692871094|29|1117
87.34042358398438|29|1118
76.04041290283203|29|1119
63.5150146484375|29|1120
53.5925178527832|29|1121
44.764671325683594|29|1122
38.46195602416992|25|1123
35.67060089111328|25|1124
30.25897216796875|52|1125
41.06571578979492|82|1126
65.53863525390625|87|1127
79.58595275878906|87|1128
71.99008178710938|87|1129
65.52477264404297|88|1130
63.63804626464844|91|1131
86.35664367675781|34|1132
87.7071762084961|34|1133
79.14985656738281|34|1134
65.79769897460938|34|1135
50.76838684082031|34|1136
39.522125244140625|34|1137
28.42068862915039|65|1138
33.35309600830078|34|1139
34.3090705871582|34|1140
50.099334716796875|23|1141
80.23866271972656|23|1142
84.5324935913086|23|1143
76.87141418457031|23|1144
63.3753662109375|23|1145
48.02235412597656|23|1146
47.283050537109375|30|1147
29.10370635986328|23|1148
36.817935943603516|30|1149
39.21556854248047|31|1150
40.14143371582031|32|1151
53.21174240112305|32|1152
51.47917175292969|32|1153
37.6182861328125|31|1154
27.25545310974121|30|1155
43.54091262817383|29|1156
85.0904541015625|29|1157
91.67096710205078|29|1158
86.74324035644531|29|1159
89.21551513671875|29|1160
70.93851470947266|29|1161
69.4482421875|29|1162
65.69877624511719|30|1163
52.023460388183594|31|1164
46.93390655517578|30|1165
43.49178695678711|29|1166
45.871585845947266|29|1167
52.83150100708008|29|1168
45.90378952026367|29|1169
33.59156799316406|29|1170
71.22232055664062|34|1171
98.10957336425781|34|1172
91.96036529541016|34|1173
80.76779174804688|34|1174
62.15360641479492|34|1175
46.21680450439453|34|1176
37.964630126953125|34|1177
34.14094161987305|34|1178
35.51426696777344|34|1179
42.808021545410156|29|1180
61.048316955566406|23|1181
85.83189392089844|23|1182
87.44392395019531|23|1183
77.2426986694336|23|1184
61.294132232666016|23|1185
61.345035552978516|87|1186
86.70074462890625|87|1187
78.82859802246094|87|1188
48.231300354003906|91|1189
76.13563537597656|92|1190
73.949462890625|92|1191
58.16276931762695|91|1192
63.29706954956055|91|1193
49.85427474975586|92|1194
48.99468231201172|92|1195
70.74713897705078|29|1196
103.12316131591797|29|1197
105.20550537109375|29|1198
97.5512924194336|29|1199
84.28422546386719|29|1200
71.27600860595703|29|1201
60.394554138183594|29|1202
57.24497604370117|67|1203
116.0177993774414|68|1204
123.60040283203125|69|1205
104.76396942138672|69|1206
93.60137939453125|69|1207
91.75764465332031|69|1208
91.75475311279297|69|1209
92.42879486083984|69|1210
82.28880310058594|35|1211
100.73394012451172|34|1212
93.70864868164062|34|1213
77.66124725341797|34|1214
56.502437591552734|34|1215
44.9832878112793|34|1216
37.19548797607422|34|1217
35.11772918701172|34|1218
37.38283157348633|34|1219
48.65351486206055|29|1220
67.64480590820312|23|1221
83.38059997558594|23|1222
80.75939178466797|23|1223
70.10737609863281|23|1224
55.14779281616211|23|1225
41.471431732177734|23|1226
40.04497146606445|57|1227
39.69422149658203|56|1228
43.40742111206055|85|1229
63.278221130371094|87|1230
81.40825653076172|86|1231
102.1412124633789|86|1232
105.98522186279297|86|1233
98.48745727539062|86|1234
67.3808364868164|87|1235
74.16956329345703|29|1236
97.17076873779297|29|1237
101.86074829101562|29|1238
87.45767974853516|29|1239
76.5277099609375|29|1240
74.51663208007812|29|1241
68.21715545654297|29|1242
53.19973373413086|29|1243
40.55406951904297|29|1244
55.46730041503906|59|1245
77.8653564453125|59|1246
79.0523452758789|58|1247
73.67768096923828|57|1248
85.0698013305664|57|1249
71.00883483886719|57|1250
88.22296905517578|34|1251
95.08330535888672|34|1252
87.56243896484375|34|1253
72.13462829589844|34|1254
52.933143615722656|34|1255
41.172279357910156|34|1256
35.32289123535156|34|1257
34.40031433105469|34|1258
45.58932876586914|29|1259
55.19309616088867|29|1260
70.69674682617188|49|1261
75.48828125|50|1262
53.51533126831055|50|1263
43.634666442871094|29|1264
51.54839324951172|29|1265
52.81739044189453|29|1266
48.46394729614258|61|1267
52.76319885253906|62|1268
55.98127365112305|62|1269
59.04576873779297|62|1270
67.14252471923828|62|1271
53.466407775878906|61|1272
37.24070739746094|58|1273
25.73662757873535|54|1274
53.81610870361328|25|1275
87.581298828125|26|1276
99.73004150390625|25|1277
83.87406921386719|25|1278
47.63808059692383|25|1279
40.329734802246094|51|1280
30.42569351196289|29|1281
31.504274368286133|25|1282
45.740665435791016|26|1283
53.46676254272461|26|1284
49.29344940185547|27|1285
51.67646408081055|27|1286
58.202022552490234|27|1287
46.72301483154297|26|1288
36.930477142333984|25|1289
51.38127517700195|25|1290
78.8556137084961|31|1291
83.5407485961914|31|1292
75.09242248535156|31|1293
61.95314025878906|30|1294
49.03452682495117|31|1295
44.38540267944336|25|1296
40.59659194946289|25|1297
22.948732376098633|26|1298
23.196949005126953|30|1299
42.946224212646484|21|1300
59.68362045288086|21|1301
60.808467864990234|20|1302
54.71649932861328|20|1303
47.42110061645508|20|1304
39.1867790222168|20|1305
30.85715675354004|20|1306
24.095687866210938|21|1307
25.998859405517578|21|1308
28.01861572265625|21|1309
24.930143356323242|21|1310
25.108013153076172|20|1311
30.110408782958984|41|1312
33.5652961730957|23|1313
28.924741744995117|41|1314
44.87091064453125|26|1315
74.21025085449219|26|1316
78.84793853759766|26|1317
65.26698303222656|26|1318
48.85408020019531|26|1319
37.90562438964844|26|1320
29.345993041992188|41|1321
33.09531021118164|41|1322
61.70130157470703|57|1323
89.35401916503906|58|1324
67.61599731445312|58|1325
57.029624938964844|59|1326
54.11077880859375|60|1327
52.88731002807617|61|1328
64.89881134033203|62|1329
74.63134765625|31|1330
90.2343978881836|31|1331
86.2694091796875|31|1332
81.29502868652344|31|1333
63.30789566040039|31|1334
48.72199630737305|65|1335
48.55348587036133|66|1336
33.858551025390625|64|1337
25.934980392456055|61|1338
22.002901077270508|21|1339
46.78571319580078|21|1340
60.10869598388672|20|1341
61.11505126953125|20|1342
65.06975555419922|61|1343
62.87846374511719|61|1344
57.85087966918945|30|1345
53.595985412597656|61|1346
49.64018249511719|62|1347
48.773319244384766|62|1348
31.768436431884766|61|1349
28.865711212158203|29|1350
54.420692443847656|52|1351
85.07440948486328|51|1352
81.32769775390625|50|1353
60.217979431152344|50|1354
41.41172409057617|26|1355
63.76436233520508|26|1356
59.055816650390625|26|1357
43.84428405761719|26|1358
29.95358657836914|52|1359
35.04554748535156|51|1360
34.244903564453125|51|1361
40.29897689819336|51|1362
39.168701171875|51|1363
39.68266677856445|51|1364
52.099369049072266|51|1365
58.51164627075195|51|1366
55.93610763549805|51|1367
44.89689636230469|50|1368
33.34830856323242|49|1369
71.07012176513672|31|1370
92.1644515991211|31|1371
91.46123504638672|31|1372
79.36521911621094|31|1373
60.155662536621094|31|1374
47.8674430847168|31|1375
39.230587005615234|31|1376
32.92841720581055|31|1377
29.924022674560547|31|1378
29.37289047241211|21|1379
52.77980422973633|21|1380
62.255069732666016|20|1381
60.762786865234375|20|1382
53.142635345458984|21|1383
45.32746124267578|20|1384
38.968318939208984|20|1385
31.212013244628906|30|1386
29.02306365966797|30|1387
35.14212417602539|30|1388
34.61183547973633|30|1389
26.800304412841797|30|1390
24.124576568603516|20|1391
40.40192794799805|50|1392
49.660030364990234|62|1393
73.77916717529297|61|1394
68.27921295166016|26|1395
79.94670104980469|26|1396
73.99444580078125|26|1397
89.71125030517578|58|1398
95.37786102294922|58|1399
60.048099517822266|59|1400
49.1546745300293|61|1401
43.26008605957031|61|1402
31.472728729248047|31|1403
41.06939697265625|31|1404
55.58967208862305|31|1405
51.63085174560547|31|1406
35.85641098022461|30|1407
25.77411651611328|30|1408
60.94661331176758|30|1409
86.15217590332031|31|1410
91.85929870605469|31|1411
85.409912109375|31|1412
73.68035888671875|31|1413
66.42566680908203|30|1414
46.74271011352539|88|1415
52.42626190185547|118|1416
40.4889030456543|117|1417
28.252260208129883|86|1418
36.00178146362305|83|1419
62.70547103881836|23|1420
73.13420104980469|23|1421
67.8053970336914|23|1422
57.176368713378906|23|1423
44.96354675292969|30|1424
38.925594329833984|30|1425
31.778413772583008|31|1426
34.224403381347656|30|1427
34.449501037597656|28|1428
34.27663803100586|29|1429
17.485239028930664|59|1430
23.485389709472656|60|1431
23.493471145629883|58|1432
23.462766647338867|57|1433
30.490276336669922|30|1434
59.922115325927734|29|1435
80.04103088378906|29|1436
90.15826416015625|29|1437
73.61051177978516|29|1438
55.90522384643555|29|1439
41.47103500366211|58|1440
61.751678466796875|59|1441
46.72187042236328|59|1442
29.296741485595703|31|1443
32.909671783447266|29|1444
52.0198974609375|29|1445
57.916744232177734|29|1446
66.6684341430664|29|1447
61.13417053222656|58|1448
57.9614372253418|29|1449
83.52425384521484|34|1450
87.81526184082031|34|1451
79.59625244140625|34|1452
65.89696502685547|34|1453
50.65650939941406|34|1454
37.03460693359375|34|1455
42.85618591308594|58|1456
32.57794952392578|25|1457
33.30278778076172|29|1458
52.443477630615234|23|1459
82.84932708740234|23|1460
86.16036987304688|23|1461
74.7031021118164|23|1462
60.582984924316406|23|1463
45.328670501708984|23|1464
33.49724578857422|23|1465
27.244203567504883|23|1466
23.90386199951172|23|1467
18.94832420349121|29|1468
15.859106063842773|28|1469
14.018974304199219|58|1470
16.985275268554688|58|1471
21.395734786987305|23|1472
20.398746490478516|46|1473
53.83202362060547|29|1474
89.86958312988281|29|1475
92.13340759277344|29|1476
78.27949523925781|29|1477
64.92342376708984|29|1478
58.19778060913086|29|1479
53.63792419433594|29|1480
47.28266906738281|29|1481
31.310651779174805|29|1482
21.23667335510254|29|1483
33.90761947631836|29|1484
50.64623260498047|29|1485
52.0775032043457|29|1486
46.04301452636719|29|1487
34.49617004394531|29|1488
68.46833801269531|34|1489
95.05697631835938|34|1490
91.39386749267578|34|1491
79.77306365966797|34|1492
62.46103286743164|34|1493
48.84287643432617|34|1494
38.46116256713867|34|1495
33.668426513671875|34|1496
33.93757629394531|34|1497
41.454349517822266|29|1498
58.67697525024414|23|1499
83.39620208740234|23|1500
83.7093734741211|23|1501
74.88275909423828|23|1502
60.955543518066406|23|1503
46.62089538574219|23|1504
35.84716033935547|23|1505
31.654224395751953|29|1506
26.1630802154541|29|1507
15.884749412536621|29|1508
11.661375999450684|34|1509
15.098199844360352|29|1510
22.51998519897461|29|1511
26.207271575927734|29|1512
31.650123596191406|30|1513
65.49365234375|29|1514
96.32696533203125|29|1515
107.00042724609375|29|1516
100.40133666992188|29|1517
86.62799835205078|29|1518
71.54468536376953|29|1519
55.88673400878906|29|1520
42.55733871459961|29|1521
30.914722442626953|58|1522
30.45817756652832|29|1523
43.021034240722656|29|1524
50.448760986328125|29|1525
48.68991470336914|29|1526
44.55588150024414|29|1527
36.09162902832031|35|1528
78.6712646484375|34|1529
96.33710479736328|34|1530
90.60997772216797|34|1531
77.85365295410156|34|1532
57.33338928222656|34|1533
42.7402458190918|34|1534
34.73674011230469|34|1535
32.40447235107422|34|1536
34.227989196777344|29|1537
47.538570404052734|29|1538
67.0281982421875|23|1539
84.46513366699219|23|1540
81.44878387451172|23|1541
70.36845397949219|23|1542
55.9041748046875|23|1543
42.41486740112305|23|1544
34.08317565917969|29|1545
28.75269889831543|29|1546
22.54237174987793|29|1547
16.31290054321289|29|1548
14.240556716918945|29|1549
16.78401756286621|29|1550
22.61588478088379|29|1551
25.862079620361328|29|1552
23.273391723632812|29|1553
26.119216918945312|50|1554
32.12693405151367|23|1555
30.892221450805664|23|1556
33.86189270019531|54|1557
28.900115966796875|29|1558
28.288057327270508|29|1559
25.27120018005371|29|1560
23.123865127563477|29|1561
23.54102897644043|29|1562
23.794965744018555|29|1563
22.295846939086914|29|1564
19.43843650817871|29|1565
44.083648681640625|38|1566
90.97150421142578|39|1567
90.49160766601562|39|1568
45.07568359375|39|1569
23.460861206054688|29|1570
25.39812469482422|29|1571
24.06184196472168|29|1572
17.435070037841797|29|1573
13.656209945678711|29|1574
15.874348640441895|29|1575
18.57618522644043|29|1576
18.31448745727539|29|1577
55.344390869140625|41|1578
97.21900177001953|41|1579
96.2613525390625|6|1580
97.62787628173828|6|1581
98.34063720703125|6|1582
98.31182861328125|6|1583
95.17769622802734|6|1584
91.27332305908203|6|1585
89.5482406616211|6|1586
92.54889678955078|46|1587
94.40894317626953|46|1588
92.7291030883789|46|1589
87.3626708984375|6|1590
86.22691345214844|6|1591
84.92823028564453|6|1592
83.77934265136719|6|1593
82.52542114257812|6|1594
84.63020324707031|6|1595
86.08773040771484|6|1596
86.673828125|6|1597
87.6074447631836|6|1598
111.31210327148438|46|1599
107.38584899902344|46|1600
88.40410614013672|6|1601
88.29331970214844|6|1602
88.33203887939453|6|1603
97.29674530029297|46|1604
98.71109771728516|46|1605
88.50485229492188|6|1606
88.75064086914062|6|1607
89.11238098144531|6|1608
89.22725677490234|6|1609
89.28709411621094|6|1610
89.02483367919922|6|1611
88.42214965820312|6|1612
88.64193725585938|6|1613
90.05371856689453|6|1614
90.84245300292969|6|1615
89.82534790039062|6|1616
89.6427993774414|6|1617
89.38224792480469|6|1618
89.47954559326172|6|1619
88.75834655761719|6|1620
88.00961303710938|6|1621
89.05525970458984|6|1622
90.5838623046875|6|1623
90.35551452636719|6|1624
89.43989562988281|6|1625
88.82139587402344|6|1626
88.86449432373047|6|1627
88.59042358398438|6|1628
88.3458251953125|6|1629
88.52826690673828|6|1630
89.17033386230469|6|1631
89.67655944824219|6|1632
89.72901916503906|6|1633
88.2750244140625|6|1634
88.9212417602539|6|1635
89.41006469726562|6|1636
88.15770721435547|6|1637
88.36392974853516|6|1638
88.54444885253906|6|1639
89.3140869140625|6|1640
89.51091766357422|6|1641
90.13487243652344|6|1642
90.84063720703125|6|1643
90.3976058959961|6|1644
89.45679473876953|6|1645
88.01658630371094|6|1646
88.8575668334961|6|1647
89.35099792480469|6|1648
89.06228637695312|6|1649
88.81517028808594|6|1650
89.37562561035156|6|1651
90.12986755371094|6|1652
89.25698852539062|6|1653
88.25288391113281|6|1654
89.04694366455078|6|1655
89.34906005859375|6|1656
90.59025573730469|6|1657
90.57279968261719|6|1658
90.62801361083984|6|1659
88.9251708984375|6|1660
88.18363952636719|6|1661
89.82328796386719|6|1662
89.93800354003906|6|1663
88.58899688720703|6|1664
88.46912384033203|6|1665
89.55965423583984|6|1666
89.28839111328125|6|1667
89.736083984375|6|1668
91.13583374023438|6|1669
91.13994598388672|6|1670
90.35123443603516|6|1671
88.78224182128906|6|1672
89.63614654541016|6|1673
90.04112243652344|6|1674
89.69731140136719|6|1675
90.31755065917969|6|1676
89.25102233886719|6|1677
89.83182525634766|6|1678
90.11991119384766|6|1679
89.56977081298828|6|1680
90.32908630371094|6|1681
90.80176544189453|6|1682
90.550537109375|6|1683
89.70345306396484|6|1684
88.52509307861328|6|1685
88.51953125|6|1686
90.51666259765625|6|1687
90.5429458618164|6|1688
90.15412139892578|6|1689
90.98088836669922|6|1690
89.63272857666016|6|1691
88.68244934082031|6|1692
89.69348907470703|6|1693
89.69818115234375|6|1694
89.22452545166016|6|1695
88.62371826171875|6|1696
88.74913787841797|6|1697
89.11918640136719|6|1698
90.70719909667969|6|1699
92.59158325195312|6|1700
91.4830093383789|6|1701
89.93925476074219|6|1702
88.68512725830078|6|1703
88.28852844238281|6|1704
89.0914535522461|6|1705
90.00074005126953|6|1706
89.77996063232422|6|1707
89.10041046142578|6|1708
88.81275177001953|6|1709
88.69339752197266|6|1710
88.83262634277344|6|1711
88.8035659790039|6|1712
88.00456237792969|6|1713
88.28913879394531|6|1714
90.06653594970703|6|1715
89.65055084228516|6|1716
88.88137817382812|6|1717
89.99129486083984|6|1718
91.36050415039062|6|1719
91.39885711669922|6|1720
89.62492370605469|6|1721
88.8765869140625|6|1722
89.24833679199219|6|1723
90.03079223632812|6|1724
89.41230010986328|6|1725
89.8916015625|6|1726
90.1935043334961|6|1727
90.78449249267578|6|1728
90.13224029541016|6|1729
89.19686126708984|6|1730
88.1931381225586|6|1731
88.41006469726562|6|1732
90.07086181640625|6|1733
89.45185089111328|6|1734
89.7991943359375|6|1735
93.1897964477539|6|1736
103.38341522216797|6|1737
100.81610107421875|6|1738
92.4264907836914|6|1739
92.77981567382812|6|1740
94.17603302001953|6|1741
94.48651885986328|6|1742
96.199462890625|6|1743
98.13314819335938|6|1744
97.28172302246094|6|1745
94.40989685058594|6|1746
90.97918701171875|6|1747
88.79161071777344|6|1748
89.26449584960938|6|1749
92.96002197265625|6|1750
97.5125961303711|6|1751
99.96890258789062|6|1752
99.0743637084961|6|1753
95.7791519165039|6|1754
92.6438217163086|6|1755
91.2616195678711|6|1756
91.99217224121094|6|1757
93.4644546508789|6|1758
93.03063201904297|6|1759
92.91329193115234|46|1760
100.14979553222656|46|1761
93.4075927734375|6|1762
92.78014373779297|6|1763
91.78251647949219|6|1764
91.6387710571289|6|1765
91.8265380859375|6|1766
91.6412353515625|6|1767
92.21539306640625|6|1768
93.22498321533203|52|1769
91.89897155761719|6|1770
91.71881103515625|6|1771
92.1299819946289|6|1772
92.21844482421875|6|1773
92.47286987304688|6|1774
92.36697387695312|6|1775
91.7933120727539|6|1776
92.39876556396484|6|1777
93.2281265258789|6|1778
93.04471588134766|6|1779
93.21503448486328|6|1780
92.58350372314453|6|1781
92.43451690673828|6|1782
92.63201904296875|6|1783
92.69001007080078|6|1784
92.63301086425781|6|1785
92.4112319946289|6|1786
92.55834197998047|6|1787
92.4474868774414|6|1788
92.61058807373047|6|1789
92.09319305419922|6|1790
92.1778564453125|6|1791
93.281005859375|6|1792
92.74993133544922|6|1793
91.79144287109375|6|1794
92.13671875|6|1795
93.25713348388672|6|1796
92.2998275756836|6|1797
90.85829162597656|6|1798
91.50801086425781|6|1799
92.15846252441406|6|1800
91.75765991210938|6|1801
93.17838287353516|6|1802
93.04114532470703|6|1803
92.55632781982422|6|1804
92.55332946777344|6|1805
91.54945373535156|6|1806
91.34613800048828|6|1807
91.46536254882812|6|1808
92.4349365234375|6|1809
91.58795166015625|6|1810
91.77484130859375|6|1811
93.02458190917969|6|1812
93.13955688476562|6|1813
93.44182586669922|6|1814
93.64226531982422|6|1815
92.86881256103516|6|1816
91.31185150146484|6|1817
90.7545394897461|6|1818
92.08441925048828|6|1819
92.98678588867188|6|1820
92.07653045654297|6|1821
92.21437072753906|6|1822
93.29232025146484|6|1823
93.71607971191406|6|1824
93.59066009521484|6|1825
92.97418975830078|6|1826
92.17816925048828|6|1827
92.54936981201172|6|1828
92.96308898925781|6|1829
92.79734802246094|6|1830
94.01350402832031|6|1831
94.02083587646484|6|1832
92.89262390136719|6|1833
92.7103500366211|6|1834
92.64006805419922|6|1835
93.19799041748047|6|1836
93.03414154052734|6|1837
92.40179443359375|6|1838
92.4544677734375|6|1839
92.41203308105469|6|1840
92.5037612915039|6|1841
92.9201889038086|6|1842
93.07608032226562|6|1843
93.83358001708984|6|1844
94.03175354003906|6|1845
93.07415771484375|6|1846
92.45589447021484|6|1847
92.43268585205078|6|1848
92.92830657958984|6|1849
94.40218353271484|6|1850
95.17916870117188|6|1851
94.38648223876953|6|1852
92.76416015625|6|1853
92.8781509399414|6|1854
93.62295532226562|6|1855
94.21263122558594|6|1856
93.28209686279297|6|1857
92.66212463378906|6|1858
92.59027862548828|6|1859
92.89942932128906|6|1860
92.45681762695312|6|1861
91.73607635498047|6|1862
92.00884246826172|6|1863
92.45928192138672|6|1864
92.60517883300781|6|1865
92.07557678222656|6|1866
92.8206558227539|6|1867
92.79900360107422|6|1868
92.20856475830078|6|1869
91.80500030517578|6|1870
92.3299331665039|6|1871
92.39385223388672|6|1872
92.67305755615234|6|1873
94.20052337646484|6|1874
94.6839599609375|6|1875
93.39810180664062|6|1876
93.62333679199219|6|1877
93.57959747314453|6|1878
91.88087463378906|6|1879
90.31304168701172|6|1880
90.3108901977539|6|1881
91.90868377685547|6|1882
92.06166076660156|6|1883
91.64251708984375|6|1884
92.36136627197266|6|1885
92.46224212646484|6|1886
90.88301849365234|6|1887
90.60037231445312|6|1888
90.86616516113281|6|1889
91.23149108886719|6|1890
92.1840591430664|6|1891
92.64820861816406|6|1892
92.51618957519531|6|1893
92.1807632446289|6|1894
90.08489990234375|6|1895
68.51656341552734|6|1896
77.83507537841797|6|1897
84.80448150634766|6|1898
78.39051818847656|6|1899
82.32467651367188|5|1900
84.84517669677734|5|1901
86.65166473388672|5|1902
89.72097778320312|5|1903
90.49303436279297|5|1904
90.08711242675781|5|1905
92.60269927978516|5|1906
95.2728042602539|5|1907
95.22501373291016|5|1908
96.10330963134766|5|1909
97.9556655883789|5|1910
97.8326187133789|5|1911
96.06686401367188|5|1912
95.98530578613281|5|1913
96.9167709350586|5|1914
96.81427764892578|5|1915
96.36249542236328|5|1916
97.0886459350586|5|1917
97.69818878173828|5|1918
98.19698333740234|5|1919
98.50785064697266|5|1920
97.96926879882812|5|1921
97.90857696533203|5|1922
97.8829574584961|5|1923
97.24847412109375|5|1924
97.73944091796875|5|1925
97.13426208496094|5|1926
96.59449768066406|5|1927
97.79576110839844|5|1928
97.98696899414062|5|1929
97.46136474609375|5|1930
96.96743774414062|5|1931
96.13924407958984|5|1932
95.9740982055664|5|1933
96.72588348388672|5|1934
97.89974212646484|5|1935
98.84741973876953|5|1936
96.75527954101562|5|1937
94.81840515136719|5|1938
96.58143615722656|5|1939
97.51194763183594|5|1940
95.17533111572266|5|1941
94.8708267211914|5|1942
97.4732666015625|5|1943
97.6889419555664|5|1944
96.72593688964844|5|1945
95.43683624267578|5|1946
94.9425048828125|5|1947
96.0730209350586|5|1948
97.1613540649414|5|1949
97.03619384765625|5|1950
96.60008239746094|5|1951
96.75926208496094|5|1952
96.36286163330078|5|1953
95.65991973876953|5|1954
96.26268005371094|5|1955
96.88981628417969|5|1956
97.0512466430664|5|1957
97.79698944091797|5|1958
97.93939208984375|5|1959
97.80308532714844|5|1960
97.2421875|5|1961
95.69096374511719|5|1962
95.04694366455078|5|1963
95.53700256347656|5|1964
96.1734848022461|5|1965
96.48146057128906|5|1966
96.43107604980469|5|1967
96.97992706298828|5|1968
96.83809661865234|5|1969
96.35796356201172|5|1970
95.79643249511719|5|1971
95.28587341308594|5|1972
96.21356964111328|5|1973
97.11012268066406|5|1974
97.09109497070312|5|1975
96.6605224609375|5|1976
96.48270416259766|5|1977
96.4119644165039|5|1978
96.48995208740234|5|1979
96.68400573730469|5|1980
96.73615264892578|5|1981
97.03192901611328|5|1982
97.16497802734375|5|1983
97.20939636230469|5|1984
97.21223449707031|5|1985
96.49237823486328|5|1986
96.81904602050781|5|1987
98.50029754638672|5|1988
98.07365417480469|5|1989
96.40568542480469|5|1990
96.15821075439453|5|1991
96.59455108642578|5|1992
97.02569580078125|5|1993
97.05577087402344|5|1994
96.79353332519531|5|1995
96.60368347167969|5|1996
96.57707977294922|5|1997
96.33419799804688|5|1998
96.04622650146484|5|1999
96.19463348388672|5|2000
96.45223999023438|5|2001
96.35810852050781|5|2002
96.14771270751953|5|2003
96.3990478515625|5|2004
96.64187622070312|5|2005
96.77352905273438|5|2006
97.35126495361328|5|2007
97.10079193115234|5|2008
96.44593048095703|5|2009
95.52268981933594|5|2010
95.88944244384766|5|2011
96.7823715209961|5|2012
96.87840270996094|5|2013
97.53205871582031|5|2014
97.46012115478516|5|2015
96.955322265625|5|2016
96.55057525634766|5|2017
97.28467559814453|5|2018
98.01866149902344|5|2019
97.21614837646484|5|2020
96.88323211669922|5|2021
97.33304595947266|5|2022
97.1209716796875|5|2023
96.30745697021484|5|2024
95.82344055175781|5|2025
95.60565948486328|5|2026
95.38299560546875|5|2027
95.41097259521484|5|2028
95.9451675415039|5|2029
95.76144409179688|5|2030
95.33409118652344|5|2031
96.69270324707031|5|2032
97.56948852539062|5|2033
96.73854064941406|5|2034
96.567138671875|5|2035
96.79584503173828|5|2036
96.61802673339844|5|2037
96.62763977050781|5|2038
96.67019653320312|5|2039
97.0555191040039|5|2040
96.50350952148438|5|2041
95.69172668457031|5|2042
96.78954315185547|5|2043
97.70276641845703|5|2044
97.48554992675781|5|2045
97.24378204345703|5|2046
96.3207015991211|5|2047
95.34428405761719|5|2048
96.32195281982422|5|2049
97.25415802001953|5|2050
96.6758041381836|5|2051
96.65255737304688|5|2052
97.31829833984375|5|2053
93.19823455810547|5|2054
81.46324157714844|6|2055
77.1469497680664|6|2056
83.89934539794922|5|2057
82.68798828125|5|2058
83.92105102539062|5|2059
81.3063735961914|5|2060
80.44556427001953|6|2061
85.36283111572266|6|2062
90.05078887939453|6|2063
92.10110473632812|6|2064
92.6966552734375|6|2065
93.8082046508789|6|2066
94.75824737548828|6|2067
94.3855209350586|6|2068
95.09427642822266|6|2069
95.78781127929688|6|2070
95.33075714111328|6|2071
95.23330688476562|6|2072
94.54551696777344|6|2073
94.25041961669922|6|2074
94.76007080078125|6|2075
95.38731384277344|6|2076
93.90744018554688|6|2077
93.20344543457031|6|2078
94.24900817871094|6|2079
93.40082550048828|6|2080
93.72254180908203|6|2081
93.94840240478516|6|2082
92.59309387207031|6|2083
91.97025299072266|6|2084
91.9060287475586|6|2085
91.6188735961914|6|2086
92.28328704833984|6|2087
93.11239624023438|6|2088
93.18392944335938|6|2089
93.11148834228516|6|2090
93.88182830810547|6|2091
94.59300994873047|6|2092
93.81075286865234|6|2093
93.22065734863281|6|2094
93.24141693115234|6|2095
92.85711669921875|6|2096
92.91735076904297|6|2097
93.35090637207031|6|2098
93.564453125|6|2099
94.49616241455078|6|2100
94.26213836669922|6|2101
93.2669677734375|6|2102
92.42044830322266|6|2103
92.88494110107422|6|2104
93.28788757324219|6|2105
94.14263153076172|6|2106
94.65155029296875|6|2107
92.23979949951172|6|2108
89.91474914550781|6|2109
90.22467041015625|6|2110
92.70609283447266|6|2111
93.57894897460938|6|2112
93.77687072753906|6|2113
93.4946517944336|6|2114
93.01343536376953|6|2115
91.81941223144531|6|2116
91.29379272460938|6|2117
93.40220642089844|6|2118
94.43120574951172|6|2119
92.45211029052734|6|2120
91.7708969116211|6|2121
92.17627716064453|6|2122
92.10261535644531|6|2123
92.18154907226562|6|2124
92.36424255371094|6|2125
92.92271423339844|6|2126
92.86787414550781|6|2127
92.81897735595703|6|2128
93.59575653076172|6|2129
94.34676361083984|6|2130
94.73263549804688|6|2131
94.49853515625|6|2132
93.49732971191406|6|2133
93.5117416381836|6|2134
93.0096435546875|6|2135
92.11685943603516|6|2136
91.92030334472656|6|2137
92.07105255126953|6|2138
91.36727905273438|6|2139
91.29808807373047|6|2140
92.52986145019531|6|2141
93.55155181884766|6|2142
92.80433654785156|6|2143
91.54047393798828|6|2144
91.946044921875|6|2145
92.96798706054688|6|2146
92.74193572998047|6|2147
92.90581512451172|6|2148
93.00958251953125|6|2149
92.27867126464844|6|2150
92.47160339355469|6|2151
93.40666961669922|6|2152
94.41706848144531|6|2153
94.18431854248047|6|2154
92.83193969726562|6|2155
91.94886779785156|6|2156
91.11304473876953|6|2157
91.96869659423828|6|2158
93.37285614013672|6|2159
92.58073425292969|6|2160
91.3904037475586|6|2161
91.9696273803711|6|2162
92.25469207763672|6|2163
92.10067749023438|6|2164
92.35743713378906|6|2165
92.43072509765625|6|2166
92.47882080078125|6|2167
92.75037384033203|6|2168
92.59493255615234|6|2169
92.73907470703125|6|2170
91.86156463623047|6|2171
92.44082641601562|6|2172
93.5476303100586|6|2173
93.02085876464844|6|2174
91.03392028808594|6|2175
90.71571350097656|6|2176
91.26815795898438|6|2177
92.43641662597656|6|2178
95.3589859008789|6|2179
95.37931823730469|6|2180
92.77471160888672|6|2181
91.75173950195312|6|2182
92.50457763671875|6|2183
92.8928451538086|6|2184
92.54927062988281|6|2185
91.53619384765625|6|2186
90.34345245361328|6|2187
90.69317626953125|6|2188
91.75804138183594|6|2189
91.9792709350586|6|2190
91.30618286132812|6|2191
91.2249526977539|6|2192
91.32350158691406|6|2193
90.88299560546875|6|2194
89.06366729736328|6|2195
89.63443756103516|6|2196
91.16278076171875|6|2197
90.31350708007812|6|2198
89.28508758544922|6|2199
91.27671813964844|6|2200
92.41819763183594|6|2201
90.96580505371094|6|2202
91.96443176269531|6|2203
93.8729248046875|6|2204
94.82132720947266|6|2205
94.00505828857422|6|2206
92.82636260986328|6|2207
93.02452850341797|6|2208
92.65300750732422|6|2209
92.33426666259766|6|2210
93.06787109375|6|2211
92.55697631835938|6|2212
88.46795654296875|6|2213
55.14561080932617|5|2214
78.26396942138672|7|2215
116.4197006225586|7|2216
120.1412582397461|7|2217
116.10706329345703|7|2218
121.52762603759766|7|2219
129.50314331054688|7|2220
132.8030548095703|7|2221
129.33506774902344|7|2222
123.19837188720703|7|2223
123.26815032958984|6|2224
137.2993927001953|6|2225
145.4304656982422|6|2226
148.46177673339844|6|2227
148.65980529785156|6|2228
147.2677764892578|6|2229
142.1983642578125|6|2230
135.43345642089844|6|2231
133.1367645263672|6|2232
142.2624053955078|5|2233
149.06837463378906|5|2234
153.1625518798828|5|2235
157.71412658691406|5|2236
159.5361328125|5|2237
158.58612060546875|5|2238
156.69874572753906|5|2239
152.1513671875|5|2240
145.4274444580078|5|2241
135.86322021484375|5|2242
126.94803619384766|5|2243
121.62622833251953|5|2244
121.33992004394531|4|2245
124.68159484863281|4|2246
130.8744354248047|4|2247
135.34677124023438|4|2248
137.61874389648438|4|2249
141.60235595703125|4|2250
144.09988403320312|4|2251
146.89999389648438|4|2252
149.99209594726562|4|2253
150.299072265625|4|2254
147.58908081054688|4|2255
145.51376342773438|4|2256
146.1307830810547|4|2257
142.31752014160156|4|2258
134.91741943359375|4|2259
129.9995880126953|4|2260
127.04979705810547|4|2261
122.22213745117188|4|2262
123.65232849121094|3|2263
127.831787109375|3|2264
131.78561401367188|3|2265
136.6682586669922|3|2266
142.36459350585938|3|2267
146.7543182373047|3|2268
149.19126892089844|3|2269
150.68618774414062|3|2270
151.34994506835938|3|2271
151.8500518798828|3|2272
152.851806640625|3|2273
152.5694580078125|3|2274
150.14414978027344|3|2275
148.65371704101562|3|2276
147.38644409179688|3|2277
144.0557861328125|3|2278
140.87057495117188|3|2279
138.96856689453125|3|2280
137.27377319335938|3|2281
133.99656677246094|3|2282
129.02645874023438|3|2283
125.97789001464844|3|2284
121.85530090332031|3|2285
117.97686767578125|3|2286
116.07534790039062|3|2287
113.09490966796875|3|2288
111.05914306640625|3|2289
110.22198486328125|3|2290
106.91607666015625|3|2291
104.22343444824219|3|2292
101.37916564941406|3|2293
97.72200775146484|3|2294
93.72791290283203|3|2295
93.16134643554688|3|2296
89.8226547241211|3|2297
89.77951049804688|2|2298
89.45769500732422|2|2299
88.03254699707031|2|2300
87.24498748779297|2|2301
83.90962219238281|2|2302
81.63381958007812|2|2303
80.45950317382812|2|2304
79.86190795898438|2|2305
77.38582611083984|2|2306
75.04096221923828|2|2307
75.35523986816406|2|2308
75.0672607421875|2|2309
74.96202850341797|2|2310
74.10699462890625|2|2311
72.70743560791016|2|2312
70.35404205322266|2|2313
66.10379791259766|2|2314
65.94734191894531|2|2315
65.06537628173828|2|2316
64.23655700683594|2|2317
63.47958755493164|2|2318
62.539268493652344|2|2319
61.24146270751953|2|2320
59.70889663696289|2|2321
58.10054016113281|2|2322
56.298255920410156|2|2323
54.466854095458984|2|2324
52.853572845458984|2|2325
51.19297409057617|2|2326
48.77937316894531|2|2327
47.804527282714844|2|2328
46.72792434692383|2|2329
44.684730529785156|2|2330
42.72079086303711|2|2331
43.32320785522461|2|2332
43.6052360534668|2|2333
41.37709045410156|2|2334
72.34040832519531|73|2335
70.2379150390625|72|2336
40.110713958740234|65|2337
53.242706298828125|63|2338
65.85821533203125|62|2339
75.8542709350586|61|2340
81.00772094726562|61|2341
83.63653564453125|61|2342
88.32109832763672|61|2343
89.17015838623047|61|2344
77.6989974975586|61|2345
51.92282485961914|61|2346
49.52029800415039|60|2347
39.369815826416016|61|2348
31.626909255981445|30|2349
37.083499908447266|30|2350
43.341365814208984|30|2351
51.44040298461914|31|2352
53.30509948730469|30|2353
55.43613815307617|30|2354
45.22024917602539|31|2355
38.5413932800293|30|2356
31.884963989257812|30|2357
30.44329261779785|26|2358
30.844215393066406|26|2359
28.8347110748291|26|2360
25.244369506835938|31|2361
38.860565185546875|31|2362
42.7374267578125|25|2363
40.798072814941406|25|2364
30.686418533325195|50|2365
34.00969696044922|25|2366
47.77537536621094|25|2367
51.691123962402344|25|2368
48.170623779296875|26|2369
33.783687591552734|26|2370
28.54012680053711|30|2371
28.522754669189453|30|2372
29.088485717773438|34|2373
75.33683013916016|76|2374
93.01248931884766|78|2375
57.77900314331055|79|2376
60.816165924072266|84|2377
56.97654724121094|85|2378
73.48190307617188|90|2379
63.32706069946289|92|2380
76.276123046875|94|2381
73.54043579101562|93|2382
81.65199279785156|92|2383
75.94746398925781|91|2384
61.36420440673828|92|2385
35.69688415527344|39|2386
43.43739318847656|39|2387
38.4222526550293|39|2388
29.525821685791016|39|2389
26.819988250732422|29|2390
33.811954498291016|29|2391
27.616975784301758|91|2392
64.99061584472656|46|2393
105.08154296875|46|2394
84.90511322021484|46|2395
77.49878692626953|46|2396
92.56419372558594|46|2397
104.30567932128906|46|2398
93.72715759277344|46|2399
59.49424362182617|47|2400
26.341508865356445|48|2401
29.11096954345703|46|2402
39.64161682128906|52|2403
39.96721267700195|52|2404
40.73583221435547|51|2405
32.818965911865234|52|2406
29.057209014892578|52|2407
30.80767059326172|51|2408
38.374900817871094|51|2409
40.15272903442383|29|2410
35.37055587768555|29|2411
24.756078720092773|38|2412
35.22555923461914|38|2413
36.7812614440918|46|2414
31.531667709350586|77|2415
30.507116317749023|46|2416
26.832473754882812|37|2417
30.994882583618164|35|2418
37.50431823730469|69|2419
47.3480110168457|68|2420
47.91020965576172|68|2421
43.455257415771484|34|2422
45.426551818847656|34|2423
43.99359893798828|34|2424
40.64814758300781|34|2425
37.33268737792969|46|2426
30.012598037719727|29|2427
30.438270568847656|58|2428
29.203414916992188|58|2429
21.19759178161621|58|2430
25.087284088134766|58|2431
24.15247917175293|58|2432
33.11198806762695|34|2433
48.65779495239258|34|2434
45.80571365356445|34|2435
39.95285415649414|67|2436
49.79000473022461|67|2437
42.57023239135742|69|2438
51.54013442993164|70|2439
40.25347900390625|35|2440
41.49102783203125|34|2441
43.099159240722656|34|2442
47.40478515625|34|2443
55.397979736328125|34|2444
45.3006477355957|34|2445
28.333362579345703|58|2446
28.035051345825195|57|2447
28.388193130493164|57|2448
31.354040145874023|58|2449
20.97184181213379|58|2450
16.623641967773438|23|2451
17.734201431274414|46|2452
32.07659149169922|71|2453
84.43630981445312|72|2454
82.71012878417969|72|2455
64.86793518066406|69|2456
77.84115600585938|69|2457
71.95281219482422|69|2458
70.16187286376953|68|2459
70.02998352050781|68|2460
75.1942367553711|68|2461
87.50315856933594|68|2462
67.40390014648438|67|2463
58.910579681396484|64|2464
67.46823120117188|62|2465
80.98282623291016|61|2466
81.72718811035156|61|2467
74.43304443359375|61|2468
70.85474395751953|61|2469
70.71105194091797|61|2470
71.89669036865234|61|2471
71.95037841796875|61|2472
66.8592529296875|61|2473
54.617897033691406|61|2474
53.786659240722656|29|2475
45.988468170166016|57|2476
43.240203857421875|57|2477
30.5638370513916|58|2478
31.630130767822266|45|2479
29.9068546295166|45|2480
40.585079193115234|58|2481
37.92583084106445|58|2482
32.28339767456055|29|2483
35.70919418334961|29|2484
31.97708511352539|29|2485
30.172279357910156|46|2486
28.16724395751953|46|2487
24.551679611206055|46|2488
21.670988082885742|58|2489
19.435646057128906|45|2490
22.55661964416504|38|2491
53.832130432128906|37|2492
57.346797943115234|36|2493
51.144317626953125|72|2494
45.62253952026367|73|2495
45.30965805053711|37|2496
61.32590103149414|38|2497
60.07200241088867|38|2498
51.043365478515625|39|2499
53.76527786254883|39|2500
50.06512451171875|39|2501
45.61857223510742|38|2502
35.14673614501953|38|2503
31.18187713623047|36|2504
31.24734878540039|46|2505
49.13636016845703|39|2506
53.43647384643555|39|2507
50.712100982666016|38|2508
48.37807083129883|38|2509
38.42449188232422|39|2510
45.696266174316406|39|2511
64.03221130371094|39|2512
57.55738067626953|38|2513
54.50783920288086|38|2514
46.71403884887695|38|2515
50.02781295776367|39|2516
43.81167984008789|39|2517
46.096317291259766|45|2518
36.97168731689453|48|2519
45.1870231628418|49|2520
61.44539260864258|50|2521
64.53340911865234|48|2522
44.189571380615234|47|2523
30.625944137573242|41|2524
37.529945373535156|41|2525
35.707950592041016|41|2526
35.155357360839844|41|2527
32.9664306640625|41|2528
38.730079650878906|41|2529
43.398643493652344|46|2530
41.731788635253906|46|2531
42.143836975097656|41|2532
83.34581756591797|8|2533
120.50347137451172|6|2534
125.71695709228516|6|2535
72.2712173461914|5|2536
36.46721267700195|38|2537
41.64631652832031|39|2538
44.63709259033203|39|2539
42.97472381591797|39|2540
49.03892517089844|39|2541
61.768314361572266|39|2542
68.93781280517578|39|2543
51.65526580810547|39|2544
40.76251983642578|40|2545
53.714942932128906|39|2546
44.7225227355957|38|2547
25.337766647338867|37|2548
19.482954025268555|37|2549
32.270660400390625|40|2550
57.3640022277832|40|2551
59.621490478515625|40|2552
79.48836517333984|8|2553
114.78817749023438|6|2554
110.60684967041016|6|2555
62.089881896972656|5|2556
33.66431427001953|40|2557
39.438777923583984|40|2558
71.01220703125|39|2559
63.76340103149414|38|2560
62.3487434387207|39|2561
48.02067947387695|39|2562
40.9246711730957|35|2563
44.88784408569336|34|2564
47.11479187011719|34|2565
46.13917541503906|34|2566
43.48770523071289|39|2567
34.184505462646484|38|2568
38.32442092895508|62|2569
31.459068298339844|62|2570
34.34524154663086|41|2571
54.77592849731445|13|2572
77.3197021484375|7|2573
110.08023071289062|6|2574
98.40937805175781|6|2575
53.02052688598633|5|2576
26.71718406677246|39|2577
33.532649993896484|38|2578
30.900196075439453|38|2579
29.70469856262207|61|2580
20.24207878112793|61|2581
19.529382705688477|39|2582
25.97432518005371|40|2583