One More Time
Daft Punk

EDM
one_more_time
1025x2584
2584

1.0054571628570557|5|0
8.887877464294434|107|1
22.70292854309082|107|2
26.065990447998047|107|3
29.105567932128906|4|4
33.107967376708984|4|5
28.50000762939453|107|6
22.68206024169922|107|7
21.855886459350586|4|8
27.625192642211914|107|9
40.057491302490234|107|10
39.708465576171875|107|11
29.938899993896484|108|12
26.63877296447754|5|13
22.773164749145508|5|14
19.218751907348633|6|15
30.160125732421875|5|16
25.139732360839844|5|17
19.63433265686035|45|18
21.89803695678711|4|19
20.5423641204834|5|20
16.262779235839844|135|21
15.445619583129883|135|22
14.940101623535156|135|23
18.15337562561035|108|24
21.812536239624023|108|25
22.745071411132812|108|26
17.40410804748535|7|27
13.074834823608398|7|28
15.786845207214355|270|29
25.11795997619629|4|30
25.671676635742188|4|31
17.748506546020508|107|32
15.97494888305664|107|33
12.576960563659668|3|34
11.303197860717773|106|35
15.85779857635498|107|36
15.429776191711426|108|37
16.432180404663086|5|38
15.636244773864746|107|39
20.951208114624023|54|40
20.996034622192383|107|41
21.99869728088379|107|42
17.552919387817383|135|43
27.14063835144043|107|44
27.53562355041504|107|45
21.027667999267578|107|46
28.72434425354004|107|47
34.39790725708008|107|48
25.106534957885742|107|49
21.15022850036621|107|50
33.76163101196289|107|51
45.355831146240234|107|52
44.70918273925781|107|53
33.26953887939453|107|54
25.488780975341797|108|55
18.022520065307617|108|56
14.749506950378418|108|57
18.92157554626465|107|58
24.4571590423584|107|59
21.849559783935547|107|60
20.492021560668945|14|61
17.441333770751953|135|62
20.36121940612793|135|63
20.28659439086914|135|64
19.47494125366211|135|65
19.171201705932617|135|66
22.271921157836914|135|67
22.817829132080078|135|68
17.148929595947266|107|69
14.113401412963867|270|70
17.19727897644043|270|71
18.27005386352539|108|72
23.228565216064453|107|73
22.122102737426758|107|74
21.59345054626465|5|75
23.866025924682617|4|76
19.103315353393555|4|77
17.4074649810791|107|78
15.106035232543945|108|79
12.69699478149414|107|80
14.73767375946045|54|81
22.844072341918945|54|82
22.878816604614258|107|83
23.54338836669922|107|84
21.173259735107422|135|85
32.014549255371094|107|86
35.07982635498047|107|87
27.821012496948242|107|88
33.13709259033203|107|89
39.526126861572266|107|90
34.70355224609375|107|91
30.47119903564453|107|92
39.7645378112793|107|93
53.685089111328125|107|94
52.020957946777344|107|95
37.303436279296875|108|96
25.625810623168945|108|97
20.50924301147461|3|98
23.39537239074707|3|99
24.359882354736328|107|100
31.77604103088379|107|101
27.619274139404297|107|102
21.090944290161133|14|103
20.555646896362305|135|104
20.661911010742188|135|105
18.422813415527344|108|106
17.994699478149414|108|107
19.371858596801758|108|108
22.57036590576172|135|109
21.701778411865234|135|110
19.439674377441406|107|111
13.98670482635498|54|112
14.708230972290039|162|113
18.08963966369629|6|114
22.047317504882812|5|115
21.609058380126953|107|116
20.76558494567871|107|117
19.009342193603516|107|118
15.119341850280762|106|119
19.73004150390625|3|120
17.00261688232422|108|121
17.68242645263672|107|122
14.72298526763916|3|123
17.1463623046875|6|124
21.445966720581055|6|125
24.799226760864258|5|126
23.967649459838867|5|127
17.972152709960938|108|128
13.759207725524902|108|129
9.985461235046387|45|130
10.002367973327637|3|131
13.192696571350098|6|132
12.998969078063965|5|133
19.249887466430664|4|134
22.1838436126709|3|135
17.375900268554688|81|136
23.173778533935547|203|137
20.947423934936523|81|138
21.39299201965332|121|139
27.236085891723633|121|140
29.18660545349121|121|141
27.767528533935547|121|142
25.178485870361328|121|143
31.869434356689453|4|144
37.83742141723633|4|145
27.442440032958984|4|146
23.359922409057617|4|147
24.995464324951172|101|148
25.82535743713379|101|149
21.63199806213379|152|150
22.453880310058594|152|151
18.68321990966797|152|152
23.036643981933594|101|153
22.337574005126953|4|154
21.462852478027344|4|155
25.84319305419922|4|156
21.456331253051758|5|157
18.733295440673828|50|158
19.759157180786133|4|159
24.846227645874023|4|160
19.32280921936035|4|161
21.3006534576416|6|162
18.38573455810547|5|163
11.657052040100098|5|164
10.55615520477295|50|165
18.68048667907715|178|166
29.63640022277832|178|167
31.81943702697754|178|168
27.990625381469727|179|169
24.746761322021484|179|170
16.77766227722168|179|171
16.868209838867188|180|172
15.627074241638184|122|173
17.26422691345215|122|174
15.685015678405762|122|175
12.219130516052246|122|176
15.574625015258789|151|177
19.099958419799805|152|178
19.91855812072754|152|179
15.405059814453125|152|180
15.266655921936035|181|181
16.643720626831055|181|182
31.046232223510742|121|183
27.858781814575195|121|184
17.909446716308594|243|185
14.233901023864746|50|186
18.572322845458984|177|187
24.026220321655273|178|188
25.695337295532227|178|189
31.53824234008789|179|190
26.676090240478516|179|191
19.551372528076172|179|192
17.7507381439209|180|193
16.429912567138672|122|194
17.442270278930664|122|195
13.876620292663574|122|196
12.075886726379395|181|197
14.528258323669434|202|198
18.428466796875|152|199
21.34937858581543|152|200
15.973190307617188|4|201
16.550256729125977|5|202
14.305676460266113|120|203
27.353097915649414|121|204
24.641456604003906|121|205
18.427501678466797|242|206
13.652715682983398|51|207
20.648405075073242|177|208
24.864749908447266|178|209
28.970781326293945|178|210
31.97587776184082|179|211
28.82518768310547|179|212
25.53875732421875|180|213
22.902006149291992|180|214
16.925687789916992|180|215
15.972304344177246|122|216
17.262365341186523|122|217
14.774937629699707|5|218
14.199180603027344|182|219
16.490293502807617|152|220
18.57248878479004|152|221
15.286125183105469|152|222
12.983452796936035|181|223
15.490636825561523|120|224
28.81564712524414|121|225
26.629995346069336|121|226
16.57281494140625|242|227
14.204998016357422|50|228
19.10712432861328|177|229
24.027952194213867|177|230
28.748472213745117|178|231
32.296783447265625|179|232
25.705907821655273|180|233
21.744516372680664|179|234
22.621631622314453|179|235
18.893037796020508|180|236
16.58710479736328|122|237
15.348212242126465|122|238
12.517029762268066|5|239
12.257209777832031|181|240
16.64029312133789|152|241
20.1605281829834|152|242
16.667951583862305|152|243
13.074687004089355|121|244
14.089881896972656|181|245
28.130857467651367|121|246
27.221088409423828|121|247
15.880895614624023|242|248
10.275553703308105|51|249
19.48990821838379|177|250
23.801029205322266|178|251
26.892431259155273|178|252
29.706466674804688|179|253
26.239755630493164|179|254
21.795791625976562|179|255
18.27657127380371|179|256
16.197216033935547|180|257
14.041189193725586|122|258
13.458012580871582|122|259
11.396240234375|181|260
12.103532791137695|60|261
14.67853832244873|202|262
18.701704025268555|152|263
15.918729782104492|152|264
13.649627685546875|121|265
14.232979774475098|181|266
27.21390151977539|121|267
26.651071548461914|121|268
17.09468650817871|242|269
12.293566703796387|243|270
17.84639549255371|177|271
24.900737762451172|178|272
25.76161003112793|178|273
27.31132698059082|179|274
26.02107810974121|179|275
21.490577697753906|179|276
18.78348731994629|179|277
15.234208106994629|180|278
16.443355560302734|122|279
13.100550651550293|122|280
10.439478874206543|181|281
11.384330749511719|181|282
13.890776634216309|202|283
15.53289794921875|152|284
14.212868690490723|152|285
13.67577075958252|121|286
14.24700927734375|120|287
24.574987411499023|121|288
24.09935760498047|121|289
15.545964241027832|242|290
11.38249683380127|31|291
18.730215072631836|32|292
33.164451599121094|69|293
64.15897369384766|68|294
60.0501823425293|68|295
54.3493766784668|102|296
40.201820373535156|102|297
29.811447143554688|103|298
37.61187744140625|108|299
54.36451721191406|108|300
51.46136474609375|108|301
43.952125549316406|143|302
36.29049301147461|71|303
34.7475471496582|68|304
19.375762939453125|31|305
39.20548629760742|31|306
69.49752044677734|30|307
76.44384765625|30|308
74.64376831054688|27|309
105.29078674316406|27|310
102.06892395019531|27|311
66.91706085205078|27|312
37.8908576965332|55|313
53.12482452392578|54|314
61.817405700683594|54|315
56.84589385986328|54|316
45.335113525390625|54|317
37.382511138916016|108|318
54.752464294433594|61|319
69.75434875488281|61|320
66.34770965576172|61|321
58.01551055908203|61|322
59.703643798828125|61|323
65.8427963256836|61|324
63.78173065185547|61|325
68.6407699584961|60|326
54.564735412597656|60|327
14.504426002502441|59|328
12.212064743041992|101|329
9.486235618591309|26|330
10.785314559936523|25|331
11.423836708068848|201|332
22.665313720703125|11|333
84.23204040527344|11|334
82.73500061035156|11|335
21.557292938232422|11|336
24.998138427734375|81|337
30.187971115112305|81|338
28.765304565429688|81|339
31.946334838867188|81|340
38.44772720336914|81|341
46.14769744873047|82|342
56.3411865234375|135|343
71.82763671875|135|344
67.23297119140625|81|345
59.395484924316406|81|346
51.67543411254883|68|347
66.84817504882812|68|348
56.11388397216797|23|349
53.64838790893555|23|350
46.2353630065918|23|351
46.19796371459961|22|352
47.425838470458984|45|353
67.36360168457031|11|354
120.31218719482422|12|355
71.77978515625|13|356
28.798301696777344|14|357
16.905057907104492|108|358
27.51055145263672|108|359
26.67572784423828|108|360
23.026954650878906|108|361
26.4289493560791|108|362
25.550466537475586|108|363
16.702716827392578|108|364
42.97813034057617|13|365
63.91287612915039|13|366
52.86191177368164|14|367
48.31273651123047|14|368
45.721248626708984|13|369
41.47276306152344|14|370
37.785438537597656|14|371
35.50141906738281|14|372
39.680912017822266|13|373
36.32722091674805|14|374
46.69179916381836|13|375
121.15361022949219|12|376
104.49375915527344|11|377
26.60590362548828|11|378
17.2308406829834|14|379
21.66838264465332|18|380
28.47545051574707|107|381
29.599777221679688|107|382
24.957693099975586|18|383
28.22876739501953|18|384
28.6446590423584|18|385
27.59519386291504|18|386
30.764623641967773|18|387
30.759801864624023|108|388
28.79131317138672|107|389
25.915809631347656|18|390
25.65494155883789|108|391
26.700939178466797|108|392
22.48784065246582|108|393
16.383834838867188|108|394
15.422861099243164|18|395
65.0140151977539|12|396
122.6281509399414|12|397
71.80867004394531|13|398
27.324575424194336|14|399
21.556169509887695|108|400
28.24608039855957|108|401
25.86821937561035|108|402
21.92754364013672|108|403
19.25309944152832|108|404
17.70841407775879|108|405
16.891555786132812|108|406
38.41402816772461|13|407
57.60036087036133|13|408
50.45037841796875|13|409
46.70567321777344|14|410
40.67448043823242|13|411
37.73229217529297|18|412
35.20589065551758|18|413
33.409183502197266|13|414
38.01253128051758|13|415
34.23482131958008|14|416
38.519439697265625|13|417
107.76617431640625|12|418
94.49784088134766|11|419
26.97433853149414|11|420
19.322101593017578|107|421
24.023923873901367|107|422
31.077669143676758|107|423
31.49464988708496|108|424
24.615070343017578|18|425
28.407007217407227|18|426
29.533069610595703|18|427
33.60432815551758|107|428
34.403053283691406|107|429
30.025739669799805|107|430
35.37730026245117|107|431
42.07045364379883|108|432
34.51767349243164|108|433
23.356496810913086|109|434
19.124067306518555|108|435
16.827381134033203|45|436
23.50402069091797|107|437
56.41370391845703|12|438
111.56651306152344|12|439
70.24040985107422|13|440
28.292098999023438|14|441
13.728711128234863|13|442
11.67463207244873|135|443
13.877152442932129|135|444
14.802085876464844|135|445
18.276641845703125|135|446
19.110078811645508|135|447
17.31905746459961|108|448
33.22918701171875|13|449
52.74909210205078|13|450
47.49333190917969|13|451
44.53841018676758|14|452
41.35310363769531|14|453
37.059322357177734|14|454
32.185203552246094|14|455
32.3913459777832|14|456
35.31399154663086|13|457
32.06424331665039|14|458
35.13375473022461|13|459
104.75172424316406|12|460
111.8766098022461|11|461
45.477561950683594|10|462
23.558855056762695|13|463
32.31862258911133|13|464
31.325210571289062|13|465
31.143585205078125|14|466
33.43696212768555|13|467
34.162723541259766|13|468
28.441259384155273|12|469
38.348514556884766|11|470
50.48031234741211|15|471
58.76823425292969|15|472
56.244224548339844|15|473
53.73637390136719|15|474
49.943546295166016|15|475
44.50241470336914|15|476
44.28432846069336|15|477
45.70698165893555|15|478
46.179508209228516|15|479
40.244903564453125|15|480
86.11662292480469|10|481
107.90666961669922|11|482
56.11750030517578|10|483
27.746061325073242|10|484
27.306480407714844|10|485
30.056720733642578|10|486
30.639951705932617|10|487
28.920475006103516|10|488
28.01563262939453|10|489
29.536828994750977|10|490
31.012889862060547|10|491
31.06301498413086|20|492
32.95823287963867|20|493
34.1448860168457|20|494
33.23823165893555|20|495
32.04879379272461|20|496
29.5137996673584|20|497
27.48495101928711|20|498
25.89483642578125|10|499
25.50653648376465|10|500
47.8393669128418|14|501
107.55014038085938|12|502
94.3674545288086|11|503
24.825130462646484|11|504
17.679847717285156|18|505
21.8824462890625|18|506
26.21990394592285|107|507
29.619232177734375|107|508
26.584562301635742|18|509
30.506505966186523|18|510
30.99420928955078|18|511
29.398523330688477|18|512
28.570110321044922|18|513
30.804296493530273|108|514
27.897754669189453|107|515
25.02535057067871|45|516
23.35878562927246|45|517
24.15518569946289|108|518
21.259843826293945|108|519
18.13819694519043|45|520
23.964252471923828|45|521
48.28150177001953|12|522
114.6137466430664|12|523
82.79949188232422|13|524
29.85214614868164|14|525
18.528045654296875|108|526
29.4606990814209|108|527
30.190269470214844|108|528
23.901268005371094|108|529
19.608539581298828|108|530
17.1455135345459|108|531
15.814045906066895|108|532
31.727243423461914|13|533
54.60606002807617|13|534
50.410003662109375|13|535
44.70018005371094|14|536
41.653934478759766|14|537
38.380592346191406|14|538
38.938541412353516|14|539
35.384437561035156|14|540
35.03511428833008|13|541
31.120140075683594|14|542
34.63999557495117|13|543
99.6234130859375|12|544
111.89807891845703|11|545
44.33719253540039|11|546
18.07057762145996|107|547
19.87823486328125|18|548
22.849946975708008|18|549
23.063827514648438|18|550
25.187084197998047|18|551
28.19562530517578|107|552
34.94955825805664|107|553
39.21097183227539|108|554
26.245086669921875|18|555
25.911897659301758|18|556
37.41447448730469|107|557
44.70220184326172|107|558
28.92119598388672|108|559
19.360246658325195|18|560
15.640071868896484|18|561
20.12970542907715|107|562
30.559566497802734|107|563
44.765995025634766|12|564
116.39154815673828|12|565
87.88529205322266|13|566
30.980281829833984|14|567
14.285358428955078|13|568
8.940353393554688|135|569
8.852972030639648|135|570
8.605457305908203|108|571
14.666824340820312|108|572
20.58140754699707|108|573
17.65153694152832|108|574
27.801536560058594|13|575
50.631595611572266|13|576
47.66521453857422|13|577
43.24201583862305|14|578
39.35486602783203|13|579
34.82122802734375|14|580
32.10249710083008|18|581
32.692909240722656|14|582
34.675228118896484|13|583
31.575260162353516|14|584
32.86737060546875|13|585
95.15708923339844|12|586
109.43172454833984|12|587
46.14872741699219|11|588
15.604265213012695|18|589
19.064207077026367|18|590
20.541059494018555|18|591
24.295713424682617|107|592
22.725900650024414|18|593
22.962839126586914|18|594
22.997278213500977|18|595
23.741477966308594|108|596
26.84930992126465|108|597
33.3314208984375|108|598
29.65092658996582|107|599
19.769582748413086|18|600
21.406312942504883|18|601
18.98152732849121|18|602
18.864154815673828|108|603
18.36351203918457|108|604
16.632232666015625|108|605
41.90076446533203|12|606
116.70296478271484|12|607
89.70225524902344|12|608
32.07695388793945|14|609
17.222183227539062|108|610
25.793758392333984|108|611
26.552358627319336|108|612
21.777433395385742|108|613
21.902259826660156|108|614
20.25873565673828|108|615
16.9539737701416|107|616
25.841421127319336|13|617
48.55992889404297|13|618
45.954185485839844|13|619
42.40855407714844|14|620
40.02804946899414|13|621
38.46455764770508|13|622
35.659271240234375|14|623
33.23072052001953|14|624
32.18731689453125|13|625
28.571531295776367|18|626
28.329471588134766|13|627
82.21910095214844|12|628
108.53064727783203|11|629
58.3570671081543|10|630
22.426584243774414|13|631
28.71173095703125|13|632
32.424625396728516|13|633
33.082313537597656|14|634
33.18387222290039|13|635
35.701873779296875|13|636
34.99052429199219|13|637
45.05943298339844|14|638
65.50434875488281|15|639
64.63594818115234|15|640
55.735286712646484|15|641
48.80565643310547|15|642
47.668025970458984|15|643
46.00520706176758|15|644
42.74622344970703|15|645
42.33502197265625|15|646
42.113224029541016|15|647
37.47414016723633|15|648
72.45974731445312|10|649
104.82613372802734|10|650
64.573486328125|10|651
26.456693649291992|10|652
21.85422706604004|10|653
23.792526245117188|10|654
26.19719696044922|10|655
25.39207649230957|10|656
25.058372497558594|10|657
27.58534812927246|10|658
28.56619644165039|10|659
27.830034255981445|10|660
26.011688232421875|20|661
28.046018600463867|15|662
28.643800735473633|10|663
27.83702850341797|20|664
28.44845962524414|20|665
28.309288024902344|20|666
26.791419982910156|20|667
22.967470169067383|20|668
35.348270416259766|14|669
96.6137924194336|12|670
106.38258361816406|11|671
39.047096252441406|11|672
16.189800262451172|107|673
19.54882049560547|18|674
21.312179565429688|18|675
22.7198486328125|18|676
24.081581115722656|18|677
30.778182983398438|107|678
34.752071380615234|107|679
36.007957458496094|108|680
23.73819351196289|107|681
22.96170425415039|18|682
34.93400192260742|108|683
37.2259407043457|108|684
24.260080337524414|107|685
18.201730728149414|18|686
14.860194206237793|18|687
17.447494506835938|107|688
29.198610305786133|107|689
33.710750579833984|12|690
110.56143188476562|12|691
96.39031982421875|12|692
36.159141540527344|13|693
17.277973175048828|13|694
17.965383529663086|108|695
20.438030242919922|108|696
17.594865798950195|108|697
22.205970764160156|108|698
27.096874237060547|108|699
22.544248580932617|108|700
24.669565200805664|13|701
49.96681213378906|13|702
49.34821701049805|13|703
42.372840881347656|14|704
39.12640380859375|14|705
34.38846206665039|13|706
33.45261764526367|14|707
31.836091995239258|14|708
32.67258834838867|13|709
30.642351150512695|13|710
29.667863845825195|13|711
82.22884368896484|12|712
111.44930267333984|12|713
58.05766677856445|11|714
19.124387741088867|107|715
17.981277465820312|107|716
20.751863479614258|107|717
20.799158096313477|108|718
22.13226318359375|18|719
25.47441291809082|18|720
33.2171516418457|107|721
37.62437057495117|107|722
32.71858596801758|107|723
22.743751525878906|107|724
29.139230728149414|107|725
40.40974044799805|108|726
33.88602828979492|108|727
19.030412673950195|18|728
14.593151092529297|108|729
18.301000595092773|107|730
26.986190795898438|107|731
29.4190616607666|12|732
106.32650756835938|12|733
100.33686828613281|12|734
42.663414001464844|13|735
20.113704681396484|13|736
10.276902198791504|135|737
12.156046867370605|135|738
11.480385780334473|135|739
13.920411109924316|135|740
17.72144889831543|108|741
18.229291915893555|108|742
22.01261329650879|13|743
46.06184768676758|13|744
48.826072692871094|13|745
41.78790283203125|14|746
40.59476852416992|14|747
36.250038146972656|14|748
33.72767639160156|18|749
32.25295639038086|18|750
34.94646072387695|14|751
32.40585708618164|14|752
28.121871948242188|13|753
72.0970458984375|12|754
109.2623291015625|12|755
58.55201721191406|11|756
15.646281242370605|107|757
16.256338119506836|18|758
19.51127052307129|18|759
20.832914352416992|18|760
22.623363494873047|18|761
27.87485694885254|107|762
36.69420623779297|107|763
37.13081359863281|107|764
26.82197380065918|18|765
25.37980079650879|18|766
38.141170501708984|108|767
39.307029724121094|108|768
23.979400634765625|107|769
18.790420532226562|18|770
15.90009593963623|18|771
17.257394790649414|45|772
25.447860717773438|108|773
23.393505096435547|12|774
99.14736938476562|12|775
104.69570922851562|12|776
45.56828689575195|13|777
18.977834701538086|14|778
19.10654640197754|108|779
22.986661911010742|108|780
19.834293365478516|108|781
21.473430633544922|108|782
25.47845458984375|108|783
20.5252685546875|108|784
20.969928741455078|13|785
49.313697814941406|13|786
54.6334228515625|13|787
45.63227081298828|14|788
40.31371307373047|14|789
36.50688171386719|14|790
33.825416564941406|14|791
30.449359893798828|14|792
29.75836181640625|13|793
28.155719757080078|13|794
26.236370086669922|13|795
66.78459167480469|12|796
104.78112030029297|11|797
69.58787536621094|11|798
23.29478645324707|13|799
27.545259475708008|13|800
32.20100784301758|13|801
29.856468200683594|14|802
28.812606811523438|14|803
33.84824752807617|13|804
32.9437255859375|13|805
36.46646499633789|14|806
54.37865447998047|15|807
63.73634338378906|15|808
59.344688415527344|15|809
53.76496505737305|15|810
47.633644104003906|15|811
43.02738952636719|15|812
41.35584259033203|15|813
40.953914642333984|15|814
40.372535705566406|15|815
37.66623306274414|15|816
52.65294647216797|10|817
96.53971862792969|10|818
76.16529083251953|10|819
31.725807189941406|10|820
23.076993942260742|10|821
24.689912796020508|10|822
25.308530807495117|10|823
25.807945251464844|10|824
26.89324951171875|10|825
27.345897674560547|10|826
28.325048446655273|20|827
27.873746871948242|20|828
27.297677993774414|20|829
27.953304290771484|20|830
28.265859603881836|20|831
27.32586097717285|20|832
26.8460636138916|20|833
27.506053924560547|20|834
26.773975372314453|20|835
25.472518920898438|20|836
25.86452865600586|20|837
74.44593811035156|13|838
92.43061065673828|14|839
86.67228698730469|11|840
57.92759323120117|11|841
23.6603946685791|17|842
28.99663734436035|17|843
33.69869613647461|17|844
36.719730377197266|17|845
37.004783630371094|17|846
38.235172271728516|17|847
38.950904846191406|17|848
38.53276443481445|17|849
39.170223236083984|17|850
40.62681198120117|17|851
39.40955352783203|17|852
37.26124954223633|17|853
36.84647750854492|17|854
36.617122650146484|17|855
38.7028923034668|17|856
40.2291145324707|17|857
36.4467658996582|17|858
32.90146255493164|17|859
82.85853576660156|13|860
108.18404388427734|12|861
64.50687408447266|11|862
25.582117080688477|17|863
32.579227447509766|17|864
32.971866607666016|17|865
32.94503402709961|17|866
32.24591827392578|17|867
32.00409698486328|17|868
34.581703186035156|17|869
36.3583869934082|17|870
35.3287353515625|17|871
34.64349365234375|17|872
34.112709045410156|17|873
33.496978759765625|17|874
33.84043884277344|17|875
35.40656280517578|17|876
34.70431900024414|17|877
30.539438247680664|17|878
28.851825714111328|17|879
29.458568572998047|17|880
92.21833038330078|13|881
108.74826049804688|13|882
61.99922180175781|11|883
20.13063621520996|17|884
27.5148983001709|17|885
30.308053970336914|17|886
32.78727340698242|17|887
34.92268753051758|17|888
35.83711242675781|17|889
35.6735954284668|17|890
34.25763702392578|17|891
31.926355361938477|17|892
31.208648681640625|17|893
30.827341079711914|17|894
30.22970199584961|17|895
32.10065841674805|17|896
35.03864288330078|17|897
34.191532135009766|17|898
29.313190460205078|17|899
25.99505043029785|17|900
25.409971237182617|13|901
86.26944732666016|13|902
109.36703491210938|13|903
66.72102355957031|11|904
20.88391876220703|17|905
29.500776290893555|17|906
34.08292007446289|17|907
36.262359619140625|17|908
34.346500396728516|17|909
33.30012512207031|17|910
33.18996047973633|17|911
34.03562545776367|17|912
34.16688919067383|17|913
31.81549644470215|17|914
31.023883819580078|17|915
31.14815902709961|17|916
31.506669998168945|17|917
32.873138427734375|17|918
32.27131271362305|17|919
29.52290916442871|17|920
26.83644676208496|17|921
24.985471725463867|17|922
81.99430847167969|13|923
107.94371795654297|12|924
68.99040222167969|11|925
22.244422912597656|17|926
28.639219284057617|17|927
30.383472442626953|17|928
31.71559715270996|17|929
33.97776412963867|17|930
38.167091369628906|17|931
39.621337890625|17|932
37.743194580078125|17|933
36.09145736694336|17|934
36.547908782958984|17|935
36.652896881103516|17|936
34.842952728271484|17|937
32.47918701171875|17|938
31.967857360839844|17|939
31.822566986083984|17|940
30.605064392089844|17|941
30.005098342895508|17|942
28.278820037841797|17|943
86.18392944335938|13|944
113.75098419189453|13|945
64.59185028076172|11|946
21.72552490234375|17|947
28.02889633178711|17|948
31.534873962402344|17|949
34.15867614746094|17|950
35.88157272338867|17|951
36.839385986328125|17|952
35.578887939453125|17|953
34.655860900878906|17|954
33.45649337768555|17|955
32.97569274902344|17|956
33.79296875|17|957
33.15132141113281|17|958
33.51792907714844|120|959
33.23336410522461|17|960
31.273141860961914|17|961
28.357908248901367|17|962
28.297571182250977|17|963
26.3767032623291|17|964
79.4459228515625|13|965
111.40555572509766|13|966
69.12639617919922|11|967
29.25958251953125|102|968
38.986915588378906|102|969
29.27560806274414|102|970
27.36363410949707|17|971
28.628538131713867|17|972
35.51601028442383|72|973
34.48457717895508|72|974
32.98284149169922|71|975
45.37169647216797|15|976
47.272178649902344|15|977
45.531494140625|15|978
43.33787155151367|15|979
41.76706314086914|15|980
38.429954528808594|15|981
45.684932708740234|27|982
64.9896240234375|27|983
63.6189079284668|27|984
40.734619140625|10|985
83.39824676513672|10|986
78.05233764648438|11|987
41.46524429321289|54|988
44.604434967041016|54|989
38.7385368347168|54|990
26.517702102661133|54|991
53.871952056884766|61|992
64.86190032958984|61|993
57.98381042480469|61|994
45.43084716796875|61|995
41.897308349609375|61|996
44.14607620239258|61|997
46.439308166503906|61|998
50.19227600097656|60|999
37.67632293701172|60|1000
20.220369338989258|20|1001
21.479175567626953|20|1002
22.944049835205078|20|1003
21.16215705871582|20|1004
16.329423904418945|20|1005
61.724063873291016|14|1006
89.2342758178711|12|1007
76.18605041503906|6|1008
112.46235656738281|5|1009
106.87361145019531|5|1010
89.78895568847656|5|1011
70.48603820800781|5|1012
55.21767807006836|5|1013
50.06548309326172|5|1014
40.379852294921875|5|1015
47.9935302734375|135|1016
54.16436767578125|135|1017
36.74359130859375|135|1018
30.751558303833008|107|1019
33.7102165222168|23|1020
49.89011001586914|23|1021
53.75111389160156|23|1022
50.92339324951172|23|1023
45.237300872802734|22|1024
41.13083267211914|22|1025
43.69398880004883|23|1026
59.82155990600586|12|1027
100.74629974365234|12|1028
78.99872589111328|6|1029
112.84222412109375|5|1030
109.80182647705078|5|1031
93.6644287109375|5|1032
75.01506805419922|5|1033
62.34678649902344|5|1034
53.48439407348633|5|1035
45.65702438354492|5|1036
37.61124038696289|5|1037
28.06171989440918|2|1038
34.6193962097168|13|1039
34.43965530395508|14|1040
34.40873718261719|14|1041
34.85981369018555|13|1042
33.362857818603516|13|1043
30.57524299621582|14|1044
29.028573989868164|13|1045
29.818605422973633|13|1046
27.42754364013672|14|1047
55.03397750854492|15|1048
101.82984924316406|12|1049
78.41461944580078|6|1050
106.56558227539062|5|1051
106.87745666503906|5|1052
92.82656860351562|5|1053
73.84705352783203|5|1054
59.6745719909668|5|1055
52.12770080566406|5|1056
44.47660827636719|5|1057
34.30396270751953|5|1058
26.607519149780273|2|1059
29.009830474853516|2|1060
20.919187545776367|2|1061
29.489831924438477|108|1062
30.421674728393555|108|1063
18.85331153869629|108|1064
13.692731857299805|18|1065
14.180068016052246|107|1066
19.85838508605957|107|1067
27.642351150512695|107|1068
53.663177490234375|12|1069
82.4861831665039|12|1070
112.77891540527344|6|1071
130.53590393066406|5|1072
112.46977233886719|5|1073
87.88582611083984|5|1074
74.4701156616211|5|1075
58.38422393798828|5|1076
49.51591873168945|5|1077
41.006221771240234|5|1078
32.12074279785156|5|1079
26.537906646728516|2|1080
33.3390007019043|13|1081
31.476581573486328|13|1082
33.8028678894043|14|1083
33.91650390625|14|1084
30.575641632080078|13|1085
28.952890396118164|14|1086
29.978321075439453|14|1087
30.647253036499023|13|1088
24.91240882873535|14|1089
49.1285400390625|15|1090
96.01618194580078|12|1091
76.58528137207031|11|1092
100.65597534179688|5|1093
107.28746032714844|5|1094
93.42269134521484|5|1095
71.47514343261719|5|1096
61.45098114013672|5|1097
54.92096710205078|5|1098
45.96784973144531|5|1099
35.59874725341797|5|1100
25.102670669555664|5|1101
23.579479217529297|2|1102
18.505395889282227|2|1103
26.094499588012695|107|1104
30.158267974853516|108|1105
27.402605056762695|108|1106
22.513904571533203|108|1107
17.457921981811523|108|1108
13.445417404174805|107|1109
21.037458419799805|107|1110
44.047664642333984|12|1111
74.40164947509766|12|1112
107.2947769165039|6|1113
125.3396224975586|5|1114
113.77162170410156|5|1115
91.72615051269531|5|1116
76.5535888671875|5|1117
57.77452850341797|5|1118
46.30461883544922|5|1119
38.88004684448242|5|1120
31.739192962646484|5|1121
26.391504287719727|2|1122
36.92911911010742|13|1123
34.61458969116211|13|1124
35.51557159423828|14|1125
34.60197830200195|14|1126
32.85527420043945|13|1127
30.047243118286133|14|1128
28.449106216430664|14|1129
29.664661407470703|13|1130
24.922054290771484|13|1131
48.163482666015625|18|1132
70.28495025634766|8|1133
97.05510711669922|6|1134
121.39521789550781|5|1135
114.44303894042969|5|1136
91.13811492919922|5|1137
70.0745849609375|5|1138
57.32425308227539|5|1139
50.39582061767578|5|1140
40.89689254760742|5|1141
32.71818542480469|5|1142
31.13176918029785|14|1143
47.781349182128906|15|1144
44.004676818847656|15|1145
39.035316467285156|15|1146
37.68282699584961|15|1147
38.4615592956543|15|1148
37.345359802246094|15|1149
38.790260314941406|15|1150
37.33739471435547|15|1151
35.404964447021484|15|1152
52.6315803527832|15|1153
76.28375244140625|10|1154
91.4297866821289|7|1155
117.6690444946289|5|1156
111.62743377685547|5|1157
89.91697692871094|5|1158
76.53358459472656|5|1159
61.29887008666992|5|1160
49.19281768798828|5|1161
39.262447357177734|5|1162
31.1850528717041|5|1163
24.93524169921875|2|1164
22.539525985717773|2|1165
22.245044708251953|20|1166
24.49299430847168|20|1167
25.603357315063477|20|1168
25.42629623413086|20|1169
24.58292579650879|20|1170
22.84349250793457|20|1171
20.486433029174805|20|1172
19.903732299804688|20|1173
33.81734848022461|12|1174
84.05973815917969|10|1175
76.24213409423828|7|1176
101.22315216064453|5|1177
111.79859924316406|5|1178
94.05327606201172|5|1179
74.01898956298828|5|1180
62.588104248046875|5|1181
55.16151428222656|5|1182
46.443939208984375|5|1183
35.5054931640625|5|1184
26.30825424194336|5|1185
25.339078903198242|3|1186
22.207082748413086|2|1187
22.28217124938965|107|1188
24.507694244384766|108|1189
26.880767822265625|108|1190
24.16275405883789|108|1191
21.881513595581055|108|1192
11.8016939163208|18|1193
12.947220802307129|45|1194
47.31792449951172|12|1195
105.3382568359375|12|1196
78.94451904296875|6|1197
113.12875366210938|5|1198
115.1549072265625|5|1199
92.96880340576172|5|1200
76.03799438476562|5|1201
59.770599365234375|5|1202
50.008602142333984|5|1203
42.5438232421875|5|1204
34.44883728027344|5|1205
27.59780502319336|2|1206
32.82018280029297|13|1207
34.134151458740234|14|1208
33.86737060546875|14|1209
32.00714111328125|13|1210
31.122800827026367|14|1211
28.744400024414062|14|1212
27.596935272216797|14|1213
30.683534622192383|13|1214
27.069345474243164|14|1215
43.435890197753906|15|1216
91.78614044189453|12|1217
84.6015625|12|1218
99.13356018066406|5|1219
109.51710510253906|5|1220
95.42005157470703|5|1221
74.32244873046875|5|1222
62.767696380615234|5|1223
57.44993209838867|5|1224
48.87459182739258|5|1225
36.88347625732422|5|1226
27.644941329956055|5|1227
24.280366897583008|3|1228
24.339435577392578|108|1229
21.832765579223633|107|1230
20.285951614379883|45|1231
18.096540451049805|45|1232
20.229904174804688|108|1233
16.440629959106445|108|1234
16.25717544555664|45|1235
17.977563858032227|45|1236
43.48971939086914|12|1237
101.93476104736328|12|1238
68.98567199707031|13|1239
105.78324890136719|5|1240
113.64608764648438|5|1241
95.83973693847656|5|1242
78.84489440917969|5|1243
63.07838821411133|5|1244
53.368507385253906|5|1245
45.993408203125|5|1246
36.2508659362793|5|1247
26.94260025024414|2|1248
39.32213592529297|13|1249
36.70929718017578|13|1250
34.48173904418945|14|1251
31.980113983154297|14|1252
28.752695083618164|13|1253
27.217863082885742|18|1254
29.276947021484375|14|1255
30.24851417541504|13|1256
26.10182762145996|14|1257
39.00335693359375|15|1258
84.43643188476562|13|1259
80.10358428955078|7|1260
103.4781723022461|5|1261
111.53713989257812|5|1262
96.00597381591797|5|1263
77.886474609375|5|1264
63.43513870239258|5|1265
55.292110443115234|5|1266
45.58867263793945|5|1267
35.13418197631836|5|1268
25.67710304260254|5|1269
26.491676330566406|3|1270
20.546222686767578|2|1271
20.834531784057617|108|1272
17.978776931762695|107|1273
18.565393447875977|18|1274
19.11278533935547|108|1275
16.288156509399414|108|1276
17.534509658813477|108|1277
16.274980545043945|108|1278
43.41023254394531|12|1279
103.00049591064453|12|1280
74.51675415039062|6|1281
105.93445587158203|5|1282
110.55472564697266|5|1283
92.78186798095703|5|1284
78.5992660522461|5|1285
61.777793884277344|5|1286
50.302249908447266|5|1287
43.690731048583984|5|1288
34.39201736450195|5|1289
24.589435577392578|5|1290
37.12972640991211|13|1291
34.89607238769531|13|1292
35.722938537597656|14|1293
33.31562805175781|14|1294
34.14817428588867|13|1295
35.06892776489258|14|1296
31.933929443359375|14|1297
30.930774688720703|13|1298
28.79436683654785|14|1299
40.711219787597656|13|1300
77.67670440673828|12|1301
89.8453140258789|8|1302
113.07156372070312|5|1303
117.49195098876953|5|1304
95.99459075927734|5|1305
77.61469268798828|5|1306
60.43114471435547|5|1307
47.64892578125|5|1308
37.65856170654297|5|1309
30.212921142578125|5|1310
23.0656681060791|2|1311
34.41144561767578|15|1312
44.4686393737793|15|1313
42.77205276489258|15|1314
40.29903030395508|15|1315
40.80621337890625|15|1316
37.026363372802734|15|1317
36.387184143066406|15|1318
36.85650634765625|15|1319
37.46327590942383|15|1320
50.59261703491211|15|1321
63.584041595458984|10|1322
88.92902374267578|7|1323
106.59332275390625|5|1324
113.45136260986328|5|1325
91.25265502929688|5|1326
75.59133911132812|5|1327
62.79949951171875|5|1328
53.41769027709961|5|1329
45.80238723754883|5|1330
36.7236442565918|5|1331
26.886476516723633|5|1332
25.834630966186523|3|1333
21.34316635131836|2|1334
21.592519760131836|20|1335
23.181316375732422|20|1336
23.987947463989258|20|1337
23.415067672729492|20|1338
23.042407989501953|20|1339
21.879451751708984|20|1340
20.9571475982666|10|1341
25.438671112060547|20|1342
71.82331848144531|10|1343
85.34884643554688|11|1344
92.99624633789062|6|1345
110.88809967041016|5|1346
96.36372375488281|5|1347
78.0130386352539|5|1348
63.95394515991211|5|1349
54.98906326293945|5|1350
46.13175582885742|5|1351
35.636138916015625|5|1352
25.725688934326172|2|1353
23.78611183166504|2|1354
18.118207931518555|2|1355
23.777877807617188|107|1356
30.091859817504883|107|1357
27.941518783569336|108|1358
19.062305450439453|108|1359
17.86688232421875|108|1360
13.24428653717041|107|1361
18.048627853393555|107|1362
27.37057113647461|12|1363
98.90249633789062|12|1364
91.1378402709961|12|1365
93.64086151123047|5|1366
113.15733337402344|5|1367
96.40475463867188|5|1368
78.93302917480469|5|1369
62.85456848144531|5|1370
53.59994888305664|5|1371
46.708614349365234|5|1372
36.26373291015625|5|1373
25.41233253479004|2|1374
31.962644577026367|13|1375
36.21475601196289|13|1376
33.643577575683594|14|1377
30.192039489746094|14|1378
31.576032638549805|13|1379
30.7282657623291|14|1380
28.96414566040039|14|1381
29.84947395324707|13|1382
28.03453254699707|14|1383
30.441875457763672|13|1384
82.9198226928711|12|1385
97.03646850585938|12|1386
81.38023376464844|5|1387
105.46661376953125|5|1388
96.01727294921875|5|1389
76.71730041503906|5|1390
63.1934928894043|5|1391
56.09572982788086|5|1392
48.05095291137695|5|1393
37.329559326171875|5|1394
25.70718765258789|5|1395
23.91356086730957|3|1396
21.595489501953125|2|1397
21.027742385864258|107|1398
25.499906539916992|107|1399
29.38237953186035|108|1400
22.814786911010742|108|1401
20.09210968017578|108|1402
11.18995189666748|108|1403
12.877602577209473|45|1404
25.827320098876953|12|1405
69.37448120117188|12|1406
91.53919982910156|7|1407
109.02312469482422|5|1408
123.45590209960938|5|1409
97.47753143310547|5|1410
80.50845336914062|5|1411
63.201786041259766|5|1412
49.88618469238281|5|1413
43.7825813293457|5|1414
35.4283447265625|5|1415
27.21385955810547|5|1416
27.16069221496582|13|1417
31.411638259887695|13|1418
32.20671463012695|14|1419
29.740036010742188|14|1420
29.970478057861328|14|1421
28.889650344848633|14|1422
26.461181640625|14|1423
26.959014892578125|13|1424
25.0386905670166|14|1425
29.64858627319336|13|1426
81.3297119140625|12|1427
114.31835174560547|11|1428
86.06231689453125|6|1429
110.21704864501953|5|1430
96.9334487915039|5|1431
78.64385986328125|5|1432
65.44412231445312|5|1433
57.95325469970703|5|1434
48.939422607421875|5|1435
37.49264907836914|5|1436
28.417823791503906|5|1437
25.11451530456543|3|1438
21.736465454101562|2|1439
25.053817749023438|108|1440
36.962562561035156|108|1441
29.432893753051758|108|1442
16.41222381591797|18|1443
13.400764465332031|18|1444
14.4339017868042|45|1445
24.448726654052734|107|1446
28.063644409179688|108|1447
58.66783142089844|9|1448
72.71371459960938|7|1449
92.46007537841797|6|1450
112.81558990478516|5|1451
94.53688049316406|5|1452
80.51165771484375|5|1453
67.25724792480469|5|1454
52.14589309692383|5|1455
42.925025939941406|5|1456
34.05647659301758|5|1457
26.688922882080078|2|1458
28.568540573120117|13|1459
34.29832077026367|13|1460
33.283653259277344|14|1461
32.6590576171875|14|1462
30.338869094848633|14|1463
28.159664154052734|18|1464
25.628765106201172|18|1465
27.959667205810547|14|1466
27.5811767578125|18|1467
32.68680953979492|14|1468
73.64414978027344|15|1469
84.36420440673828|7|1470
113.21867370605469|6|1471
127.05438995361328|5|1472
101.61565399169922|5|1473
80.96733093261719|5|1474
64.54489135742188|5|1475
52.62420654296875|5|1476
44.37983703613281|5|1477
34.28738784790039|5|1478
27.829465866088867|5|1479
28.128009796142578|15|1480
42.42216491699219|16|1481
42.234371185302734|15|1482
39.31501388549805|15|1483
39.281681060791016|15|1484
37.71234893798828|15|1485
37.12215042114258|15|1486
36.32006072998047|15|1487
34.147647857666016|15|1488
39.1305046081543|15|1489
58.38981628417969|14|1490
88.82984161376953|10|1491
90.37718963623047|6|1492
116.58036041259766|5|1493
97.33128356933594|5|1494
80.0097427368164|5|1495
63.9398078918457|5|1496
49.8521614074707|5|1497
45.28832244873047|5|1498
38.22848892211914|5|1499
30.025562286376953|5|1500
28.08909797668457|3|1501
24.336185455322266|2|1502
23.949180603027344|20|1503
25.502653121948242|20|1504
25.188505172729492|20|1505
24.86376953125|20|1506
25.309452056884766|20|1507
24.431812286376953|20|1508
23.316240310668945|10|1509
21.968677520751953|20|1510
68.61088562011719|13|1511
72.45381164550781|13|1512
23.53822898864746|14|1513
13.830611228942871|179|1514
14.971283912658691|179|1515
13.36600112915039|180|1516
12.872859001159668|179|1517
9.286867141723633|179|1518
9.975666999816895|122|1519
9.33611011505127|122|1520
7.5271687507629395|122|1521
6.63594388961792|181|1522
8.314140319824219|151|1523
10.579508781433105|151|1524
10.00527286529541|152|1525
8.963594436645508|121|1526
7.542542934417725|181|1527
12.735036849975586|121|1528
18.157310485839844|121|1529
12.219637870788574|121|1530
8.914708137512207|243|1531
9.993083953857422|22|1532
12.300482749938965|178|1533
15.763772964477539|178|1534
18.132720947265625|179|1535
18.736114501953125|179|1536
15.314123153686523|179|1537
13.614070892333984|179|1538
10.730162620544434|179|1539
10.28228759765625|122|1540
10.699361801147461|122|1541
8.357033729553223|122|1542
6.489251136779785|181|1543
7.290391445159912|202|1544
10.716131210327148|152|1545
10.381497383117676|152|1546
8.725458145141602|121|1547
8.809280395507812|181|1548
11.90272045135498|121|1549
17.732383728027344|121|1550
12.50123119354248|121|1551
9.495705604553223|242|1552
10.16049861907959|31|1553
12.331941604614258|30|1554
15.307976722717285|178|1555
16.644779205322266|179|1556
17.157163619995117|179|1557
14.804325103759766|179|1558
13.368789672851562|179|1559
10.369237899780273|180|1560
9.861801147460938|122|1561
9.412836074829102|122|1562
7.567256450653076|180|1563
7.512888431549072|180|1564
7.110688209533691|151|1565
9.98041820526123|152|1566
11.025578498840332|152|1567
9.220664978027344|181|1568
8.632213592529297|120|1569
13.193852424621582|121|1570
18.689294815063477|121|1571
13.676054000854492|121|1572
9.028989791870117|243|1573
9.96070384979248|30|1574
13.336207389831543|14|1575
15.873337745666504|178|1576
14.57485294342041|179|1577
16.99150276184082|179|1578
13.783076286315918|180|1579
12.816645622253418|180|1580
12.737159729003906|180|1581
9.482698440551758|180|1582
8.894598960876465|122|1583
7.561453342437744|180|1584
6.287656307220459|180|1585
8.254800796508789|151|1586
10.800119400024414|152|1587
10.950989723205566|152|1588
8.792157173156738|181|1589
9.169916152954102|181|1590
11.97000503540039|121|1591
17.271509170532227|121|1592
12.14998722076416|121|1593
9.00039005279541|242|1594
9.906795501708984|31|1595
13.598278045654297|177|1596
15.616202354431152|178|1597
16.564067840576172|179|1598
16.09783935546875|179|1599
12.744379043579102|179|1600
13.321885108947754|180|1601
12.839764595031738|180|1602
9.4605712890625|180|1603
9.008796691894531|122|1604
7.588091850280762|122|1605
6.472365856170654|60|1606
7.086297988891602|151|1607
10.709879875183105|152|1608
10.736920356750488|152|1609
8.056903839111328|181|1610
7.997831344604492|181|1611
11.713629722595215|121|1612
18.268451690673828|121|1613
13.455559730529785|121|1614
8.779145240783691|242|1615
9.582921028137207|50|1616
12.279266357421875|14|1617
15.136658668518066|178|1618
15.664084434509277|179|1619
17.43439292907715|179|1620
15.195114135742188|180|1621
14.668341636657715|180|1622
13.646973609924316|180|1623
9.330041885375977|122|1624
9.229532241821289|122|1625
7.74659538269043|180|1626
7.713949203491211|181|1627
7.375668525695801|60|1628
10.491147994995117|152|1629
11.216562271118164|152|1630
8.7910737991333|121|1631
7.99989652633667|181|1632
11.04045581817627|121|1633
18.828102111816406|121|1634
14.793198585510254|121|1635
11.665200233459473|243|1636
9.37049674987793|17|1637
12.860116958618164|30|1638
14.563310623168945|178|1639
15.80141830444336|179|1640
16.910884857177734|179|1641
15.889863967895508|180|1642
14.676566123962402|179|1643
11.496813774108887|179|1644
10.686239242553711|122|1645
10.880494117736816|122|1646
8.872910499572754|122|1647
7.641022682189941|30|1648
10.267791748046875|30|1649
10.313596725463867|80|1650
13.851993560791016|203|1651
10.70539379119873|40|1652
12.593827247619629|121|1653
14.766798973083496|121|1654
15.38136100769043|121|1655
13.165740966796875|121|1656
10.651885986328125|50|1657
10.324797630310059|51|1658
17.914859771728516|11|1659
12.579127311706543|10|1660
13.21202278137207|101|1661
14.039209365844727|101|1662
15.602011680603027|101|1663
13.540337562561035|152|1664
13.91935920715332|202|1665
11.09835147857666|202|1666
12.261406898498535|101|1667
10.495943069458008|101|1668
8.528815269470215|101|1669
8.784836769104004|51|1670
10.111133575439453|50|1671
10.101493835449219|101|1672
13.495205879211426|101|1673
12.689279556274414|101|1674
7.855079174041748|101|1675
7.470034599304199|121|1676
7.321393966674805|201|1677
7.422779560089111|20|1678
44.183250427246094|15|1679
93.67520141601562|8|1680
98.5906982421875|6|1681
120.83557891845703|5|1682
105.30070495605469|5|1683
85.88998413085938|5|1684
68.96139526367188|5|1685
55.34352493286133|5|1686
47.84861373901367|5|1687
39.751426696777344|5|1688
31.900043487548828|5|1689
25.199993133544922|3|1690
20.935712814331055|2|1691
20.130952835083008|107|1692
29.69056510925293|107|1693
31.189054489135742|108|1694
25.85106658935547|108|1695
21.143098831176758|108|1696
15.321845054626465|108|1697
15.662355422973633|45|1698
19.164825439453125|107|1699
67.04241180419922|12|1700
94.45317840576172|12|1701
111.66923522949219|6|1702
132.251708984375|5|1703
111.55252838134766|5|1704
87.47091674804688|5|1705
72.20478057861328|5|1706
57.52134704589844|5|1707
48.96539306640625|5|1708
38.061622619628906|5|1709
31.63133430480957|5|1710
28.77448844909668|2|1711
39.19163131713867|13|1712
34.80299758911133|14|1713
36.23648452758789|14|1714
34.607208251953125|13|1715
30.817302703857422|14|1716
28.43409538269043|14|1717
27.923664093017578|13|1718
30.918933868408203|13|1719
27.947675704956055|14|1720
58.8958854675293|15|1721
98.12580108642578|12|1722
77.33182525634766|6|1723
102.09603881835938|5|1724
101.03469848632812|5|1725
85.56783294677734|5|1726
68.57830810546875|5|1727
59.97592544555664|5|1728
53.69578170776367|5|1729
44.17573547363281|5|1730
33.2909049987793|5|1731
24.625732421875|2|1732
32.39730453491211|102|1733
47.800254821777344|68|1734
55.554988861083984|68|1735
58.76401901245117|68|1736
59.528568267822266|68|1737
58.67717742919922|68|1738
54.648590087890625|68|1739
46.65332794189453|72|1740
78.4208755493164|72|1741
61.196388244628906|72|1742
69.35694885253906|7|1743
106.20216369628906|6|1744
127.74823760986328|5|1745
107.54197692871094|5|1746
84.3018569946289|5|1747
71.31959533691406|5|1748
54.704139709472656|5|1749
44.791690826416016|5|1750
35.40062713623047|5|1751
29.044174194335938|5|1752
26.088031768798828|2|1753
35.80350112915039|13|1754
34.569339752197266|14|1755
34.51834487915039|151|1756
36.796905517578125|151|1757
36.06138229370117|91|1758
27.870702743530273|91|1759
38.38532638549805|103|1760
39.385948181152344|102|1761
40.665409088134766|102|1762
45.223297119140625|15|1763
99.6888656616211|12|1764
79.84879302978516|6|1765
107.3890609741211|5|1766
106.0673828125|5|1767
88.90682983398438|5|1768
70.55913543701172|5|1769
60.480892181396484|5|1770
52.85942077636719|5|1771
44.6508903503418|5|1772
32.35559844970703|5|1773
24.341421127319336|2|1774
27.125036239624023|2|1775
29.72078514099121|61|1776
28.349624633789062|107|1777
38.99959182739258|44|1778
77.23117065429688|45|1779
122.56033325195312|45|1780
137.8164825439453|45|1781
80.16519927978516|44|1782
40.06816482543945|43|1783
53.20752716064453|12|1784
88.52540588378906|12|1785
105.32459259033203|6|1786
125.04627990722656|5|1787
110.00495910644531|5|1788
86.61585998535156|5|1789
70.66104888916016|5|1790
54.24156188964844|5|1791
44.70645523071289|5|1792
34.87355422973633|5|1793
29.51431655883789|5|1794
22.6986083984375|4|1795
31.796424865722656|13|1796
33.974727630615234|27|1797
30.640417098999023|14|1798
22.99260902404785|13|1799
22.202716827392578|18|1800
21.808679580688477|14|1801
22.486942291259766|14|1802
23.088441848754883|13|1803
21.024856567382812|13|1804
39.64904022216797|13|1805
77.12166595458984|9|1806
92.88655090332031|6|1807
118.11824798583984|5|1808
108.88997650146484|5|1809
87.85376739501953|5|1810
68.10295104980469|5|1811
52.51664733886719|5|1812
44.020023345947266|5|1813
35.87592697143555|5|1814
29.835569381713867|91|1815
26.867258071899414|14|1816
41.091434478759766|15|1817
44.14230728149414|15|1818
57.28061294555664|61|1819
76.6955795288086|61|1820
43.589900970458984|61|1821
34.27873611450195|15|1822
35.76997756958008|15|1823
38.736907958984375|15|1824
38.136817932128906|15|1825
46.86299514770508|15|1826
81.03295135498047|8|1827
94.04242706298828|7|1828
119.205322265625|5|1829
109.57152557373047|5|1830
85.97186279296875|5|1831
69.08613586425781|5|1832
52.9713134765625|5|1833
52.734004974365234|54|1834
63.48212432861328|54|1835
66.92434692382812|54|1836
50.78936767578125|45|1837
59.90760803222656|45|1838
64.14348602294922|41|1839
73.7772216796875|40|1840
74.60515594482422|41|1841
74.99751281738281|41|1842
68.83926391601562|41|1843
56.67995071411133|40|1844
46.38914489746094|40|1845
35.331172943115234|40|1846
30.98435401916504|12|1847
87.08856201171875|9|1848
81.84474182128906|7|1849
103.1695327758789|5|1850
107.48046112060547|5|1851
90.85132598876953|5|1852
70.02133178710938|5|1853
57.284271240234375|5|1854
49.11358642578125|5|1855
42.940677642822266|46|1856
41.66206359863281|46|1857
37.70429992675781|46|1858
29.736042022705078|45|1859
26.2629451751709|22|1860
26.398826599121094|108|1861
20.898466110229492|108|1862
18.54355812072754|18|1863
17.838903427124023|18|1864
14.113934516906738|18|1865
18.49553871154785|108|1866
26.212305068969727|107|1867
48.27983474731445|12|1868
89.60735321044922|12|1869
96.27902221679688|6|1870
120.42713928222656|5|1871
112.06331634521484|5|1872
89.87091064453125|5|1873
72.44223022460938|5|1874
57.012638092041016|61|1875
79.66231536865234|61|1876
83.06426239013672|61|1877
91.6180648803711|61|1878
101.38898468017578|61|1879
104.76272583007812|61|1880
103.54837799072266|61|1881
102.01180267333984|61|1882
90.86133575439453|61|1883
72.1141357421875|61|1884
63.75412368774414|61|1885
76.9737548828125|60|1886
70.65122985839844|60|1887
23.330177307128906|60|1888
44.130279541015625|13|1889
89.35594940185547|12|1890
88.1334457397461|7|1891
98.6938247680664|5|1892
98.67508697509766|5|1893
83.38704681396484|5|1894
67.259765625|5|1895
53.616905212402344|5|1896
45.19759750366211|5|1897
58.50873565673828|54|1898
86.50836181640625|54|1899
96.11084747314453|54|1900
82.35787200927734|54|1901
74.277587890625|54|1902
70.45381927490234|54|1903
61.5247917175293|54|1904
49.22748947143555|54|1905
32.6141357421875|27|1906
23.286800384521484|27|1907
13.776802062988281|27|1908
18.198684692382812|45|1909
45.52769470214844|12|1910
87.47167205810547|12|1911
94.90193176269531|6|1912
119.77500915527344|5|1913
113.0957260131836|5|1914
88.96001434326172|5|1915
72.84095764160156|5|1916
56.717647552490234|5|1917
44.49990463256836|5|1918
39.22416687011719|91|1919
53.69951248168945|91|1920
54.5423698425293|91|1921
54.27714157104492|91|1922
57.31697463989258|91|1923
67.24356842041016|121|1924
73.23890686035156|121|1925
78.88977813720703|91|1926
92.57136535644531|91|1927
73.20252990722656|91|1928
30.412511825561523|59|1929
32.891319274902344|107|1930
34.70094299316406|24|1931
89.07284545898438|12|1932
97.67596435546875|11|1933
99.93327331542969|5|1934
104.02416229248047|5|1935
85.37999725341797|5|1936
68.34664154052734|5|1937
54.156105041503906|5|1938
43.90302658081055|81|1939
52.8715705871582|81|1940
37.565948486328125|81|1941
22.120040893554688|79|1942
37.12351989746094|46|1943
48.39099884033203|46|1944
41.150047302246094|46|1945
31.17495346069336|46|1946
23.971450805664062|108|1947
20.600130081176758|108|1948
16.60964584350586|108|1949
8.850956916809082|45|1950
12.783536911010742|45|1951
30.613563537597656|9|1952
69.9620361328125|8|1953
89.18457794189453|7|1954
114.4861831665039|5|1955
111.58828735351562|5|1956
88.55406951904297|5|1957
70.73157501220703|5|1958
55.69990921020508|5|1959
47.94706344604492|5|1960
41.03601837158203|5|1961
32.49824905395508|5|1962
24.059843063354492|2|1963
34.99852752685547|45|1964
65.97821044921875|45|1965
41.02565383911133|45|1966
27.468700408935547|18|1967
34.623016357421875|18|1968
30.615753173828125|18|1969
26.238168716430664|14|1970
28.86616325378418|13|1971
28.6885986328125|18|1972
49.39887237548828|18|1973
63.602317810058594|18|1974
88.2400131225586|7|1975
110.50991821289062|5|1976
112.87975311279297|5|1977
89.11333465576172|5|1978
69.24110412597656|5|1979
55.18621826171875|5|1980
48.85466384887695|5|1981
42.255775451660156|5|1982
31.065818786621094|5|1983
29.505632400512695|14|1984
43.469146728515625|15|1985
44.58058166503906|15|1986
40.7964973449707|15|1987
35.35568618774414|15|1988
34.1749153137207|15|1989
34.247962951660156|15|1990
33.65861511230469|15|1991
32.40959548950195|15|1992
29.86376190185547|15|1993
39.862430572509766|15|1994
64.94329071044922|10|1995
84.38806915283203|7|1996
101.30049133300781|5|1997
106.17915344238281|5|1998
86.95516967773438|5|1999
72.81192016601562|5|2000
57.64855194091797|5|2001
44.91485595703125|5|2002
36.58747100830078|5|2003
28.764781951904297|5|2004
49.712921142578125|45|2005
61.021995544433594|45|2006
51.4065055847168|45|2007
54.11480712890625|46|2008
58.18238067626953|46|2009
53.91167068481445|46|2010
48.24049377441406|45|2011
39.560054779052734|45|2012
39.10844421386719|46|2013
48.878170013427734|46|2014
53.19876480102539|45|2015
77.64381408691406|10|2016
79.6834945678711|10|2017
85.59205627441406|5|2018
103.5802993774414|5|2019
88.52021026611328|5|2020
69.49163818359375|5|2021
58.75454330444336|5|2022
51.69890213012695|5|2023
42.676116943359375|5|2024
32.40654754638672|5|2025
24.11586570739746|5|2026
20.87112045288086|3|2027
17.6795597076416|2|2028
22.659164428710938|107|2029
30.590208053588867|108|2030
28.102970123291016|108|2031
17.60559844970703|108|2032
15.042006492614746|108|2033
13.20477294921875|18|2034
17.851436614990234|45|2035
33.86558532714844|12|2036
87.52899932861328|12|2037
76.61968994140625|6|2038
105.063720703125|5|2039
113.76726531982422|5|2040
91.30207061767578|5|2041
75.68991088867188|5|2042
59.94016647338867|5|2043
48.222774505615234|5|2044
42.00871276855469|5|2045
33.29713439941406|5|2046
25.323232650756836|5|2047
28.77796745300293|13|2048
30.49605369567871|13|2049
30.758255004882812|14|2050
30.078317642211914|14|2051
30.578664779663086|14|2052
28.70439338684082|14|2053
27.147871017456055|14|2054
27.2280330657959|13|2055
25.47635269165039|14|2056
34.11039733886719|15|2057
83.4900894165039|12|2058
90.28559112548828|12|2059
86.5038833618164|5|2060
104.41752624511719|5|2061
92.56990051269531|5|2062
74.43778991699219|5|2063
61.925804138183594|5|2064
50.98196792602539|5|2065
43.71689987182617|5|2066
35.675655364990234|5|2067
28.4217472076416|5|2068
24.291860580444336|3|2069
40.40812683105469|68|2070
50.40272521972656|68|2071
55.212772369384766|68|2072
56.866477966308594|68|2073
55.48707580566406|68|2074
51.03170394897461|68|2075
41.23404312133789|69|2076
59.288917541503906|72|2077
68.26653289794922|72|2078
87.03439331054688|12|2079
75.85924530029297|12|2080
87.21627807617188|5|2081
104.33566284179688|5|2082
88.78152465820312|5|2083
74.60081481933594|5|2084
60.69041061401367|5|2085
49.844181060791016|5|2086
43.94777297973633|5|2087
34.128116607666016|5|2088
24.31639289855957|5|2089
29.63010025024414|13|2090
34.793888092041016|167|2091
32.47011947631836|152|2092
51.88568115234375|152|2093
54.317413330078125|152|2094
40.66752243041992|152|2095
33.15605926513672|103|2096
43.89837646484375|102|2097
47.45000457763672|102|2098
46.09177780151367|102|2099
80.98197174072266|12|2100
95.7977523803711|12|2101
81.6529541015625|6|2102
102.46438598632812|5|2103
91.39826965332031|5|2104
74.32794952392578|5|2105
60.54463577270508|5|2106
54.6941032409668|5|2107
45.01332092285156|5|2108
32.68819808959961|5|2109
25.7071533203125|5|2110
21.617229461669922|3|2111
26.107084274291992|62|2112
24.613815307617188|42|2113
28.809450149536133|81|2114
29.779903411865234|44|2115
62.510780334472656|45|2116
103.22091674804688|45|2117
98.60242462158203|45|2118
52.9554328918457|44|2119
23.134904861450195|12|2120
63.47755813598633|12|2121
76.84137725830078|7|2122
102.46477508544922|5|2123
116.32318115234375|5|2124
90.64348602294922|5|2125
73.74087524414062|5|2126
59.156742095947266|5|2127
45.46656799316406|5|2128
38.75524139404297|54|2129
32.28473663330078|54|2130
22.028705596923828|5|2131
30.85612678527832|54|2132
38.876495361328125|54|2133
27.34754180908203|14|2134
27.899402618408203|14|2135
25.437217712402344|13|2136
22.373886108398438|14|2137
20.22641372680664|14|2138
20.57610321044922|13|2139
21.316089630126953|14|2140
32.04708480834961|18|2141
50.873558044433594|18|2142
86.61078643798828|7|2143
104.1237564086914|6|2144
117.66749572753906|5|2145
93.56109619140625|5|2146
74.22840881347656|5|2147
60.713314056396484|5|2148
48.6799430847168|5|2149
38.30750274658203|5|2150
29.581003189086914|5|2151
25.30810546875|91|2152
38.55936813354492|15|2153
38.04804992675781|15|2154
36.351348876953125|61|2155
70.49508666992188|61|2156
60.48796081542969|61|2157
29.553667068481445|15|2158
29.475061416625977|15|2159
31.48572540283203|15|2160
33.16130828857422|15|2161
44.0867919921875|15|2162
56.0687141418457|15|2163
86.01361083984375|10|2164
89.20469665527344|6|2165
109.86521911621094|5|2166
90.02468872070312|5|2167
75.42964172363281|5|2168
62.006919860839844|5|2169
47.85327911376953|5|2170
46.36443328857422|54|2171
51.641536712646484|54|2172
39.85091018676758|54|2173
43.15140914916992|45|2174
44.872432708740234|41|2175
60.59270477294922|41|2176
58.73629379272461|41|2177
60.32194137573242|40|2178
56.94887161254883|40|2179
47.32909393310547|41|2180
36.888648986816406|40|2181
30.53488540649414|40|2182
28.059999465942383|20|2183
60.29277420043945|10|2184
84.78190612792969|10|2185
82.13825225830078|6|2186
102.75749969482422|5|2187
91.8544692993164|5|2188
74.36405181884766|5|2189
59.27251434326172|5|2190
48.285587310791016|5|2191
44.48649597167969|45|2192
37.948795318603516|46|2193
35.56089782714844|46|2194
27.463693618774414|46|2195
18.011781692504883|2|2196
19.1715030670166|21|2197
23.51398468017578|107|2198
25.60232162475586|108|2199
21.42184829711914|108|2200
19.539106369018555|108|2201
11.509638786315918|107|2202
12.78858757019043|45|2203
19.73080825805664|12|2204
66.07820129394531|12|2205
75.61515808105469|7|2206
97.2055892944336|6|2207
112.30188751220703|5|2208
90.45376586914062|5|2209
73.85304260253906|5|2210
57.353633880615234|5|2211
81.69043731689453|61|2212
86.22122192382812|61|2213
85.52809143066406|61|2214
95.36144256591797|61|2215
101.22341918945312|61|2216
99.52924346923828|61|2217
95.7852554321289|61|2218
92.07356262207031|61|2219
79.52655029296875|61|2220
66.8037109375|61|2221
65.64901733398438|61|2222
74.94403839111328|60|2223
41.8720588684082|60|2224
27.4114990234375|24|2225
62.31435012817383|13|2226
86.1456527709961|12|2227
84.45472717285156|6|2228
102.17445373535156|5|2229
91.2293472290039|5|2230
74.54339599609375|5|2231
59.720088958740234|5|2232
52.56854248046875|5|2233
44.386268615722656|5|2234
67.46896362304688|54|2235
85.58258056640625|54|2236
76.87973022460938|54|2237
64.3544692993164|54|2238
62.746925354003906|54|2239
59.537498474121094|54|2240
51.301265716552734|54|2241
37.84174728393555|54|2242
26.324588775634766|27|2243
16.844768524169922|81|2244
15.75771713256836|108|2245
23.139238357543945|12|2246
80.28556060791016|12|2247
83.0442123413086|12|2248
95.78398132324219|6|2249
113.63853454589844|5|2250
91.64369201660156|5|2251
74.57046508789062|5|2252
61.28734588623047|5|2253
46.20748519897461|5|2254
38.2982063293457|5|2255
42.48133850097656|91|2256
47.82963562011719|91|2257
45.14634704589844|91|2258
48.05124282836914|91|2259
53.72270965576172|91|2260
61.8490104675293|121|2261
71.29975128173828|91|2262
88.55158233642578|91|2263
91.06830596923828|91|2264
51.04597473144531|91|2265
30.784282684326172|107|2266
32.22265625|23|2267
53.57258605957031|15|2268
88.86717987060547|12|2269
77.87519073486328|6|2270
102.8613510131836|5|2271
93.92893981933594|5|2272
75.1274642944336|5|2273
60.798770904541016|5|2274
50.83757400512695|5|2275
42.376468658447266|5|2276
33.992149353027344|81|2277
22.084592819213867|5|2278
25.278461456298828|26|2279
34.463741302490234|46|2280
45.43817138671875|46|2281
48.901771545410156|46|2282
39.39030456542969|45|2283
20.990171432495117|45|2284
14.925814628601074|108|2285
10.412710189819336|108|2286
12.83984661102295|45|2287
15.928898811340332|9|2288
62.53330993652344|12|2289
71.78831481933594|7|2290
96.87361907958984|6|2291
113.09323120117188|5|2292
92.1866226196289|5|2293
75.2199935913086|5|2294
61.2019157409668|5|2295
45.542057037353516|5|2296
38.351985931396484|5|2297
30.939590454101562|4|2298
24.588891983032227|5|2299
24.808353424072266|13|2300
41.28582763671875|45|2301
43.8602409362793|45|2302
28.40288543701172|14|2303
26.028757095336914|14|2304
23.47346305847168|14|2305
24.422962188720703|18|2306
24.328182220458984|13|2307
24.48596954345703|13|2308
27.275808334350586|13|2309
45.38290023803711|18|2310
80.6525650024414|8|2311
96.77877807617188|6|2312
113.31394958496094|5|2313
95.94914245605469|5|2314
76.52591705322266|5|2315
58.29550552368164|5|2316
45.64521789550781|5|2317
38.01186752319336|5|2318
28.687408447265625|5|2319
26.119735717773438|212|2320
27.966543197631836|15|2321
35.071903228759766|15|2322
35.179325103759766|15|2323
31.694124221801758|15|2324
30.271217346191406|15|2325
31.17176628112793|15|2326
30.44690704345703|15|2327
29.091136932373047|15|2328
29.356346130371094|15|2329
31.139001846313477|15|2330
54.26164245605469|16|2331
77.021240234375|8|2332
92.44994354248047|6|2333
112.56018829345703|5|2334
93.90095520019531|5|2335
76.82048034667969|5|2336
62.77579116821289|5|2337
47.674278259277344|5|2338
39.080406188964844|5|2339
30.25480079650879|5|2340
30.774932861328125|45|2341
48.797847747802734|45|2342
48.41781997680664|45|2343
43.32393264770508|46|2344
44.49517822265625|46|2345
45.053489685058594|46|2346
39.331809997558594|45|2347
33.22478103637695|45|2348
26.85736083984375|68|2349
33.25275421142578|68|2350
47.25235366821289|68|2351
46.95705032348633|12|2352
78.1307601928711|11|2353
82.3812255859375|6|2354
101.9839096069336|5|2355
93.95816802978516|5|2356
76.55919647216797|5|2357
61.240394592285156|5|2358
52.08592224121094|5|2359
42.734439849853516|5|2360
33.41975784301758|5|2361
27.354604721069336|5|2362
24.823291778564453|3|2363
20.016923904418945|2|2364
22.21829605102539|108|2365
21.157236099243164|107|2366
17.239704132080078|18|2367
15.999164581298828|18|2368
12.575665473937988|45|2369
13.729668617248535|45|2370
20.241016387939453|108|2371
21.665620803833008|45|2372
60.43833923339844|12|2373
76.98216247558594|12|2374
101.39891052246094|6|2375
115.77967071533203|5|2376
95.85738372802734|5|2377
78.61336517333984|5|2378
65.9996566772461|5|2379
50.520442962646484|5|2380
42.56838607788086|5|2381
34.70006561279297|4|2382
27.255395889282227|5|2383
25.501588821411133|13|2384
32.56194305419922|13|2385
28.421796798706055|13|2386
30.07617950439453|14|2387
30.78217887878418|14|2388
28.602102279663086|14|2389
25.8466854095459|14|2390
24.81858253479004|13|2391
23.384967803955078|13|2392
21.96936798095703|14|2393
56.49551010131836|15|2394
91.51102447509766|12|2395
80.09815216064453|6|2396
101.37569427490234|5|2397
95.31341552734375|5|2398
78.39177703857422|5|2399
62.11103439331055|5|2400
55.61951446533203|5|2401
48.946041107177734|5|2402
38.006126403808594|5|2403
28.403379440307617|5|2404
25.348114013671875|3|2405
32.708473205566406|102|2406
46.5668830871582|68|2407
52.00979995727539|68|2408
51.548397064208984|102|2409
55.11882019042969|102|2410
52.996036529541016|102|2411
46.86235046386719|68|2412
44.66096496582031|72|2413
68.16940307617188|72|2414
54.61298751831055|12|2415
86.67628479003906|12|2416
70.3990707397461|6|2417
103.14299011230469|5|2418
94.7667236328125|5|2419
77.02400207519531|5|2420
62.035438537597656|5|2421
50.59339141845703|5|2422
46.05297088623047|5|2423
38.56296157836914|5|2424
27.206575393676758|5|2425
22.829769134521484|13|2426
32.71615219116211|167|2427
33.2785758972168|168|2428
43.47584533691406|152|2429
51.192527770996094|152|2430
43.590538024902344|152|2431
24.2325439453125|152|2432
35.181941986083984|103|2433
43.41426086425781|136|2434
44.995025634765625|102|2435
46.30448913574219|13|2436
82.6231689453125|8|2437
83.7285385131836|6|2438
102.36634826660156|5|2439
92.8564224243164|5|2440
77.8062973022461|5|2441
61.75224304199219|5|2442
50.241050720214844|5|2443
42.85584259033203|5|2444
33.639007568359375|5|2445
25.9410457611084|5|2446
21.177061080932617|2|2447
20.814720153808594|2|2448
22.93067169189453|42|2449
31.917308807373047|81|2450
31.83222198486328|44|2451
53.8099250793457|45|2452
83.59617614746094|45|2453
103.97150421142578|45|2454
64.37104034423828|44|2455
31.091388702392578|43|2456
60.81560134887695|12|2457
91.46649932861328|12|2458
79.81053161621094|6|2459
104.5063705444336|5|2460
96.37718963623047|5|2461
79.82492065429688|5|2462
65.30008697509766|5|2463
48.35139465332031|5|2464
41.9693717956543|108|2465
34.34107971191406|54|2466
22.970897674560547|5|2467
19.465435028076172|13|2468
33.6214714050293|54|2469
28.081222534179688|54|2470
24.040393829345703|13|2471
24.46552085876465|13|2472
23.330495834350586|14|2473
20.548877716064453|14|2474
19.978042602539062|13|2475
21.1223201751709|13|2476
19.091825485229492|13|2477
44.49217987060547|13|2478
75.26449584960938|12|2479
81.88104248046875|6|2480
107.80961608886719|5|2481
97.82465362548828|5|2482
78.49434661865234|5|2483
61.40563201904297|5|2484
48.4322509765625|5|2485
43.30355453491211|5|2486
41.88873291015625|91|2487
41.780338287353516|91|2488
30.330974578857422|91|2489
28.809709548950195|15|2490
30.853496551513672|15|2491
68.75911712646484|61|2492
90.76032257080078|61|2493
46.557655334472656|60|2494
25.78567123413086|15|2495
26.50295639038086|15|2496
28.662527084350586|15|2497
31.367345809936523|15|2498
49.2703971862793|15|2499
76.72151947021484|10|2500
77.21562194824219|6|2501
104.20280456542969|5|2502
96.89022064208984|5|2503
77.9578628540039|5|2504
61.3663215637207|5|2505
47.69901657104492|5|2506
55.71336364746094|54|2507
60.21552658081055|54|2508
54.10343551635742|54|2509
49.67793273925781|45|2510
56.12497329711914|45|2511
63.317176818847656|41|2512
72.34133911132812|40|2513
71.677978515625|40|2514
72.90745544433594|40|2515
65.87339782714844|41|2516
52.220516204833984|40|2517
40.98952102661133|40|2518
31.59629249572754|40|2519
32.04770278930664|12|2520
76.22220611572266|10|2521
70.49139404296875|6|2522
95.79511260986328|5|2523
96.79473876953125|5|2524
80.4649658203125|5|2525
63.69220733642578|5|2526
54.93780517578125|5|2527
46.293399810791016|5|2528
37.04997634887695|5|2529
27.79492950439453|5|2530
22.63023567199707|4|2531
20.781606674194336|68|2532
19.42914390563965|67|2533
24.644926071166992|21|2534
19.016775131225586|22|2535
16.07752227783203|18|2536
15.687705039978027|18|2537
13.603395462036133|27|2538
15.988175392150879|108|2539
16.15513801574707|108|2540
46.10319519042969|12|2541
83.89098358154297|12|2542
85.73638153076172|6|2543
103.97776794433594|5|2544
96.82766723632812|5|2545
75.51578521728516|5|2546
62.668663024902344|5|2547
48.8871955871582|5|2548
58.588623046875|61|2549
63.601585388183594|61|2550
72.01209259033203|61|2551
80.10294342041016|61|2552
82.78170013427734|61|2553
81.21138000488281|61|2554
77.04414367675781|61|2555
67.6158676147461|61|2556
56.28468704223633|61|2557
49.932647705078125|61|2558
60.24263000488281|60|2559
49.67414855957031|60|2560
21.644298553466797|26|2561
39.1263542175293|13|2562
80.59454345703125|12|2563
81.7799301147461|7|2564
97.3700180053711|5|2565
93.11383819580078|5|2566
76.59660339355469|5|2567
61.79776382446289|5|2568
49.687137603759766|5|2569
48.51547622680664|54|2570
68.34434509277344|54|2571
95.70415496826172|54|2572
98.6255111694336|54|2573
79.01464080810547|54|2574
66.76786041259766|54|2575
62.968624114990234|54|2576
55.4958381652832|54|2577
42.474308013916016|54|2578
31.952787399291992|80|2579
19.49652671813965|27|2580
11.162094116210938|45|2581
15.109914779663086|45|2582
38.26051712036133|12|2583