Summer
Calvin Harris

EDM
summer
1025x2584
2584

0.33152100443840027|48|0
2.0431296825408936|48|1
3.4967284202575684|63|2
3.543724298477173|62|3
2.734804153442383|62|4
2.5333797931671143|73|5
3.3101141452789307|73|6
3.201495409011841|73|7
2.662954092025757|92|8
2.393639087677002|92|9
3.8145604133605957|72|10
3.4058802127838135|45|11
2.8573150634765625|45|12
1.5969109535217285|35|13
0.8276640772819519|22|14
0.42099738121032715|23|15
0.2728413939476013|36|16
0.2667021155357361|36|17
0.2387034147977829|36|18
0.23364770412445068|23|19
0.4057595431804657|24|20
1.1224206686019897|38|21
2.4196648597717285|63|22
4.248650550842285|63|23
3.6300208568573|62|24
2.619319200515747|123|25
5.245300769805908|123|26
7.156650066375732|123|27
6.3345746994018555|123|28
4.10190486907959|123|29
2.8246772289276123|73|30
4.0830397605896|72|31
3.8941431045532227|45|32
3.7068021297454834|45|33
2.513010025024414|35|34
0.9273783564567566|36|35
1.1427851915359497|23|36
1.3514469861984253|22|37
1.416337490081787|23|38
1.4664716720581055|24|39
1.0326049327850342|24|40
1.837764859199524|38|41
3.198789596557617|63|42
4.89459228515625|63|43
3.945152521133423|62|44
2.643542766571045|62|45
3.7495508193969727|73|46
4.126127243041992|73|47
4.384625434875488|92|48
4.01654577255249|92|49
4.109446048736572|73|50
4.795312881469727|72|51
4.4367146492004395|45|52
5.168956279754639|45|53
4.928268909454346|36|54
4.077289581298828|36|55
1.902231216430664|37|56
1.8448121547698975|30|57
1.5658200979232788|31|58
1.3219314813613892|31|59
1.1280115842819214|37|60
2.0049760341644287|47|61
3.8943023681640625|47|62
5.0839762687683105|63|63
3.9105663299560547|62|64
2.459990978240967|62|65
2.6964893341064453|73|66
3.220601797103882|110|67
3.6225457191467285|110|68
3.6583681106567383|110|69
2.8781745433807373|91|70
4.157193660736084|72|71
5.075202941894531|72|72
3.935816764831543|46|73
5.44743537902832|45|74
5.8828959465026855|45|75
4.785606861114502|36|76
6.553731441497803|36|77
6.254411220550537|37|78
6.689127445220947|37|79
4.00286865234375|37|80
1.6424543857574463|38|81
2.2954368591308594|48|82
3.302915573120117|63|83
2.9712331295013428|62|84
2.169412851333618|62|85
2.4461092948913574|73|86
2.854321241378784|73|87
2.4131853580474854|73|88
2.1529059410095215|92|89
2.305894136428833|72|90
3.164005756378174|72|91
2.7997357845306396|45|92
1.7946547269821167|44|93
0.8792999982833862|33|94
0.5513957738876343|22|95
0.26321572065353394|23|96
0.34142646193504333|36|97
0.3010711073875427|36|98
0.26338517665863037|36|99
0.20665796101093292|36|100
2.37296986579895|54|101
22.361738204956055|55|102
41.5333137512207|54|103
38.7054443359375|54|104
27.22719955444336|55|105
22.25909423828125|62|106
25.43721580505371|164|107
29.96895980834961|65|108
32.7979736328125|66|109
29.631175994873047|158|110
20.881587982177734|26|111
29.27928924560547|26|112
36.33107376098633|132|113
41.91504669189453|67|114
35.77682876586914|67|115
26.07944107055664|54|116
37.12333679199219|27|117
51.72150421142578|28|118
48.270050048828125|28|119
52.011146545410156|29|120
43.63638687133789|30|121
24.072160720825195|50|122
41.398460388183594|51|123
37.38840866088867|53|124
48.070770263671875|54|125
53.689273834228516|54|126
50.5679817199707|54|127
31.992782592773438|36|128
25.362239837646484|18|129
13.537752151489258|18|130
8.25092601776123|617|131
8.466882705688477|328|132
35.77310562133789|36|133
46.15045166015625|35|134
41.486961364746094|39|135
45.986385345458984|44|136
42.87074279785156|45|137
22.589035034179688|45|138
9.23630428314209|43|139
6.98941707611084|47|140
11.286251068115234|46|141
17.209152221679688|45|142
23.648488998413086|40|143
38.44063949584961|42|144
41.24317932128906|42|145
45.211936950683594|41|146
52.06426239013672|61|147
50.74142074584961|61|148
35.68167495727539|40|149
38.93248748779297|20|150
46.277957916259766|21|151
45.88265609741211|20|152
47.81114196777344|20|153
42.930381774902344|19|154
36.46056365966797|35|155
30.12584686279297|34|156
9.592170715332031|18|157
5.385063648223877|18|158
5.169408798217773|929|159
7.873510837554932|491|160
7.143399238586426|491|161
10.962664604187012|12|162
17.93033218383789|12|163
30.57181167602539|47|164
50.140968322753906|48|165
41.84009552001953|48|166
35.125667572021484|126|167
26.689008712768555|126|168
34.42924880981445|76|169
40.23011016845703|65|170
46.8906135559082|65|171
29.781383514404297|64|172
41.0311164855957|21|173
55.157676696777344|21|174
43.44333267211914|21|175
61.03516387939453|61|176
67.89764404296875|61|177
59.37163162231445|61|178
58.57294464111328|62|179
49.30519104003906|62|180
27.798635482788086|61|181
30.128860473632812|66|182
21.994815826416016|67|183
43.75784683227539|28|184
41.42217254638672|28|185
18.821645736694336|12|186
17.46958351135254|12|187
16.329416275024414|12|188
16.344860076904297|12|189
16.050500869750977|12|190
15.621089935302734|49|191
16.412214279174805|49|192
17.369808197021484|49|193
18.148897171020508|49|194
18.55747413635254|122|195
19.14640235900879|48|196
19.33258819580078|48|197
16.71588134765625|24|198
9.383044242858887|24|199
4.160703659057617|123|200
4.800361633300781|123|201
6.34721565246582|15|202
13.83958625793457|8|203
21.084318161010742|8|204
23.850370407104492|8|205
24.650470733642578|8|206
24.227964401245117|8|207
24.13747787475586|8|208
25.026004791259766|8|209
24.695560455322266|8|210
24.24656105041504|8|211
24.24264907836914|8|212
24.172014236450195|8|213
22.426847457885742|31|214
23.012563705444336|31|215
24.210769653320312|31|216
25.043424606323242|31|217
24.459091186523438|31|218
18.72226333618164|31|219
7.804017066955566|32|220
4.627636432647705|73|221
6.494123935699463|146|222
14.50101089477539|15|223
20.03024673461914|8|224
24.12357521057129|8|225
25.722143173217773|8|226
25.44472312927246|8|227
25.321134567260742|8|228
25.463441848754883|8|229
25.3796329498291|8|230
25.259702682495117|8|231
25.106136322021484|8|232
25.391021728515625|8|233
23.572315216064453|8|234
21.076431274414062|73|235
20.618057250976562|31|236
21.39594841003418|31|237
22.640674591064453|31|238
17.72637176513672|31|239
8.258405685424805|30|240
3.876753091812134|291|241
6.010806083679199|13|242
16.136816024780273|14|243
19.768171310424805|14|244
19.57685661315918|14|245
18.703697204589844|14|246
18.269655227661133|14|247
18.014413833618164|14|248
16.070873260498047|14|249
15.962791442871094|27|250
17.44012451171875|27|251
19.1107120513916|27|252
20.23101806640625|27|253
20.466196060180664|27|254
19.90904998779297|27|255
20.2630615234375|69|256
20.97801971435547|27|257
20.84842300415039|27|258
14.172163009643555|69|259
5.033592224121094|68|260
4.698057174682617|37|261
5.010385990142822|13|262
14.955294609069824|13|263
20.024364471435547|14|264
22.575302124023438|14|265
30.933237075805664|14|266
28.525531768798828|19|267
38.370262145996094|18|268
53.90715408325195|18|269
65.0439224243164|18|270
67.3462905883789|18|271
65.62371826171875|18|272
51.35847091674805|18|273
36.43759536743164|68|274
44.31980514526367|64|275
48.55583190917969|73|276
41.65548324584961|73|277
25.946374893188477|27|278
23.955387115478516|27|279
14.109399795532227|27|280
19.64318084716797|87|281
21.21255111694336|86|282
21.37316131591797|85|283
32.665443420410156|91|284
49.37247848510742|77|285
45.346885681152344|78|286
47.99916076660156|80|287
34.88123321533203|81|288
31.143911361694336|90|289
30.836517333984375|90|290
29.684646606445312|74|291
25.9305362701416|62|292
28.761301040649414|27|293
33.83615493774414|27|294
23.99398422241211|27|295
20.181781768798828|28|296
24.509450912475586|27|297
19.733997344970703|27|298
13.047609329223633|21|299
14.756211280822754|17|300
18.263835906982422|17|301
15.634711265563965|18|302
13.544901847839355|30|303
23.587247848510742|33|304
24.576580047607422|36|305
29.284496307373047|36|306
29.040563583374023|36|307
29.29764175415039|35|308
37.8148078918457|35|309
30.586671829223633|35|310
20.176780700683594|34|311
17.17363166809082|40|312
20.896175384521484|27|313
24.10202980041504|27|314
20.79981231689453|27|315
21.27802085876465|27|316
22.080307006835938|27|317
17.013500213623047|27|318
18.71820068359375|69|319
15.968866348266602|69|320
9.557847023010254|631|321
8.896452903747559|38|322
27.80118179321289|47|323
48.33596420288086|46|324
54.41301345825195|60|325
49.15426254272461|75|326
57.85066223144531|76|327
52.37382888793945|77|328
59.07959747314453|77|329
61.360538482666016|77|330
54.21815872192383|77|331
45.438236236572266|61|332
45.83096694946289|60|333
37.94137954711914|60|334
29.558731079101562|56|335
41.29369354248047|56|336
47.18399429321289|41|337
53.89571762084961|40|338
52.36001968383789|40|339
41.9671516418457|27|340
39.42350769042969|27|341
37.198299407958984|27|342
36.350791931152344|27|343
32.06703567504883|27|344
29.243030548095703|26|345
26.601451873779297|10|346
26.529842376708984|10|347
25.41908836364746|10|348
30.327009201049805|21|349
27.79029083251953|14|350
21.230653762817383|13|351
18.989789962768555|13|352
18.903261184692383|41|353
22.079448699951172|41|354
24.040496826171875|41|355
23.606403350830078|41|356
24.088895797729492|41|357
25.952579498291016|41|358
26.368701934814453|41|359
25.483718872070312|49|360
20.831052780151367|49|361
8.794954299926758|49|362
3.8401660919189453|11|363
15.261385917663574|11|364
23.91524314880371|11|365
21.412017822265625|11|366
19.926353454589844|12|367
18.202417373657227|11|368
17.03672981262207|12|369
16.018508911132812|12|370
15.806105613708496|12|371
17.729108810424805|46|372
20.478343963623047|46|373
23.856664657592773|46|374
27.1378173828125|46|375
30.982404708862305|46|376
33.63056182861328|46|377
34.27709197998047|46|378
30.886211395263672|46|379
25.82118797302246|45|380
16.52659034729004|46|381
6.423733711242676|47|382
6.8889970779418945|46|383
11.654581069946289|11|384
23.19999122619629|11|385
22.37928009033203|12|386
20.197412490844727|11|387
18.578214645385742|12|388
17.509363174438477|12|389
18.09617805480957|46|390
25.663482666015625|46|391
28.87143898010254|46|392
29.548736572265625|46|393
28.871286392211914|46|394
28.77521324157715|46|395
30.094614028930664|46|396
30.62799644470215|46|397
30.21759796142578|46|398
31.485258102416992|46|399
30.354347229003906|46|400
20.336854934692383|46|401
10.814188957214355|46|402
8.690235137939453|46|403
15.384055137634277|12|404
24.439714431762695|12|405
22.865755081176758|12|406
21.49034309387207|12|407
20.0568904876709|12|408
17.93691062927246|12|409
16.313364028930664|12|410
16.791231155395508|36|411
17.828136444091797|36|412
19.577564239501953|37|413
22.18444061279297|37|414
25.359516143798828|37|415
26.474130630493164|37|416
26.170034408569336|36|417
26.466981887817383|36|418
27.180578231811523|36|419
21.43113136291504|36|420
9.02541446685791|37|421
3.236736536026001|182|422
4.1252760887146|182|423
12.800812721252441|12|424
23.900846481323242|12|425
23.780885696411133|12|426
22.294769287109375|12|427
21.324474334716797|12|428
19.767574310302734|12|429
18.05752182006836|12|430
16.59501838684082|12|431
18.37186050415039|36|432
20.39622688293457|36|433
22.189014434814453|36|434
23.787487030029297|36|435
22.570730209350586|36|436
19.883371353149414|48|437
22.106155395507812|49|438
32.37689971923828|36|439
26.52134895324707|36|440
30.892559051513672|31|441
38.29023361206055|38|442
38.81390380859375|35|443
54.662574768066406|35|444
46.14426803588867|34|445
62.58380126953125|35|446
62.1005973815918|35|447
27.907363891601562|35|448
21.194454193115234|36|449
27.209062576293945|36|450
24.857410430908203|36|451
19.469009399414062|36|452
22.469058990478516|37|453
33.092613220214844|37|454
70.74810791015625|47|455
80.35710906982422|48|456
42.09385681152344|49|457
36.07368087768555|36|458
31.299213409423828|52|459
39.174625396728516|51|460
31.884729385375977|52|461
25.895851135253906|46|462
40.058311462402344|47|463
43.0366096496582|47|464
33.790401458740234|46|465
38.6087532043457|35|466
55.911006927490234|33|467
64.966064453125|33|468
61.33586502075195|33|469
51.354000091552734|17|470
49.68748474121094|18|471
54.526519775390625|18|472
59.110992431640625|36|473
55.37619400024414|36|474
57.676883697509766|37|475
72.46495819091797|37|476
67.63536071777344|54|477
56.95701599121094|54|478
42.314029693603516|54|479
43.7268180847168|56|480
59.18352508544922|57|481
63.33016586303711|57|482
55.71566390991211|57|483
51.341773986816406|66|484
82.34632873535156|65|485
84.40306854248047|64|486
70.97150421142578|63|487
82.50259399414062|61|488
90.39598083496094|61|489
71.449462890625|62|490
48.220184326171875|65|491
54.68402862548828|68|492
87.298828125|69|493
94.81387329101562|69|494
87.90909576416016|69|495
78.83958435058594|69|496
46.67204666137695|69|497
21.143596649169922|49|498
22.030147552490234|49|499
17.157630920410156|49|500
8.970470428466797|61|501
9.198219299316406|57|502
8.946455955505371|57|503
7.067593574523926|123|504
10.897706985473633|12|505
21.440391540527344|12|506
23.047744750976562|12|507
22.1835880279541|12|508
20.877460479736328|12|509
20.18708038330078|122|510
18.3099365234375|12|511
17.73910903930664|12|512
18.1252384185791|12|513
17.82708740234375|12|514
18.59235191345215|49|515
19.860475540161133|49|516
20.247604370117188|49|517
20.772079467773438|122|518
20.91890525817871|24|519
21.476930618286133|24|520
19.841873168945312|24|521
11.299562454223633|24|522
3.457127332687378|57|523
3.4042954444885254|123|524
6.769184589385986|15|525
15.241758346557617|8|526
22.570032119750977|8|527
25.641403198242188|8|528
26.713443756103516|8|529
26.530555725097656|8|530
26.018802642822266|8|531
25.82624053955078|8|532
25.31540298461914|8|533
25.51627540588379|8|534
25.960979461669922|8|535
26.163299560546875|8|536
22.87916374206543|8|537
22.707313537597656|73|538
24.292177200317383|31|539
25.191740036010742|31|540
25.48992919921875|31|541
20.101238250732422|31|542
8.105783462524414|32|543
4.431126117706299|73|544
6.942086696624756|146|545
14.132668495178223|15|546
21.303876876831055|8|547
25.630672454833984|8|548
27.002126693725586|8|549
26.411237716674805|8|550
26.59365463256836|8|551
27.010292053222656|8|552
26.634571075439453|8|553
26.70090675354004|8|554
26.579513549804688|8|555
26.90312385559082|8|556
25.30072784423828|8|557
21.851423263549805|73|558
20.68599510192871|31|559
21.95488929748535|31|560
24.292543411254883|31|561
19.330917358398438|31|562
9.035067558288574|30|563
3.8814587593078613|291|564
6.000097751617432|13|565
16.005443572998047|14|566
20.20191192626953|14|567
19.426937103271484|14|568
19.21684455871582|14|569
19.35870933532715|14|570
18.842618942260742|14|571
18.012378692626953|14|572
17.57151985168457|27|573
20.49907684326172|27|574
21.645374298095703|27|575
20.81882095336914|27|576
19.691728591918945|27|577
20.895132064819336|69|578
21.448884963989258|69|579
21.33241081237793|69|580
20.52334213256836|69|581
15.004144668579102|69|582
5.4860334396362305|70|583
4.3809051513671875|37|584
11.910477638244629|60|585
24.14601707458496|60|586
25.24415397644043|14|587
24.27814292907715|45|588
33.147117614746094|35|589
22.406085968017578|18|590
19.6745548248291|14|591
18.266450881958008|14|592
18.737699508666992|27|593
20.111766815185547|27|594
28.988862991333008|28|595
50.70123291015625|28|596
59.221649169921875|27|597
36.5079231262207|27|598
24.122243881225586|17|599
28.45676612854004|17|600
31.50753402709961|17|601
32.844886779785156|27|602
37.838558197021484|24|603
35.61331558227539|25|604
35.498023986816406|31|605
39.075157165527344|32|606
53.13870620727539|25|607
75.9072036743164|27|608
56.9539909362793|29|609
33.7310791015625|17|610
49.1900520324707|18|611
68.73180389404297|20|612
76.17133331298828|20|613
64.08934783935547|20|614
27.04366111755371|20|615
18.010845184326172|69|616
19.074813842773438|69|617
19.589962005615234|69|618
20.214536666870117|69|619
20.753156661987305|27|620
22.089599609375|27|621
17.041200637817383|27|622
6.734335899353027|28|623
3.3261632919311523|30|624
3.928632974624634|21|625
25.242855072021484|38|626
52.701881408691406|37|627
87.53733825683594|55|628
86.20680236816406|55|629
99.07612609863281|54|630
89.34329986572266|54|631
69.24088287353516|55|632
47.002620697021484|54|633
45.4821891784668|19|634
45.976863861083984|19|635
35.833961486816406|19|636
33.6751708984375|19|637
31.794727325439453|19|638
34.15937805175781|27|639
37.577571868896484|18|640
41.228755950927734|17|641
36.55949783325195|17|642
22.29940414428711|17|643
8.66847038269043|54|644
7.866855621337891|54|645
22.028711318969727|19|646
54.141075134277344|55|647
76.01517486572266|55|648
57.152076721191406|55|649
71.21538543701172|73|650
65.20789337158203|73|651
51.6890754699707|73|652
45.9293327331543|73|653
44.32430648803711|73|654
40.43967819213867|73|655
28.41008186340332|73|656
26.471832275390625|75|657
33.981689453125|75|658
23.85451889038086|74|659
31.011154174804688|62|660
31.5518856048584|61|661
32.46673583984375|17|662
39.30329513549805|52|663
46.5265998840332|18|664
46.779170989990234|19|665
55.05764389038086|19|666
53.819217681884766|19|667
57.670040130615234|18|668
62.45432662963867|18|669
62.27163314819336|18|670
59.35480880737305|18|671
51.58955764770508|18|672
47.881256103515625|18|673
48.82978057861328|18|674
48.880001068115234|18|675
50.42439651489258|18|676
50.5022087097168|18|677
47.41410446166992|18|678
40.48783874511719|18|679
37.27663040161133|18|680
35.88289260864258|18|681
32.981971740722656|18|682
26.709230422973633|49|683
22.00112533569336|49|684
9.405906677246094|49|685
6.564983367919922|19|686
15.200279235839844|11|687
23.905973434448242|11|688
21.751989364624023|11|689
20.658002853393555|11|690
19.27375602722168|12|691
17.595542907714844|12|692
16.13468360900879|12|693
15.156607627868652|12|694
14.69469165802002|12|695
18.211599349975586|46|696
23.10699462890625|46|697
27.980636596679688|46|698
32.742977142333984|46|699
35.62819290161133|46|700
35.60728454589844|46|701
31.514137268066406|46|702
25.91720199584961|45|703
15.9884033203125|45|704
6.535375595092773|45|705
7.100882053375244|46|706
12.260098457336426|11|707
23.723243713378906|11|708
22.250059127807617|11|709
19.866575241088867|12|710
18.01230239868164|12|711
16.853595733642578|11|712
20.384431838989258|46|713
26.123401641845703|46|714
28.638229370117188|46|715
29.996732711791992|46|716
29.36379051208496|46|717
28.51430892944336|46|718
29.938419342041016|46|719
31.192611694335938|46|720
31.617586135864258|46|721
33.84004211425781|46|722
33.025062561035156|46|723
22.244232177734375|46|724
11.768160820007324|46|725
9.188258171081543|46|726
14.173565864562988|12|727
24.285280227661133|12|728
24.10602378845215|12|729
23.20857048034668|12|730
21.821788787841797|12|731
19.85700035095215|12|732
17.786975860595703|12|733
17.877897262573242|36|734
17.876602172851562|37|735
20.06585121154785|37|736
22.679859161376953|37|737
24.90158462524414|37|738
25.642518997192383|37|739
25.762529373168945|36|740
27.36652946472168|36|741
28.15917205810547|36|742
21.845796585083008|36|743
9.238476753234863|37|744
3.5934484004974365|37|745
4.221299648284912|182|746
12.690874099731445|12|747
24.00026512145996|12|748
23.75495147705078|12|749
21.543251037597656|12|750
19.831228256225586|12|751
18.41514778137207|12|752
17.025737762451172|12|753
15.506484031677246|12|754
20.880535125732422|57|755
22.45085906982422|57|756
22.726221084594727|57|757
25.90338134765625|60|758
26.46983528137207|36|759
25.578826904296875|63|760
26.05381965637207|52|761
33.05426788330078|26|762
57.44477081298828|27|763
59.23756790161133|27|764
41.19658279418945|31|765
48.48975372314453|32|766
47.272735595703125|29|767
62.77225112915039|32|768
76.41592407226562|34|769
63.71467971801758|35|770
33.32241439819336|194|771
31.169666290283203|226|772
39.43292999267578|227|773
19.89484405517578|36|774
16.41520118713379|36|775
19.288238525390625|36|776
27.624725341796875|30|777
60.91414260864258|28|778
64.50653839111328|55|779
58.6075439453125|55|780
25.307645797729492|53|781
24.585464477539062|36|782
16.114580154418945|37|783
7.993196964263916|37|784
7.060085773468018|30|785
9.877655029296875|31|786
34.6187629699707|31|787
43.25212478637695|30|788
33.4118537902832|224|789
35.85550308227539|41|790
43.0208740234375|41|791
44.10477828979492|21|792
41.039756774902344|22|793
44.38548278808594|23|794
50.4603271484375|46|795
36.1463737487793|45|796
37.06330108642578|19|797
59.70418167114258|40|798
83.0425033569336|40|799
50.51724624633789|40|800
33.440391540527344|36|801
32.072635650634766|36|802
27.773714065551758|37|803
27.158443450927734|9|804
21.64061737060547|9|805
23.463918685913086|36|806
45.35819625854492|39|807
62.08005905151367|10|808
64.07138061523438|56|809
95.61273956298828|55|810
79.16226196289062|55|811
75.91267395019531|52|812
54.5072135925293|53|813
47.76973342895508|12|814
51.53764343261719|24|815
55.772674560546875|24|816
48.22114944458008|24|817
39.59254837036133|12|818
37.06483840942383|29|819
50.85165786743164|42|820
39.534889221191406|27|821
29.91217613220215|25|822
33.98049545288086|24|823
34.13382339477539|24|824
25.653759002685547|18|825
25.471731185913086|18|826
32.285491943359375|19|827
49.85823440551758|19|828
42.513370513916016|12|829
63.21131896972656|41|830
94.10316467285156|41|831
95.82837677001953|41|832
85.55458068847656|41|833
77.45232391357422|41|834
58.04917907714844|41|835
45.09490966796875|29|836
59.984859466552734|29|837
90.17034912109375|30|838
93.72650909423828|30|839
109.18295288085938|30|840
104.41573333740234|30|841
111.13890838623047|31|842
98.09406280517578|31|843
78.06689453125|32|844
68.39724731445312|31|845
40.73634338378906|31|846
24.33562660217285|15|847
37.36117172241211|31|848
47.73536682128906|15|849
58.30905532836914|27|850
67.27507781982422|27|851
54.697208404541016|27|852
48.343223571777344|27|853
45.712825775146484|27|854
44.62897491455078|8|855
45.57272720336914|8|856
44.48698425292969|8|857
43.268611907958984|8|858
43.095951080322266|8|859
43.473976135253906|30|860
47.84269332885742|31|861
50.583187103271484|31|862
49.82293701171875|31|863
44.89140319824219|31|864
34.0421028137207|30|865
28.641109466552734|30|866
22.156757354736328|31|867
42.90788650512695|14|868
49.00795364379883|15|869
48.03369903564453|15|870
50.802494049072266|8|871
50.421268463134766|8|872
48.10371017456055|8|873
47.3072624206543|8|874
47.8940315246582|8|875
49.18757629394531|8|876
49.375972747802734|8|877
48.7730598449707|8|878
48.14354705810547|8|879
42.76530838012695|8|880
30.63578987121582|30|881
30.765226364135742|30|882
27.707672119140625|31|883
26.038963317871094|31|884
24.735586166381836|30|885
22.642974853515625|30|886
19.531917572021484|31|887
29.486034393310547|12|888
44.406341552734375|8|889
39.79586410522461|14|890
39.17757034301758|14|891
34.6131591796875|14|892
31.88969612121582|14|893
30.65357780456543|7|894
29.600460052490234|7|895
29.17982292175293|14|896
29.641292572021484|14|897
30.387514114379883|14|898
31.3526554107666|14|899
29.95599937438965|14|900
28.36589813232422|7|901
29.76565933227539|27|902
33.30354309082031|27|903
34.55378341674805|27|904
26.350135803222656|27|905
28.10443115234375|34|906
39.609619140625|34|907
32.33112335205078|64|908
46.826656341552734|13|909
49.497764587402344|71|910
57.26783752441406|73|911
46.66915512084961|75|912
45.99357986450195|101|913
38.741554260253906|14|914
43.73334884643555|99|915
35.984737396240234|14|916
40.42325210571289|27|917
55.37759017944336|27|918
53.64308547973633|27|919
43.422996520996094|41|920
36.59638977050781|54|921
31.610614776611328|27|922
25.230995178222656|7|923
23.782041549682617|34|924
24.877222061157227|34|925
25.665462493896484|41|926
22.039552688598633|41|927
20.7854061126709|41|928
44.66908264160156|13|929
47.76866149902344|13|930
45.58397674560547|14|931
42.24069595336914|14|932
40.439857482910156|14|933
43.46751403808594|86|934
47.31279373168945|86|935
41.36125564575195|14|936
40.53251647949219|14|937
39.369606018066406|14|938
38.0804557800293|14|939
37.30793380737305|14|940
37.493431091308594|14|941
33.21375274658203|14|942
30.41950798034668|27|943
34.0465087890625|27|944
26.126684188842773|28|945
19.214149475097656|41|946
17.53131866455078|41|947
18.06125259399414|41|948
42.88044357299805|12|949
57.72445297241211|13|950
65.22443389892578|81|951
72.12105560302734|81|952
51.38871383666992|80|953
56.79720687866211|78|954
66.16928100585938|77|955
58.776851654052734|77|956
38.96549606323242|14|957
37.11914825439453|14|958
34.6778678894043|14|959
33.9913215637207|14|960
32.49698257446289|14|961
28.3487606048584|14|962
23.8774471282959|7|963
19.239910125732422|7|964
18.10294532775879|69|965
14.096686363220215|69|966
12.281850814819336|34|967
18.73752784729004|34|968
39.27771759033203|20|969
59.48826217651367|20|970
69.3353271484375|41|971
78.828369140625|41|972
70.78419494628906|41|973
74.19486236572266|41|974
68.89363861083984|41|975
61.637672424316406|144|976
52.8829460144043|144|977
56.791744232177734|43|978
80.50972747802734|43|979
84.30452728271484|43|980
83.9266357421875|43|981
76.22870635986328|43|982
61.168094635009766|43|983
71.70982360839844|41|984
93.9068832397461|41|985
101.28279876708984|41|986
103.65335083007812|41|987
85.82838439941406|41|988
55.24958419799805|41|989
50.837249755859375|24|990
53.54912185668945|10|991
52.17840576171875|10|992
45.00517654418945|10|993
40.293724060058594|10|994
37.11162185668945|10|995
33.8089599609375|10|996
30.95698356628418|10|997
29.14991569519043|10|998
26.73588752746582|10|999
27.934249877929688|48|1000
26.775392532348633|41|1001
27.4085693359375|41|1002
24.843414306640625|20|1003
24.356706619262695|20|1004
23.448617935180664|20|1005
24.99654769897461|24|1006
21.918424606323242|24|1007
13.365348815917969|40|1008
30.569665908813477|17|1009
44.29588317871094|17|1010
49.197669982910156|23|1011
49.77033996582031|23|1012
46.71700668334961|23|1013
46.6430778503418|17|1014
46.337928771972656|17|1015
46.15438461303711|17|1016
44.75381088256836|17|1017
43.03093719482422|17|1018
40.621829986572266|17|1019
36.420555114746094|17|1020
31.761539459228516|12|1021
32.656829833984375|46|1022
34.647769927978516|46|1023
38.47594451904297|23|1024
40.731998443603516|23|1025
36.82476806640625|23|1026
26.82724380493164|23|1027
19.653892517089844|22|1028
32.49440002441406|18|1029
46.97894287109375|17|1030
49.178348541259766|12|1031
47.082698822021484|12|1032
40.6552848815918|12|1033
38.593971252441406|12|1034
37.588626861572266|12|1035
36.631263732910156|12|1036
35.40932846069336|12|1037
35.56732177734375|12|1038
33.99477767944336|12|1039
33.07040786743164|12|1040
32.58155059814453|12|1041
28.664628982543945|12|1042
26.880943298339844|23|1043
25.234668731689453|23|1044
21.861928939819336|23|1045
19.254283905029297|46|1046
18.020002365112305|36|1047
19.991994857788086|36|1048
28.730003356933594|23|1049
49.776084899902344|23|1050
43.70104217529297|13|1051
48.20105743408203|12|1052
43.54806137084961|12|1053
41.07820510864258|12|1054
39.517921447753906|12|1055
37.03426742553711|12|1056
31.906436920166016|12|1057
27.064533233642578|12|1058
25.186235427856445|12|1059
24.739511489868164|18|1060
30.47508430480957|18|1061
34.209163665771484|18|1062
32.37404251098633|18|1063
29.9073543548584|18|1064
28.581640243530273|18|1065
25.945018768310547|18|1066
23.192428588867188|18|1067
21.630292892456055|18|1068
27.805835723876953|18|1069
38.025691986083984|18|1070
45.3430061340332|13|1071
54.99293899536133|12|1072
53.10089111328125|12|1073
49.556671142578125|12|1074
45.912841796875|12|1075
40.86245346069336|12|1076
35.947452545166016|12|1077
32.238914489746094|12|1078
31.680126190185547|18|1079
32.69046401977539|18|1080
34.393802642822266|40|1081
44.02079772949219|40|1082
27.621551513671875|54|1083
22.060298919677734|65|1084
18.89434242248535|74|1085
20.90377426147461|73|1086
14.611120223999023|30|1087
13.381888389587402|37|1088
15.26563835144043|31|1089
34.04277038574219|84|1090
41.07035446166992|84|1091
43.93054962158203|12|1092
43.87277603149414|12|1093
42.4914436340332|12|1094
39.9862060546875|12|1095
36.545982360839844|12|1096
49.86269760131836|68|1097
31.342830657958984|12|1098
30.17476463317871|24|1099
30.140413284301758|24|1100
27.767803192138672|24|1101
24.261281967163086|25|1102
24.233654022216797|24|1103
21.593996047973633|24|1104
19.951196670532227|24|1105
19.345273971557617|24|1106
17.22429084777832|30|1107
16.56090545654297|31|1108
19.763938903808594|24|1109
35.529380798339844|24|1110
47.079429626464844|24|1111
65.35721588134766|36|1112
57.24200439453125|36|1113
67.6939468383789|56|1114
63.14779281616211|55|1115
61.3711051940918|54|1116
63.24481201171875|53|1117
57.312992095947266|54|1118
37.551265716552734|54|1119
35.31303024291992|38|1120
55.039154052734375|38|1121
52.613277435302734|38|1122
52.72494125366211|37|1123
59.084537506103516|36|1124
61.51184844970703|35|1125
40.03826141357422|35|1126
29.221311569213867|41|1127
31.798816680908203|37|1128
23.24504852294922|37|1129
25.468862533569336|18|1130
39.21079635620117|19|1131
36.69863510131836|12|1132
43.56935501098633|12|1133
44.39606475830078|12|1134
45.31781768798828|18|1135
47.345916748046875|36|1136
51.4913330078125|36|1137
55.41376495361328|36|1138
58.9000244140625|37|1139
56.713478088378906|37|1140
42.53719711303711|18|1141
48.750545501708984|18|1142
57.55998611450195|18|1143
50.98285675048828|18|1144
33.319766998291016|18|1145
26.83343505859375|18|1146
26.141618728637695|18|1147
24.340932846069336|18|1148
21.951995849609375|18|1149
27.346271514892578|18|1150
34.733036041259766|19|1151
40.7415885925293|37|1152
51.786781311035156|56|1153
47.096038818359375|56|1154
40.43211364746094|12|1155
38.276763916015625|12|1156
40.15048599243164|35|1157
36.39346694946289|35|1158
36.44422912597656|35|1159
32.163719177246094|12|1160
29.91503143310547|12|1161
29.79973030090332|30|1162
34.846473693847656|19|1163
46.52732849121094|19|1164
46.602542877197266|18|1165
27.842824935913086|17|1166
20.325254440307617|24|1167
20.2947998046875|33|1168
20.88909149169922|34|1169
22.349393844604492|18|1170
30.488388061523438|14|1171
36.566673278808594|76|1172
51.984596252441406|77|1173
54.033206939697266|76|1174
51.37853240966797|74|1175
60.708648681640625|73|1176
50.79808044433594|74|1177
45.600250244140625|75|1178
45.705169677734375|77|1179
42.364891052246094|80|1180
43.436546325683594|31|1181
52.45595932006836|143|1182
51.958709716796875|143|1183
50.780643463134766|82|1184
49.304473876953125|31|1185
50.71559143066406|31|1186
48.47454071044922|31|1187
63.56739044189453|62|1188
70.78779602050781|62|1189
62.26940155029297|62|1190
63.85127258300781|61|1191
66.19957733154297|61|1192
65.33109283447266|61|1193
54.02146911621094|61|1194
42.34037399291992|8|1195
43.68296813964844|8|1196
43.53314208984375|8|1197
42.83802795410156|8|1198
42.43775177001953|8|1199
43.175846099853516|8|1200
43.67393493652344|8|1201
43.793792724609375|8|1202
39.03828811645508|8|1203
26.178104400634766|8|1204
21.124698638916016|31|1205
22.399173736572266|30|1206
25.063886642456055|30|1207
27.539472579956055|30|1208
26.523040771484375|30|1209
19.567907333374023|31|1210
27.425277709960938|12|1211
44.90165328979492|13|1212
39.44019317626953|14|1213
39.78813552856445|14|1214
35.50874710083008|14|1215
33.64423370361328|14|1216
31.5534725189209|14|1217
30.237382888793945|14|1218
30.187841415405273|14|1219
29.1241455078125|14|1220
27.371652603149414|14|1221
31.66970443725586|41|1222
31.803958892822266|41|1223
27.154376983642578|41|1224
24.392475128173828|7|1225
20.612485885620117|7|1226
19.570417404174805|27|1227
18.702903747558594|34|1228
21.61709976196289|34|1229
23.196800231933594|34|1230
29.777782440185547|11|1231
46.590110778808594|12|1232
44.013450622558594|13|1233
45.9412956237793|14|1234
43.5052375793457|14|1235
40.80847930908203|14|1236
38.233070373535156|14|1237
36.16984558105469|14|1238
33.762874603271484|14|1239
34.11675262451172|14|1240
37.637779235839844|14|1241
37.36899185180664|14|1242
31.240888595581055|14|1243
33.04539489746094|37|1244
37.77702713012695|27|1245
36.953697204589844|37|1246
58.54623794555664|37|1247
60.120147705078125|37|1248
55.00114822387695|36|1249
46.57052230834961|45|1250
40.36928939819336|46|1251
39.421016693115234|13|1252
40.88064193725586|13|1253
35.70576477050781|14|1254
37.522743225097656|14|1255
39.602325439453125|14|1256
36.984683990478516|14|1257
36.03016662597656|14|1258
34.615596771240234|14|1259
39.35963821411133|40|1260
36.37935256958008|21|1261
41.56731033325195|21|1262
30.882686614990234|14|1263
30.155696868896484|14|1264
25.94109535217285|27|1265
31.048051834106445|27|1266
33.715335845947266|27|1267
25.833036422729492|27|1268
13.869085311889648|636|1269
12.914765357971191|637|1270
19.392526626586914|41|1271
39.45110321044922|45|1272
56.564674377441406|45|1273
58.76325225830078|45|1274
50.63753128051758|46|1275
43.56302261352539|36|1276
56.62595748901367|36|1277
62.74812698364258|36|1278
81.23149108886719|37|1279
67.11949157714844|37|1280
40.533912658691406|35|1281
33.2181396484375|14|1282
31.92849349975586|14|1283
28.969579696655273|14|1284
23.82686424255371|14|1285
22.24245262145996|7|1286
18.502506256103516|7|1287
15.899429321289062|69|1288
15.163323402404785|27|1289
16.979049682617188|629|1290
15.299660682678223|556|1291
26.096303939819336|19|1292
48.280460357666016|20|1293
69.67163848876953|37|1294
76.65254211425781|37|1295
84.0002212524414|37|1296
87.22428131103516|36|1297
62.998291015625|35|1298
63.87503433227539|34|1299
60.448734283447266|35|1300
46.20819854736328|10|1301
50.5968132019043|20|1302
63.013484954833984|20|1303
69.01423645019531|20|1304
43.02956771850586|19|1305
46.785648345947266|18|1306
44.917022705078125|17|1307
45.50932312011719|17|1308
46.451560974121094|18|1309
48.360618591308594|18|1310
67.67496490478516|19|1311
61.111602783203125|19|1312
48.45823669433594|18|1313
61.80741882324219|16|1314
61.1014289855957|17|1315
44.9891471862793|18|1316
46.01268768310547|18|1317
47.69906997680664|19|1318
41.67463684082031|10|1319
37.46865463256836|10|1320
36.095401763916016|10|1321
35.770084381103516|10|1322
32.22587203979492|10|1323
33.1743049621582|48|1324
30.162425994873047|48|1325
23.305458068847656|48|1326
21.86916160583496|41|1327
23.215421676635742|20|1328
20.321256637573242|20|1329
16.459882736206055|49|1330
11.48144817352295|61|1331
28.213794708251953|17|1332
39.14113998413086|17|1333
47.412445068359375|23|1334
46.797019958496094|23|1335
43.36204528808594|17|1336
43.056846618652344|17|1337
42.89869689941406|17|1338
40.693077087402344|17|1339
40.28022003173828|17|1340
39.37232208251953|17|1341
35.29500961303711|17|1342
31.121849060058594|17|1343
38.64030838012695|23|1344
39.87504577636719|23|1345
42.834983825683594|23|1346
46.0131721496582|23|1347
45.85956954956055|23|1348
40.24323272705078|23|1349
30.352127075195312|23|1350
21.01435661315918|23|1351
30.225929260253906|18|1352
42.6237678527832|17|1353
44.25835418701172|12|1354
44.17594528198242|12|1355
40.45088195800781|12|1356
40.44886016845703|12|1357
38.054378509521484|12|1358
36.45716094970703|12|1359
34.64208221435547|12|1360
32.85434341430664|12|1361
30.138137817382812|12|1362
30.016260147094727|12|1363
29.015621185302734|12|1364
23.922388076782227|12|1365
23.3509464263916|46|1366
28.965137481689453|46|1367
34.26700210571289|46|1368
31.688692092895508|46|1369
17.91510772705078|46|1370
13.097797393798828|36|1371
22.077136993408203|23|1372
39.97837448120117|24|1373
43.24059295654297|13|1374
51.03564453125|12|1375
45.5794677734375|12|1376
39.588356018066406|12|1377
37.02656173706055|12|1378
35.624595642089844|12|1379
34.412445068359375|12|1380
32.086856842041016|12|1381
28.923227310180664|18|1382
35.116268157958984|18|1383
34.87425994873047|18|1384
31.050453186035156|18|1385
28.33600616455078|18|1386
25.62271499633789|18|1387
23.503013610839844|18|1388
21.081310272216797|18|1389
18.498519897460938|18|1390
18.972444534301758|37|1391
21.85347557067871|18|1392
30.62969207763672|18|1393
41.979915618896484|13|1394
50.98825454711914|12|1395
48.82324981689453|12|1396
44.646095275878906|12|1397
40.103431701660156|12|1398
35.782142639160156|12|1399
31.112611770629883|12|1400
27.44124984741211|64|1401
28.797340393066406|12|1402
30.50804901123047|12|1403
27.053688049316406|13|1404
31.258220672607422|132|1405
36.1495246887207|67|1406
30.600589752197266|67|1407
22.024860382080078|54|1408
32.73884963989258|27|1409
47.281089782714844|28|1410
43.43705368041992|28|1411
50.501075744628906|30|1412
50.321327209472656|31|1413
32.39002990722656|14|1414
44.381011962890625|12|1415
45.44135665893555|12|1416
48.7745246887207|55|1417
52.65735626220703|54|1418
46.9517822265625|54|1419
37.38685989379883|36|1420
32.664154052734375|12|1421
29.670255661010742|12|1422
27.240795135498047|12|1423
26.952184677124023|24|1424
37.26411056518555|37|1425
44.933528900146484|36|1426
39.01755142211914|39|1427
43.24391555786133|44|1428
40.726863861083984|45|1429
20.427654266357422|45|1430
11.491378784179688|30|1431
15.154115676879883|24|1432
33.60713195800781|24|1433
43.775123596191406|24|1434
40.44013214111328|12|1435
40.97220993041992|12|1436
38.7901496887207|12|1437
43.25552749633789|41|1438
52.35273361206055|61|1439
48.123390197753906|61|1440
33.39189529418945|40|1441
37.68145751953125|21|1442
43.01844024658203|21|1443
40.048824310302734|20|1444
44.289127349853516|20|1445
50.41965866088867|19|1446
46.33429718017578|36|1447
30.340145111083984|37|1448
24.615644454956055|37|1449
21.78982162475586|37|1450
17.29570960998535|37|1451
10.002483367919922|37|1452
15.459282875061035|23|1453
35.66847229003906|24|1454
48.5679931640625|24|1455
50.386112213134766|24|1456
51.368770599365234|24|1457
51.76848602294922|24|1458
46.77959442138672|24|1459
42.021087646484375|24|1460
40.586952209472656|24|1461
38.65460205078125|120|1462
35.76023864746094|119|1463
30.882047653198242|21|1464
52.364376068115234|21|1465
63.50845718383789|21|1466
46.934139251708984|21|1467
48.85178756713867|102|1468
39.52345657348633|102|1469
37.813720703125|123|1470
38.959930419921875|123|1471
36.57394790649414|103|1472
24.284503936767578|63|1473
27.045257568359375|18|1474
36.87902069091797|18|1475
40.68549728393555|28|1476
38.31830596923828|28|1477
35.209678649902344|18|1478
34.063167572021484|18|1479
34.13410186767578|18|1480
36.59897994995117|18|1481
38.3718376159668|18|1482
36.05874252319336|18|1483
26.013477325439453|19|1484
27.234514236450195|21|1485
26.949108123779297|34|1486
23.605043411254883|34|1487
22.335113525390625|34|1488
29.756315231323242|61|1489
25.421056747436523|61|1490
25.303342819213867|62|1491
24.876155853271484|62|1492
16.081266403198242|61|1493
19.252466201782227|15|1494
25.951278686523438|15|1495
25.6369686126709|41|1496
29.593114852905273|41|1497
29.017780303955078|41|1498
23.230607986450195|15|1499
24.14545440673828|20|1500
24.114336013793945|20|1501
23.021509170532227|20|1502
22.87745475769043|20|1503
24.45490074157715|31|1504
33.86431884765625|31|1505
32.86860656738281|31|1506
31.485204696655273|31|1507
28.1745662689209|23|1508
24.241540908813477|15|1509
24.36016273498535|15|1510
26.234455108642578|15|1511
26.066810607910156|15|1512
21.602319717407227|15|1513
27.676734924316406|23|1514
49.00416946411133|23|1515
58.436073303222656|23|1516
54.95621109008789|23|1517
49.69432067871094|23|1518
53.51826858520508|23|1519
56.67262649536133|23|1520
50.35392379760742|23|1521
47.9124755859375|23|1522
49.76333999633789|23|1523
39.017799377441406|23|1524
22.87889289855957|22|1525
20.238500595092773|30|1526
23.255651473999023|40|1527
18.822772979736328|41|1528
18.075206756591797|15|1529
20.04068374633789|15|1530
16.821582794189453|15|1531
12.672987937927246|22|1532
11.985881805419922|31|1533
28.65555763244629|36|1534
41.66181182861328|36|1535
37.79970169067383|27|1536
35.16011047363281|27|1537
32.61037826538086|27|1538
29.17102813720703|27|1539
28.392244338989258|36|1540
26.546518325805664|36|1541
22.370073318481445|14|1542
21.404781341552734|36|1543
28.9183292388916|36|1544
24.19361114501953|36|1545
35.35247802734375|34|1546
60.0861701965332|35|1547
64.00202178955078|35|1548
38.698123931884766|35|1549
21.686243057250977|34|1550
23.005346298217773|34|1551
20.80040740966797|34|1552
16.691011428833008|41|1553
25.447519302368164|35|1554
42.09162139892578|34|1555
45.190589904785156|34|1556
33.950626373291016|34|1557
27.070707321166992|34|1558
25.319400787353516|34|1559
30.478965759277344|34|1560
45.70798110961914|34|1561
65.81810760498047|34|1562
72.36708068847656|35|1563
71.22840118408203|34|1564
59.86492919921875|34|1565
43.54859161376953|33|1566
42.89703369140625|32|1567
53.20216751098633|32|1568
37.777618408203125|32|1569
29.449462890625|14|1570
26.25827407836914|14|1571
24.230924606323242|14|1572
21.197734832763672|14|1573
17.131061553955078|13|1574
40.770103454589844|31|1575
66.99433135986328|31|1576
65.70531463623047|31|1577
49.22208786010742|30|1578
36.2052001953125|30|1579
19.603845596313477|48|1580
16.84271812438965|48|1581
15.355220794677734|14|1582
15.159709930419922|34|1583
19.85601043701172|34|1584
23.238229751586914|41|1585
26.65785026550293|41|1586
23.202468872070312|55|1587
23.715301513671875|54|1588
29.149045944213867|27|1589
34.01377868652344|27|1590
29.806108474731445|27|1591
23.729768753051758|55|1592
40.387847900390625|54|1593
44.00978088378906|54|1594
36.15367126464844|27|1595
36.797664642333984|27|1596
31.167654037475586|55|1597
24.5058650970459|48|1598
33.04440689086914|55|1599
45.37714385986328|55|1600
47.810943603515625|55|1601
39.33606719970703|55|1602
20.72983741760254|28|1603
23.687171936035156|28|1604
35.889747619628906|28|1605
38.86320114135742|36|1606
40.38332748413086|37|1607
40.23442840576172|37|1608
30.76104736328125|37|1609
24.952444076538086|27|1610
25.808012008666992|27|1611
22.246204376220703|27|1612
27.173011779785156|36|1613
25.93607521057129|36|1614
19.3137149810791|21|1615
27.2283878326416|21|1616
30.934738159179688|20|1617
33.127132415771484|20|1618
31.744401931762695|20|1619
31.53420639038086|20|1620
30.146419525146484|20|1621
24.180912017822266|20|1622
13.667936325073242|20|1623
13.836549758911133|31|1624
18.680727005004883|31|1625
26.885433197021484|36|1626
35.984100341796875|37|1627
37.09620666503906|37|1628
29.992979049682617|37|1629
28.446592330932617|48|1630
29.48200035095215|48|1631
24.61802101135254|48|1632
16.881696701049805|20|1633
14.275103569030762|20|1634
18.992395401000977|24|1635
28.789531707763672|24|1636
37.222957611083984|24|1637
31.5748348236084|73|1638
30.181865692138672|36|1639
41.05657958984375|36|1640
39.3359375|36|1641
33.42100524902344|36|1642
52.03077697753906|73|1643
48.7324104309082|73|1644
29.532732009887695|74|1645
32.2818603515625|74|1646
39.005767822265625|41|1647
56.17156982421875|41|1648
56.28786087036133|41|1649
26.98326873779297|41|1650
19.35626983642578|20|1651
16.879968643188477|31|1652
13.181228637695312|37|1653
9.858181953430176|41|1654
18.22308921813965|41|1655
43.801631927490234|41|1656
57.92512130737305|41|1657
42.11403274536133|23|1658
39.3981819152832|23|1659
35.4771728515625|23|1660
47.294647216796875|41|1661
54.56291580200195|41|1662
52.89350509643555|41|1663
55.39212417602539|41|1664
65.01507568359375|41|1665
55.90203857421875|41|1666
48.84321594238281|23|1667
45.76359558105469|23|1668
48.005638122558594|46|1669
42.14645004272461|23|1670
38.92266082763672|23|1671
35.74760437011719|23|1672
26.712858200073242|23|1673
14.86307430267334|23|1674
16.287193298339844|17|1675
28.256967544555664|27|1676
35.926734924316406|46|1677
49.82343673706055|46|1678
53.62677764892578|46|1679
45.73386001586914|46|1680
48.29922866821289|46|1681
60.503562927246094|46|1682
58.1634521484375|46|1683
56.054786682128906|92|1684
45.36104965209961|92|1685
22.72472381591797|46|1686
28.18365478515625|74|1687
29.749271392822266|46|1688
29.74932861328125|37|1689
27.968170166015625|36|1690
21.799575805664062|74|1691
19.226049423217773|17|1692
15.255351066589355|37|1693
15.918108940124512|37|1694
11.587552070617676|23|1695
27.343210220336914|72|1696
32.512046813964844|18|1697
37.03066635131836|73|1698
36.96110534667969|74|1699
44.4792594909668|18|1700
40.15660095214844|18|1701
37.39727020263672|36|1702
35.48238754272461|73|1703
31.495954513549805|73|1704
24.377347946166992|36|1705
29.97612190246582|36|1706
44.71910095214844|36|1707
29.84882926940918|37|1708
25.75583267211914|70|1709
22.78326988220215|37|1710
21.294166564941406|36|1711
21.153217315673828|36|1712
15.8784818649292|12|1713
15.388893127441406|12|1714
17.678464889526367|12|1715
29.525962829589844|34|1716
36.71982192993164|35|1717
39.56094741821289|18|1718
42.019832611083984|18|1719
39.77878189086914|34|1720
49.88268280029297|69|1721
39.64727783203125|69|1722
38.99945831298828|34|1723
36.4051399230957|35|1724
30.348583221435547|35|1725
27.97903060913086|37|1726
33.757015228271484|37|1727
36.23092269897461|36|1728
32.25909423828125|36|1729
31.420570373535156|36|1730
32.76276397705078|36|1731
31.03009033203125|37|1732
25.318723678588867|37|1733
17.722074508666992|12|1734
16.045780181884766|12|1735
16.539520263671875|24|1736
31.217405319213867|24|1737
32.37300109863281|24|1738
24.84815788269043|24|1739
21.657907485961914|37|1740
20.597177505493164|122|1741
18.349328994750977|36|1742
16.56005096435547|37|1743
18.61867904663086|36|1744
17.771089553833008|31|1745
20.154014587402344|31|1746
28.556137084960938|27|1747
29.07613754272461|109|1748
32.30659103393555|109|1749
28.610706329345703|110|1750
28.519378662109375|27|1751
25.81049346923828|27|1752
23.254592895507812|27|1753
25.252878189086914|27|1754
30.935218811035156|27|1755
32.2723503112793|27|1756
26.386770248413086|24|1757
31.94698143005371|24|1758
31.32422637939453|18|1759
34.7720947265625|54|1760
29.53421401977539|18|1761
26.12407684326172|31|1762
24.01108169555664|18|1763
21.76213836669922|18|1764
16.078886032104492|18|1765
17.039810180664062|136|1766
25.6575927734375|21|1767
27.229246139526367|21|1768
35.21141815185547|21|1769
35.31316375732422|21|1770
36.40060043334961|20|1771
49.25668716430664|21|1772
56.12921142578125|21|1773
53.836448669433594|21|1774
46.77650451660156|21|1775
28.228113174438477|20|1776
38.54302215576172|24|1777
51.01399612426758|24|1778
48.44894027709961|24|1779
47.8404541015625|24|1780
44.60337448120117|24|1781
40.51080322265625|24|1782
39.41328811645508|36|1783
35.95269775390625|24|1784
26.303577423095703|24|1785
14.968279838562012|12|1786
21.73617172241211|41|1787
28.1494197845459|41|1788
23.323469161987305|41|1789
25.516868591308594|72|1790
21.477294921875|148|1791
14.929850578308105|12|1792
24.581436157226562|10|1793
24.444690704345703|10|1794
17.855379104614258|37|1795
20.868139266967773|37|1796
39.88713073730469|36|1797
58.19949722290039|36|1798
56.133636474609375|36|1799
64.29000091552734|36|1800
70.33322143554688|36|1801
66.44939422607422|36|1802
46.21538543701172|36|1803
19.306833267211914|24|1804
17.393815994262695|12|1805
20.696189880371094|74|1806
30.708669662475586|73|1807
24.88669776916504|73|1808
23.807598114013672|36|1809
27.9251651763916|36|1810
26.817747116088867|36|1811
27.132530212402344|36|1812
20.29452133178711|37|1813
19.129650115966797|36|1814
13.048277854919434|11|1815
9.404511451721191|31|1816
19.686796188354492|121|1817
24.836942672729492|41|1818
29.70880699157715|41|1819
35.74580764770508|41|1820
32.9008674621582|41|1821
28.337690353393555|15|1822
28.104684829711914|30|1823
24.750686645507812|31|1824
22.839170455932617|15|1825
22.121780395507812|165|1826
36.575042724609375|30|1827
37.802547454833984|30|1828
30.826200485229492|31|1829
32.2846565246582|31|1830
35.30560302734375|30|1831
30.359073638916016|30|1832
24.001558303833008|31|1833
26.397567749023438|31|1834
23.860464096069336|31|1835
20.35453987121582|30|1836
26.016536712646484|46|1837
42.7252311706543|46|1838
47.421180725097656|46|1839
48.04066467285156|46|1840
42.16112518310547|46|1841
31.434003829956055|45|1842
31.614030838012695|45|1843
33.44876480102539|46|1844
22.585227966308594|45|1845
32.138179779052734|92|1846
35.460811614990234|92|1847
26.69367790222168|46|1848
35.23318862915039|15|1849
39.548213958740234|15|1850
32.4548225402832|15|1851
20.023712158203125|15|1852
15.105724334716797|23|1853
21.46826934814453|15|1854
24.21333885192871|15|1855
17.010662078857422|16|1856
27.618030548095703|27|1857
41.9240837097168|27|1858
34.96553421020508|27|1859
35.4699821472168|14|1860
30.299510955810547|14|1861
27.977977752685547|14|1862
30.88279914855957|73|1863
36.8651008605957|73|1864
39.69264602661133|73|1865
25.19016456604004|73|1866
32.83221435546875|36|1867
40.92618942260742|36|1868
38.62876510620117|34|1869
47.73324203491211|35|1870
33.74724197387695|34|1871
26.60272979736328|35|1872
22.931331634521484|18|1873
20.99357795715332|18|1874
18.31793975830078|18|1875
16.552793502807617|41|1876
19.391313552856445|17|1877
28.867321014404297|18|1878
30.34203338623047|24|1879
30.954130172729492|24|1880
26.752182006835938|34|1881
26.908855438232422|34|1882
24.912168502807617|41|1883
30.182008743286133|19|1884
31.793598175048828|19|1885
26.186206817626953|35|1886
34.41649627685547|34|1887
33.409175872802734|34|1888
28.083805084228516|16|1889
30.13570785522461|41|1890
26.79331398010254|41|1891
28.989248275756836|14|1892
27.91230583190918|14|1893
26.124767303466797|14|1894
24.19974136352539|14|1895
20.191604614257812|21|1896
22.63335418701172|21|1897
24.78481101989746|21|1898
34.194602966308594|31|1899
34.57838821411133|31|1900
28.482398986816406|31|1901
19.661195755004883|24|1902
21.788509368896484|20|1903
26.313404083251953|21|1904
28.468555450439453|22|1905
29.456249237060547|34|1906
23.867507934570312|34|1907
20.557788848876953|23|1908
29.153095245361328|23|1909
24.213212966918945|23|1910
25.046459197998047|27|1911
28.042530059814453|23|1912
29.195215225219727|27|1913
24.30745506286621|27|1914
21.383153915405273|55|1915
26.3758487701416|54|1916
27.920730590820312|55|1917
22.934797286987305|18|1918
28.19633674621582|55|1919
31.373172760009766|54|1920
32.11782455444336|18|1921
35.31269454956055|18|1922
36.110294342041016|55|1923
35.74437713623047|55|1924
33.48812484741211|27|1925
22.571063995361328|55|1926
16.101600646972656|55|1927
23.39909553527832|18|1928
29.625545501708984|19|1929
36.01602554321289|26|1930
23.579565048217773|19|1931
23.568939208984375|19|1932
18.30257797241211|19|1933
27.34063148498535|19|1934
30.067527770996094|19|1935
18.869626998901367|36|1936
20.240726470947266|73|1937
26.315431594848633|21|1938
41.63166809082031|21|1939
51.185516357421875|20|1940
51.5566520690918|20|1941
54.569435119628906|20|1942
55.79616165161133|20|1943
54.01743698120117|20|1944
41.88400650024414|20|1945
35.0875129699707|20|1946
34.0277099609375|20|1947
26.036834716796875|20|1948
33.11800003051758|30|1949
20.65813446044922|97|1950
19.982858657836914|48|1951
22.920307159423828|48|1952
24.884572982788086|48|1953
33.7735595703125|30|1954
30.890804290771484|30|1955
26.74224281311035|32|1956
29.457876205444336|32|1957
27.07020378112793|32|1958
28.76749038696289|32|1959
34.33687973022461|31|1960
24.28803253173828|46|1961
24.53724479675293|46|1962
32.344329833984375|24|1963
34.354522705078125|33|1964
30.509889602661133|33|1965
32.0849609375|73|1966
32.503658294677734|73|1967
23.73194694519043|36|1968
23.972726821899414|31|1969
26.930688858032227|38|1970
30.84269905090332|39|1971
33.23982620239258|40|1972
28.47679901123047|36|1973
20.981975555419922|35|1974
20.122543334960938|34|1975
18.711688995361328|31|1976
14.043935775756836|36|1977
22.327396392822266|22|1978
27.397106170654297|23|1979
34.9988899230957|23|1980
36.219512939453125|23|1981
36.491615295410156|23|1982
35.71877670288086|23|1983
32.11489486694336|41|1984
54.17311477661133|41|1985
58.28456497192383|41|1986
50.87175369262695|41|1987
53.90549087524414|41|1988
43.78654861450195|42|1989
37.25004196166992|23|1990
37.66221237182617|23|1991
39.6498908996582|23|1992
41.19457244873047|23|1993
41.25766372680664|23|1994
37.30339813232422|23|1995
26.333648681640625|42|1996
26.54928970336914|43|1997
23.6384220123291|17|1998
32.8194580078125|17|1999
32.741085052490234|27|2000
27.766077041625977|46|2001
34.756229400634766|46|2002
29.59636878967285|46|2003
36.50131607055664|44|2004
51.573665618896484|45|2005
28.1903018951416|46|2006
34.573333740234375|92|2007
38.82286834716797|45|2008
26.50757598876953|45|2009
15.552419662475586|16|2010
28.308521270751953|17|2011
28.689008712768555|17|2012
26.920011520385742|36|2013
28.121517181396484|17|2014
27.657310485839844|17|2015
17.834003448486328|17|2016
16.674150466918945|48|2017
20.390195846557617|48|2018
19.164833068847656|23|2019
20.67911148071289|45|2020
24.15829849243164|49|2021
26.051679611206055|24|2022
36.97758102416992|18|2023
40.563194274902344|18|2024
32.371925354003906|24|2025
28.923748016357422|24|2026
20.841873168945312|24|2027
19.523761749267578|18|2028
24.95775604248047|18|2029
32.35460662841797|36|2030
24.61001205444336|24|2031
23.17870330810547|24|2032
21.722932815551758|54|2033
18.909652709960938|24|2034
21.04169464111328|37|2035
20.96114730834961|37|2036
20.338581085205078|36|2037
19.41217613220215|54|2038
31.48759651184082|55|2039
31.70040512084961|17|2040
25.981779098510742|18|2041
28.304115295410156|34|2042
29.854169845581055|34|2043
28.378084182739258|69|2044
26.98874282836914|34|2045
28.73404312133789|34|2046
27.28221321105957|35|2047
21.751232147216797|35|2048
18.20450210571289|36|2049
26.1822566986084|37|2050
26.862506866455078|37|2051
34.80556106567383|61|2052
27.51654624938965|62|2053
20.7476749420166|24|2054
21.99304962158203|37|2055
20.894094467163086|37|2056
27.61417007446289|64|2057
21.438600540161133|64|2058
27.904211044311523|63|2059
31.50501251220703|18|2060
29.345048904418945|24|2061
23.03840446472168|24|2062
22.131677627563477|18|2063
23.32404327392578|18|2064
26.021535873413086|66|2065
18.16480255126953|36|2066
22.430931091308594|70|2067
20.408151626586914|19|2068
50.59648132324219|19|2069
60.91320037841797|19|2070
29.626955032348633|18|2071
15.983240127563477|137|2072
14.333113670349121|27|2073
35.963375091552734|18|2074
55.91500473022461|18|2075
32.5720329284668|18|2076
12.669683456420898|111|2077
11.641007423400879|27|2078
17.9625244140625|27|2079
27.89425277709961|10|2080
29.87616539001465|10|2081
29.956117630004883|9|2082
31.046140670776367|9|2083
35.389286041259766|8|2084
29.029613494873047|7|2085
30.522607803344727|7|2086
28.77490997314453|6|2087
29.661773681640625|6|2088
21.828134536743164|19|2089
35.18399429321289|10|2090
44.38340377807617|10|2091
41.90205764770508|9|2092
35.39897918701172|9|2093
39.12404251098633|8|2094
30.467021942138672|7|2095
32.38895034790039|7|2096
24.212684631347656|7|2097
23.075382232666016|6|2098
28.816219329833984|16|2099
49.2171630859375|7|2100
79.99687194824219|6|2101
73.40443420410156|5|2102
86.9657974243164|5|2103
85.59201049804688|5|2104
79.37783813476562|5|2105
74.13968658447266|5|2106
66.09398651123047|5|2107
52.48208236694336|5|2108
33.02714538574219|5|2109
19.681812286376953|18|2110
30.430694580078125|12|2111
34.16991424560547|6|2112
36.388465881347656|12|2113
36.506370544433594|12|2114
35.52762985229492|12|2115
36.219608306884766|12|2116
38.08396530151367|12|2117
39.715267181396484|12|2118
47.47235870361328|12|2119
45.6989631652832|8|2120
79.06280517578125|6|2121
76.47705841064453|6|2122
87.8275146484375|5|2123
88.62959289550781|5|2124
82.39346313476562|5|2125
74.1685791015625|5|2126
64.77496337890625|5|2127
53.63728332519531|5|2128
38.217994689941406|5|2129
24.838659286499023|5|2130
33.14674758911133|12|2131
37.01466751098633|12|2132
38.45212936401367|12|2133
39.78140640258789|12|2134
44.45918655395508|12|2135
46.864845275878906|12|2136
46.895538330078125|12|2137
47.410926818847656|12|2138
52.24615478515625|12|2139
48.67437744140625|12|2140
76.93611145019531|6|2141
84.86502838134766|6|2142
87.44915008544922|5|2143
88.37126922607422|5|2144
84.02355194091797|5|2145
79.1668930053711|5|2146
70.42583465576172|5|2147
56.3363037109375|5|2148
41.405879974365234|5|2149
29.37487030029297|42|2150
36.2202033996582|15|2151
42.73352813720703|8|2152
42.59086608886719|8|2153
44.009586334228516|8|2154
48.41968536376953|8|2155
48.589996337890625|8|2156
46.54102325439453|8|2157
47.8429069519043|8|2158
41.46702194213867|8|2159
59.13314437866211|7|2160
76.70956420898438|7|2161
86.86739349365234|6|2162
89.20718383789062|5|2163
92.80792999267578|5|2164
89.1783447265625|5|2165
81.79906463623047|5|2166
72.11917114257812|5|2167
60.196468353271484|5|2168
49.37839126586914|92|2169
43.94097137451172|92|2170
35.088253021240234|16|2171
43.27437973022461|15|2172
42.616172790527344|8|2173
43.28702926635742|8|2174
43.88922119140625|8|2175
44.66850280761719|8|2176
47.37778854370117|8|2177
48.50144958496094|8|2178
44.67507553100586|8|2179
50.40808868408203|7|2180
75.56758117675781|7|2181
87.36349487304688|6|2182
84.46800231933594|5|2183
90.95525360107422|5|2184
87.52788543701172|5|2185
81.79133605957031|5|2186
75.72501373291016|5|2187
62.65606689453125|5|2188
45.48275375366211|5|2189
34.464256286621094|36|2190
36.001773834228516|14|2191
44.05552291870117|14|2192
43.143436431884766|14|2193
39.066585540771484|14|2194
33.9983024597168|14|2195
37.22732162475586|7|2196
40.672603607177734|7|2197
39.905269622802734|7|2198
36.84806442260742|7|2199
40.15291976928711|13|2200
53.735572814941406|6|2201
89.07180786132812|6|2202
80.88461303710938|5|2203
93.30052185058594|5|2204
94.7777328491211|5|2205
88.13129425048828|5|2206
79.1148910522461|5|2207
65.61178588867188|5|2208
49.749732971191406|5|2209
35.67461013793945|34|2210
35.28402328491211|14|2211
42.70062255859375|14|2212
45.30384826660156|14|2213
37.97612380981445|14|2214
41.721858978271484|14|2215
41.692955017089844|14|2216
41.02725601196289|7|2217
41.67039489746094|7|2218
40.445194244384766|7|2219
41.068511962890625|13|2220
51.66254425048828|6|2221
82.55585479736328|6|2222
76.05187225341797|5|2223
94.02449798583984|5|2224
96.7273941040039|5|2225
91.33655548095703|5|2226
82.86430358886719|5|2227
68.90117645263672|5|2228
52.976802825927734|5|2229
36.82021713256836|5|2230
30.409242630004883|13|2231
41.566078186035156|14|2232
37.0186767578125|14|2233
37.689414978027344|7|2234
38.52018737792969|7|2235
38.10105895996094|14|2236
37.86149978637695|14|2237
38.309486389160156|7|2238
46.51152801513672|54|2239
45.024391174316406|54|2240
42.91169738769531|8|2241
75.75856018066406|6|2242
80.26276397705078|6|2243
91.71701049804688|5|2244
95.67208099365234|5|2245
92.35172271728516|5|2246
86.19495391845703|5|2247
72.025390625|5|2248
54.69172668457031|5|2249
37.38003158569336|5|2250
22.56566047668457|54|2251
43.24647903442383|9|2252
49.05783462524414|9|2253
51.34682083129883|10|2254
50.86542892456055|10|2255
50.56593704223633|10|2256
48.976173400878906|10|2257
50.0367431640625|10|2258
51.06291961669922|10|2259
44.15852737426758|10|2260
48.78667068481445|10|2261
79.0009536743164|6|2262
97.94710540771484|6|2263
101.33192443847656|5|2264
105.52176666259766|5|2265
99.54933166503906|5|2266
90.07365417480469|5|2267
78.34503936767578|5|2268
62.32065963745117|5|2269
43.82015609741211|5|2270
30.241079330444336|10|2271
52.714298248291016|10|2272
50.833404541015625|10|2273
56.94439697265625|9|2274
55.09429931640625|9|2275
46.10862731933594|9|2276
47.60244369506836|8|2277
43.33968734741211|8|2278
38.33635711669922|7|2279
40.00313186645508|7|2280
38.03856658935547|8|2281
65.57948303222656|7|2282
88.36957550048828|6|2283
91.56116485595703|5|2284
98.12622833251953|5|2285
92.688720703125|5|2286
83.3566665649414|5|2287
71.0815658569336|5|2288
57.215946197509766|5|2289
43.04056930541992|5|2290
27.574552536010742|74|2291
33.200401306152344|10|2292
43.6600456237793|10|2293
50.076438903808594|41|2294
47.19695281982422|41|2295
46.88177490234375|10|2296
48.35193634033203|10|2297
48.55257797241211|10|2298
47.96564865112305|10|2299
47.47872543334961|10|2300
53.60235595703125|10|2301
57.76094055175781|7|2302
84.95048522949219|6|2303
83.4832992553711|5|2304
92.77188110351562|5|2305
88.27527618408203|5|2306
82.7506332397461|5|2307
76.62738800048828|5|2308
65.32942199707031|5|2309
52.40165328979492|41|2310
52.40418243408203|41|2311
32.313228607177734|41|2312
41.16315460205078|11|2313
40.92793273925781|11|2314
42.97641372680664|11|2315
43.118228912353516|11|2316
44.517704010009766|11|2317
43.32052230834961|11|2318
42.93455505371094|11|2319
43.69034194946289|11|2320
51.07423782348633|11|2321
48.13290023803711|7|2322
85.71971130371094|6|2323
79.86163330078125|5|2324
95.31902313232422|5|2325
97.06813049316406|5|2326
88.82260131835938|5|2327
78.68766021728516|5|2328
66.36050415039062|5|2329
50.17875671386719|5|2330
36.100746154785156|92|2331
29.539398193359375|11|2332
40.21900939941406|11|2333
42.3863525390625|11|2334
41.80283737182617|11|2335
41.631893157958984|11|2336
40.661376953125|11|2337
40.533348083496094|11|2338
41.51164627075195|11|2339
43.24379348754883|11|2340
49.19856262207031|11|2341
50.052154541015625|11|2342
78.03824615478516|6|2343
78.82384490966797|6|2344
92.86962890625|5|2345
92.89501190185547|5|2346
88.71086883544922|5|2347
83.4836654663086|5|2348
71.89911651611328|5|2349
55.97281265258789|5|2350
37.09124755859375|5|2351
27.422502517700195|12|2352
43.57927322387695|12|2353
45.4210090637207|12|2354
45.553504943847656|12|2355
43.98683166503906|12|2356
42.787139892578125|12|2357
43.19508361816406|12|2358
44.15636444091797|12|2359
45.542903900146484|12|2360
42.00386428833008|12|2361
53.760643005371094|7|2362
76.58187103271484|7|2363
86.19937133789062|6|2364
92.98613739013672|5|2365
95.10596466064453|5|2366
89.39543914794922|5|2367
79.74166870117188|5|2368
68.76151275634766|5|2369
55.65544128417969|5|2370
38.23316955566406|5|2371
21.772010803222656|5|2372
44.56797409057617|12|2373
50.0989990234375|12|2374
45.58037185668945|12|2375
45.39632797241211|12|2376
48.12318801879883|12|2377
49.322837829589844|12|2378
48.461055755615234|12|2379
48.524845123291016|12|2380
43.68838882446289|12|2381
47.63346481323242|11|2382
59.78306579589844|6|2383
82.8478012084961|6|2384
83.8025894165039|5|2385
90.21709442138672|5|2386
91.25765228271484|5|2387
87.37938690185547|5|2388
75.84822082519531|5|2389
61.311119079589844|5|2390
44.77266311645508|5|2391
27.422754287719727|5|2392
30.292308807373047|27|2393
38.140525817871094|12|2394
44.36283874511719|12|2395
43.73800277709961|12|2396
46.50666809082031|12|2397
40.68069839477539|12|2398
36.83106994628906|27|2399
39.26695251464844|27|2400
42.14107131958008|27|2401
47.948429107666016|27|2402
58.96378707885742|6|2403
87.1624984741211|6|2404
80.40518188476562|5|2405
88.50594329833984|5|2406
90.10831451416016|5|2407
87.0015640258789|5|2408
77.26512145996094|5|2409
64.0071029663086|5|2410
49.70234680175781|5|2411
29.69683265686035|5|2412
32.82528305053711|19|2413
44.59785461425781|12|2414
49.8889274597168|12|2415
47.825618743896484|12|2416
40.05470657348633|12|2417
35.96611785888672|12|2418
39.3043098449707|21|2419
40.46897506713867|12|2420
39.795013427734375|12|2421
47.08169174194336|12|2422
51.246036529541016|11|2423
87.29589080810547|6|2424
76.46375274658203|5|2425
90.74012756347656|5|2426
97.5646743774414|5|2427
92.84944915771484|5|2428
77.81707000732422|5|2429
58.591758728027344|5|2430
44.67858123779297|5|2431
33.582454681396484|5|2432
23.245824813842773|18|2433
34.973758697509766|12|2434
41.0341911315918|12|2435
42.74551773071289|12|2436
42.00943374633789|12|2437
41.31453323364258|12|2438
41.70592498779297|12|2439
43.15174102783203|12|2440
42.714378356933594|12|2441
48.74602127075195|12|2442
42.47614669799805|12|2443
71.21965026855469|6|2444
69.66667938232422|6|2445
87.0166244506836|5|2446
84.21992492675781|5|2447
75.36659240722656|5|2448
72.01081848144531|5|2449
66.32294464111328|5|2450
52.634849548339844|5|2451
35.621158599853516|5|2452
25.238012313842773|5|2453
32.410587310791016|13|2454
37.17628479003906|12|2455
39.76449203491211|12|2456
42.79491424560547|12|2457
43.938297271728516|12|2458
43.87400817871094|12|2459
44.25233840942383|12|2460
43.6421012878418|12|2461
48.51384735107422|12|2462
46.13801574707031|8|2463
69.05658721923828|6|2464
76.57919311523438|6|2465
81.48114776611328|5|2466
85.95110321044922|5|2467
83.6266098022461|5|2468
79.09078216552734|5|2469
67.97875213623047|5|2470
51.98215866088867|5|2471
36.73537826538086|5|2472
28.45591163635254|42|2473
32.520565032958984|15|2474
39.169586181640625|8|2475
42.492271423339844|8|2476
45.345985412597656|8|2477
44.7767448425293|8|2478
44.077056884765625|8|2479
46.38658142089844|8|2480
46.78840637207031|8|2481
40.217041015625|7|2482
53.6627197265625|7|2483
71.32691955566406|7|2484
85.39031982421875|6|2485
85.55152130126953|5|2486
88.3411865234375|5|2487
85.68701934814453|5|2488
81.07402038574219|5|2489
69.52056121826172|5|2490
55.382442474365234|5|2491
44.73689651489258|92|2492
38.83926010131836|92|2493
34.81269836425781|16|2494
40.10711669921875|15|2495
41.70149612426758|8|2496
41.03953552246094|8|2497
40.14411544799805|8|2498
42.49520492553711|8|2499
46.49138641357422|8|2500
47.58866500854492|8|2501
42.081912994384766|8|2502
44.124141693115234|7|2503
68.58023834228516|7|2504
79.42564392089844|6|2505
80.16893768310547|5|2506
86.75476837158203|5|2507
84.07453918457031|5|2508
78.78097534179688|5|2509
70.79906463623047|5|2510
59.88188552856445|5|2511
46.103397369384766|5|2512
32.663970947265625|36|2513
34.77084732055664|14|2514
42.35466766357422|14|2515
38.99462890625|14|2516
34.43509292602539|14|2517
33.23691177368164|35|2518
36.0833625793457|14|2519
38.62210464477539|14|2520
40.22700881958008|7|2521
39.004581451416016|7|2522
38.19226837158203|13|2523
49.149009704589844|6|2524
81.99298858642578|6|2525
77.47002410888672|5|2526
89.73551940917969|5|2527
89.67761993408203|5|2528
85.07301330566406|5|2529
77.4614486694336|5|2530
62.88852310180664|5|2531
47.65193176269531|5|2532
32.06404113769531|5|2533
32.83882141113281|14|2534
40.51931381225586|14|2535
43.39950180053711|14|2536
37.26924514770508|7|2537
40.97917175292969|14|2538
42.090545654296875|14|2539
39.74101638793945|14|2540
39.98236846923828|7|2541
39.241233825683594|7|2542
38.84569549560547|13|2543
51.15864562988281|6|2544
80.2529067993164|6|2545
72.03150939941406|5|2546
88.5660171508789|5|2547
89.15974426269531|5|2548
85.98925018310547|5|2549
77.88240051269531|5|2550
63.23517990112305|5|2551
49.977821350097656|5|2552
34.966552734375|5|2553
28.016826629638672|13|2554
36.492515563964844|14|2555
34.475181579589844|7|2556
37.05017852783203|7|2557
36.604610443115234|7|2558
37.61344909667969|7|2559
37.22527313232422|7|2560
35.57168197631836|7|2561
43.300331115722656|54|2562
43.404205322265625|54|2563
41.3565673828125|8|2564
73.28863525390625|6|2565
77.06315612792969|6|2566
85.42144775390625|5|2567
90.21629333496094|5|2568
89.15499114990234|5|2569
82.9820556640625|5|2570
68.98080444335938|5|2571
52.50666427612305|5|2572
36.38078689575195|5|2573
21.69215965270996|54|2574
41.12797927856445|9|2575
46.16010665893555|9|2576
47.68975067138672|10|2577
46.11743927001953|10|2578
45.89451599121094|10|2579
43.485511779785156|10|2580
43.4226188659668|10|2581
48.37166976928711|10|2582
38.075687408447266|10|2583