Thunder
Gabry Ponte, LUM!X, Prezioso

EDM
thunder
1025x2584
2584

0.04303271695971489|21|0
0.25616341829299927|22|1
0.5803614258766174|22|2
0.7135474681854248|22|3
0.7004914283752441|22|4
0.9304994940757751|22|5
0.9464992880821228|22|6
0.7536188364028931|44|7
1.2089133262634277|43|8
1.3674397468566895|43|9
0.9570819735527039|22|10
1.3240381479263306|22|11
1.224269151687622|65|12
0.9520198106765747|43|13
1.1075819730758667|22|14
2.0202131271362305|8|15
2.3409807682037354|7|16
1.8755377531051636|23|17
2.5839717388153076|44|18
2.7874457836151123|6|19
2.422776699066162|7|20
2.944000244140625|22|21
3.3581480979919434|21|22
5.0812482833862305|43|23
5.140597343444824|7|24
5.016642093658447|43|25
5.076676368713379|43|26
4.622803688049316|44|27
4.965192794799805|43|28
5.9437947273254395|22|29
6.5975751876831055|22|30
7.4006781578063965|22|31
8.277522087097168|22|32
6.827600002288818|22|33
10.0043363571167|7|34
9.96270751953125|22|35
11.718972206115723|22|36
8.240530014038086|21|37
8.360877990722656|65|38
11.496816635131836|21|39
17.94319725036621|22|40
18.915767669677734|22|41
16.55853271484375|22|42
15.176918983459473|22|43
18.916366577148438|7|44
15.70216178894043|22|45
16.002819061279297|22|46
20.370634078979492|22|47
18.442235946655273|22|48
15.299861907958984|22|49
16.67658805847168|6|50
21.622329711914062|6|51
26.234588623046875|6|52
25.91465950012207|6|53
32.78254318237305|9|54
26.40434455871582|10|55
26.30027198791504|6|56
25.538684844970703|9|57
25.710025787353516|7|58
33.10194778442383|7|59
24.050039291381836|7|60
23.12775421142578|6|61
23.73659896850586|3|62
30.327571868896484|9|63
27.803911209106445|9|64
25.61284828186035|6|65
27.07217788696289|5|66
24.79764747619629|8|67
46.22951889038086|6|68
96.8896713256836|5|69
118.17265319824219|4|70
115.46430206298828|4|71
90.36465454101562|4|72
109.31246948242188|4|73
82.7479476928711|4|74
74.18706512451172|4|75
55.69597244262695|5|76
63.93699264526367|5|77
86.4453353881836|5|78
60.195350646972656|6|79
76.3182601928711|5|80
77.5732650756836|5|81
52.525630950927734|4|82
59.34114074707031|4|83
48.853702545166016|4|84
68.03966522216797|4|85
70.08140563964844|4|86
56.53178405761719|4|87
59.081424713134766|5|88
39.0331916809082|5|89
61.89653015136719|5|90
66.67225646972656|5|91
42.38026809692383|32|92
39.5084114074707|11|93
57.110328674316406|5|94
71.19222259521484|5|95
62.54130554199219|5|96
58.311153411865234|5|97
42.9881706237793|11|98
39.24674606323242|11|99
32.96518325805664|11|100
46.41853332519531|5|101
43.74837112426758|5|102
46.354461669921875|6|103
56.86091232299805|5|104
43.902496337890625|6|105
63.858646392822266|5|106
57.90460968017578|5|107
42.694515228271484|79|108
38.02296447753906|78|109
41.65374755859375|4|110
48.8129768371582|5|111
41.43715286254883|43|112
43.15658950805664|43|113
43.19048309326172|5|114
33.258697509765625|5|115
31.667144775390625|6|116
41.29661560058594|5|117
61.13437271118164|5|118
54.29533767700195|5|119
53.39430236816406|5|120
47.049171447753906|5|121
57.63421630859375|5|122
57.703582763671875|5|123
47.35065460205078|6|124
42.52750778198242|6|125
52.35881805419922|5|126
51.5267333984375|5|127
57.180335998535156|5|128
47.354400634765625|5|129
33.4340934753418|64|130
32.4633903503418|11|131
36.20566177368164|11|132
45.786930084228516|5|133
56.62981033325195|5|134
64.87409210205078|5|135
42.96174621582031|5|136
36.929656982421875|11|137
44.12470626831055|5|138
45.64456558227539|5|139
47.460289001464844|5|140
51.01421356201172|5|141
42.77955627441406|6|142
36.380008697509766|6|143
40.387672424316406|5|144
53.313453674316406|5|145
59.34294128417969|5|146
57.84515380859375|5|147
47.125633239746094|4|148
47.352027893066406|4|149
51.947486877441406|4|150
45.36835861206055|4|151
41.84723663330078|34|152
44.55587387084961|34|153
48.3875617980957|4|154
52.59916687011719|4|155
55.1939697265625|4|156
51.48265075683594|4|157
44.64756393432617|4|158
36.22245788574219|5|159
29.949655532836914|9|160
29.25803565979004|9|161
34.6483039855957|34|162
41.95138931274414|4|163
45.715675354003906|4|164
43.03801727294922|4|165
42.340816497802734|4|166
45.786373138427734|4|167
47.92102813720703|4|168
45.99795913696289|4|169
35.474727630615234|4|170
34.72934341430664|68|171
34.54986572265625|4|172
51.96134948730469|4|173
57.37712097167969|4|174
45.336856842041016|4|175
31.4672908782959|4|176
27.718948364257812|5|177
35.24169921875|4|178
34.53955841064453|4|179
32.824249267578125|4|180
38.54941177368164|4|181
50.450843811035156|4|182
62.69243240356445|4|183
63.626399993896484|4|184
50.79021072387695|4|185
40.31681823730469|68|186
43.61384582519531|69|187
30.922748565673828|69|188
43.20606231689453|4|189
50.786407470703125|4|190
51.56392288208008|4|191
48.068904876708984|4|192
41.21330642700195|4|193
39.81248474121094|69|194
40.598995208740234|69|195
42.41243362426758|4|196
51.81782150268555|4|197
51.246604919433594|4|198
45.18183898925781|4|199
42.05265426635742|4|200
43.20082473754883|68|201
45.6290283203125|4|202
45.88481140136719|4|203
47.68855667114258|4|204
47.54308319091797|4|205
43.13368606567383|4|206
49.68000030517578|4|207
63.025516510009766|4|208
69.85134887695312|4|209
63.21071243286133|4|210
47.917545318603516|4|211
40.15721893310547|4|212
46.10912322998047|4|213
51.459083557128906|4|214
53.446319580078125|4|215
60.1143913269043|4|216
65.16043090820312|4|217
60.58407211303711|4|218
50.53888702392578|4|219
47.017547607421875|4|220
53.92277145385742|4|221
55.41072082519531|4|222
55.414119720458984|5|223
46.56101608276367|6|224
49.200313568115234|6|225
39.700279235839844|6|226
37.261173248291016|6|227
39.602779388427734|6|228
42.26694107055664|32|229
42.5833625793457|32|230
39.88510513305664|6|231
45.51119613647461|6|232
45.73402404785156|6|233
41.42616271972656|6|234
48.055606842041016|6|235
48.040042877197266|6|236
44.902305603027344|7|237
50.0650634765625|6|238
50.12989807128906|6|239
45.39356994628906|6|240
49.4876823425293|6|241
50.824649810791016|6|242
50.27974319458008|6|243
52.55817794799805|6|244
55.3924560546875|6|245
53.77688980102539|6|246
52.49565124511719|6|247
54.010597229003906|6|248
52.522117614746094|6|249
49.7580680847168|6|250
51.72924041748047|6|251
51.53490447998047|6|252
46.746639251708984|6|253
46.06826400756836|6|254
44.23686218261719|6|255
38.54072189331055|97|256
39.022666931152344|6|257
37.999053955078125|6|258
37.854164123535156|6|259
39.5760612487793|6|260
38.22764587402344|6|261
38.30402374267578|6|262
38.42007064819336|6|263
36.2880859375|6|264
33.88582992553711|6|265
33.221435546875|6|266
33.62468719482422|6|267
34.624114990234375|6|268
34.93442153930664|6|269
33.866600036621094|6|270
34.16383361816406|6|271
34.96760177612305|6|272
34.309295654296875|6|273
36.438148498535156|6|274
35.38976287841797|6|275
35.48685073852539|6|276
37.98651885986328|6|277
36.243350982666016|6|278
37.4637336730957|51|279
33.32745361328125|6|280
34.086334228515625|6|281
37.16199493408203|6|282
39.330810546875|6|283
38.569618225097656|6|284
36.76181411743164|6|285
33.89572525024414|6|286
34.544376373291016|6|287
37.742393493652344|6|288
39.2110481262207|6|289
38.6513671875|6|290
37.91291809082031|6|291
38.65634536743164|6|292
41.37078857421875|6|293
44.00798416137695|6|294
47.22117233276367|6|295
48.36083984375|6|296
46.064449310302734|6|297
43.351898193359375|6|298
43.3501091003418|6|299
44.28534698486328|6|300
45.07817459106445|6|301
47.146305084228516|6|302
46.207122802734375|6|303
49.5289192199707|29|304
46.141197204589844|6|305
46.597232818603516|6|306
45.17140579223633|6|307
43.60218048095703|6|308
43.55865478515625|6|309
43.33491516113281|6|310
47.05231857299805|58|311
42.5823974609375|58|312
40.35535430908203|6|313
40.874122619628906|6|314
43.583412170410156|6|315
43.841285705566406|6|316
45.1709098815918|58|317
45.53982162475586|58|318
43.888221740722656|6|319
43.39881134033203|6|320
42.541996002197266|6|321
41.878143310546875|6|322
43.3074951171875|58|323
42.24565887451172|6|324
42.7160530090332|6|325
43.928611755371094|6|326
44.5277099609375|6|327
44.72536087036133|6|328
45.908329010009766|6|329
47.24241638183594|6|330
48.29951095581055|6|331
47.394195556640625|6|332
46.21822738647461|6|333
46.12834167480469|6|334
45.9407958984375|6|335
44.210933685302734|6|336
39.859375|6|337
34.62283706665039|6|338
41.32345199584961|5|339
44.852054595947266|5|340
47.076725006103516|5|341
48.046939849853516|5|342
46.61597442626953|5|343
44.45193099975586|5|344
45.05167770385742|5|345
45.54505920410156|5|346
44.56315994262695|5|347
45.660465240478516|5|348
48.013160705566406|5|349
49.73155975341797|5|350
50.39083480834961|5|351
50.834774017333984|5|352
50.89485168457031|5|353
50.98634338378906|5|354
51.633140563964844|5|355
52.0557861328125|5|356
52.946346282958984|5|357
54.88019943237305|5|358
57.35817337036133|5|359
57.30482482910156|5|360
55.46035385131836|5|361
54.814964294433594|5|362
54.902286529541016|5|363
53.0156364440918|5|364
51.67224884033203|5|365
52.444908142089844|5|366
52.72549057006836|5|367
51.246150970458984|5|368
52.51094436645508|5|369
55.22889709472656|5|370
54.550655364990234|5|371
54.02177810668945|5|372
53.52565002441406|5|373
50.23604202270508|5|374
47.270904541015625|5|375
48.054195404052734|5|376
50.75356674194336|5|377
49.436668395996094|5|378
45.521240234375|5|379
41.35943603515625|5|380
38.10987091064453|5|381
37.58022689819336|5|382
36.08182144165039|5|383
34.15920639038086|5|384
33.43218231201172|5|385
32.53927230834961|43|386
35.61031723022461|43|387
42.5126838684082|43|388
47.238346099853516|43|389
46.92975616455078|43|390
43.68437957763672|43|391
33.43983459472656|11|392
32.32123565673828|11|393
28.92974090576172|11|394
25.375505447387695|5|395
25.316362380981445|5|396
25.38736343383789|5|397
25.50394058227539|5|398
25.738252639770508|5|399
27.627094268798828|43|400
26.0690975189209|43|401
28.23724937438965|57|402
26.010223388671875|5|403
26.427928924560547|5|404
27.840660095214844|5|405
29.728601455688477|5|406
31.747690200805664|25|407
34.869300842285156|26|408
30.477161407470703|5|409
32.66127014160156|5|410
34.934085845947266|5|411
36.796043395996094|5|412
36.621726989746094|5|413
36.863426208496094|5|414
37.71893310546875|5|415
39.405540466308594|5|416
43.516990661621094|5|417
46.120967864990234|5|418
47.14875030517578|5|419
49.00653076171875|5|420
51.4360466003418|5|421
52.50336456298828|5|422
55.22618865966797|5|423
57.932090759277344|5|424
55.56708526611328|5|425
52.966407775878906|5|426
53.12959671020508|5|427
53.38195037841797|5|428
54.97719955444336|5|429
56.667903900146484|5|430
58.52342987060547|5|431
60.44888687133789|5|432
60.0388298034668|5|433
60.49568557739258|5|434
59.198326110839844|5|435
58.57239532470703|5|436
57.11101531982422|5|437
56.53984832763672|5|438
54.0227165222168|5|439
52.61724853515625|5|440
53.28617477416992|5|441
55.62370681762695|5|442
54.38064193725586|5|443
51.61860656738281|5|444
51.32250213623047|5|445
51.04934310913086|5|446
51.02992248535156|5|447
51.15936279296875|5|448
51.42036056518555|5|449
50.91215515136719|5|450
46.984771728515625|5|451
43.315731048583984|5|452
39.01218795776367|5|453
33.73818588256836|5|454
35.77812194824219|4|455
39.328792572021484|4|456
40.24330139160156|4|457
46.192176818847656|34|458
47.12455749511719|34|459
42.194034576416016|34|460
42.87873458862305|4|461
43.3317756652832|4|462
43.39591979980469|4|463
41.7518196105957|4|464
41.683692932128906|4|465
42.113677978515625|4|466
41.29588317871094|4|467
41.6840934753418|4|468
42.10750198364258|4|469
40.66386032104492|4|470
40.25740432739258|4|471
42.052005767822266|4|472
43.05221176147461|4|473
43.33097839355469|4|474
43.626075744628906|4|475
41.912506103515625|4|476
38.84111022949219|4|477
37.45866012573242|4|478
37.241329193115234|4|479
36.93343734741211|4|480
39.214630126953125|9|481
42.78760528564453|9|482
45.005245208740234|9|483
46.02793884277344|9|484
46.759727478027344|9|485
47.65886688232422|9|486
45.060691833496094|9|487
40.62947082519531|9|488
37.721961975097656|9|489
38.71483612060547|4|490
43.326202392578125|67|491
40.49082565307617|4|492
42.529197692871094|69|493
43.1406135559082|4|494
42.75111389160156|4|495
42.76496505737305|4|496
42.855804443359375|4|497
43.07789993286133|4|498
43.30949020385742|4|499
42.706016540527344|4|500
42.89134216308594|4|501
43.357906341552734|4|502
43.96689987182617|4|503
45.26272201538086|4|504
45.91632843017578|4|505
46.09244155883789|68|506
52.0201530456543|68|507
45.36143493652344|69|508
42.9315185546875|4|509
44.91973876953125|4|510
47.7674560546875|4|511
48.936439514160156|4|512
50.84822463989258|4|513
51.321861267089844|4|514
50.12556838989258|4|515
51.86152648925781|4|516
54.619632720947266|4|517
55.584415435791016|4|518
56.221622467041016|4|519
56.34408187866211|4|520
54.99911880493164|4|521
53.952457427978516|4|522
53.95518493652344|4|523
52.96833801269531|4|524
51.257198333740234|4|525
50.8772087097168|4|526
48.02146530151367|4|527
43.66200637817383|4|528
43.89093017578125|5|529
39.15159225463867|5|530
42.019920349121094|6|531
37.74678039550781|6|532
40.529945373535156|6|533
43.26407241821289|6|534
42.21026611328125|6|535
43.44322204589844|6|536
46.61432647705078|6|537
49.47918701171875|6|538
51.881370544433594|6|539
51.2193603515625|6|540
50.686946868896484|6|541
51.055564880371094|6|542
49.151817321777344|6|543
52.87274169921875|6|544
55.636959075927734|6|545
54.313289642333984|6|546
52.300106048583984|6|547
50.29123306274414|6|548
46.95767593383789|6|549
45.455631256103516|6|550
46.54463577270508|6|551
47.1204833984375|6|552
46.2095832824707|6|553
44.6789436340332|6|554
42.98529052734375|6|555
42.84394073486328|6|556
44.17892837524414|6|557
43.68846130371094|6|558
43.05957794189453|6|559
42.78927993774414|6|560
40.59388732910156|6|561
39.23020553588867|6|562
37.69169616699219|6|563
35.50133514404297|6|564
34.897586822509766|6|565
34.293331146240234|6|566
34.90692901611328|6|567
35.03098678588867|6|568
36.131080627441406|6|569
35.674617767333984|6|570
34.267127990722656|6|571
34.34628677368164|6|572
34.501834869384766|6|573
34.771339416503906|6|574
35.162811279296875|6|575
34.98415756225586|6|576
33.23128128051758|6|577
32.619590759277344|6|578
32.99446105957031|6|579
33.058998107910156|6|580
33.425926208496094|6|581
33.764949798583984|6|582
32.785606384277344|6|583
32.00424575805664|6|584
31.592369079589844|6|585
34.6270866394043|25|586
35.395694732666016|26|587
35.199005126953125|6|588
39.39397430419922|6|589
43.011993408203125|6|590
44.60609436035156|6|591
43.15757369995117|6|592
41.951480865478516|6|593
44.643463134765625|6|594
46.32241439819336|6|595
47.142757415771484|6|596
45.597354888916016|6|597
46.56232833862305|6|598
49.04057312011719|6|599
50.68825912475586|6|600
52.79341125488281|6|601
52.829978942871094|6|602
50.64628219604492|6|603
48.32038116455078|6|604
47.219390869140625|6|605
48.238895416259766|6|606
48.435264587402344|6|607
48.2650146484375|6|608
47.436458587646484|6|609
46.3513298034668|6|610
44.747066497802734|6|611
44.77315902709961|6|612
45.61088943481445|6|613
45.45906066894531|6|614
44.537025451660156|6|615
42.847721099853516|6|616
45.26010513305664|58|617
41.9299430847168|6|618
42.36478042602539|6|619
42.295204162597656|6|620
43.051265716552734|6|621
43.77924728393555|6|622
44.31721878051758|6|623
45.48048782348633|6|624
46.11983871459961|6|625
46.000816345214844|6|626
45.65683364868164|6|627
45.25575256347656|6|628
45.033077239990234|6|629
45.76119613647461|6|630
47.502079010009766|6|631
47.93951416015625|6|632
47.45215606689453|6|633
47.02211380004883|6|634
46.82261276245117|6|635
47.535430908203125|6|636
47.44641876220703|6|637
47.44390869140625|6|638
48.46935272216797|6|639
48.783695220947266|6|640
48.341060638427734|6|641
47.90732955932617|6|642
48.64912414550781|6|643
48.385215759277344|6|644
46.54549789428711|5|645
47.9862060546875|5|646
46.195613861083984|5|647
47.48711013793945|5|648
48.117835998535156|5|649
48.40951919555664|5|650
47.95904541015625|5|651
46.60225296020508|5|652
45.957767486572266|5|653
45.25988006591797|5|654
44.78799819946289|5|655
44.98782730102539|5|656
45.71588134765625|5|657
45.41468048095703|5|658
45.38654327392578|5|659
46.4941520690918|5|660
46.21091079711914|5|661
43.90986251831055|5|662
43.268455505371094|5|663
43.94219207763672|5|664
44.51057434082031|5|665
44.62714385986328|5|666
44.30320739746094|5|667
44.941131591796875|5|668
44.77145767211914|5|669
44.7070426940918|5|670
44.81382369995117|5|671
44.29597473144531|5|672
44.907310485839844|5|673
47.1021728515625|5|674
48.59665298461914|5|675
49.928199768066406|5|676
52.33670425415039|5|677
52.743656158447266|5|678
51.136070251464844|5|679
45.574745178222656|5|680
31.553035736083984|5|681
41.0992546081543|5|682
55.49994659423828|5|683
37.89094924926758|5|684
37.078330993652344|5|685
37.974151611328125|6|686
40.61918640136719|5|687
41.02079772949219|5|688
30.98594856262207|6|689
35.364967346191406|5|690
38.998573303222656|5|691
43.840091705322266|5|692
42.921836853027344|5|693
38.20217514038086|6|694
38.09950637817383|5|695
32.26641845703125|5|696
50.05490493774414|5|697
46.16008758544922|5|698
37.93815231323242|5|699
42.98966598510742|5|700
47.315345764160156|6|701
53.1801643371582|5|702
41.033294677734375|5|703
37.361270904541016|11|704
36.92349624633789|11|705
38.76801300048828|11|706
40.03120040893555|5|707
38.7862548828125|5|708
44.49082946777344|5|709
51.07317352294922|5|710
47.06749725341797|5|711
43.97016525268555|5|712
43.02566909790039|5|713
41.608680725097656|5|714
45.50355911254883|5|715
45.563804626464844|5|716
37.913578033447266|5|717
34.074214935302734|5|718
38.02006149291992|58|719
37.91401672363281|59|720
37.444583892822266|58|721
42.96266174316406|58|722
45.18281936645508|58|723
36.90813446044922|58|724
25.473608016967773|16|725
25.398073196411133|5|726
24.345035552978516|6|727
26.857473373413086|5|728
27.347591400146484|11|729
33.816707611083984|11|730
33.360652923583984|11|731
30.971546173095703|11|732
32.213783264160156|11|733
36.629150390625|11|734
37.81184387207031|11|735
33.96875|11|736
29.485469818115234|11|737
30.326961517333984|59|738
38.914188385009766|87|739
41.04170227050781|87|740
28.815170288085938|86|741
33.85885238647461|114|742
31.150442123413086|5|743
31.546266555786133|5|744
31.03621482849121|5|745
32.29960250854492|5|746
34.025089263916016|5|747
35.65380859375|5|748
36.01274490356445|5|749
37.41926956176758|5|750
36.736785888671875|5|751
45.06458282470703|52|752
51.856910705566406|51|753
48.8445930480957|51|754
44.81039810180664|5|755
45.90298080444336|5|756
51.951576232910156|6|757
44.78213119506836|5|758
27.621273040771484|5|759
28.293338775634766|5|760
45.84199905395508|4|761
58.40828323364258|4|762
60.011138916015625|4|763
51.442291259765625|4|764
38.310367584228516|4|765
27.15763282775879|4|766
34.00006103515625|5|767
53.55258560180664|4|768
64.7806625366211|4|769
58.94453048706055|4|770
46.65045166015625|4|771
35.35277557373047|4|772
33.47889709472656|5|773
38.26153564453125|4|774
44.47071838378906|4|775
52.004066467285156|4|776
54.51506423950195|4|777
50.56112289428711|4|778
44.59752655029297|4|779
42.968448638916016|4|780
46.01315689086914|4|781
49.320735931396484|4|782
50.8792724609375|4|783
53.716651916503906|4|784
55.61501693725586|4|785
56.30159378051758|4|786
52.705238342285156|4|787
46.483802795410156|4|788
43.354591369628906|4|789
39.46260452270508|4|790
35.55983352661133|4|791
36.14805221557617|4|792
37.82426834106445|4|793
38.12795639038086|4|794
39.952354431152344|4|795
38.92449188232422|4|796
35.42961502075195|4|797
33.908714294433594|4|798
39.52402114868164|9|799
37.11021423339844|4|800
40.81498718261719|4|801
44.0806770324707|4|802
39.85039520263672|4|803
34.905303955078125|8|804
43.323585510253906|29|805
38.054264068603516|9|806
34.2635383605957|4|807
37.793155670166016|4|808
38.0341911315918|4|809
39.42169952392578|4|810
42.94792175292969|4|811
42.580116271972656|4|812
40.23668670654297|4|813
37.839698791503906|4|814
37.029354095458984|4|815
37.76214599609375|4|816
38.665748596191406|4|817
39.60529327392578|4|818
38.34696578979492|4|819
35.07162857055664|4|820
31.29376983642578|4|821
33.19679641723633|4|822
44.39418029785156|4|823
55.64096450805664|4|824
52.18024826049805|4|825
40.135658264160156|4|826
33.7226448059082|4|827
34.62326431274414|4|828
45.55598831176758|51|829
43.34610366821289|51|830
40.662662506103516|51|831
47.01401901245117|4|832
43.62138748168945|4|833
33.578956604003906|4|834
44.03495788574219|5|835
64.75596618652344|5|836
53.54705047607422|6|837
42.53518295288086|6|838
32.53475570678711|6|839
29.890493392944336|7|840
31.78219223022461|6|841
38.24614715576172|6|842
41.690589904785156|6|843
38.09138488769531|7|844
45.43208312988281|7|845
38.72340774536133|6|846
33.06663513183594|13|847
41.15602111816406|13|848
41.12322235107422|13|849
37.99674606323242|13|850
39.68207931518555|6|851
39.858985900878906|6|852
32.74188995361328|6|853
33.65188980102539|6|854
39.85611343383789|7|855
40.66564178466797|6|856
42.27629470825195|6|857
55.09146499633789|6|858
52.1218147277832|6|859
41.7971305847168|6|860
41.48453903198242|6|861
44.94850540161133|7|862
43.87470626831055|6|863
45.11859130859375|6|864
41.69869613647461|6|865
35.979618072509766|6|866
32.827667236328125|7|867
39.083778381347656|7|868
45.86931228637695|6|869
41.05939865112305|6|870
31.93124771118164|7|871
30.905672073364258|88|872
36.3338508605957|87|873
33.2051887512207|116|874
28.79060935974121|6|875
32.1078987121582|6|876
39.406044006347656|7|877
44.51729965209961|6|878
42.23256301879883|6|879
36.97323226928711|6|880
35.969520568847656|6|881
35.98765182495117|6|882
35.15754318237305|6|883
34.58860397338867|6|884
47.512020111083984|51|885
38.743980407714844|51|886
35.56847381591797|6|887
39.87503433227539|6|888
42.460670471191406|6|889
42.475765228271484|6|890
42.535064697265625|6|891
40.319664001464844|6|892
38.112552642822266|6|893
37.220001220703125|6|894
38.669612884521484|7|895
39.98591613769531|6|896
40.13568115234375|6|897
41.431396484375|7|898
33.81772232055664|6|899
33.27717971801758|6|900
38.52714157104492|7|901
36.7473258972168|6|902
34.080101013183594|13|903
31.189369201660156|6|904
31.80509376525879|7|905
34.00996780395508|6|906
35.64284133911133|6|907
34.08330154418945|6|908
33.36846160888672|6|909
40.348243713378906|7|910
41.13888931274414|6|911
53.827823638916016|6|912
53.6558723449707|6|913
43.2905387878418|6|914
40.89433288574219|6|915
41.69913101196289|6|916
41.423519134521484|6|917
42.09349060058594|6|918
40.46733856201172|6|919
43.90142059326172|6|920
45.072998046875|6|921
42.20500183105469|6|922
40.136234283447266|6|923
38.85935592651367|6|924
38.08986282348633|6|925
38.69011306762695|6|926
33.1006965637207|6|927
36.46293258666992|6|928
47.26124954223633|6|929
50.140892028808594|6|930
53.187007904052734|6|931
50.25796127319336|6|932
46.86859130859375|6|933
45.33799743652344|6|934
42.04073715209961|6|935
35.95599365234375|6|936
33.27351379394531|6|937
39.64613342285156|6|938
37.94076156616211|6|939
32.61287307739258|6|940
35.79732131958008|6|941
40.539100646972656|6|942
46.8173713684082|6|943
50.62748718261719|6|944
48.734745025634766|6|945
44.19853591918945|6|946
40.03820037841797|6|947
44.78998565673828|6|948
49.271095275878906|6|949
41.15038299560547|6|950
42.1004638671875|5|951
33.121585845947266|5|952
32.41672134399414|5|953
43.49876022338867|5|954
50.535064697265625|5|955
39.521724700927734|5|956
34.24462127685547|10|957
50.24293518066406|4|958
52.49174880981445|4|959
39.010860443115234|5|960
47.38239669799805|5|961
63.398529052734375|5|962
53.53005599975586|5|963
40.57007598876953|5|964
51.62186813354492|5|965
70.90959167480469|5|966
63.983909606933594|5|967
36.23116683959961|5|968
34.81192398071289|5|969
52.988372802734375|5|970
44.252227783203125|5|971
37.57184982299805|5|972
47.4365234375|5|973
45.3284912109375|5|974
41.305721282958984|5|975
45.14128112792969|5|976
50.48003005981445|5|977
48.81153106689453|5|978
60.06044387817383|58|979
53.03736877441406|58|980
41.673301696777344|5|981
40.685543060302734|51|982
48.59528350830078|5|983
55.1309700012207|5|984
49.3006477355957|5|985
40.73126220703125|5|986
40.50941848754883|5|987
36.233211517333984|10|988
29.380002975463867|11|989
44.7222900390625|6|990
55.26046371459961|5|991
51.85878372192383|5|992
64.63771057128906|5|993
52.767967224121094|5|994
52.26082229614258|6|995
74.45619201660156|5|996
64.46733856201172|5|997
64.0961685180664|5|998
55.4815788269043|5|999
57.88923645019531|5|1000
54.387943267822266|6|1001
50.1170768737793|5|1002
50.326847076416016|5|1003
36.07855224609375|5|1004
45.22360610961914|6|1005
46.674842834472656|5|1006
46.87751770019531|5|1007
46.45720291137695|5|1008
44.2061653137207|6|1009
50.94663619995117|5|1010
51.10401153564453|5|1011
49.344993591308594|5|1012
47.6828727722168|5|1013
42.89881134033203|5|1014
42.56175231933594|5|1015
38.439208984375|5|1016
34.915855407714844|6|1017
38.144256591796875|5|1018
37.82830810546875|5|1019
38.428096771240234|5|1020
40.09710693359375|5|1021
35.42927169799805|5|1022
33.74220275878906|6|1023
33.10276794433594|5|1024
35.42650604248047|11|1025
40.33137512207031|11|1026
35.399478912353516|11|1027
34.69274139404297|11|1028
40.68107223510742|11|1029
39.01065444946289|11|1030
37.01072692871094|11|1031
34.61454391479492|11|1032
29.19686508178711|11|1033
22.41807746887207|11|1034
22.62626838684082|5|1035
27.62472915649414|5|1036
23.27277374267578|6|1037
31.163875579833984|64|1038
35.91891098022461|32|1039
43.74197769165039|33|1040
51.22359848022461|33|1041
45.19711685180664|33|1042
25.882305145263672|5|1043
34.06669616699219|98|1044
35.81282043457031|97|1045
29.433629989624023|5|1046
29.045164108276367|6|1047
30.674116134643555|5|1048
31.58723258972168|5|1049
31.343994140625|5|1050
31.983224868774414|5|1051
33.59636688232422|130|1052
32.86505126953125|5|1053
32.81160354614258|5|1054
35.871788024902344|5|1055
36.97298049926758|5|1056
37.50697326660156|5|1057
39.31657409667969|5|1058
37.95051574707031|5|1059
39.736202239990234|5|1060
42.281925201416016|5|1061
40.177947998046875|5|1062
42.377445220947266|5|1063
45.973487854003906|5|1064
51.10820388793945|5|1065
48.12862777709961|5|1066
35.48244857788086|4|1067
39.9082145690918|9|1068
22.66980743408203|9|1069
33.7024040222168|4|1070
42.75025939941406|4|1071
47.48240661621094|4|1072
40.97224044799805|4|1073
23.665742874145508|4|1074
18.80345344543457|13|1075
23.896804809570312|13|1076
23.34258270263672|4|1077
31.412445068359375|4|1078
31.522676467895508|4|1079
28.614126205444336|4|1080
23.98322868347168|4|1081
23.47355842590332|17|1082
23.739194869995117|17|1083
19.787704467773438|17|1084
25.066280364990234|4|1085
26.859100341796875|4|1086
20.475828170776367|4|1087
13.386012077331543|4|1088
19.71785545349121|8|1089
31.07441520690918|8|1090
31.92608642578125|9|1091
27.042856216430664|9|1092
33.66127014160156|57|1093
37.00189208984375|9|1094
44.35261154174805|9|1095
41.279354095458984|9|1096
35.207759857177734|9|1097
34.75690460205078|9|1098
46.18344497680664|9|1099
51.32345962524414|9|1100
45.33089828491211|9|1101
45.140628814697266|8|1102
51.572669982910156|9|1103
51.737030029296875|9|1104
53.31172180175781|9|1105
43.27532958984375|9|1106
30.64361000061035|8|1107
26.229198455810547|33|1108
25.59058952331543|32|1109
28.94681167602539|32|1110
41.81814956665039|32|1111
47.5888671875|33|1112
39.86460494995117|33|1113
28.32330894470215|33|1114
44.342472076416016|32|1115
53.668949127197266|32|1116
53.154388427734375|32|1117
51.78569412231445|32|1118
41.82620620727539|32|1119
21.41341209411621|32|1120
37.00621795654297|99|1121
47.764549255371094|98|1122
46.488773345947266|97|1123
40.48836135864258|97|1124
44.645450592041016|97|1125
47.98197937011719|97|1126
41.11914825439453|97|1127
36.46368408203125|13|1128
37.0723762512207|13|1129
33.78369140625|97|1130
38.343223571777344|97|1131
34.355712890625|97|1132
23.35464859008789|8|1133
22.398700714111328|11|1134
27.62384605407715|11|1135
18.845041275024414|6|1136
21.503620147705078|9|1137
27.3892765045166|9|1138
23.813478469848633|8|1139
22.97349739074707|34|1140
32.48060607910156|12|1141
32.113460540771484|12|1142
28.294574737548828|4|1143
24.576045989990234|4|1144
23.409767150878906|13|1145
25.294824600219727|4|1146
30.411544799804688|4|1147
31.57185935974121|4|1148
27.81022071838379|4|1149
18.06035041809082|19|1150
20.039968490600586|8|1151
16.583871841430664|4|1152
13.765143394470215|7|1153
15.320389747619629|13|1154
20.084579467773438|13|1155
20.507232666015625|13|1156
19.359594345092773|4|1157
13.893216133117676|4|1158
15.684986114501953|32|1159
15.195687294006348|32|1160
19.36936378479004|19|1161
23.395458221435547|13|1162
26.253896713256836|13|1163
25.129756927490234|13|1164
24.5657958984375|13|1165
25.58677101135254|13|1166
26.799468994140625|13|1167
23.167537689208984|13|1168
39.92656707763672|32|1169
39.52898025512695|33|1170
23.60564613342285|39|1171
29.4473876953125|39|1172
34.44126892089844|39|1173
44.60074234008789|38|1174
45.96623992919922|38|1175
29.05595588684082|39|1176
24.313026428222656|39|1177
19.107301712036133|192|1178
26.5220890045166|77|1179
26.302154541015625|192|1180
26.758010864257812|193|1181
28.316099166870117|193|1182
27.62616539001465|76|1183
21.663942337036133|26|1184
17.633995056152344|32|1185
17.393325805664062|31|1186
13.351521492004395|19|1187
11.280306816101074|13|1188
9.408123970031738|19|1189
15.439597129821777|30|1190
35.30263137817383|30|1191
37.20535659790039|30|1192
39.29069137573242|32|1193
21.5828857421875|32|1194
12.069110870361328|26|1195
12.52380657196045|64|1196
25.401199340820312|64|1197
25.347564697265625|64|1198
28.185266494750977|129|1199
35.281124114990234|129|1200
19.320146560668945|65|1201
15.634377479553223|32|1202
11.399234771728516|77|1203
15.242432594299316|22|1204
13.229803085327148|8|1205
13.483842849731445|8|1206
13.547780990600586|26|1207
15.707388877868652|26|1208
31.382503509521484|41|1209
32.817928314208984|41|1210
17.81046485900879|38|1211
14.912121772766113|26|1212
12.423164367675781|11|1213
11.593236923217773|39|1214
18.004337310791016|41|1215
30.965139389038086|12|1216
45.596031188964844|12|1217
36.34523391723633|11|1218
36.201656341552734|11|1219
30.451313018798828|11|1220
34.38699722290039|10|1221
34.0143928527832|10|1222
31.51046371459961|9|1223
34.456172943115234|9|1224
32.58517837524414|9|1225
29.990245819091797|8|1226
34.019107818603516|8|1227
33.87702941894531|8|1228
30.514352798461914|8|1229
30.150985717773438|33|1230
33.231388092041016|32|1231
32.230709075927734|7|1232
31.238876342773438|7|1233
28.697174072265625|7|1234
29.000946044921875|6|1235
28.609750747680664|6|1236
27.232358932495117|6|1237
30.847259521484375|129|1238
31.233423233032227|129|1239
22.310192108154297|6|1240
26.245006561279297|101|1241
26.57053565979004|102|1242
29.188093185424805|102|1243
22.397838592529297|5|1244
20.693923950195312|5|1245
18.38949203491211|32|1246
36.77134323120117|33|1247
38.337032318115234|33|1248
33.77804183959961|32|1249
34.67478942871094|32|1250
41.12541580200195|32|1251
41.110809326171875|32|1252
34.70005798339844|33|1253
24.26377296447754|79|1254
24.864503860473633|79|1255
23.960613250732422|17|1256
27.830671310424805|16|1257
28.864465713500977|86|1258
23.88778305053711|86|1259
13.907818794250488|86|1260
19.57302474975586|12|1261
33.74980163574219|12|1262
35.559452056884766|11|1263
30.169994354248047|11|1264
32.91862869262695|173|1265
23.802490234375|174|1266
17.18939971923828|43|1267
23.42192840576172|17|1268
25.120075225830078|17|1269
25.11211395263672|39|1270
32.855201721191406|39|1271
28.761188507080078|38|1272
32.800086975097656|38|1273
22.45620346069336|39|1274
29.089773178100586|154|1275
33.73592758178711|154|1276
25.7683162689209|116|1277
29.858980178833008|116|1278
23.531526565551758|116|1279
19.348434448242188|39|1280
29.201818466186523|38|1281
32.99956512451172|38|1282
32.1123161315918|38|1283
33.295494079589844|39|1284
36.04574203491211|39|1285
36.09396743774414|38|1286
32.71343231201172|38|1287
31.332645416259766|38|1288
22.641437530517578|12|1289
31.39805793762207|11|1290
33.329261779785156|11|1291
24.66965675354004|12|1292
41.28559875488281|13|1293
62.62396240234375|10|1294
107.63745880126953|7|1295
126.67387390136719|6|1296
137.4581298828125|6|1297
130.2596435546875|5|1298
123.60452270507812|5|1299
96.3748779296875|5|1300
67.66410064697266|5|1301
59.953487396240234|5|1302
48.095787048339844|5|1303
34.899410247802734|5|1304
35.52925491333008|5|1305
31.855876922607422|5|1306
34.017269134521484|43|1307
36.41714096069336|43|1308
38.78030776977539|43|1309
38.63072204589844|5|1310
31.481348037719727|5|1311
32.89091491699219|11|1312
61.06263732910156|11|1313
102.19037628173828|7|1314
120.34048461914062|6|1315
139.02182006835938|6|1316
127.76506042480469|5|1317
127.4135513305664|5|1318
102.60545349121094|5|1319
71.24909973144531|5|1320
58.064697265625|5|1321
47.17483139038086|5|1322
35.061317443847656|5|1323
38.78544616699219|5|1324
35.094783782958984|5|1325
27.85640525817871|5|1326
33.805763244628906|11|1327
36.83491897583008|5|1328
41.36177062988281|5|1329
36.964576721191406|5|1330
30.608489990234375|11|1331
61.78272247314453|11|1332
93.12627410888672|7|1333
121.406005859375|7|1334
146.173095703125|6|1335
133.090087890625|5|1336
133.05633544921875|5|1337
109.49347686767578|5|1338
75.52928924560547|5|1339
57.72171401977539|5|1340
47.60111618041992|5|1341
34.27668380737305|5|1342
35.69586181640625|5|1343
32.338706970214844|5|1344
26.337656021118164|44|1345
34.38341522216797|44|1346
39.36878967285156|43|1347
38.939701080322266|5|1348
34.653892517089844|5|1349
24.21978187561035|22|1350
57.52122116088867|11|1351
83.30844116210938|7|1352
122.8836898803711|7|1353
141.6188507080078|6|1354
123.75193786621094|5|1355
130.0672607421875|5|1356
111.32260131835938|5|1357
76.74642944335938|5|1358
57.63819122314453|5|1359
52.558799743652344|5|1360
37.38475036621094|5|1361
34.51252746582031|5|1362
31.80974006652832|5|1363
27.170452117919922|27|1364
28.70733642578125|11|1365
35.50492477416992|11|1366
39.79190444946289|5|1367
36.74343490600586|5|1368
23.55970573425293|11|1369
55.108055114746094|11|1370
72.92388916015625|8|1371
120.42346954345703|7|1372
137.16835021972656|6|1373
124.31981658935547|6|1374
129.44189453125|5|1375
114.6118392944336|5|1376
84.83509826660156|5|1377
50.968177795410156|5|1378
36.616539001464844|34|1379
36.03567886352539|9|1380
36.43256378173828|9|1381
33.973812103271484|9|1382
28.318973541259766|9|1383
37.51838684082031|69|1384
32.64888381958008|9|1385
37.433780670166016|9|1386
35.833274841308594|9|1387
24.84476661682129|8|1388
46.118648529052734|11|1389
64.29396057128906|8|1390
119.07324981689453|7|1391
137.51234436035156|6|1392
134.78053283691406|6|1393
135.978271484375|5|1394
116.31428527832031|5|1395
83.42142486572266|5|1396
52.849544525146484|5|1397
36.88789749145508|17|1398
37.26670837402344|9|1399
36.68319320678711|9|1400
32.96066665649414|9|1401
34.2951774597168|26|1402
46.2142448425293|26|1403
39.34156799316406|26|1404
34.77237319946289|9|1405
35.827247619628906|8|1406
27.614822387695312|8|1407
39.27224349975586|11|1408
60.38947296142578|10|1409
113.40792083740234|7|1410
128.97105407714844|6|1411
129.42544555664062|6|1412
126.48468780517578|5|1413
115.21109771728516|5|1414
88.5704116821289|5|1415
56.29066467285156|5|1416
37.952877044677734|17|1417
37.484134674072266|69|1418
38.01010513305664|69|1419
32.61532211303711|9|1420
31.451473236083984|34|1421
30.840068817138672|26|1422
33.67760467529297|17|1423
35.62938690185547|9|1424
35.70835494995117|9|1425
32.93301773071289|69|1426
32.04768753051758|11|1427
59.93084716796875|10|1428
104.40802764892578|7|1429
123.55970001220703|6|1430
137.73243713378906|6|1431
135.37957763671875|5|1432
131.45054626464844|5|1433
104.95309448242188|5|1434
73.04027557373047|5|1435
63.61070251464844|7|1436
56.682533264160156|7|1437
58.45138931274414|6|1438
64.36412048339844|6|1439
61.868125915527344|6|1440
56.06044387817383|6|1441
62.58250427246094|5|1442
65.30026245117188|5|1443
62.2410888671875|5|1444
51.353702545166016|5|1445
35.881874084472656|11|1446
66.0558853149414|11|1447
105.38631439208984|7|1448
123.7374038696289|6|1449
140.0106201171875|6|1450
125.0840072631836|5|1451
123.41802215576172|5|1452
101.65174865722656|5|1453
73.90250396728516|5|1454
53.90790939331055|5|1455
40.84463119506836|6|1456
38.060325622558594|6|1457
37.42961502075195|6|1458
30.51083755493164|6|1459
34.16838073730469|32|1460
24.315048217773438|19|1461
31.200654983520508|6|1462
38.89186096191406|6|1463
32.03656005859375|6|1464
25.857685089111328|11|1465
58.322818756103516|11|1466
90.71500396728516|7|1467
113.66389465332031|7|1468
138.11331176757812|6|1469
127.1243667602539|5|1470
129.92239379882812|5|1471
106.81266021728516|5|1472
75.23019409179688|5|1473
57.57592010498047|5|1474
43.408897399902344|6|1475
36.900394439697266|6|1476
36.61906051635742|6|1477
30.294008255004883|6|1478
32.28125762939453|39|1479
28.971357345581055|13|1480
31.648317337036133|97|1481
36.81155014038086|6|1482
33.077022552490234|6|1483
22.83035659790039|13|1484
53.70376968383789|11|1485
82.28346252441406|7|1486
119.25320434570312|7|1487
138.44029235839844|6|1488
122.90702056884766|5|1489
125.55928802490234|5|1490
106.96929168701172|5|1491
78.05506134033203|5|1492
62.40033721923828|5|1493
46.4030647277832|6|1494
38.210391998291016|6|1495
36.152931213378906|6|1496
30.07487678527832|6|1497
28.502033233642578|19|1498
30.836549758911133|19|1499
31.42840003967285|7|1500
42.40681076049805|6|1501
40.55867385864258|6|1502
24.376911163330078|6|1503
53.67168045043945|11|1504
73.86701202392578|7|1505
122.33760070800781|7|1506
142.53370666503906|6|1507
131.25927734375|6|1508
137.2340850830078|5|1509
116.8740234375|5|1510
82.75077056884766|5|1511
65.37926483154297|5|1512
48.39231491088867|6|1513
40.641334533691406|6|1514
39.995697021484375|6|1515
33.85068130493164|6|1516
27.549787521362305|7|1517
36.463096618652344|19|1518
30.944398880004883|7|1519
41.25296401977539|6|1520
40.34984588623047|6|1521
25.309011459350586|6|1522
48.8438606262207|11|1523
62.83434295654297|8|1524
116.66136932373047|7|1525
135.0303497314453|6|1526
129.51263427734375|6|1527
128.9571533203125|5|1528
114.70189666748047|5|1529
84.81755828857422|5|1530
60.724185943603516|5|1531
46.416786193847656|5|1532
42.80446243286133|6|1533
41.87299346923828|29|1534
35.7741584777832|58|1535
38.26448440551758|58|1536
30.606765747070312|58|1537
33.499454498291016|12|1538
39.130123138427734|6|1539
40.03278732299805|6|1540
30.931970596313477|58|1541
40.91328048706055|12|1542
58.899356842041016|10|1543
111.32703399658203|7|1544
127.71813201904297|6|1545
127.65743255615234|6|1546
122.10204315185547|5|1547
113.80975341796875|5|1548
89.56792449951172|5|1549
62.0976676940918|5|1550
54.713565826416016|5|1551
47.850887298583984|6|1552
40.41136169433594|6|1553
54.03864288330078|58|1554
43.218997955322266|58|1555
41.33708572387695|24|1556
31.834266662597656|29|1557
36.91798782348633|6|1558
40.64461135864258|6|1559
30.771259307861328|6|1560
14.662708282470703|6|1561
18.619640350341797|9|1562
21.570419311523438|9|1563
26.23271942138672|9|1564
28.87632179260254|9|1565
19.536714553833008|121|1566
22.981311798095703|130|1567
30.296443939208984|43|1568
39.823516845703125|11|1569
35.94010543823242|10|1570
34.943904876708984|9|1571
35.441322326660156|173|1572
30.315370559692383|5|1573
29.211942672729492|5|1574
22.598751068115234|5|1575
23.01807975769043|9|1576
30.415372848510742|5|1577
36.64656066894531|5|1578
33.397403717041016|5|1579
22.186832427978516|58|1580
17.065080642700195|17|1581
15.604410171508789|78|1582
18.127029418945312|116|1583
11.283421516418457|15|1584
21.805347442626953|117|1585
27.277259826660156|117|1586
28.905351638793945|11|1587
44.288970947265625|11|1588
29.299503326416016|11|1589
33.3046875|5|1590
34.943870544433594|5|1591
34.6788444519043|5|1592
29.42212677001953|5|1593
24.48633575439453|5|1594
25.95994758605957|5|1595
32.01484298706055|5|1596
35.448516845703125|5|1597
31.794384002685547|5|1598
27.019775390625|14|1599
56.4276123046875|11|1600
89.31468200683594|7|1601
112.73526000976562|7|1602
135.4661407470703|6|1603
124.08855438232422|5|1604
124.4244613647461|5|1605
102.82504272460938|5|1606
71.92091369628906|5|1607
57.076847076416016|5|1608
50.05390930175781|5|1609
35.0068244934082|5|1610
33.90705490112305|5|1611
41.48506164550781|43|1612
43.42711639404297|43|1613
44.773895263671875|43|1614
46.24676513671875|43|1615
43.09562301635742|43|1616
35.7337532043457|43|1617
21.950244903564453|11|1618
52.65144729614258|11|1619
76.9032211303711|7|1620
111.96856689453125|7|1621
132.1575927734375|6|1622
117.64212036132812|5|1623
124.90019226074219|5|1624
105.54359436035156|5|1625
71.58799743652344|5|1626
55.467529296875|5|1627
48.0760612487793|5|1628
33.270877838134766|5|1629
35.06716537475586|5|1630
35.2468376159668|5|1631
27.8319091796875|5|1632
28.370616912841797|11|1633
34.659542083740234|5|1634
41.325653076171875|5|1635
38.38676071166992|5|1636
24.48784065246582|5|1637
54.087982177734375|11|1638
73.5528335571289|7|1639
118.40621185302734|7|1640
135.8060760498047|6|1641
122.9656982421875|6|1642
128.8357696533203|5|1643
111.92947387695312|5|1644
79.88493347167969|5|1645
59.324378967285156|5|1646
53.925559997558594|5|1647
38.5929069519043|5|1648
35.19578170776367|5|1649
33.1397819519043|5|1650
27.62425994873047|44|1651
28.276384353637695|44|1652
33.667144775390625|43|1653
36.35060501098633|5|1654
34.414005279541016|5|1655
24.325836181640625|5|1656
45.7149658203125|11|1657
59.68363571166992|8|1658
108.6839599609375|7|1659
127.3498306274414|6|1660
121.17064666748047|6|1661
123.53289794921875|5|1662
111.30452728271484|5|1663
81.78146362304688|5|1664
57.914432525634766|5|1665
54.151145935058594|5|1666
40.37451171875|5|1667
32.15095520019531|5|1668
32.00778579711914|5|1669
41.90993118286133|77|1670
25.55714988708496|77|1671
34.14616775512695|11|1672
39.09315872192383|5|1673
39.68629455566406|5|1674
29.021804809570312|5|1675
44.99326705932617|11|1676
61.27759552001953|10|1677
111.43938446044922|7|1678
129.18533325195312|6|1679
128.37210083007812|6|1680
126.0096435546875|5|1681
117.63192749023438|5|1682
92.0063705444336|5|1683
58.66743469238281|5|1684
40.043434143066406|34|1685
36.277976989746094|9|1686
35.762149810791016|9|1687
33.92601013183594|9|1688
30.140296936035156|9|1689
31.70175552368164|26|1690
30.080554962158203|26|1691
34.26834487915039|9|1692
34.64130783081055|8|1693
26.933738708496094|8|1694
32.87440490722656|11|1695
54.51488494873047|10|1696
101.34066009521484|7|1697
122.80728149414062|6|1698
136.27760314941406|6|1699
133.3550567626953|5|1700
120.0731430053711|5|1701
91.78770446777344|5|1702
60.41746520996094|5|1703
36.31699752807617|17|1704
34.89785385131836|9|1705
35.16410827636719|9|1706
31.576387405395508|9|1707
30.015790939331055|34|1708
24.876739501953125|34|1709
31.91810417175293|17|1710
34.043418884277344|9|1711
35.239219665527344|8|1712
29.259096145629883|8|1713
29.706497192382812|13|1714
58.40852737426758|11|1715
95.91676330566406|7|1716
114.0549545288086|6|1717
129.97335815429688|6|1718
119.06802368164062|5|1719
116.39346313476562|5|1720
96.33556365966797|5|1721
65.0000228881836|5|1722
34.90768051147461|5|1723
32.91432571411133|9|1724
33.30548095703125|9|1725
31.68440818786621|9|1726
33.30937576293945|34|1727
25.788755416870117|69|1728
28.480083465576172|69|1729
35.322818756103516|9|1730
34.71083068847656|8|1731
34.216007232666016|68|1732
24.105873107910156|69|1733
52.87453842163086|11|1734
85.29150390625|7|1735
106.82140350341797|7|1736
130.63919067382812|6|1737
122.03203582763672|5|1738
125.58273315429688|5|1739
106.49533081054688|5|1740
79.5343246459961|5|1741
56.96628189086914|7|1742
56.38594436645508|7|1743
54.23320770263672|6|1744
59.615211486816406|6|1745
60.67612838745117|6|1746
54.517154693603516|6|1747
57.63208770751953|5|1748
60.043312072753906|5|1749
59.5380744934082|5|1750
53.1151008605957|5|1751
29.66568374633789|5|1752
56.153709411621094|11|1753
82.7476806640625|7|1754
116.47493743896484|7|1755
134.61642456054688|6|1756
122.7784194946289|5|1757
127.96908569335938|5|1758
106.09709930419922|5|1759
75.030517578125|5|1760
57.119415283203125|5|1761
40.771575927734375|6|1762
34.61136245727539|6|1763
34.707393646240234|6|1764
29.531930923461914|6|1765
34.96355056762695|32|1766
28.028366088867188|32|1767
29.77078628540039|13|1768
36.377601623535156|6|1769
34.3716926574707|6|1770
20.329355239868164|6|1771
48.575660705566406|11|1772
65.9730453491211|7|1773
109.32172393798828|7|1774
130.17384338378906|6|1775
119.48014831542969|6|1776
126.03660583496094|5|1777
108.4307861328125|5|1778
77.30734252929688|5|1779
59.7266960144043|5|1780
43.61027908325195|6|1781
34.889434814453125|6|1782
34.982818603515625|6|1783
31.02006721496582|6|1784
28.092927932739258|26|1785
26.319032669067383|13|1786
33.18304443359375|97|1787
36.33064651489258|6|1788
35.02643585205078|6|1789
22.700138092041016|6|1790
44.94525146484375|11|1791
63.15678787231445|8|1792
114.885009765625|7|1793
132.70335388183594|6|1794
123.8887939453125|6|1795
123.498046875|5|1796
111.27525329589844|5|1797
83.60231018066406|5|1798
62.955448150634766|5|1799
42.03761672973633|6|1800
37.141117095947266|6|1801
36.646183013916016|6|1802
30.94073486328125|6|1803
25.40471076965332|7|1804
27.786718368530273|25|1805
31.175878524780273|13|1806
36.905826568603516|6|1807
39.27070999145508|6|1808
28.248779296875|6|1809
40.50819396972656|11|1810
57.78800582885742|10|1811
105.66612243652344|7|1812
125.41040802001953|6|1813
126.79118347167969|6|1814
127.02033233642578|5|1815
113.82325744628906|5|1816
84.03392028808594|5|1817
64.89857482910156|5|1818
44.30595779418945|6|1819
38.039581298828125|6|1820
37.17451095581055|6|1821
31.468034744262695|6|1822
25.380706787109375|51|1823
29.360000610351562|19|1824
31.406978607177734|13|1825
36.765926361083984|6|1826
40.590084075927734|6|1827
29.500492095947266|6|1828
38.200347900390625|13|1829
58.8754997253418|11|1830
105.12592315673828|7|1831
121.4766845703125|6|1832
132.84063720703125|6|1833
122.60833740234375|5|1834
114.52847290039062|5|1835
90.56812286376953|5|1836
66.69419860839844|5|1837
54.62249755859375|5|1838
46.587440490722656|6|1839
40.66354751586914|6|1840
37.011207580566406|6|1841
30.942626953125|58|1842
34.09516143798828|58|1843
34.37260437011719|12|1844
34.851898193359375|6|1845
39.876441955566406|6|1846
29.383211135864258|6|1847
30.344816207885742|12|1848
52.141136169433594|11|1849
97.66789245605469|7|1850
112.67009735107422|6|1851
126.21813201904297|6|1852
118.52091217041016|5|1853
115.90960693359375|5|1854
95.54036712646484|5|1855
72.02937316894531|5|1856
60.837928771972656|5|1857
44.89613342285156|6|1858
36.34543991088867|6|1859
36.66273498535156|6|1860
32.59886169433594|6|1861
24.58020782470703|28|1862
23.790870666503906|28|1863
32.400882720947266|6|1864
41.539817810058594|6|1865
34.75757598876953|6|1866
18.255138397216797|6|1867
22.573013305664062|11|1868
23.980438232421875|16|1869
21.940263748168945|8|1870
29.824840545654297|9|1871
24.646238327026367|9|1872
21.752336502075195|119|1873
31.4150333404541|43|1874
32.55544662475586|43|1875
27.502117156982422|43|1876
33.01077651977539|5|1877
37.12936782836914|5|1878
32.299381256103516|5|1879
29.166200637817383|10|1880
26.0903377532959|17|1881
24.210859298706055|42|1882
23.05654525756836|10|1883
30.648906707763672|5|1884
31.541561126708984|5|1885
22.979536056518555|58|1886
16.552902221679688|18|1887
17.542932510375977|16|1888
16.466672897338867|116|1889
12.64480972290039|38|1890
15.905803680419922|117|1891
23.191463470458984|117|1892
25.992910385131836|12|1893
36.377689361572266|12|1894
31.565677642822266|39|1895
32.18794250488281|38|1896
30.785503387451172|39|1897
31.145252227783203|39|1898
26.676193237304688|13|1899
44.355037689208984|9|1900
87.25916290283203|7|1901
107.95509338378906|6|1902
120.69638061523438|6|1903
75.8377456665039|5|1904
23.55535316467285|5|1905
50.064659118652344|11|1906
69.8405532836914|7|1907
111.16669464111328|7|1908
125.9692611694336|6|1909
111.97467803955078|6|1910
115.17599487304688|5|1911
95.72152709960938|5|1912
67.19203186035156|5|1913
51.58230972290039|5|1914
45.74162673950195|5|1915
32.12095260620117|5|1916
33.09089279174805|43|1917
38.491336822509766|43|1918
33.278114318847656|43|1919
29.31460952758789|43|1920
32.58699035644531|11|1921
34.118045806884766|5|1922
32.119930267333984|5|1923
20.853429794311523|5|1924
42.61372375488281|11|1925
60.53750991821289|8|1926
106.13988494873047|7|1927
121.42631530761719|6|1928
113.8268814086914|6|1929
119.01756286621094|5|1930
104.84972381591797|5|1931
75.85942077636719|5|1932
54.781410217285156|5|1933
47.68928527832031|5|1934
34.15983963012695|5|1935
29.95123863220215|5|1936
30.74250030517578|5|1937
28.127620697021484|27|1938
26.738218307495117|16|1939
30.890104293823242|11|1940
37.00078582763672|5|1941
36.17917251586914|5|1942
25.924179077148438|5|1943
43.149871826171875|11|1944
58.38084411621094|10|1945
107.51020050048828|7|1946
122.97115325927734|6|1947
122.18195343017578|6|1948
125.22110748291016|5|1949
113.24298858642578|5|1950
83.34996032714844|5|1951
57.88752746582031|5|1952
53.022403717041016|5|1953
41.1799430847168|5|1954
32.1987419128418|5|1955
31.640670776367188|5|1956
25.51369285583496|5|1957
24.53545570373535|21|1958
31.20973014831543|11|1959
33.792076110839844|5|1960
34.61157989501953|5|1961
26.082555770874023|5|1962
34.87934875488281|11|1963
53.899112701416016|10|1964
96.4363021850586|7|1965
114.45939636230469|6|1966
120.60191345214844|6|1967
116.49876403808594|5|1968
109.25508117675781|5|1969
85.43071746826172|5|1970
61.587493896484375|5|1971
52.15113067626953|5|1972
39.327613830566406|5|1973
31.120391845703125|5|1974
32.15468978881836|5|1975
31.84676170349121|77|1976
26.201955795288086|77|1977
30.774442672729492|11|1978
32.85127258300781|5|1979
35.258174896240234|5|1980
28.672361373901367|5|1981
33.86011505126953|11|1982
57.97510528564453|11|1983
95.46776580810547|7|1984
112.63603210449219|6|1985
125.67985534667969|6|1986
118.87950897216797|5|1987
115.48817443847656|5|1988
94.67015838623047|5|1989
65.3072509765625|5|1990
36.57444763183594|17|1991
35.294307708740234|9|1992
35.25089645385742|9|1993
31.245723724365234|9|1994
27.75778579711914|9|1995
30.25943374633789|26|1996
33.11957931518555|26|1997
31.72262191772461|17|1998
32.69629669189453|8|1999
28.312698364257812|8|2000
24.06214714050293|13|2001
51.83586120605469|11|2002
83.34052276611328|7|2003
106.63159942626953|6|2004
126.27018737792969|6|2005
114.28414154052734|5|2006
113.79331970214844|5|2007
92.49797058105469|5|2008
62.261741638183594|5|2009
32.90052032470703|5|2010
31.985578536987305|9|2011
32.12674331665039|9|2012
29.085153579711914|9|2013
27.305482864379883|9|2014
23.536510467529297|34|2015
22.986255645751953|9|2016
35.135047912597656|9|2017
35.6324462890625|9|2018
30.773744583129883|9|2019
23.753955841064453|13|2020
54.085086822509766|11|2021
81.75308990478516|7|2022
111.9421157836914|7|2023
128.87368774414062|6|2024
113.33924102783203|5|2025
115.48236083984375|5|2026
98.69196319580078|5|2027
71.57318115234375|5|2028
40.99690246582031|5|2029
44.70949172973633|69|2030
50.80626678466797|69|2031
51.98655700683594|69|2032
45.979278564453125|69|2033
38.232810974121094|69|2034
32.14680099487305|26|2035
31.599199295043945|9|2036
33.510677337646484|9|2037
36.72367858886719|69|2038
28.362627029418945|69|2039
46.83943557739258|11|2040
66.80167388916016|7|2041
104.65460968017578|7|2042
124.18856048583984|6|2043
112.59294128417969|6|2044
119.47042083740234|5|2045
103.50477600097656|5|2046
80.34664916992188|5|2047
54.735252380371094|7|2048
55.537384033203125|7|2049
52.5449333190918|6|2050
56.67019271850586|6|2051
56.698978424072266|6|2052
51.45423889160156|6|2053
57.560054779052734|5|2054
59.3348274230957|5|2055
60.45354080200195|5|2056
56.81098556518555|5|2057
39.86613845825195|4|2058
51.085147857666016|11|2059
65.40367126464844|8|2060
113.53421020507812|7|2061
129.52163696289062|6|2062
118.48045349121094|6|2063
119.56302642822266|5|2064
106.83843994140625|5|2065
79.64876556396484|5|2066
62.47554016113281|5|2067
43.46271514892578|6|2068
35.34130859375|6|2069
35.795562744140625|6|2070
29.344255447387695|6|2071
29.158092498779297|32|2072
28.053668975830078|65|2073
29.046550750732422|13|2074
33.5694465637207|6|2075
34.08210372924805|6|2076
22.79572105407715|6|2077
39.123085021972656|11|2078
55.971595764160156|10|2079
102.36858367919922|7|2080
120.15426635742188|6|2081
120.55445861816406|6|2082
118.3115463256836|5|2083
106.02545166015625|5|2084
80.14905548095703|5|2085
60.97721481323242|5|2086
48.115631103515625|32|2087
45.26469421386719|32|2088
33.65708923339844|6|2089
29.127702713012695|6|2090
24.541852951049805|25|2091
25.351476669311523|26|2092
28.025028228759766|13|2093
33.51932907104492|6|2094
34.4321174621582|6|2095
25.07814598083496|6|2096
35.15059280395508|11|2097
55.26918029785156|10|2098
102.0777816772461|7|2099
119.19528198242188|6|2100
125.32195281982422|6|2101
119.69686889648438|5|2102
110.94486236572266|5|2103
86.17696380615234|5|2104
64.90448760986328|5|2105
45.13532638549805|5|2106
37.016143798828125|6|2107
34.34759521484375|6|2108
30.556644439697266|6|2109
23.965864181518555|7|2110
28.132556915283203|20|2111
29.131452560424805|13|2112
34.18065643310547|6|2113
38.086936950683594|6|2114
29.348236083984375|6|2115
30.826833724975586|13|2116
53.38966369628906|11|2117
92.35505676269531|7|2118
111.44058227539062|6|2119
126.82392883300781|6|2120
120.75611877441406|5|2121
112.50529479980469|5|2122
87.5083999633789|5|2123
65.0011978149414|5|2124
48.45188522338867|5|2125
39.638702392578125|6|2126
36.06427764892578|6|2127
31.838735580444336|6|2128
26.380537033081055|51|2129
24.907697677612305|19|2130
29.392990112304688|13|2131
31.715429306030273|6|2132
36.33945846557617|6|2133
29.013025283813477|6|2134
28.063701629638672|13|2135
53.38591003417969|11|2136
89.4168472290039|7|2137
107.4642333984375|6|2138
127.85968017578125|6|2139
116.44886016845703|5|2140
115.3515853881836|5|2141
93.39012908935547|5|2142
67.08519744873047|5|2143
53.9787483215332|5|2144
41.0433349609375|6|2145
37.13106918334961|6|2146
36.0196533203125|6|2147
29.780675888061523|6|2148
30.675199508666992|58|2149
29.38839340209961|57|2150
30.96385383605957|6|2151
38.6026496887207|6|2152
34.12769317626953|6|2153
21.922504425048828|12|2154
49.74712371826172|11|2155
72.68144226074219|7|2156
101.84963989257812|7|2157
124.5271224975586|6|2158
110.96881103515625|5|2159
112.83501434326172|5|2160
94.97444915771484|5|2161
70.17997741699219|5|2162
58.19471740722656|5|2163
41.05875778198242|6|2164
35.97796630859375|6|2165
34.175933837890625|6|2166
28.675580978393555|6|2167
26.715316772460938|57|2168
23.952768325805664|7|2169
33.153282165527344|29|2170
36.92579650878906|6|2171
33.529197692871094|6|2172
20.711458206176758|14|2173
53.68723678588867|11|2174
66.0071792602539|8|2175
106.07347869873047|7|2176
123.62591552734375|6|2177
109.91033172607422|6|2178
114.57598876953125|5|2179
92.45821380615234|5|2180
62.40996551513672|5|2181
47.09484100341797|5|2182
44.15811538696289|5|2183
36.39765548706055|5|2184
29.451740264892578|5|2185
27.25137710571289|5|2186
26.231306076049805|5|2187
20.84760856628418|10|2188
24.44056510925293|9|2189
29.581298828125|5|2190
32.50832748413086|5|2191
27.94221305847168|58|2192
41.952754974365234|12|2193
60.350807189941406|7|2194
103.85365295410156|7|2195
119.43868255615234|6|2196
109.3890380859375|6|2197
111.5843734741211|5|2198
98.69832611083984|5|2199
71.56096649169922|5|2200
47.59564971923828|5|2201
44.953487396240234|5|2202
40.98054122924805|5|2203
34.017581939697266|5|2204
22.779098510742188|38|2205
45.48149108886719|12|2206
70.28015899658203|8|2207
101.99537658691406|7|2208
121.8611068725586|6|2209
91.71233367919922|6|2210
41.212154388427734|5|2211
40.20881652832031|11|2212
56.355995178222656|10|2213
105.26224517822266|7|2214
119.91280364990234|6|2215
117.1294937133789|6|2216
115.68357849121094|5|2217
102.46351623535156|5|2218
75.34329986572266|5|2219
54.6017951965332|5|2220
50.222713470458984|5|2221
37.84923553466797|5|2222
30.196548461914062|5|2223
31.61187171936035|43|2224
31.82054901123047|43|2225
34.8190803527832|43|2226
39.79605484008789|43|2227
40.717647552490234|43|2228
35.69430160522461|43|2229
26.7725772857666|43|2230
36.00433349609375|11|2231
52.66565704345703|11|2232
97.58149719238281|7|2233
115.32298278808594|6|2234
119.49732208251953|6|2235
118.6251220703125|5|2236
110.52523040771484|5|2237
83.33172607421875|5|2238
57.129276275634766|5|2239
48.98514175415039|5|2240
37.57844543457031|5|2241
30.508195877075195|5|2242
31.501062393188477|5|2243
26.77770233154297|5|2244
28.864341735839844|27|2245
29.662429809570312|11|2246
32.66408920288086|5|2247
35.466949462890625|5|2248
28.782390594482422|5|2249
33.396568298339844|11|2250
54.77375030517578|11|2251
96.46717834472656|7|2252
111.9768295288086|6|2253
123.57244873046875|6|2254
118.41769409179688|5|2255
114.50749969482422|5|2256
89.91862487792969|5|2257
62.05415344238281|5|2258
53.205604553222656|5|2259
42.58285140991211|5|2260
31.11392593383789|5|2261
31.16530418395996|5|2262
26.295923233032227|5|2263
23.483732223510742|5|2264
29.514585494995117|11|2265
33.953941345214844|43|2266
33.49185562133789|5|2267
27.462970733642578|5|2268
26.647029876708984|11|2269
52.17285919189453|11|2270
82.69043731689453|7|2271
100.19894409179688|6|2272
120.1982650756836|6|2273
112.76319122314453|5|2274
110.90611267089844|5|2275
89.65692138671875|5|2276
64.54791259765625|5|2277
52.42885208129883|5|2278
43.00703811645508|5|2279
29.710905075073242|5|2280
28.74849510192871|5|2281
37.340545654296875|77|2282
33.705894470214844|77|2283
27.561372756958008|11|2284
30.826284408569336|5|2285
34.67919921875|5|2286
30.910964965820312|5|2287
25.975839614868164|11|2288
54.11812973022461|11|2289
79.26072692871094|7|2290
105.75149536132812|7|2291
125.46651458740234|6|2292
112.21263885498047|5|2293
112.68327331542969|5|2294
94.10049438476562|5|2295
68.10635375976562|5|2296
38.51743698120117|5|2297
31.82547378540039|9|2298
33.58233642578125|9|2299
32.159629821777344|9|2300
28.052589416503906|9|2301
26.133806228637695|26|2302
32.7263298034668|26|2303
31.343456268310547|9|2304
33.340572357177734|8|2305
31.03074836730957|9|2306
19.83745002746582|8|2307
48.72207260131836|11|2308
67.37422943115234|7|2309
103.47535705566406|7|2310
123.0661849975586|6|2311
110.02886199951172|6|2312
113.73709869384766|5|2313
97.36983489990234|5|2314
71.86215209960938|5|2315
42.768287658691406|5|2316
31.28238868713379|17|2317
31.303058624267578|9|2318
29.459335327148438|9|2319
26.337709426879883|9|2320
30.410749435424805|34|2321
20.51279067993164|17|2322
30.457042694091797|9|2323
33.29376220703125|9|2324
31.708776473999023|8|2325
21.920188903808594|8|2326
45.36732482910156|11|2327
62.45085144042969|7|2328
107.23699951171875|7|2329
122.77056884765625|6|2330
111.10648345947266|6|2331
112.55228424072266|5|2332
100.49735260009766|5|2333
74.61222839355469|5|2334
44.58588790893555|5|2335
32.748023986816406|51|2336
33.19575119018555|51|2337
32.010440826416016|69|2338
28.44194793701172|69|2339
24.128936767578125|69|2340
24.94997787475586|17|2341
33.136749267578125|17|2342
32.70429229736328|9|2343
33.5721321105957|68|2344
30.142498016357422|68|2345
39.09148406982422|11|2346
53.88374328613281|10|2347
98.99541473388672|7|2348
118.53639221191406|6|2349
115.97662353515625|6|2350
118.65837860107422|5|2351
110.2704086303711|5|2352
84.1138916015625|5|2353
57.440887451171875|5|2354
54.53055191040039|7|2355
48.6047248840332|7|2356
52.957366943359375|6|2357
54.05635452270508|6|2358
49.010948181152344|6|2359
48.35041427612305|5|2360
56.5363883972168|5|2361
54.883155822753906|5|2362
53.50934982299805|5|2363
42.828548431396484|5|2364
41.95212173461914|12|2365
58.61444091796875|11|2366
102.41088104248047|7|2367
116.47241973876953|6|2368
120.01927185058594|6|2369
117.96539306640625|5|2370
109.90350341796875|5|2371
81.78900146484375|5|2372
60.90665054321289|5|2373
39.189903259277344|6|2374
35.221195220947266|6|2375
34.795135498046875|6|2376
29.8939151763916|6|2377
27.38043975830078|32|2378
31.56070899963379|32|2379
23.60041618347168|7|2380
32.76061248779297|6|2381
35.85441970825195|6|2382
26.9527645111084|6|2383
31.200986862182617|11|2384
52.001487731933594|11|2385
90.13856506347656|7|2386
109.80237579345703|6|2387
119.87723541259766|6|2388
112.83917236328125|5|2389
106.7818374633789|5|2390
81.54560852050781|5|2391
59.487403869628906|5|2392
44.38766860961914|5|2393
35.47909927368164|6|2394
33.318321228027344|6|2395
31.049301147460938|6|2396
24.33887481689453|6|2397
22.675813674926758|39|2398
26.914825439453125|13|2399
30.09423828125|6|2400
35.28345489501953|6|2401
28.042434692382812|6|2402
27.151018142700195|13|2403
53.62620544433594|11|2404
87.2597885131836|7|2405
104.64986419677734|6|2406
124.2040023803711|6|2407
113.85234832763672|5|2408
111.37193298339844|5|2409
90.6717758178711|5|2410
65.4321060180664|5|2411
50.38666915893555|5|2412
38.86967468261719|6|2413
33.574363708496094|6|2414
31.090877532958984|6|2415
24.74321174621582|6|2416
26.26234245300293|25|2417
27.05390167236328|13|2418
28.189523696899414|6|2419
35.722415924072266|6|2420
31.00493049621582|6|2421
25.31938934326172|13|2422
51.643436431884766|11|2423
78.49078369140625|7|2424
104.80591583251953|7|2425
126.49093627929688|6|2426
115.84815979003906|5|2427
117.0215072631836|5|2428
93.0587158203125|5|2429
66.11035919189453|5|2430
52.607032775878906|5|2431
39.89209747314453|6|2432
35.295162200927734|6|2433
32.9224739074707|6|2434
26.900863647460938|6|2435
24.42687225341797|25|2436
27.41570472717285|13|2437
28.71620750427246|13|2438
37.75682830810547|6|2439
33.335411071777344|6|2440
23.036746978759766|15|2441
51.723270416259766|11|2442
67.75540161132812|8|2443
107.25453186035156|7|2444
121.55274963378906|6|2445
112.4564437866211|6|2446
108.27349090576172|5|2447
103.86544036865234|5|2448
80.94742584228516|5|2449
47.62693405151367|5|2450
38.13729476928711|29|2451
35.49233627319336|29|2452
29.543155670166016|29|2453
32.080665588378906|58|2454
56.354740142822266|11|2455
62.6828498840332|9|2456
93.30599212646484|7|2457
97.96308898925781|6|2458
84.34426879882812|6|2459
66.9524917602539|5|2460
52.92813491821289|5|2461
33.237457275390625|5|2462
19.97136688232422|5|2463
16.53547477722168|24|2464
24.61453628540039|24|2465
32.06489562988281|29|2466
35.20859909057617|29|2467
56.06051254272461|10|2468
58.77660369873047|8|2469
71.0588150024414|7|2470
63.2833137512207|6|2471
46.76398468017578|6|2472
39.116050720214844|5|2473
35.32197189331055|58|2474
28.37066650390625|58|2475
28.168493270874023|57|2476
21.961532592773438|58|2477
21.302730560302734|49|2478
25.886198043823242|50|2479
32.71064758300781|13|2480
41.34679412841797|11|2481
41.87059020996094|8|2482
29.43558692932129|7|2483
20.012414932250977|9|2484
23.3052978515625|29|2485
31.654129028320312|29|2486
35.68959045410156|10|2487
42.29824447631836|10|2488
30.525959014892578|29|2489
31.836383819580078|29|2490
29.513469696044922|29|2491
21.632671356201172|29|2492
32.123817443847656|11|2493
41.052364349365234|10|2494
24.727449417114258|57|2495
16.61843490600586|58|2496
16.74432373046875|49|2497
16.765560150146484|49|2498
21.474702835083008|12|2499
34.723548889160156|12|2500
23.050697326660156|10|2501
19.27663803100586|9|2502
26.3758602142334|9|2503
18.719804763793945|8|2504
21.783048629760742|51|2505
27.18980598449707|51|2506
32.712547302246094|51|2507
37.40514373779297|51|2508
29.854921340942383|51|2509
21.741483688354492|51|2510
24.29489517211914|14|2511
33.35819625854492|15|2512
27.990758895874023|11|2513
21.708332061767578|11|2514
23.50531578063965|11|2515
25.3614559173584|51|2516
16.850048065185547|52|2517
34.1778678894043|13|2518
53.26066207885742|10|2519
93.5474853515625|7|2520
107.97261810302734|6|2521
117.58162689208984|6|2522
112.14456176757812|5|2523
107.78153228759766|5|2524
84.85717010498047|5|2525
59.255496978759766|5|2526
51.619598388671875|5|2527
40.37468338012695|5|2528
34.53012466430664|43|2529
29.516189575195312|5|2530
26.04168128967285|5|2531
33.762489318847656|44|2532
42.19469451904297|44|2533
41.94647979736328|43|2534
30.567354202270508|5|2535
26.187028884887695|5|2536
27.522804260253906|11|2537
51.41219711303711|11|2538
82.83639526367188|7|2539
99.42422485351562|6|2540
116.50106048583984|6|2541
105.95048522949219|5|2542
101.43492889404297|5|2543
81.9697494506836|5|2544
58.667545318603516|5|2545
49.230926513671875|5|2546
47.3999137878418|58|2547
28.441129684448242|5|2548
29.643922805786133|5|2549
26.826602935791016|5|2550
31.94013023376465|52|2551
49.99642562866211|52|2552
52.8443717956543|52|2553
37.01289367675781|52|2554
26.778053283691406|5|2555
25.12049674987793|11|2556
51.841156005859375|11|2557
78.64344024658203|7|2558
101.10877990722656|7|2559
120.29644012451172|6|2560
108.58111572265625|5|2561
109.1722640991211|5|2562
89.79878234863281|5|2563
64.06366729736328|5|2564
50.7974853515625|5|2565
43.91643524169922|5|2566
32.07185363769531|5|2567
33.15200424194336|5|2568
30.051794052124023|5|2569
25.8530216217041|65|2570
35.51542282104492|44|2571
34.47795867919922|43|2572
33.47257995605469|5|2573
30.294736862182617|5|2574
22.119176864624023|11|2575
48.664093017578125|11|2576
66.4559097290039|7|2577
100.1446533203125|7|2578
119.13533020019531|6|2579
107.20648193359375|5|2580
110.73808288574219|5|2581
90.40108489990234|5|2582
58.93634033203125|5|2583