Titanium
David Guetta
Sia
EDM
titanium
1025x2584
2584

5.997845164529281e-06|961|0
4.5668959501199424e-05|963|1
8.489074389217421e-05|949|2
8.949796756496653e-05|800|3
0.0001013366345432587|792|4
9.327643783763051e-05|895|5
0.00012309869634918869|825|6
0.00012613696162588894|800|7
0.00014507651212625206|872|8
0.00011996406101388857|876|9
0.00012571117258630693|882|10
0.00012805371079593897|872|11
0.0001479677448514849|872|12
0.00012290004815440625|876|13
0.00013022954226471484|825|14
0.0014801654033362865|62|15
7.582534313201904|13|16
47.77674865722656|14|17
86.53069305419922|14|18
84.56804656982422|14|19
81.1794204711914|14|20
78.22581481933594|14|21
73.36096954345703|14|22
69.00096893310547|14|23
66.03438568115234|14|24
58.684417724609375|14|25
37.16421890258789|14|26
28.55524444580078|14|27
40.26782989501953|14|28
46.6746940612793|22|29
49.70329284667969|22|30
49.97368240356445|22|31
48.694541931152344|22|32
45.80866622924805|22|33
42.97732162475586|22|34
39.86977005004883|22|35
36.671932220458984|22|36
31.812923431396484|22|37
22.14270782470703|22|38
20.590431213378906|32|39
18.881244659423828|32|40
21.26300811767578|22|41
23.056888580322266|22|42
24.223289489746094|22|43
25.126617431640625|22|44
22.831377029418945|22|45
16.664947509765625|22|46
13.26900577545166|22|47
20.2935733795166|43|48
23.906831741333008|43|49
18.127399444580078|43|50
11.915936470031738|43|51
10.074119567871094|22|52
8.975933074951172|22|53
8.090750694274902|29|54
6.657853603363037|29|55
4.529097557067871|29|56
3.359431028366089|36|57
11.187389373779297|36|58
28.14225959777832|37|59
30.78820037841797|37|60
21.173673629760742|37|61
17.862468719482422|22|62
17.858928680419922|22|63
17.282014846801758|22|64
17.10516357421875|22|65
16.008974075317383|22|66
11.506194114685059|21|67
8.397944450378418|22|68
14.928055763244629|37|69
16.958703994750977|37|70
14.118379592895508|22|71
18.029783248901367|29|72
20.106277465820312|29|73
19.47044563293457|29|74
17.983413696289062|29|75
14.765385627746582|29|76
8.946039199829102|29|77
10.818063735961914|29|78
31.260099411010742|98|79
50.69947052001953|98|80
40.821746826171875|98|81
24.25596809387207|98|82
20.506465911865234|29|83
20.789331436157227|29|84
19.635181427001953|29|85
15.521133422851562|29|86
10.112776756286621|29|87
14.261839866638184|29|88
19.206464767456055|29|89
17.87445068359375|98|90
20.756153106689453|22|91
20.96942138671875|22|92
20.236642837524414|22|93
18.16579818725586|22|94
15.828890800476074|22|95
14.58120059967041|22|96
12.96959400177002|22|97
10.667407035827637|21|98
30.901105880737305|13|99
57.76694107055664|13|100
60.54447937011719|14|101
60.88085174560547|14|102
59.770145416259766|14|103
58.266944885253906|14|104
56.05524444580078|14|105
55.24017333984375|14|106
50.97528839111328|14|107
43.612239837646484|13|108
24.012928009033203|14|109
19.56936264038086|22|110
29.060937881469727|22|111
32.64286804199219|22|112
33.366783142089844|22|113
32.16984939575195|22|114
30.883668899536133|22|115
29.760234832763672|22|116
27.9680233001709|22|117
26.28708839416504|22|118
26.718246459960938|22|119
35.75226593017578|28|120
54.94382095336914|29|121
57.43523406982422|29|122
59.79542541503906|29|123
54.76646423339844|29|124
47.62200164794922|29|125
46.077430725097656|29|126
35.666099548339844|29|127
26.03537940979004|29|128
24.295949935913086|29|129
30.165380477905273|29|130
43.046810150146484|29|131
43.040252685546875|29|132
37.841644287109375|29|133
37.099666595458984|29|134
30.48234748840332|29|135
27.822025299072266|29|136
24.449939727783203|28|137
13.723450660705566|29|138
10.301712036132812|29|139
20.924341201782227|98|140
38.21617126464844|98|141
31.62662696838379|98|142
18.151866912841797|98|143
16.83454132080078|22|144
16.066652297973633|22|145
14.184581756591797|22|146
12.209750175476074|27|147
11.176758766174316|27|148
6.516725063323975|21|149
15.638851165771484|21|150
31.112085342407227|22|151
40.1890869140625|22|152
42.760772705078125|22|153
42.691795349121094|22|154
42.25608444213867|22|155
41.36176681518555|22|156
39.24011993408203|22|157
36.34873580932617|22|158
32.60072326660156|22|159
30.010272979736328|22|160
35.814353942871094|29|161
59.51028060913086|29|162
67.14656066894531|29|163
69.03411865234375|29|164
71.92025756835938|29|165
66.7469482421875|29|166
60.79863739013672|29|167
55.59059524536133|29|168
42.980289459228516|29|169
33.25128173828125|29|170
30.800268173217773|29|171
38.7270393371582|29|172
44.956722259521484|29|173
47.24012756347656|22|174
47.44097900390625|22|175
46.18137741088867|22|176
41.16347885131836|21|177
38.77454376220703|21|178
24.623605728149414|29|179
16.022232055664062|29|180
30.96300506591797|11|181
63.640865325927734|12|182
72.20869445800781|12|183
68.81085205078125|12|184
69.18914031982422|12|185
69.49758911132812|12|186
69.30526733398438|12|187
68.95804595947266|12|188
67.70087432861328|12|189
66.56204223632812|12|190
65.6904296875|12|191
56.83287048339844|12|192
39.12858200073242|24|193
33.95441436767578|24|194
28.38080596923828|24|195
23.875911712646484|12|196
23.94165802001953|12|197
23.90204429626465|12|198
24.062389373779297|12|199
24.335859298706055|12|200
22.988037109375|12|201
18.52602195739746|99|202
22.639772415161133|98|203
17.385120391845703|29|204
16.527664184570312|29|205
16.213241577148438|29|206
17.143476486206055|29|207
18.017356872558594|29|208
17.140840530395508|29|209
14.040107727050781|29|210
7.813967704772949|29|211
17.34535789489746|98|212
25.14670181274414|98|213
22.554950714111328|24|214
21.118722915649414|24|215
18.766984939575195|24|216
16.435955047607422|24|217
15.05770206451416|29|218
15.906146049499512|29|219
14.5355863571167|29|220
8.087892532348633|24|221
12.909483909606934|74|222
19.197193145751953|29|223
24.138124465942383|29|224
21.985506057739258|29|225
19.124216079711914|29|226
17.66830825805664|29|227
17.9921932220459|29|228
17.984779357910156|29|229
16.269062042236328|29|230
11.201702117919922|29|231
9.99007511138916|74|232
21.24500274658203|49|233
28.101898193359375|24|234
26.45716094970703|24|235
23.07496452331543|24|236
19.846336364746094|24|237
16.854162216186523|24|238
16.285112380981445|29|239
14.124078750610352|29|240
10.748974800109863|24|241
9.710450172424316|24|242
33.867584228515625|98|243
50.27348327636719|98|244
37.62894821166992|98|245
22.443496704101562|32|246
19.065250396728516|32|247
14.576976776123047|32|248
10.682854652404785|32|249
7.512075424194336|32|250
5.904085636138916|29|251
6.463629722595215|23|252
20.24099349975586|24|253
32.018367767333984|24|254
32.339317321777344|24|255
30.873844146728516|24|256
29.67746925354004|24|257
29.18155860900879|24|258
27.913808822631836|24|259
24.206403732299805|24|260
15.415420532226562|24|261
7.012764930725098|24|262
24.761741638183594|74|263
42.55574417114258|73|264
38.13014221191406|73|265
36.296573638916016|18|266
35.06278991699219|18|267
33.311527252197266|18|268
30.98514175415039|18|269
29.26657485961914|18|270
28.38047218322754|18|271
25.435657501220703|18|272
21.537382125854492|18|273
27.64221954345703|73|274
47.77836990356445|73|275
38.85353469848633|73|276
25.43635368347168|73|277
17.648042678833008|73|278
16.109708786010742|29|279
19.678598403930664|29|280
19.97960090637207|29|281
14.983150482177734|29|282
10.437421798706055|29|283
18.900720596313477|97|284
46.27833938598633|98|285
43.75946807861328|98|286
25.12093162536621|29|287
25.636451721191406|29|288
23.22304344177246|29|289
21.618518829345703|29|290
22.312000274658203|29|291
20.75083351135254|29|292
18.30439567565918|98|293
20.91517448425293|98|294
30.41422462463379|49|295
39.25129318237305|49|296
32.99256896972656|24|297
27.63422966003418|24|298
23.568607330322266|24|299
20.82567596435547|24|300
18.941753387451172|24|301
16.589744567871094|24|302
13.163897514343262|24|303
13.787673950195312|73|304
25.832645416259766|73|305
28.937225341796875|73|306
21.638986587524414|73|307
17.7210636138916|29|308
17.83387565612793|29|309
19.716773986816406|29|310
23.125764846801758|29|311
25.279712677001953|29|312
20.98085594177246|29|313
15.768023490905762|29|314
19.79157257080078|29|315
23.48029136657715|29|316
25.574554443359375|29|317
29.897926330566406|29|318
30.636192321777344|29|319
26.698421478271484|29|320
21.783517837524414|29|321
19.062732696533203|29|322
16.020347595214844|29|323
13.253105163574219|97|324
24.075862884521484|98|325
31.983675003051758|98|326
29.49375343322754|98|327
27.991687774658203|29|328
34.01088333129883|29|329
36.93387985229492|29|330
35.86249923706055|29|331
34.63085174560547|29|332
30.94733238220215|29|333
23.672603607177734|29|334
28.82799530029297|29|335
36.975345611572266|29|336
36.75984191894531|29|337
36.611690521240234|29|338
38.40395736694336|29|339
37.79402542114258|29|340
33.47787094116211|29|341
30.532405853271484|29|342
27.830175399780273|29|343
25.471426010131836|49|344
44.04024124145508|28|345
70.63575744628906|14|346
88.78984832763672|29|347
91.97835540771484|29|348
88.29084777832031|29|349
79.53598022460938|29|350
71.4547348022461|14|351
70.77539825439453|14|352
68.8831787109375|14|353
56.49844741821289|14|354
34.833187103271484|14|355
26.992813110351562|14|356
38.07353210449219|21|357
39.35417556762695|22|358
40.59859848022461|22|359
40.96278762817383|22|360
39.52434539794922|22|361
36.86888122558594|22|362
33.986419677734375|22|363
32.231712341308594|22|364
29.545673370361328|22|365
26.62763214111328|22|366
24.141822814941406|22|367
23.327476501464844|22|368
22.999670028686523|22|369
21.24131202697754|22|370
18.727340698242188|22|371
13.898469924926758|22|372
11.144794464111328|21|373
11.13271427154541|29|374
16.19952392578125|22|375
28.463064193725586|22|376
37.864253997802734|22|377
40.049835205078125|22|378
40.29794692993164|22|379
39.17348861694336|22|380
37.101722717285156|22|381
35.24433135986328|22|382
33.412776947021484|22|383
31.500486373901367|22|384
29.848485946655273|22|385
26.6956787109375|22|386
38.75578308105469|73|387
35.36284255981445|73|388
30.05021858215332|22|389
32.436927795410156|22|390
33.0592041015625|22|391
32.890403747558594|22|392
30.83686637878418|22|393
24.085872650146484|22|394
15.85427474975586|22|395
13.284737586975098|21|396
20.30778694152832|43|397
23.269065856933594|43|398
21.115758895874023|29|399
21.865943908691406|29|400
21.936378479003906|29|401
22.8140926361084|29|402
22.80557632446289|29|403
21.39887046813965|29|404
15.984580039978027|29|405
11.776195526123047|98|406
33.86227798461914|98|407
36.97256851196289|98|408
22.62802505493164|98|409
12.275562286376953|22|410
10.988821029663086|22|411
8.813987731933594|29|412
9.026880264282227|29|413
10.322532653808594|29|414
8.361027717590332|29|415
8.46013355255127|43|416
16.719335556030273|29|417
19.732988357543945|29|418
19.013904571533203|29|419
19.882888793945312|29|420
21.396907806396484|29|421
22.295198440551758|29|422
17.657276153564453|29|423
14.753377914428711|22|424
13.621498107910156|22|425
12.339845657348633|22|426
32.5856819152832|13|427
59.00421905517578|13|428
62.0122184753418|14|429
60.10603332519531|14|430
59.0811767578125|14|431
59.52130889892578|14|432
59.017738342285156|14|433
59.10096740722656|14|434
56.9122200012207|14|435
43.95516586303711|14|436
26.46719741821289|14|437
43.42133331298828|27|438
47.30274200439453|27|439
43.167579650878906|27|440
36.51279067993164|27|441
29.25362777709961|27|442
24.699695587158203|27|443
22.347972869873047|14|444
22.423463821411133|14|445
18.897611618041992|14|446
21.808612823486328|28|447
45.32765197753906|29|448
65.93992614746094|29|449
72.61832427978516|29|450
69.37911224365234|29|451
66.47782897949219|29|452
59.4448356628418|29|453
49.0771369934082|29|454
42.48287582397461|29|455
32.73802185058594|29|456
22.030075073242188|29|457
26.269283294677734|29|458
27.223941802978516|29|459
17.736202239990234|29|460
17.084672927856445|29|461
14.350858688354492|29|462
12.355948448181152|29|463
12.616783142089844|28|464
9.654474258422852|22|465
11.869077682495117|22|466
11.31350326538086|22|467
26.496078491210938|98|468
40.52729034423828|98|469
30.849855422973633|98|470
18.719141006469727|98|471
16.987010955810547|27|472
16.032785415649414|27|473
12.528343200683594|28|474
11.890727043151855|22|475
13.957919120788574|22|476
15.298465728759766|22|477
16.531827926635742|22|478
21.5690975189209|43|479
20.706518173217773|43|480
18.653162002563477|43|481
20.34477424621582|27|482
22.63751220703125|27|483
22.31272315979004|27|484
19.731040954589844|27|485
16.74976921081543|27|486
12.992630958557129|27|487
9.364572525024414|87|488
19.950773239135742|87|489
19.142515182495117|28|490
20.783689498901367|27|491
32.635128021240234|28|492
20.776731491088867|29|493
15.162647247314453|29|494
19.421520233154297|28|495
17.603923797607422|28|496
11.831277847290039|27|497
11.69932746887207|21|498
26.082868576049805|21|499
32.9027099609375|22|500
38.28817367553711|22|501
40.40833282470703|22|502
41.791603088378906|22|503
41.97538757324219|22|504
39.463172912597656|22|505
39.008670806884766|21|506
23.882465362548828|21|507
10.905333518981934|30|508
24.624378204345703|37|509
39.882041931152344|12|510
44.02758026123047|12|511
41.71611785888672|12|512
41.81304168701172|12|513
41.706214904785156|12|514
41.73691177368164|12|515
40.88869857788086|12|516
36.04015350341797|12|517
22.110427856445312|12|518
20.150793075561523|73|519
31.120248794555664|73|520
26.02145767211914|29|521
24.156021118164062|29|522
23.508243560791016|29|523
23.176782608032227|29|524
23.237192153930664|29|525
21.65614891052246|29|526
18.660009384155273|12|527
12.728371620178223|12|528
12.488903999328613|30|529
21.362396240234375|98|530
16.982563018798828|98|531
17.79212188720703|29|532
19.738346099853516|29|533
21.713260650634766|29|534
20.099945068359375|29|535
16.522546768188477|29|536
14.606912612915039|29|537
11.833693504333496|29|538
7.947608947753906|28|539
17.22345733642578|25|540
29.138839721679688|24|541
31.49290657043457|24|542
27.894529342651367|24|543
22.750871658325195|24|544
22.865306854248047|29|545
22.347970962524414|29|546
20.336990356445312|29|547
15.649513244628906|29|548
7.924201488494873|29|549
32.952110290527344|74|550
56.68408203125|73|551
53.243595123291016|73|552
36.33658981323242|73|553
24.81214714050293|73|554
21.52324867248535|29|555
20.149736404418945|29|556
16.434398651123047|29|557
11.586441040039062|29|558
5.630726337432861|29|559
13.8772554397583|72|560
23.4951171875|24|561
24.659713745117188|24|562
23.256620407104492|24|563
21.355178833007812|24|564
19.68035316467285|24|565
17.83515739440918|24|566
15.957795143127441|24|567
13.477546691894531|24|568
11.427738189697266|24|569
13.422398567199707|24|570
26.438953399658203|98|571
30.74835968017578|98|572
20.978586196899414|98|573
16.48809242248535|29|574
13.133987426757812|29|575
6.536131381988525|29|576
4.541021347045898|29|577
5.403070449829102|28|578
4.086853504180908|27|579
3.9364120960235596|37|580
21.195743560791016|77|581
34.0550422668457|77|582
29.104829788208008|78|583
19.350513458251953|78|584
18.328536987304688|29|585
15.092547416687012|29|586
12.997928619384766|29|587
13.922021865844727|29|588
15.609732627868652|29|589
13.200233459472656|29|590
11.513130187988281|29|591
24.64378547668457|73|592
26.407833099365234|73|593
20.692777633666992|29|594
25.611053466796875|29|595
27.805212020874023|29|596
26.71815299987793|29|597
24.71778678894043|29|598
21.442232131958008|29|599
15.118877410888672|29|600
13.309797286987305|29|601
19.629528045654297|110|602
25.882699966430664|73|603
26.590368270874023|73|604
21.696949005126953|73|605
17.903532028198242|29|606
19.3570556640625|29|607
19.0915584564209|29|608
15.883935928344727|29|609
9.814966201782227|7|610
9.983662605285645|8|611
19.44499397277832|49|612
27.483217239379883|24|613
29.80840301513672|24|614
27.145816802978516|24|615
22.738643646240234|24|616
20.65996742248535|24|617
18.984426498413086|24|618
17.842864990234375|29|619
19.611570358276367|29|620
13.322678565979004|29|621
23.037277221679688|97|622
49.03480529785156|98|623
50.01536178588867|98|624
33.95465850830078|98|625
18.711837768554688|97|626
15.338143348693848|32|627
19.676300048828125|29|628
29.895999908447266|7|629
25.748165130615234|29|630
19.98772430419922|29|631
22.66497039794922|98|632
22.60770606994629|5|633
24.13328742980957|29|634
24.023582458496094|29|635
25.464475631713867|29|636
32.87339782714844|4|637
27.895118713378906|29|638
27.77718734741211|5|639
32.07499313354492|7|640
26.239669799804688|8|641
22.785789489746094|3|642
26.9782772064209|29|643
32.80474090576172|7|644
29.884122848510742|7|645
37.514488220214844|4|646
36.21693801879883|4|647
32.72441101074219|29|648
31.02541732788086|29|649
26.157222747802734|29|650
37.845855712890625|6|651
46.893367767333984|4|652
47.796363830566406|4|653
36.36093521118164|4|654
49.72905731201172|4|655
60.920108795166016|4|656
45.180423736572266|4|657
34.30740737915039|6|658
43.44377136230469|5|659
52.88469696044922|4|660
51.59572219848633|5|661
30.2368106842041|4|662
31.602766036987305|7|663
51.72645568847656|5|664
71.04862213134766|5|665
68.35116577148438|5|666
37.94985580444336|87|667
41.78498077392578|87|668
44.44636535644531|7|669
89.78120422363281|6|670
88.81916809082031|5|671
67.19124603271484|5|672
62.79170608520508|11|673
104.5145263671875|8|674
122.73170471191406|8|675
98.04974365234375|7|676
84.89654541015625|7|677
71.53040313720703|7|678
77.49055480957031|7|679
74.76538848876953|7|680
59.6733283996582|7|681
39.214256286621094|14|682
27.819656372070312|14|683
37.43214416503906|14|684
64.68248748779297|7|685
88.47968292236328|7|686
103.25265502929688|7|687
98.17382049560547|7|688
94.74896240234375|7|689
94.34403228759766|7|690
80.79267883300781|7|691
40.619606018066406|7|692
34.33386993408203|21|693
72.82461547851562|9|694
131.98956298828125|8|695
96.76329803466797|8|696
90.5094223022461|7|697
71.89466094970703|7|698
72.053466796875|7|699
75.63531494140625|7|700
68.561767578125|7|701
43.282222747802734|7|702
17.71115493774414|21|703
22.11663055419922|8|704
47.81061935424805|7|705
75.82173156738281|7|706
97.468505859375|7|707
100.83393096923828|7|708
94.98511505126953|7|709
94.65686798095703|7|710
90.3740463256836|7|711
64.4408187866211|7|712
22.568336486816406|7|713
35.72256088256836|11|714
97.91234588623047|8|715
121.91636657714844|8|716
91.97055053710938|7|717
77.66283416748047|7|718
67.76947021484375|7|719
77.34841918945312|7|720
73.70955657958984|7|721
58.126895904541016|21|722
60.25931167602539|21|723
51.97062683105469|21|724
56.268558502197266|22|725
64.75089263916016|7|726
88.88352966308594|7|727
102.97319793701172|7|728
98.62293243408203|7|729
94.73921203613281|7|730
93.92298126220703|7|731
81.03963470458984|7|732
66.78665924072266|24|733
54.67799758911133|24|734
69.43522644042969|9|735
125.91967010498047|8|736
96.181640625|8|737
89.82477569580078|7|738
69.77946472167969|7|739
69.653076171875|7|740
73.8299331665039|7|741
66.95211791992188|7|742
48.101280212402344|86|743
59.32781219482422|87|744
55.40587615966797|88|745
58.81951904296875|87|746
73.79995727539062|7|747
95.27672576904297|7|748
99.02515411376953|7|749
94.46145629882812|7|750
94.71968078613281|7|751
91.38395690917969|7|752
63.034542083740234|7|753
46.7566032409668|82|754
44.06424331665039|82|755
75.38016510009766|9|756
81.9371337890625|8|757
55.144596099853516|8|758
55.71829605102539|7|759
62.933494567871094|7|760
68.8111572265625|7|761
65.50865936279297|7|762
50.968162536621094|7|763
44.70095443725586|55|764
45.74399185180664|54|765
33.960296630859375|54|766
48.907447814941406|7|767
70.38690185546875|7|768
81.20745849609375|7|769
82.93152618408203|7|770
82.5798110961914|7|771
81.6581039428711|7|772
71.32731628417969|7|773
46.919254302978516|27|774
40.51286697387695|28|775
59.65478515625|9|776
91.79916381835938|9|777
79.54558563232422|29|778
57.4619140625|29|779
56.66630554199219|7|780
67.21959686279297|7|781
74.06486511230469|28|782
86.20452117919922|29|783
73.22671508789062|29|784
38.9249382019043|28|785
41.43010711669922|27|786
36.997047424316406|7|787
59.82319259643555|7|788
75.18465423583984|7|789
81.51995086669922|7|790
82.52154541015625|7|791
81.74957275390625|7|792
78.21314239501953|7|793
55.05015563964844|7|794
32.93450164794922|29|795
47.01422119140625|30|796
84.41079711914062|9|797
86.41609191894531|9|798
55.943851470947266|8|799
56.89427947998047|7|800
64.72885131835938|7|801
71.22733306884766|7|802
67.53331756591797|7|803
52.344825744628906|7|804
22.449371337890625|7|805
10.701738357543945|21|806
25.018796920776367|7|807
47.865970611572266|7|808
67.86811065673828|7|809
82.47238159179688|7|810
87.1153564453125|7|811
85.54019927978516|7|812
82.36621856689453|7|813
70.66775512695312|7|814
34.5300178527832|7|815
44.1641960144043|22|816
60.48019027709961|11|817
94.66008758544922|9|818
77.4525146484375|8|819
68.99543762207031|29|820
72.26001739501953|29|821
69.2009048461914|7|822
70.0344467163086|7|823
61.95127487182617|7|824
49.14522933959961|29|825
37.36292266845703|29|826
29.641210556030273|29|827
35.93787384033203|22|828
58.308353424072266|7|829
74.98030853271484|7|830
81.10296630859375|7|831
80.50408935546875|7|832
79.76223754882812|7|833
76.6681137084961|7|834
54.56699752807617|94|835
27.928565979003906|94|836
46.65079879760742|11|837
101.1790771484375|12|838
91.50949096679688|8|839
67.40221405029297|7|840
80.10652160644531|6|841
77.71625518798828|6|842
71.68650817871094|6|843
64.2152099609375|6|844
51.08454895019531|6|845
52.489891052246094|12|846
63.262184143066406|12|847
54.8414306640625|12|848
40.7650260925293|24|849
57.18756866455078|6|850
71.87215423583984|6|851
77.49020385742188|6|852
77.64264678955078|6|853
77.03121948242188|6|854
68.64842987060547|6|855
61.18307876586914|28|856
55.84699630737305|29|857
60.25871658325195|11|858
88.62431335449219|8|859
77.51953887939453|7|860
75.37053680419922|6|861
78.28727722167969|6|862
75.00032806396484|6|863
68.3316650390625|6|864
59.9410400390625|6|865
55.17304611206055|27|866
61.81925964355469|26|867
70.69123077392578|26|868
54.39326858520508|27|869
64.93226623535156|29|870
77.08259582519531|29|871
75.9324722290039|6|872
76.84461975097656|6|873
75.58573913574219|6|874
72.69771575927734|6|875
61.5988883972168|27|876
59.09624481201172|27|877
54.829872131347656|27|878
81.47016143798828|9|879
99.1396713256836|8|880
68.54574584960938|7|881
76.37403106689453|6|882
75.0003433227539|6|883
71.03640747070312|6|884
64.69595336914062|6|885
51.360591888427734|6|886
50.590301513671875|27|887
52.24695587158203|27|888
52.26446533203125|27|889
48.63652801513672|27|890
56.51065444946289|6|891
70.83045196533203|6|892
76.63050079345703|6|893
77.80828094482422|6|894
77.36495208740234|6|895
68.97322082519531|6|896
51.80746841430664|27|897
48.11665725708008|27|898
57.654754638671875|10|899
94.836669921875|8|900
77.45502471923828|7|901
74.79093170166016|6|902
76.9892578125|6|903
75.0541763305664|6|904
69.53816986083984|6|905
59.7838020324707|6|906
53.44847106933594|27|907
58.256072998046875|26|908
69.22109985351562|26|909
56.92444610595703|27|910
65.53589630126953|28|911
63.322227478027344|6|912
74.08094024658203|6|913
75.59261322021484|6|914
75.17060089111328|6|915
74.074951171875|6|916
61.65254211425781|49|917
57.70500946044922|48|918
52.51108169555664|48|919
74.09392547607422|9|920
100.36280822753906|8|921
71.91442108154297|7|922
78.46746826171875|6|923
75.5409164428711|6|924
70.5641860961914|6|925
64.13784790039062|6|926
57.21935272216797|24|927
59.96149826049805|24|928
51.46125030517578|24|929
52.81968688964844|24|930
67.38844299316406|25|931
85.06000518798828|25|932
82.34378814697266|25|933
76.71194458007812|6|934
76.12401580810547|6|935
76.14160919189453|6|936
69.2160415649414|6|937
66.49138641357422|24|938
61.54148864746094|24|939
58.16966247558594|10|940
90.42211151123047|8|941
76.78106689453125|7|942
75.21269226074219|6|943
77.78732299804688|6|944
75.24876403808594|6|945
69.60840606689453|6|946
60.90657043457031|6|947
38.92901611328125|6|948
22.024274826049805|29|949
24.053245544433594|98|950
29.248519897460938|6|951
48.102989196777344|6|952
62.88324737548828|6|953
72.69132232666016|6|954
74.8410415649414|6|955
74.17343139648438|6|956
72.41401672363281|6|957
55.066375732421875|6|958
57.1405143737793|29|959
50.702728271484375|58|960
78.92218017578125|9|961
98.39430236816406|8|962
70.89700317382812|7|963
76.7174072265625|6|964
74.21009826660156|6|965
69.80484771728516|6|966
63.862083435058594|6|967
51.37898254394531|6|968
57.64116668701172|28|969
48.12995529174805|27|970
44.24574661254883|27|971
60.62803649902344|28|972
65.01052856445312|29|973
71.71588134765625|6|974
76.9384994506836|6|975
76.95753479003906|6|976
76.4061050415039|6|977
68.47574615478516|6|978
38.75395202636719|6|979
21.12770652770996|29|980
55.3659553527832|10|981
92.89669036865234|8|982
78.52751922607422|7|983
75.5426025390625|6|984
77.36920166015625|6|985
73.47531127929688|6|986
68.64798736572266|6|987
61.133056640625|6|988
39.03523635864258|6|989
28.776338577270508|29|990
29.330575942993164|29|991
41.88970947265625|29|992
47.38335418701172|6|993
64.41181182861328|6|994
74.97631072998047|6|995
77.1192855834961|6|996
76.2885971069336|6|997
73.83258056640625|6|998
55.8997688293457|6|999
24.053874969482422|49|1000
32.688385009765625|9|1001
97.06572723388672|8|1002
123.33954620361328|8|1003
91.58726501464844|7|1004
91.02425384521484|29|1005
84.91021728515625|29|1006
78.40769958496094|29|1007
75.63278198242188|7|1008
62.86206817626953|7|1009
53.64661407470703|14|1010
37.81397247314453|14|1011
31.889997482299805|8|1012
61.92242431640625|7|1013
88.10173034667969|7|1014
106.38129425048828|7|1015
101.92383575439453|7|1016
94.59800720214844|7|1017
93.44415283203125|7|1018
84.45877075195312|7|1019
46.80022048950195|7|1020
27.762420654296875|22|1021
62.196712493896484|9|1022
130.2328338623047|8|1023
108.37359619140625|8|1024
92.30662536621094|7|1025
73.9804916381836|7|1026
71.3143310546875|7|1027
76.90080261230469|7|1028
69.7809829711914|7|1029
46.10524368286133|7|1030
17.535839080810547|20|1031
43.8100700378418|22|1032
56.05512237548828|22|1033
68.30174255371094|7|1034
92.08318328857422|7|1035
98.88998413085938|7|1036
92.75066375732422|7|1037
91.92953491210938|7|1038
91.51400756835938|7|1039
98.21635437011719|21|1040
94.14254760742188|21|1041
43.32960510253906|20|1042
94.96224975585938|8|1043
128.9560089111328|8|1044
95.71294403076172|7|1045
82.9927978515625|7|1046
67.88003540039062|7|1047
75.61233520507812|7|1048
73.28026580810547|7|1049
59.871639251708984|7|1050
47.85401916503906|22|1051
32.063419342041016|21|1052
27.74131965637207|7|1053
57.86867904663086|7|1054
84.80921936035156|7|1055
103.14550018310547|7|1056
100.61221313476562|7|1057
95.82974243164062|7|1058
95.0087890625|7|1059
90.14514923095703|24|1060
88.19384765625|24|1061
76.14178466796875|24|1062
72.519775390625|24|1063
125.65425872802734|8|1064
104.80994415283203|8|1065
91.32262420654297|7|1066
73.54849243164062|7|1067
70.7569580078125|7|1068
75.35822296142578|7|1069
68.27668762207031|7|1070
53.34418487548828|87|1071
59.535057067871094|87|1072
59.80290603637695|87|1073
60.684818267822266|88|1074
72.75489044189453|7|1075
93.9206314086914|7|1076
101.7435302734375|7|1077
96.64122009277344|7|1078
94.54243469238281|7|1079
91.68315124511719|7|1080
68.33525085449219|7|1081
62.67936325073242|81|1082
54.809776306152344|81|1083
67.30810546875|9|1084
86.23593139648438|8|1085
68.30123138427734|9|1086
55.4626579284668|9|1087
58.45269012451172|82|1088
63.312618255615234|82|1089
59.474632263183594|82|1090
54.544769287109375|14|1091
47.29869842529297|14|1092
42.12496566772461|55|1093
35.35187911987305|27|1094
37.76637649536133|8|1095
50.66071701049805|8|1096
75.90599822998047|9|1097
85.28855895996094|9|1098
83.41178131103516|9|1099
77.33929443359375|9|1100
64.23184204101562|9|1101
36.66476058959961|29|1102
38.82769012451172|30|1103
57.70913314819336|9|1104
102.15582275390625|8|1105
87.42488098144531|9|1106
64.41128540039062|29|1107
58.226585388183594|9|1108
56.56986618041992|9|1109
54.536705017089844|9|1110
49.945072174072266|9|1111
32.51439666748047|9|1112
28.32733917236328|29|1113
27.297439575195312|25|1114
35.9345817565918|9|1115
46.72625732421875|21|1116
60.25722885131836|9|1117
81.86233520507812|9|1118
85.25784301757812|9|1119
81.60780334472656|9|1120
73.84535217285156|9|1121
50.651458740234375|9|1122
21.048646926879883|20|1123
29.07394027709961|10|1124
79.8006591796875|9|1125
94.54946899414062|9|1126
70.75826263427734|9|1127
58.92247009277344|9|1128
57.78377914428711|9|1129
53.4829216003418|9|1130
51.74482727050781|21|1131
43.56842041015625|21|1132
34.16650390625|21|1133
29.50306510925293|43|1134
33.29182052612305|22|1135
41.20975875854492|22|1136
50.809181213378906|8|1137
77.32077026367188|9|1138
87.77523803710938|9|1139
84.85516357421875|9|1140
77.47941589355469|9|1141
81.29988861083984|24|1142
92.07472229003906|24|1143
99.43112182617188|24|1144
100.52471160888672|24|1145
99.52706909179688|9|1146
86.56124877929688|9|1147
63.62669372558594|23|1148
58.0574951171875|9|1149
56.653533935546875|9|1150
53.79642105102539|9|1151
48.71617126464844|9|1152
47.5885009765625|18|1153
54.21015548706055|18|1154
56.75285720825195|18|1155
53.564552307128906|18|1156
53.25147247314453|18|1157
58.43301773071289|9|1158
83.44465637207031|9|1159
84.99559020996094|9|1160
79.94923400878906|9|1161
72.53971099853516|9|1162
54.10866165161133|9|1163
38.57695007324219|18|1164
42.76759719848633|18|1165
66.17108154296875|9|1166
100.26073455810547|8|1167
75.68758392333984|7|1168
80.00282287597656|6|1169
76.69940185546875|6|1170
71.64897918701172|6|1171
65.73339080810547|12|1172
58.55216979980469|12|1173
33.400054931640625|12|1174
28.92818832397461|19|1175
32.6207275390625|19|1176
37.19719696044922|6|1177
55.14634323120117|6|1178
70.19757080078125|6|1179
76.10795593261719|6|1180
76.71441650390625|6|1181
75.93856048583984|6|1182
69.59461212158203|6|1183
42.24454879760742|6|1184
19.97774314880371|11|1185
55.15317153930664|11|1186
97.3685302734375|9|1187
84.00899505615234|8|1188
73.68318176269531|6|1189
78.26441955566406|6|1190
75.5701904296875|6|1191
70.15602111816406|6|1192
62.55064010620117|6|1193
41.97783279418945|6|1194
13.932266235351562|6|1195
18.29540252685547|28|1196
27.0803165435791|6|1197
45.30439758300781|6|1198
61.29866027832031|6|1199
73.55907440185547|6|1200
76.90887451171875|6|1201
76.7741470336914|6|1202
74.85900115966797|6|1203
58.173179626464844|6|1204
23.928606033325195|6|1205
30.612762451171875|11|1206
79.11593627929688|9|1207
101.49544525146484|8|1208
72.95214080810547|7|1209
77.40667724609375|6|1210
76.62760925292969|6|1211
72.98291015625|6|1212
66.3271484375|6|1213
53.9066047668457|6|1214
27.00023651123047|6|1215
12.082598686218262|72|1216
22.287534713745117|24|1217
36.511592864990234|6|1218
53.90997314453125|6|1219
69.29706573486328|6|1220
75.67265319824219|6|1221
76.23815155029297|6|1222
75.0788803100586|6|1223
69.03153991699219|6|1224
41.89368438720703|6|1225
17.029420852661133|24|1226
54.281314849853516|10|1227
97.4560546875|8|1228
86.55585479736328|8|1229
72.9158706665039|6|1230
77.42840576171875|6|1231
75.70481872558594|6|1232
71.58259582519531|6|1233
63.73217010498047|6|1234
41.67894744873047|6|1235
13.195815086364746|7|1236
17.57571029663086|77|1237
34.93153381347656|77|1238
47.91779327392578|6|1239
62.61045455932617|6|1240
72.93568420410156|6|1241
78.39374542236328|6|1242
78.57984161376953|6|1243
75.12747192382812|6|1244
58.46990966796875|6|1245
23.382047653198242|6|1246
30.801284790039062|11|1247
78.75267028808594|9|1248
106.01451873779297|8|1249
77.11212921142578|7|1250
75.1958236694336|6|1251
73.14193725585938|6|1252
74.22879791259766|6|1253
66.4897689819336|6|1254
48.85388946533203|6|1255
23.551612854003906|29|1256
12.902462005615234|29|1257
21.627408981323242|73|1258
36.6050910949707|6|1259
58.789825439453125|6|1260
73.21238708496094|6|1261
72.02830505371094|6|1262
72.894775390625|6|1263
77.8357925415039|6|1264
68.69588470458984|6|1265
37.0728645324707|6|1266
13.820966720581055|28|1267
55.36134719848633|10|1268
100.20901489257812|8|1269
88.30465698242188|8|1270
77.13025665283203|6|1271
75.9078369140625|6|1272
65.40545654296875|6|1273
63.125526428222656|6|1274
64.9504165649414|6|1275
43.4834098815918|7|1276
20.950042724609375|8|1277
13.005570411682129|97|1278
32.561458587646484|98|1279
46.58736801147461|6|1280
64.32658386230469|6|1281
72.39828491210938|6|1282
68.13040924072266|6|1283
64.17548370361328|6|1284
72.11599731445312|6|1285
69.61613464355469|6|1286
38.676082611083984|7|1287
31.49022102355957|11|1288
78.21033477783203|9|1289
103.89939880371094|8|1290
76.58366394042969|7|1291
70.74785614013672|6|1292
55.312042236328125|6|1293
66.17278289794922|6|1294
72.8187484741211|6|1295
62.84856414794922|6|1296
43.19950866699219|7|1297
22.594480514526367|8|1298
25.33895492553711|4|1299
26.529891967773438|12|1300
48.32416915893555|12|1301
58.43474197387695|6|1302
65.05699157714844|6|1303
59.06219482421875|6|1304
69.12248229980469|6|1305
69.60447692871094|6|1306
50.78879928588867|5|1307
45.741798400878906|5|1308
55.23312759399414|9|1309
89.69202423095703|9|1310
71.91282653808594|9|1311
87.35304260253906|5|1312
84.80795288085938|6|1313
56.29627227783203|12|1314
55.59986877441406|12|1315
62.351078033447266|5|1316
65.92086029052734|5|1317
32.42726516723633|4|1318
27.040584564208984|4|1319
45.568092346191406|7|1320
63.40505599975586|7|1321
93.8763427734375|6|1322
86.5736083984375|6|1323
55.56570816040039|6|1324
46.1315803527832|6|1325
83.7074966430664|5|1326
65.93154907226562|5|1327
58.434295654296875|5|1328
77.49251556396484|11|1329
119.95310974121094|8|1330
158.44850158691406|8|1331
119.37303924560547|6|1332
154.78713989257812|5|1333
164.49270629882812|5|1334
148.71722412109375|5|1335
126.25443267822266|5|1336
106.79947662353516|5|1337
94.9153060913086|5|1338
78.01693725585938|5|1339
35.73152160644531|5|1340
55.093780517578125|7|1341
82.01654052734375|7|1342
100.01785278320312|7|1343
98.1134262084961|7|1344
93.7115707397461|7|1345
95.03166198730469|7|1346
87.47615814208984|7|1347
51.86820602416992|7|1348
33.17551040649414|22|1349
69.33292388916016|10|1350
157.65867614746094|8|1351
141.19825744628906|6|1352
144.41978454589844|5|1353
161.05125427246094|5|1354
161.55557250976562|5|1355
139.02554321289062|5|1356
116.8798599243164|5|1357
99.4593505859375|5|1358
92.43882751464844|5|1359
59.58128356933594|5|1360
44.03470230102539|18|1361
71.05447387695312|18|1362
87.01045227050781|7|1363
96.91036987304688|7|1364
98.1269302368164|21|1365
102.31044006347656|21|1366
90.61810302734375|7|1367
85.20089721679688|21|1368
91.96157836914062|21|1369
64.3501205444336|21|1370
110.92366027832031|8|1371
153.01242065429688|7|1372
117.72422790527344|6|1373
149.74920654296875|5|1374
160.51318359375|5|1375
149.01828002929688|5|1376
127.97871398925781|5|1377
106.53875732421875|5|1378
93.26423645019531|5|1379
77.57445526123047|5|1380
48.04684066772461|22|1381
52.22114944458008|7|1382
78.56307983398438|7|1383
99.281982421875|7|1384
98.94483184814453|7|1385
93.40811920166016|7|1386
94.37488555908203|7|1387
87.74014282226562|7|1388
52.64253616333008|7|1389
14.922992706298828|7|1390
55.779869079589844|10|1391
127.81307983398438|8|1392
119.12232971191406|6|1393
138.7799530029297|5|1394
157.4027557373047|5|1395
157.48931884765625|5|1396
135.92161560058594|5|1397
114.7838134765625|5|1398
97.01841735839844|5|1399
90.40689086914062|5|1400
58.957984924316406|5|1401
55.28551483154297|87|1402
65.99966430664062|7|1403
90.85726928710938|7|1404
101.1494369506836|7|1405
96.11772918701172|7|1406
93.989990234375|7|1407
93.40010833740234|7|1408
74.09019470214844|7|1409
64.29818725585938|82|1410
62.24995803833008|82|1411
106.63496398925781|9|1412
138.37355041503906|8|1413
124.69412231445312|6|1414
149.29476928710938|5|1415
155.31524658203125|5|1416
146.50221252441406|5|1417
120.01604461669922|5|1418
115.18152618408203|5|1419
90.28144836425781|5|1420
72.97589874267578|5|1421
41.10277557373047|81|1422
42.78793716430664|7|1423
63.4594612121582|7|1424
77.68928527832031|7|1425
82.55802917480469|7|1426
83.14604187011719|7|1427
82.37881469726562|7|1428
76.64875793457031|7|1429
47.38702392578125|7|1430
36.5941162109375|28|1431
65.82389831542969|10|1432
146.88784790039062|8|1433
136.93992614746094|6|1434
142.94862365722656|5|1435
156.0696258544922|5|1436
161.65289306640625|5|1437
138.60064697265625|5|1438
122.53594970703125|5|1439
108.69647216796875|5|1440
85.27471160888672|5|1441
58.191917419433594|4|1442
32.74736022949219|7|1443
52.72528839111328|7|1444
72.0864028930664|7|1445
81.74874877929688|7|1446
83.39593505859375|7|1447
82.26024627685547|7|1448
79.67606353759766|7|1449
63.104217529296875|7|1450
26.778106689453125|26|1451
32.33546829223633|11|1452
108.62174987792969|9|1453
148.29910278320312|8|1454
133.4456024169922|6|1455
153.81448364257812|5|1456
162.20230102539062|5|1457
154.9291534423828|5|1458
127.34416198730469|5|1459
121.83960723876953|5|1460
94.97652435302734|5|1461
74.91010284423828|5|1462
44.106441497802734|27|1463
47.1445426940918|27|1464
63.44715118408203|7|1465
76.2823715209961|7|1466
79.22795104980469|7|1467
80.30952453613281|7|1468
80.56722259521484|7|1469
75.2445297241211|7|1470
54.74982452392578|18|1471
63.3449592590332|17|1472
67.7672348022461|10|1473
151.7886199951172|8|1474
137.01544189453125|6|1475
143.54241943359375|5|1476
155.47311401367188|5|1477
159.08065795898438|5|1478
135.8216552734375|5|1479
117.36361694335938|5|1480
105.82319641113281|5|1481
84.63552856445312|5|1482
58.16176986694336|4|1483
58.27082443237305|21|1484
55.96656799316406|21|1485
67.40511322021484|7|1486
77.88328552246094|7|1487
80.66036224365234|7|1488
82.00151062011719|7|1489
80.02725982666016|7|1490
86.58979797363281|89|1491
71.86417388916016|90|1492
55.460933685302734|93|1493
103.86516571044922|9|1494
145.95042419433594|8|1495
117.8872299194336|6|1496
140.7972869873047|5|1497
169.14285278320312|5|1498
164.5099334716797|5|1499
107.7975082397461|4|1500
118.14872741699219|5|1501
116.05039978027344|5|1502
73.26589965820312|5|1503
60.83843231201172|12|1504
41.10097122192383|11|1505
51.20236587524414|6|1506
66.65890502929688|6|1507
73.6578140258789|6|1508
74.3857650756836|6|1509
74.41942596435547|6|1510
71.779541015625|6|1511
47.26655578613281|86|1512
45.55888366699219|86|1513
69.7226791381836|11|1514
139.7143096923828|8|1515
130.64308166503906|6|1516
131.30738830566406|5|1517
156.88442993164062|5|1518
173.9019775390625|5|1519
135.76382446289062|5|1520
104.3832778930664|4|1521
125.92898559570312|5|1522
100.50008392333984|5|1523
60.44748306274414|4|1524
37.16040802001953|86|1525
44.713626861572266|6|1526
60.92316818237305|6|1527
71.20783996582031|6|1528
73.0201416015625|6|1529
74.63990783691406|6|1530
74.69758605957031|6|1531
61.71635437011719|6|1532
60.91075897216797|55|1533
55.10831069946289|54|1534
106.16339874267578|9|1535
150.47109985351562|8|1536
121.30865478515625|6|1537
142.8835906982422|5|1538
168.59812927246094|5|1539
162.02125549316406|5|1540
106.84600830078125|5|1541
118.1123275756836|5|1542
118.5162582397461|5|1543
77.75736236572266|5|1544
40.71107864379883|4|1545
36.08985137939453|54|1546
49.734375|6|1547
65.1188735961914|6|1548
73.30982971191406|6|1549
75.28919982910156|6|1550
74.8565444946289|6|1551
70.34195709228516|6|1552
45.59440994262695|6|1553
28.813159942626953|82|1554
60.77019119262695|10|1555
140.68263244628906|8|1556
130.01121520996094|6|1557
131.77976989746094|5|1558
157.24668884277344|5|1559
177.7335662841797|5|1560
139.62966918945312|5|1561
105.59921264648438|4|1562
126.208740234375|5|1563
102.0406723022461|5|1564
60.619258880615234|4|1565
40.584251403808594|24|1566
62.833797454833984|24|1567
58.276344299316406|6|1568
70.66118621826172|6|1569
73.42710876464844|6|1570
73.66243743896484|6|1571
72.80183410644531|6|1572
62.293304443359375|6|1573
30.820383071899414|6|1574
45.332637786865234|24|1575
105.88988494873047|9|1576
152.2007598876953|8|1577
123.1561050415039|6|1578
142.592041015625|5|1579
169.36721801757812|5|1580
163.8912811279297|5|1581
106.30126953125|5|1582
116.97468566894531|5|1583
118.94792175292969|5|1584
77.79215240478516|5|1585
38.347816467285156|4|1586
36.01419448852539|6|1587
52.005226135253906|6|1588
66.48789978027344|6|1589
74.60283660888672|6|1590
75.64545440673828|6|1591
73.96815490722656|6|1592
69.88141632080078|6|1593
46.82524490356445|6|1594
36.204402923583984|72|1595
63.82242202758789|10|1596
144.85919189453125|8|1597
129.60821533203125|6|1598
130.48141479492188|5|1599
156.9718780517578|5|1600
176.5751190185547|5|1601
139.0220947265625|5|1602
106.53434753417969|4|1603
128.5074005126953|5|1604
100.77387237548828|5|1605
59.54081726074219|4|1606
33.0219612121582|6|1607
43.07840347290039|6|1608
59.942684173583984|6|1609
72.53321838378906|6|1610
76.5057144165039|6|1611
77.89486694335938|6|1612
76.14958190917969|6|1613
61.64167022705078|6|1614
55.67618179321289|29|1615
43.51753616333008|29|1616
102.36309814453125|9|1617
150.97134399414062|8|1618
122.3246841430664|6|1619
143.44081115722656|5|1620
171.18353271484375|5|1621
166.70376586914062|5|1622
109.29914855957031|5|1623
117.79176330566406|5|1624
121.04857635498047|5|1625
81.5911636352539|5|1626
42.51652908325195|4|1627
51.01007843017578|29|1628
61.11629867553711|29|1629
77.2962417602539|29|1630
81.59134674072266|28|1631
76.37362670898438|6|1632
76.39940643310547|6|1633
72.62163543701172|6|1634
48.091529846191406|6|1635
19.97061538696289|30|1636
64.76129150390625|10|1637
147.5184783935547|8|1638
135.80516052246094|7|1639
130.5879669189453|5|1640
156.68565368652344|5|1641
176.7294158935547|5|1642
141.2997589111328|5|1643
106.06855010986328|4|1644
126.00753021240234|5|1645
99.96321868896484|5|1646
61.20478057861328|4|1647
30.65535545349121|29|1648
39.12824630737305|6|1649
57.5015754699707|6|1650
71.2304458618164|6|1651
74.62599182128906|6|1652
74.50053405761719|6|1653
74.16484069824219|6|1654
62.83876419067383|6|1655
30.531770706176758|6|1656
29.140859603881836|11|1657
108.2160873413086|9|1658
161.6845245361328|8|1659
126.10488891601562|6|1660
152.25|5|1661
162.50186157226562|5|1662
150.16091918945312|5|1663
128.55650329589844|5|1664
110.81884765625|5|1665
96.708740234375|5|1666
83.76092529296875|5|1667
43.23351287841797|5|1668
48.95409393310547|7|1669
78.76174926757812|7|1670
100.22290802001953|7|1671
101.94146728515625|7|1672
96.53453826904297|7|1673
95.21903991699219|7|1674
88.34223937988281|7|1675
56.47938537597656|7|1676
29.386594772338867|22|1677
58.2750358581543|10|1678
145.12890625|8|1679
137.93748474121094|7|1680
136.03167724609375|5|1681
158.47027587890625|5|1682
162.3399658203125|5|1683
140.68112182617188|5|1684
119.11837768554688|5|1685
100.56787109375|5|1686
93.61058044433594|5|1687
63.95115280151367|5|1688
35.737545013427734|8|1689
63.25160598754883|7|1690
88.83000183105469|7|1691
101.99352264404297|7|1692
97.20157623291016|7|1693
95.18167114257812|7|1694
95.59172821044922|7|1695
79.87440490722656|7|1696
37.461753845214844|7|1697
23.929777145385742|12|1698
99.44659423828125|9|1699
154.68417358398438|8|1700
126.0050277709961|6|1701
154.7391357421875|5|1702
163.88931274414062|5|1703
150.5167694091797|5|1704
125.82349395751953|5|1705
105.18659210205078|5|1706
93.85407257080078|5|1707
81.88096618652344|5|1708
80.80250549316406|22|1709
81.57274627685547|23|1710
77.7718276977539|23|1711
98.26445007324219|7|1712
99.00582885742188|7|1713
95.0418472290039|7|1714
93.685546875|7|1715
86.72273254394531|7|1716
56.15422058105469|7|1717
40.423397064208984|24|1718
58.06492233276367|10|1719
146.01182556152344|8|1720
140.724853515625|7|1721
135.658447265625|5|1722
157.23214721679688|5|1723
159.2534942626953|5|1724
135.42857360839844|5|1725
115.32878875732422|5|1726
101.37002563476562|5|1727
93.37882232666016|5|1728
64.54737091064453|5|1729
37.111297607421875|145|1730
62.23324203491211|7|1731
85.65577697753906|7|1732
98.33519744873047|7|1733
96.54106140136719|7|1734
94.86261749267578|7|1735
93.77809143066406|7|1736
78.31239318847656|7|1737
37.066795349121094|135|1738
36.24900817871094|108|1739
93.7894515991211|9|1740
144.072509765625|8|1741
127.76457977294922|6|1742
148.1063232421875|5|1743
161.73106384277344|5|1744
155.23431396484375|5|1745
132.83370971679688|5|1746
116.57234954833984|5|1747
106.59294891357422|5|1748
83.86969757080078|5|1749
44.85081481933594|4|1750
32.27931594848633|8|1751
47.71819305419922|8|1752
67.83760833740234|9|1753
84.9935531616211|9|1754
84.91374206542969|9|1755
79.08952331542969|9|1756
69.4079818725586|9|1757
55.76798629760742|28|1758
50.16189956665039|29|1759
57.53971862792969|10|1760
143.56137084960938|8|1761
134.8807830810547|6|1762
134.90594482421875|5|1763
160.7406768798828|5|1764
167.56300354003906|5|1765
149.23020935058594|5|1766
125.22364044189453|5|1767
110.88435363769531|5|1768
97.70235443115234|5|1769
64.32833099365234|5|1770
53.145755767822266|29|1771
61.181861877441406|29|1772
48.527767181396484|8|1773
78.72498321533203|9|1774
84.27971649169922|9|1775
80.72947692871094|9|1776
74.95537567138672|9|1777
58.867000579833984|9|1778
28.689695358276367|65|1779
29.33946990966797|65|1780
96.58158874511719|9|1781
147.42665100097656|8|1782
127.97530364990234|6|1783
147.76966857910156|5|1784
162.4485626220703|5|1785
155.7486572265625|5|1786
131.539794921875|5|1787
115.49083709716797|5|1788
105.26881408691406|5|1789
82.69747924804688|5|1790
44.39408874511719|5|1791
36.678096771240234|65|1792
46.941650390625|8|1793
67.7167739868164|9|1794
84.69219970703125|9|1795
83.8067626953125|9|1796
76.77058410644531|9|1797
67.4114990234375|9|1798
49.60084915161133|24|1799
56.60789489746094|24|1800
58.48796463012695|10|1801
139.7242431640625|8|1802
132.97525024414062|7|1803
133.42933654785156|5|1804
159.32217407226562|5|1805
164.07211303710938|5|1806
147.42926025390625|5|1807
126.45345306396484|5|1808
112.6754150390625|5|1809
95.70641326904297|5|1810
63.01731491088867|5|1811
35.677886962890625|9|1812
39.07656478881836|8|1813
48.64902877807617|8|1814
79.16162109375|9|1815
87.49200439453125|9|1816
83.93086242675781|9|1817
76.12445831298828|9|1818
60.350013732910156|9|1819
38.97492218017578|50|1820
40.658843994140625|50|1821
104.33236694335938|9|1822
161.2755584716797|8|1823
130.49659729003906|6|1824
142.70713806152344|5|1825
167.83973693847656|5|1826
167.4750518798828|5|1827
109.0692367553711|5|1828
111.60062408447266|5|1829
121.67727661132812|5|1830
83.0190200805664|5|1831
54.89106750488281|14|1832
55.12207794189453|13|1833
54.57518005371094|13|1834
64.054931640625|6|1835
69.46247100830078|6|1836
75.19882202148438|6|1837
76.81827545166016|6|1838
72.78101348876953|6|1839
49.36475372314453|6|1840
18.74171257019043|11|1841
57.80400848388672|11|1842
146.34829711914062|8|1843
144.3820037841797|7|1844
127.93384552001953|5|1845
155.234619140625|5|1846
177.8020477294922|5|1847
145.90211486816406|5|1848
106.24311828613281|4|1849
128.1409454345703|5|1850
106.03044128417969|5|1851
65.4451675415039|4|1852
30.948686599731445|6|1853
40.25385284423828|6|1854
56.416465759277344|6|1855
69.72830200195312|6|1856
74.3870620727539|6|1857
75.73534393310547|6|1858
76.13451385498047|6|1859
65.42635345458984|6|1860
32.28838348388672|6|1861
23.246274948120117|11|1862
99.26908111572266|9|1863
158.28005981445312|8|1864
130.03836059570312|6|1865
140.6776123046875|5|1866
167.85052490234375|5|1867
171.2847442626953|5|1868
114.9050521850586|5|1869
114.6472396850586|5|1870
123.54822540283203|5|1871
83.11175537109375|5|1872
41.876190185546875|4|1873
39.20685577392578|73|1874
50.39990234375|6|1875
67.6705093383789|6|1876
74.81024169921875|6|1877
74.82264709472656|6|1878
74.36531829833984|6|1879
72.03997802734375|6|1880
51.4782829284668|6|1881
18.13129997253418|6|1882
55.269290924072266|10|1883
143.43943786621094|8|1884
144.23309326171875|7|1885
125.82160949707031|5|1886
153.2213134765625|5|1887
178.38345336914062|5|1888
148.176025390625|5|1889
107.17404174804688|4|1890
126.71733856201172|5|1891
105.45134735107422|5|1892
66.53392028808594|4|1893
30.602867126464844|4|1894
42.007328033447266|11|1895
53.69667053222656|6|1896
65.43366241455078|6|1897
73.34786224365234|6|1898
75.78555297851562|6|1899
74.29109954833984|6|1900
63.54649353027344|6|1901
30.44012451171875|6|1902
22.08043098449707|29|1903
95.9339370727539|9|1904
161.8799285888672|8|1905
127.74395751953125|6|1906
139.39515686035156|5|1907
167.5775146484375|5|1908
171.3279266357422|5|1909
113.67871856689453|5|1910
112.210693359375|5|1911
121.82080841064453|5|1912
85.42219543457031|5|1913
45.71297836303711|4|1914
41.199195861816406|73|1915
52.832313537597656|6|1916
73.70032501220703|6|1917
75.46308135986328|6|1918
71.97077178955078|6|1919
76.59384155273438|6|1920
72.34375|6|1921
44.30000305175781|6|1922
19.649080276489258|57|1923
52.60090637207031|10|1924
141.49700927734375|8|1925
140.4624786376953|7|1926
120.41754150390625|5|1927
150.6041259765625|5|1928
169.8887481689453|5|1929
142.70469665527344|5|1930
104.64862823486328|4|1931
120.22523498535156|5|1932
106.419189453125|5|1933
67.85478973388672|4|1934
40.10945129394531|98|1935
57.625282287597656|98|1936
55.629112243652344|6|1937
68.01067352294922|6|1938
68.39315032958984|6|1939
63.27778625488281|6|1940
66.1985855102539|6|1941
72.2599105834961|6|1942
45.30213928222656|7|1943
22.247852325439453|11|1944
97.08606719970703|9|1945
160.22445678710938|8|1946
129.62376403808594|6|1947
131.00567626953125|5|1948
151.88270568847656|5|1949
160.453369140625|5|1950
106.08314514160156|5|1951
88.92513275146484|5|1952
122.2613754272461|5|1953
99.98773956298828|4|1954
54.53614807128906|4|1955
31.607324600219727|3|1956
45.245487213134766|12|1957
57.70465087890625|12|1958
63.49641418457031|6|1959
57.56973648071289|6|1960
65.77047729492188|6|1961
70.1921157836914|6|1962
51.35399627685547|6|1963
49.428367614746094|5|1964
62.6148567199707|9|1965
134.8868865966797|9|1966
129.01255798339844|6|1967
101.03707122802734|5|1968
105.86632537841797|5|1969
149.3369598388672|5|1970
139.32357788085938|5|1971
125.73773956298828|4|1972
136.14227294921875|5|1973
117.95510864257812|5|1974
64.66696166992188|5|1975
37.79929733276367|6|1976
56.9475212097168|7|1977
82.23724365234375|5|1978
92.8536148071289|6|1979
59.30449295043945|6|1980
50.48579788208008|87|1981
73.20008850097656|5|1982
68.21913146972656|5|1983
51.63307571411133|5|1984
64.21101379394531|5|1985
60.591796875|10|1986
81.76197814941406|10|1987
80.58174896240234|7|1988
130.59181213378906|7|1989
121.86923217773438|6|1990
147.0255584716797|5|1991
149.5064697265625|5|1992
165.680908203125|4|1993
169.86573791503906|4|1994
159.8290557861328|4|1995
157.5364227294922|4|1996
147.84951782226562|4|1997
93.17570495605469|3|1998
54.5455436706543|3|1999
37.895198822021484|77|2000
40.63984298706055|5|2001
35.86384582519531|5|2002
26.3692684173584|8|2003
35.1323356628418|6|2004
42.8433723449707|5|2005
37.39038848876953|5|2006
38.62287521362305|5|2007
43.62519454956055|6|2008
45.4378547668457|58|2009
35.813568115234375|58|2010
28.873106002807617|10|2011
40.699710845947266|10|2012
41.986106872558594|9|2013
41.18603515625|5|2014
35.4573860168457|5|2015
28.691179275512695|29|2016
36.67768478393555|29|2017
36.835697174072266|20|2018
37.71327209472656|5|2019
38.21385192871094|29|2020
66.33981323242188|23|2021
79.00751495361328|23|2022
81.5591049194336|23|2023
89.45198822021484|23|2024
87.96732330322266|24|2025
127.6780776977539|24|2026
101.64398956298828|24|2027
58.17214584350586|22|2028
54.8319091796875|22|2029
77.24059295654297|48|2030
65.63172149658203|48|2031
62.24317932128906|57|2032
51.32219314575195|58|2033
39.40618133544922|68|2034
43.33525085449219|6|2035
46.58404541015625|6|2036
41.744747161865234|75|2037
44.547157287597656|49|2038
47.20854568481445|49|2039
38.52796173095703|48|2040
39.047584533691406|5|2041
45.71098327636719|5|2042
41.610416412353516|5|2043
35.26518630981445|97|2044
32.869773864746094|29|2045
35.94291305541992|5|2046
39.54707717895508|5|2047
43.8635368347168|5|2048
37.24261474609375|6|2049
27.861650466918945|8|2050
41.348392486572266|38|2051
60.241798400878906|115|2052
55.894737243652344|115|2053
41.87633514404297|5|2054
47.22432327270508|109|2055
62.55075454711914|109|2056
61.017433166503906|109|2057
54.67715072631836|109|2058
53.47763442993164|109|2059
48.55283737182617|43|2060
45.27165985107422|364|2061
51.855709075927734|364|2062
51.658206939697266|364|2063
61.104583740234375|365|2064
63.0989875793457|365|2065
57.7260856628418|366|2066
59.14741516113281|367|2067
53.34069061279297|366|2068
43.870845794677734|36|2069
50.46734619140625|36|2070
49.92967224121094|37|2071
50.57015609741211|37|2072
53.4362907409668|37|2073
44.64868927001953|36|2074
44.342872619628906|35|2075
52.33099365234375|44|2076
48.122310638427734|44|2077
48.31199645996094|39|2078
49.1168212890625|38|2079
32.058780670166016|37|2080
40.90690231323242|102|2081
40.39103317260742|102|2082
46.272666931152344|44|2083
37.76414108276367|114|2084
33.95930480957031|38|2085
35.8082160949707|65|2086
35.936222076416016|65|2087
30.642507553100586|24|2088
31.77197265625|65|2089
36.657814025878906|65|2090
25.27706527709961|8|2091
20.617706298828125|54|2092
16.683069229125977|129|2093
21.52984619140625|5|2094
28.262378692626953|5|2095
32.09700012207031|65|2096
31.641929626464844|65|2097
26.793230056762695|32|2098
44.52389144897461|23|2099
45.63502502441406|25|2100
36.205875396728516|64|2101
39.76108169555664|64|2102
30.86865234375|64|2103
28.634033203125|370|2104
23.08987045288086|65|2105
23.072830200195312|65|2106
22.107995986938477|65|2107
20.040782928466797|65|2108
22.70415687561035|6|2109
27.405187606811523|65|2110
35.39884567260742|27|2111
25.58254623413086|28|2112
29.271242141723633|32|2113
34.13059997558594|27|2114
54.67683792114258|27|2115
60.057106018066406|27|2116
45.46711730957031|27|2117
26.037668228149414|25|2118
19.54427719116211|21|2119
23.54880142211914|33|2120
31.670448303222656|32|2121
57.92337417602539|32|2122
73.85462188720703|33|2123
55.15718460083008|34|2124
39.60679244995117|35|2125
33.04946517944336|36|2126
45.51860427856445|333|2127
60.947139739990234|333|2128
35.86185073852539|43|2129
47.98582077026367|35|2130
55.79952621459961|34|2131
38.07855987548828|34|2132
43.02604293823242|369|2133
62.09072494506836|370|2134
41.787086486816406|370|2135
45.99486541748047|108|2136
49.0760383605957|108|2137
47.24468994140625|36|2138
60.071414947509766|36|2139
66.1114501953125|36|2140
60.995426177978516|36|2141
50.15123748779297|36|2142
44.54681396484375|36|2143
43.905391693115234|36|2144
42.75313949584961|36|2145
38.22203826904297|36|2146
40.84412384033203|37|2147
45.8354377746582|366|2148
50.52912139892578|366|2149
47.98051071166992|365|2150
58.0938606262207|365|2151
58.2364616394043|365|2152
70.27812957763672|365|2153
72.59945678710938|365|2154
71.1973876953125|365|2155
72.60855865478516|365|2156
70.32357788085938|365|2157
70.16870880126953|365|2158
64.60860443115234|365|2159
68.562255859375|364|2160
73.1287612915039|365|2161
60.814735412597656|366|2162
51.050235748291016|366|2163
58.687408447265625|72|2164
61.260711669921875|72|2165
46.7090950012207|35|2166
47.61393737792969|34|2167
48.925479888916016|33|2168
40.86318588256836|31|2169
44.132713317871094|29|2170
42.466426849365234|28|2171
33.98179244995117|27|2172
38.97062683105469|55|2173
27.38764762878418|55|2174
26.09213638305664|27|2175
24.23482894897461|27|2176
22.443546295166016|27|2177
21.62274742126465|73|2178
21.70296859741211|73|2179
17.94484519958496|73|2180
21.3181095123291|55|2181
25.754154205322266|55|2182
24.32823371887207|54|2183
20.218826293945312|54|2184
25.733125686645508|73|2185
33.77579879760742|73|2186
31.00729751586914|73|2187
27.34592056274414|54|2188
30.46426773071289|54|2189
23.86901092529297|54|2190
20.6050968170166|87|2191
38.98731231689453|19|2192
43.13059997558594|20|2193
33.79467010498047|65|2194
26.842557907104492|67|2195
33.74334716796875|148|2196
31.9243106842041|124|2197
43.378936767578125|125|2198
35.88911819458008|75|2199
29.773059844970703|75|2200
37.78087615966797|130|2201
31.84871482849121|130|2202
49.249454498291016|109|2203
47.26675033569336|108|2204
55.90978240966797|83|2205
49.5911865234375|83|2206
33.19972229003906|82|2207
36.569496154785156|80|2208
40.9719352722168|54|2209
44.469913482666016|81|2210
40.59055709838867|81|2211
43.39408493041992|82|2212
36.059295654296875|55|2213
31.39597511291504|136|2214
40.94075012207031|136|2215
32.44827651977539|27|2216
33.07795333862305|44|2217
47.241573333740234|110|2218
80.52885437011719|109|2219
77.162353515625|109|2220
49.49092483520508|109|2221
28.30396842956543|48|2222
49.60350036621094|44|2223
46.03316879272461|45|2224
27.30670166015625|55|2225
34.232574462890625|43|2226
29.762832641601562|90|2227
39.84625244140625|65|2228
50.65581130981445|67|2229
54.02494430541992|67|2230
44.640621185302734|66|2231
47.4967041015625|164|2232
40.584800720214844|164|2233
29.60230827331543|49|2234
36.57759475708008|146|2235
46.477142333984375|146|2236
47.49127960205078|98|2237
53.173736572265625|98|2238
44.92127990722656|98|2239
33.11491394042969|182|2240
32.555660247802734|145|2241
32.75524139404297|98|2242
44.16463088989258|97|2243
35.28549575805664|219|2244
36.351009368896484|254|2245
39.183773040771484|254|2246
36.96018981933594|255|2247
42.45695877075195|219|2248
41.98405456542969|255|2249
39.50128173828125|97|2250
46.215248107910156|97|2251
42.93201446533203|97|2252
33.17949295043945|254|2253
34.79063034057617|49|2254
39.93424987792969|146|2255
40.16364669799805|256|2256
36.24501419067383|73|2257
38.49275207519531|73|2258
30.063034057617188|48|2259
25.731550216674805|73|2260
26.087987899780273|73|2261
22.999465942382812|73|2262
34.52443313598633|49|2263
34.30645751953125|51|2264
30.73866844177246|81|2265
46.80486297607422|82|2266
42.251895904541016|82|2267
41.66850662231445|82|2268
43.879825592041016|82|2269
48.2614860534668|82|2270
49.940406799316406|82|2271
55.56922912597656|82|2272
57.25004577636719|82|2273
55.536895751953125|81|2274
60.68239974975586|81|2275
54.7201042175293|81|2276
51.63878631591797|73|2277
49.3974609375|82|2278
46.79004669189453|82|2279
52.500885009765625|82|2280
58.824249267578125|82|2281
63.7857551574707|82|2282
63.30886459350586|82|2283
57.81954574584961|82|2284
52.86043167114258|82|2285
56.12052917480469|82|2286
51.5714111328125|82|2287
48.893096923828125|83|2288
47.27233123779297|82|2289
48.65376663208008|81|2290
28.902097702026367|73|2291
31.538013458251953|72|2292
33.13532257080078|72|2293
37.108028411865234|28|2294
40.75914001464844|29|2295
52.95139694213867|29|2296
54.4090690612793|29|2297
57.492733001708984|29|2298
47.23738479614258|29|2299
49.43947982788086|28|2300
51.09469223022461|29|2301
54.324951171875|29|2302
39.753692626953125|29|2303
33.0549201965332|49|2304
49.65795135498047|49|2305
86.32564544677734|48|2306
91.67200469970703|48|2307
87.40777587890625|49|2308
60.51543045043945|48|2309
42.33979797363281|48|2310
38.566402435302734|49|2311
49.41123580932617|49|2312
55.88542556762695|49|2313
59.40165710449219|48|2314
55.006282806396484|48|2315
52.204776763916016|49|2316
51.35490036010742|48|2317
55.64008712768555|48|2318
58.865081787109375|49|2319
55.829280853271484|5|2320
61.644004821777344|4|2321
64.28885650634766|4|2322
58.5162239074707|4|2323
55.245079040527344|4|2324
51.61067581176758|4|2325
35.95187759399414|49|2326
40.75876235961914|49|2327
53.51198959350586|48|2328
41.957950592041016|48|2329
26.901660919189453|47|2330
26.04100799560547|77|2331
33.323734283447266|44|2332
36.57606887817383|58|2333
28.265703201293945|24|2334
33.3906364440918|24|2335
38.76061248779297|24|2336
35.96519088745117|49|2337
27.723947525024414|19|2338
33.678470611572266|19|2339
25.851804733276367|97|2340
23.276836395263672|86|2341
30.442279815673828|87|2342
30.38266372680664|29|2343
31.876766204833984|29|2344
26.330873489379883|29|2345
25.397857666015625|58|2346
24.036216735839844|58|2347
21.91815185546875|58|2348
25.17095375061035|58|2349
25.679475784301758|58|2350
25.52410125732422|97|2351
25.308197021484375|29|2352
24.62798309326172|116|2353
27.171337127685547|20|2354
58.79619598388672|19|2355
42.836429595947266|19|2356
36.08958435058594|45|2357
30.66948127746582|45|2358
26.72393798828125|45|2359
31.859922409057617|38|2360
30.71686553955078|39|2361
27.6307430267334|58|2362
36.1373176574707|58|2363
30.79758644104004|58|2364
20.545032501220703|29|2365
16.473796844482422|39|2366
21.204587936401367|155|2367
29.107711791992188|77|2368
45.466739654541016|49|2369
48.7785530090332|49|2370
28.353153228759766|49|2371
22.517539978027344|77|2372
20.80973243713379|117|2373
24.247711181640625|58|2374
31.424724578857422|58|2375
22.767168045043945|58|2376
17.558401107788086|29|2377
24.46531105041504|29|2378
30.148544311523438|76|2379
33.265533447265625|76|2380
26.222166061401367|181|2381
38.642364501953125|181|2382
34.58317565917969|180|2383
45.4149169921875|87|2384
34.90031433105469|87|2385
39.250709533691406|181|2386
39.506004333496094|181|2387
39.04039001464844|86|2388
46.36105728149414|86|2389
40.96049118041992|87|2390
30.88812828063965|87|2391
33.95690155029297|87|2392
31.77431297302246|86|2393
32.98899841308594|29|2394
34.74014663696289|29|2395
33.838619232177734|183|2396
30.580297470092773|183|2397
28.705059051513672|183|2398
30.199918746948242|87|2399
27.443359375|183|2400
31.86640739440918|256|2401
38.1013069152832|256|2402
41.030784606933594|65|2403
43.56663513183594|65|2404
37.350032806396484|255|2405
33.01620101928711|255|2406
33.62659454345703|182|2407
37.51030349731445|86|2408
41.231353759765625|86|2409
32.63129806518555|65|2410
43.13569259643555|65|2411
40.192047119140625|65|2412
34.4835205078125|182|2413
40.39369201660156|183|2414
40.017887115478516|182|2415
38.435791015625|65|2416
32.4214973449707|65|2417
21.50530242919922|65|2418
20.15857696533203|22|2419
21.122074127197266|22|2420
28.961801528930664|97|2421
30.06846046447754|98|2422
28.802881240844727|98|2423
22.835668563842773|98|2424
17.69737434387207|97|2425
16.862585067749023|97|2426
16.60958480834961|22|2427
26.96921157836914|24|2428
60.650997161865234|25|2429
73.6298828125|27|2430
74.58712768554688|27|2431
64.7605972290039|27|2432
33.26952362060547|28|2433
24.756330490112305|65|2434
16.992515563964844|66|2435
25.10371971130371|65|2436
23.541513442993164|65|2437
28.91042137145996|26|2438
43.99016189575195|55|2439
51.04839324951172|56|2440
49.24251937866211|55|2441
55.99310302734375|54|2442
57.23223876953125|54|2443
37.24522399902344|54|2444
21.63543701171875|22|2445
25.880544662475586|22|2446
24.2683048248291|21|2447
22.27448844909668|65|2448
27.032175064086914|31|2449
39.14511489868164|34|2450
37.81912612915039|35|2451
38.861053466796875|43|2452
42.95648956298828|43|2453
39.33329772949219|37|2454
42.08185577392578|37|2455
40.89447784423828|36|2456
39.85317611694336|37|2457
36.015262603759766|37|2458
31.626991271972656|36|2459
39.7042236328125|72|2460
60.1717414855957|73|2461
61.589630126953125|73|2462
46.49800491333008|73|2463
45.2153205871582|73|2464
42.268043518066406|73|2465
39.240989685058594|73|2466
35.499088287353516|72|2467
37.47227096557617|72|2468
38.69810104370117|73|2469
40.85810470581055|73|2470
43.07978057861328|73|2471
46.938907623291016|73|2472
49.629032135009766|73|2473
48.35363006591797|73|2474
45.02130889892578|73|2475
47.95832061767578|73|2476
50.23204803466797|73|2477
47.129085540771484|73|2478
36.92793655395508|73|2479
31.126861572265625|182|2480
34.23233413696289|73|2481
38.91246795654297|73|2482
43.74419021606445|73|2483
48.767791748046875|73|2484
43.177284240722656|73|2485
41.81652069091797|73|2486
52.019107818603516|73|2487
55.810184478759766|73|2488
53.88608932495117|73|2489
55.064674377441406|73|2490
58.8338623046875|73|2491
61.895606994628906|73|2492
66.11799621582031|73|2493
62.91317367553711|73|2494
54.460540771484375|73|2495
47.870174407958984|73|2496
47.828453063964844|73|2497
45.01670837402344|73|2498
41.22166061401367|73|2499
47.18496322631836|73|2500
54.26432418823242|73|2501
45.29897689819336|73|2502
28.880794525146484|73|2503
29.15805435180664|25|2504
29.829490661621094|25|2505
22.478668212890625|55|2506
25.256086349487305|55|2507
19.950544357299805|55|2508
13.535298347473145|55|2509
16.200916290283203|65|2510
15.869937896728516|174|2511
16.176279067993164|109|2512
15.471345901489258|55|2513
18.894115447998047|87|2514
22.182647705078125|109|2515
20.90867042541504|72|2516
26.491609573364258|73|2517
19.351980209350586|54|2518
18.438587188720703|74|2519
25.698835372924805|73|2520
50.916629791259766|65|2521
41.593929290771484|65|2522
29.949445724487305|75|2523
38.54823684692383|77|2524
42.17820739746094|80|2525
48.15830612182617|81|2526
43.30122756958008|81|2527
38.15327072143555|129|2528
33.00009536743164|130|2529
39.63265609741211|82|2530
56.88956069946289|82|2531
62.77458572387695|82|2532
63.12211227416992|82|2533
66.4728012084961|82|2534
61.484405517578125|82|2535
54.10024642944336|82|2536
63.05107879638672|82|2537
73.70768737792969|82|2538
64.15009307861328|82|2539
42.703372955322266|82|2540
34.9101676940918|138|2541
42.49514389038086|55|2542
37.9545783996582|55|2543
33.173648834228516|43|2544
37.907283782958984|130|2545
42.963348388671875|55|2546
52.00010299682617|56|2547
49.90730285644531|56|2548
62.65085220336914|27|2549
46.21543502807617|43|2550
48.50338363647461|42|2551
58.48398971557617|45|2552
40.93920135498047|44|2553
47.3823127746582|54|2554
53.31237030029297|55|2555
31.574209213256836|56|2556
41.04535675048828|67|2557
50.49527359008789|67|2558
45.98356628417969|67|2559
37.90576934814453|68|2560
45.094268798828125|70|2561
46.38639450073242|70|2562
41.78472900390625|72|2563
45.7822265625|98|2564
53.00226593017578|73|2565
48.97776794433594|72|2566
41.89286804199219|72|2567
52.608978271484375|73|2568
59.76155090332031|73|2569
56.56047439575195|73|2570
59.67403793334961|73|2571
61.4549446105957|73|2572
47.33753204345703|73|2573
35.377899169921875|73|2574
46.70391845703125|73|2575
46.57896041870117|73|2576
42.02381134033203|97|2577
47.57923889160156|73|2578
49.081607818603516|73|2579
45.82561492919922|73|2580
42.366065979003906|73|2581
38.53913497924805|73|2582
33.75823211669922|146|2583