Turn Down for What
DJ Snake

EDM
turn_down_for_what
1025x2584
2584

5.997845164529281e-06|961|0
4.5668959501199424e-05|963|1
8.489074389217421e-05|949|2
8.949796756496653e-05|800|3
0.0001013366345432587|792|4
9.327643783763051e-05|895|5
0.00012310181045904756|825|6
0.0001253988448297605|800|7
0.00014421874948311597|872|8
0.00012183214130345732|876|9
0.00012588792014867067|882|10
0.00012815523950848728|872|11
0.00014796684263274074|872|12
0.00012302577670197934|876|13
0.00012728454021271318|882|14
0.0001248232729267329|872|15
0.000141209558933042|872|16
0.00012043897731928155|876|17
0.00012963652261532843|882|18
0.00012387319293338805|800|19
0.000143225202918984|872|20
0.0001219268815475516|876|21
0.00012791006884071976|825|22
0.00012489777873270214|949|23
0.00014038439258001745|872|24
0.00012291119492147118|876|25
0.00012968793453183025|825|26
0.00012586340017151088|800|27
0.00014212228415999562|872|28
0.00012442312436178327|876|29
0.00012871211220044643|882|30
0.0001236989483004436|800|31
0.00014161285071168095|872|32
0.0001228043547598645|876|33
0.00012853772204834968|882|34
0.00012348774180281907|949|35
0.00014259316958487034|872|36
0.000122654193546623|876|37
0.0001301034790230915|825|38
0.000125386388390325|872|39
0.00014437215577345341|872|40
0.0001238477707374841|876|41
0.0001281757140532136|882|42
0.0001242015277966857|872|43
0.00014383673260454088|872|44
0.00012340556713752449|876|45
0.00012843955482821912|825|46
0.00012040115689160302|949|47
0.00011709248065017164|872|48
0.0026632219087332487|0|49
14.521430015563965|17|50
74.06507873535156|16|51
115.40796661376953|16|52
85.70626831054688|16|53
38.511661529541016|16|54
21.06514549255371|16|55
28.231290817260742|16|56
40.20870590209961|16|57
67.65763092041016|16|58
85.60682678222656|16|59
89.05962371826172|16|60
87.93025207519531|16|61
79.4641342163086|16|62
71.99876403808594|16|63
64.5634994506836|16|64
57.10852813720703|17|65
57.57585144042969|17|66
68.86497497558594|17|67
91.31179809570312|17|68
107.59117889404297|17|69
135.62753295898438|17|70
166.96055603027344|16|71
172.1039581298828|16|72
116.51612854003906|17|73
91.70315551757812|17|74
73.11127471923828|17|75
55.14755630493164|17|76
47.37096405029297|17|77
67.69561767578125|17|78
90.65826416015625|17|79
96.21356201171875|17|80
93.20470428466797|17|81
85.4987564086914|17|82
64.42681884765625|17|83
26.913787841796875|17|84
22.27596664428711|17|85
60.88949203491211|17|86
88.95177459716797|17|87
97.49403381347656|17|88
114.85953521728516|17|89
149.8354034423828|17|90
139.21441650390625|16|91
73.84635162353516|16|92
50.63505935668945|17|93
70.99856567382812|17|94
86.03895568847656|17|95
90.32013702392578|17|96
84.15413665771484|17|97
71.60734558105469|17|98
53.480342864990234|17|99
30.95039176940918|18|100
26.904468536376953|18|101
43.840179443359375|18|102
63.96306228637695|17|103
75.85295104980469|17|104
79.6353530883789|17|105
78.34384155273438|18|106
58.74818420410156|18|107
26.96971321105957|18|108
69.77584838867188|16|109
130.2444305419922|16|110
91.00257110595703|16|111
76.61498260498047|18|112
85.18131256103516|18|113
79.91978454589844|18|114
54.25326919555664|18|115
31.79067611694336|19|116
39.673831939697266|19|117
71.06319427490234|18|118
95.09024047851562|18|119
105.53573608398438|18|120
99.53190612792969|18|121
74.22686767578125|18|122
47.35443115234375|19|123
41.67274856567383|19|124
50.21589660644531|19|125
81.11563873291016|18|126
97.30680847167969|18|127
116.11686706542969|18|128
102.91153717041016|16|129
109.30779266357422|16|130
62.25918960571289|16|131
51.52500915527344|18|132
68.17020416259766|19|133
90.2154312133789|19|134
100.2501449584961|19|135
114.74752807617188|16|136
85.1357650756836|16|137
41.25261306762695|16|138
40.300785064697266|19|139
76.34188079833984|19|140
99.78700256347656|19|141
110.18824768066406|19|142
116.12509155273438|19|143
83.42656707763672|19|144
33.143333435058594|19|145
25.299938201904297|20|146
50.58339309692383|20|147
83.64519500732422|19|148
110.70221710205078|19|149
106.65059661865234|19|150
74.83039855957031|19|151
40.68151092529297|19|152
24.738737106323242|18|153
55.346832275390625|19|154
109.14695739746094|16|155
99.99260711669922|16|156
75.19962310791016|19|157
58.79513168334961|19|158
32.31568145751953|20|159
29.867952346801758|20|160
50.06218719482422|19|161
52.70579147338867|20|162
59.735774993896484|20|163
73.46427154541016|20|164
62.358558654785156|20|165
30.91373062133789|19|166
31.456392288208008|20|167
53.820552825927734|20|168
58.75149154663086|20|169
73.11018371582031|20|170
75.01214599609375|20|171
49.68007278442383|20|172
27.179655075073242|20|173
90.23787689208984|16|174
113.30982208251953|16|175
84.88772583007812|20|176
69.49694061279297|20|177
52.92316818237305|20|178
35.74163818359375|20|179
22.134328842163086|21|180
43.89347457885742|20|181
82.5791015625|20|182
87.82584381103516|20|183
69.33819580078125|20|184
59.36465072631836|21|185
39.0023307800293|21|186
38.97607421875|21|187
59.24148941040039|21|188
77.5596694946289|21|189
77.05242919921875|21|190
68.17932891845703|21|191
46.460205078125|21|192
66.17953491210938|16|193
115.74102020263672|16|194
91.2628402709961|16|195
66.80426025390625|21|196
59.13785934448242|21|197
48.36635208129883|21|198
25.32538604736328|22|199
32.7880744934082|22|200
69.41761779785156|21|201
79.83917236328125|21|202
76.3295669555664|21|203
67.07550811767578|21|204
43.57295608520508|21|205
25.363624572753906|61|206
57.115203857421875|21|207
83.71369171142578|21|208
75.72511291503906|21|209
61.803131103515625|22|210
47.16753387451172|21|211
40.389007568359375|16|212
103.41328430175781|16|213
104.5473861694336|16|214
82.66889953613281|22|215
66.26769256591797|22|216
45.9215087890625|22|217
25.436830520629883|22|218
36.28261184692383|22|219
41.686946868896484|22|220
43.56471633911133|22|221
52.09121322631836|22|222
51.931915283203125|22|223
32.75339126586914|22|224
17.724082946777344|61|225
43.61083984375|22|226
58.341880798339844|22|227
54.17301940917969|22|228
52.45774841308594|22|229
29.483224868774414|22|230
32.20841979980469|24|231
81.28343963623047|16|232
112.94507598876953|16|233
75.2614517211914|16|234
44.32973098754883|23|235
25.847686767578125|23|236
24.791851043701172|22|237
58.80784225463867|23|238
104.44927215576172|16|239
100.19039154052734|16|240
53.636985778808594|16|241
27.574190139770508|23|242
37.362648010253906|23|243
49.44135284423828|23|244
46.17600631713867|23|245
30.411935806274414|24|246
29.84160804748535|23|247
30.054716110229492|22|248
25.60874366760254|22|249
70.2538833618164|23|250
81.07756805419922|23|251
53.49241638183594|24|252
44.596519470214844|24|253
39.323211669921875|22|254
47.343467712402344|23|255
81.5389175415039|23|256
63.60898208618164|24|257
89.36251831054688|16|258
108.03921508789062|16|259
66.40233612060547|16|260
51.29945373535156|23|261
60.615089416503906|24|262
53.34868240356445|24|263
39.34444808959961|24|264
31.0291805267334|24|265
33.82988357543945|25|266
60.11899185180664|24|267
76.72929382324219|24|268
60.83475875854492|24|269
39.34077835083008|24|270
28.265077590942383|61|271
48.52338790893555|24|272
88.31509399414062|24|273
80.494140625|24|274
56.27437210083008|24|275
34.13187789916992|24|276
65.8681869506836|16|277
115.19597625732422|16|278
88.4007339477539|16|279
53.1668815612793|25|280
40.45184326171875|25|281
24.921972274780273|25|282
49.67363739013672|25|283
77.51275634765625|25|284
80.6396713256836|25|285
59.64896011352539|25|286
30.54615592956543|26|287
38.10114288330078|26|288
73.0738754272461|25|289
90.90255737304688|25|290
73.24414825439453|25|291
34.27015686035156|26|292
29.36199951171875|26|293
48.25409698486328|25|294
67.46534729003906|25|295
80.77073669433594|25|296
101.02957916259766|16|297
108.4555435180664|16|298
61.7535514831543|16|299
59.0839958190918|26|300
71.34801483154297|26|301
52.42906188964844|26|302
27.9488525390625|26|303
41.63102340698242|26|304
68.04588317871094|26|305
74.06169128417969|26|306
59.51538848876953|26|307
30.42461585998535|26|308
24.614099502563477|26|309
47.39402770996094|26|310
62.08820724487305|26|311
59.637451171875|26|312
30.516721725463867|26|313
22.38152313232422|26|314
49.46195602416992|27|315
85.67501831054688|16|316
119.17068481445312|16|317
82.96549224853516|16|318
36.39537048339844|16|319
49.47743606567383|27|320
61.014015197753906|27|321
54.448856353759766|27|322
32.827064514160156|27|323
30.634679794311523|28|324
63.70380783081055|27|325
79.9054946899414|27|326
69.40058135986328|27|327
34.87931442260742|27|328
28.225231170654297|61|329
52.13935852050781|27|330
71.30504608154297|27|331
61.8477783203125|27|332
32.320865631103516|27|333
27.55213165283203|26|334
63.015445709228516|27|335
114.5546875|16|336
97.64627838134766|16|337
48.2166862487793|16|338
24.43822479248047|27|339
38.33821487426758|28|340
62.11369705200195|28|341
88.1928939819336|16|342
112.68452453613281|16|343
72.1784439086914|16|344
49.991661071777344|28|345
58.13880920410156|28|346
45.65619659423828|28|347
27.96196746826172|27|348
37.85783004760742|28|349
58.76201248168945|29|350
58.76048278808594|28|351
34.65774917602539|28|352
30.89114761352539|25|353
47.5992431640625|29|354
61.4833984375|29|355
53.3018798828125|29|356
32.98455047607422|29|357
23.381607055664062|61|358
29.55536651611328|29|359
43.076744079589844|25|360
70.36284637451172|16|361
117.26661682128906|16|362
87.63792419433594|16|363
57.32583236694336|29|364
64.16905212402344|29|365
46.688236236572266|29|366
29.045988082885742|28|367
46.07470703125|29|368
60.65890121459961|30|369
55.35698699951172|30|370
30.799720764160156|29|371
40.12618637084961|30|372
74.99266815185547|30|373
75.66168975830078|30|374
48.22981262207031|30|375
23.80527114868164|25|376
23.84897232055664|30|377
52.53827667236328|30|378
62.10554122924805|30|379
64.3344497680664|30|380
105.74531555175781|16|381
105.13788604736328|16|382
58.21931457519531|30|383
53.214290618896484|31|384
34.41318893432617|31|385
22.597461700439453|31|386
25.914907455444336|31|387
30.095605850219727|31|388
28.123958587646484|31|389
38.221107482910156|31|390
65.59259796142578|31|391
70.83270263671875|31|392
50.99898910522461|31|393
25.673526763916016|61|394
33.35976028442383|31|395
49.26919937133789|31|396
47.4932861328125|31|397
24.68012809753418|30|398
42.621707916259766|32|399
87.60504913330078|31|400
109.14942169189453|16|401
70.48640441894531|16|402
29.41112518310547|16|403
49.57701110839844|31|404
54.57794189453125|32|405
39.241722106933594|32|406
25.430635452270508|33|407
57.960205078125|32|408
72.89051818847656|32|409
54.713592529296875|32|410
34.65216827392578|33|411
47.18061828613281|32|412
59.169803619384766|32|413
47.85565185546875|32|414
29.176258087158203|33|415
30.24725341796875|33|416
49.17520523071289|32|417
49.02436828613281|32|418
58.65180969238281|16|419
112.79059600830078|16|420
96.44119262695312|16|421
50.94224166870117|33|422
34.0599479675293|33|423
25.33966064453125|33|424
36.660247802734375|32|425
45.2838020324707|33|426
41.75779724121094|33|427
34.603275299072266|34|428
49.343475341796875|33|429
64.52182006835938|33|430
44.63605880737305|33|431
31.396509170532227|34|432
37.71643829345703|34|433
56.16802215576172|33|434
45.6700439453125|33|435
24.38922691345215|34|436
41.96298599243164|34|437
53.23088836669922|34|438
98.07130432128906|16|439
108.89034271240234|16|440
64.57331085205078|16|441
50.08521270751953|34|442
38.63166809082031|34|443
31.780620574951172|35|444
64.94635009765625|16|445
114.94528198242188|16|446
86.22093963623047|16|447
38.52456283569336|16|448
40.981781005859375|35|449
56.72733688354492|35|450
45.05537414550781|35|451
31.335674285888672|35|452
39.26449966430664|35|453
45.38348388671875|34|454
32.31564712524414|34|455
33.491390228271484|28|456
47.49039077758789|35|457
64.52847290039062|35|458
37.184879302978516|35|459
30.3043212890625|28|460
36.67413330078125|35|461
35.81731033325195|35|462
30.06682777404785|34|463
45.48726272583008|16|464
106.17975616455078|16|465
104.90264892578125|16|466
59.395294189453125|16|467
47.3905143737793|36|468
53.742088317871094|36|469
46.197364807128906|36|470
28.914949417114258|37|471
44.99467468261719|36|472
71.06938934326172|36|473
52.893882751464844|36|474
27.67737579345703|37|475
31.14055633544922|37|476
42.468326568603516|37|477
36.05426788330078|37|478
30.592988967895508|37|479
49.122047424316406|36|480
47.04273223876953|36|481
36.425445556640625|36|482
44.991207122802734|37|483
84.10302734375|16|484
113.36381530761719|16|485
75.20960998535156|16|486
31.990314483642578|38|487
43.75059509277344|38|488
36.51418685913086|38|489
21.47309684753418|38|490
21.30641746520996|36|491
32.89267349243164|37|492
33.23214340209961|39|493
52.18308639526367|38|494
64.61859893798828|38|495
39.27056121826172|38|496
28.28951072692871|61|497
49.16926574707031|38|498
50.2766227722168|38|499
31.041933059692383|39|500
35.752967834472656|39|501
47.64181900024414|39|502
59.06901168823242|16|503
114.90753173828125|16|504
97.02745056152344|16|505
47.312015533447266|16|506
28.32168960571289|39|507
43.160770416259766|38|508
49.93339920043945|38|509
42.854774475097656|39|510
32.946720123291016|38|511
54.776798248291016|39|512
61.45457077026367|39|513
33.50288391113281|40|514
38.85372543334961|40|515
55.266422271728516|39|516
38.15950012207031|40|517
40.90073013305664|40|518
62.64495849609375|39|519
49.97990036010742|39|520
24.869667053222656|39|521
34.63605499267578|29|522
101.34672546386719|16|523
114.6556625366211|16|524
67.91175079345703|16|525
25.201091766357422|16|526
18.744260787963867|39|527
26.34377670288086|40|528
44.56583786010742|40|529
26.418228149414062|39|530
27.940662384033203|30|531
49.76948928833008|40|532
59.09142303466797|41|533
38.93220520019531|41|534
37.699214935302734|41|535
50.69253921508789|41|536
39.20595932006836|41|537
27.17914390563965|40|538
50.41185760498047|41|539
66.3878173828125|41|540
41.51195526123047|42|541
76.33512878417969|16|542
113.93974304199219|16|543
81.51050567626953|16|544
37.915653228759766|16|545
49.73973846435547|41|546
31.740020751953125|41|547
43.370361328125|15|548
101.69593811035156|16|549
102.21641540527344|16|550
56.14547348022461|16|551
20.70000457763672|41|552
28.86865997314453|41|553
34.616695404052734|42|554
36.46231460571289|42|555
27.75352668762207|31|556
32.316993713378906|30|557
31.567155838012695|60|558
27.153636932373047|43|559
29.35038185119629|31|560
28.424381256103516|44|561
34.36320495605469|44|562
32.31977462768555|31|563
35.663997650146484|44|564
46.56018829345703|43|565
34.447471618652344|42|566
36.62146759033203|44|567
81.71109008789062|16|568
108.0280990600586|16|569
72.33412170410156|16|570
36.3260612487793|43|571
44.52069854736328|44|572
31.200225830078125|43|573
54.60758972167969|44|574
57.30810546875|44|575
37.704689025878906|31|576
42.92680358886719|45|577
49.630043029785156|45|578
34.69798278808594|45|579
44.90001678466797|44|580
53.30766296386719|44|581
38.20780944824219|45|582
47.73320007324219|45|583
47.600826263427734|44|584
36.34095764160156|46|585
55.09754180908203|45|586
59.52793502807617|16|587
111.22171020507812|16|588
93.1396713256836|16|589
47.30602264404297|16|590
28.136255264282227|46|591
54.048587799072266|46|592
42.815650939941406|46|593
26.547624588012695|47|594
34.10149002075195|45|595
44.6714973449707|46|596
35.35502624511719|45|597
35.330955505371094|47|598
52.435218811035156|46|599
40.87850570678711|45|600
44.05812454223633|46|601
52.7745475769043|46|602
31.24652099609375|45|603
21.144790649414062|45|604
38.07679748535156|47|605
46.73603057861328|46|606
102.72840881347656|16|607
111.47564697265625|16|608
63.03099822998047|16|609
26.41600799560547|46|610
39.21692657470703|47|611
26.909910202026367|46|612
18.18692398071289|48|613
21.4445743560791|49|614
27.043350219726562|49|615
42.9898567199707|48|616
32.28028869628906|47|617
19.75864028930664|97|618
30.21025276184082|49|619
34.165740966796875|49|620
33.38697814941406|49|621
41.958839416503906|48|622
37.65249252319336|49|623
34.70337677001953|49|624
23.41827964782715|50|625
77.47140502929688|16|626
116.5394515991211|16|627
83.78269958496094|16|628
36.831607818603516|16|629
31.72268295288086|49|630
28.847885131835938|50|631
46.69362258911133|49|632
42.79966735839844|50|633
40.28488540649414|50|634
47.29050827026367|50|635
28.399641036987305|49|636
18.390005111694336|101|637
29.631107330322266|49|638
35.917686462402344|50|639
31.31924819946289|49|640
31.87929916381836|49|641
27.583600997924805|49|642
32.17189025878906|49|643
48.77127456665039|50|644
50.19814682006836|16|645
106.52101135253906|16|646
95.46182250976562|16|647
49.21322250366211|16|648
37.632667541503906|51|649
37.769775390625|52|650
38.766395568847656|52|651
81.0079574584961|16|652
109.89022827148438|16|653
72.54914093017578|16|654
30.294677734375|16|655
29.160152435302734|51|656
39.0844841003418|51|657
30.02688980102539|52|658
27.35077667236328|53|659
34.949222564697266|52|660
25.92765235900879|51|661
26.565208435058594|51|662
37.18999481201172|53|663
44.81381607055664|53|664
38.14207458496094|52|665
37.14127731323242|54|666
50.879695892333984|53|667
40.22273254394531|53|668
42.57865524291992|54|669
42.40262222290039|54|670
71.34732055664062|16|671
101.92930603027344|16|672
76.68446350097656|16|673
64.51030731201172|103|674
57.304988861083984|134|675
62.85449981689453|133|676
66.24330139160156|132|677
70.16812133789062|103|678
84.61569213867188|103|679
72.32852172851562|103|680
88.26372528076172|133|681
83.3035888671875|133|682
68.10548400878906|133|683
72.34611511230469|140|684
67.04061126708984|140|685
43.107322692871094|140|686
39.741275787353516|55|687
36.70098114013672|56|688
43.826995849609375|170|689
54.49227523803711|170|690
95.57723236083984|16|691
99.46078491210938|16|692
69.4452896118164|65|693
52.89716720581055|65|694
40.29479217529297|226|695
52.14556884765625|32|696
60.03852844238281|33|697
74.19804382324219|157|698
81.47180938720703|156|699
94.97412109375|79|700
74.80233001708984|76|701
51.78062438964844|185|702
52.665679931640625|106|703
68.40768432617188|105|704
59.924713134765625|104|705
71.04120635986328|101|706
46.911991119384766|124|707
60.46929168701172|124|708
47.19727325439453|153|709
69.43562316894531|16|710
103.25796508789062|16|711
72.12281036376953|16|712
66.87579345703125|58|713
70.3521957397461|59|714
48.70404815673828|59|715
33.98556137084961|159|716
60.95036697387695|161|717
67.5530014038086|66|718
43.973358154296875|66|719
32.62028121948242|34|720
65.86430358886719|35|721
64.46913146972656|36|722
69.20465087890625|180|723
66.80218505859375|60|724
53.27603530883789|60|725
41.305233001708984|60|726
35.40874481201172|60|727
34.36465835571289|136|728
85.63542175292969|136|729
99.87420654296875|16|730
89.79742431640625|16|731
45.08475112915039|16|732
38.98469924926758|32|733
41.104400634765625|59|734
41.637638092041016|36|735
72.23726654052734|140|736
90.2998275756836|139|737
76.40682220458984|107|738
68.00468444824219|104|739
55.69969177246094|137|740
45.91803741455078|202|741
84.5605697631836|200|742
69.09219360351562|167|743
29.198280334472656|60|744
42.674198150634766|60|745
43.00914001464844|62|746
40.345645904541016|63|747
46.78443908691406|63|748
75.03533172607422|16|749
90.32855987548828|16|750
69.1485824584961|106|751
100.30026245117188|106|752
63.7139892578125|103|753
54.3885612487793|111|754
55.03411865234375|111|755
98.4359130859375|16|756
81.12884521484375|16|757
49.079830169677734|62|758
47.464508056640625|62|759
25.010772705078125|62|760
20.096771240234375|151|761
43.52499771118164|140|762
46.146568298339844|141|763
33.98210525512695|148|764
24.79567527770996|136|765
22.945512771606445|622|766
19.556400299072266|202|767
22.556856155395508|167|768
32.448753356933594|151|769
25.1412353515625|149|770
29.133319854736328|145|771
27.165569305419922|145|772
30.53592300415039|150|773
48.981597900390625|151|774
59.66802978515625|151|775
70.72553253173828|189|776
56.09825897216797|106|777
68.36492919921875|106|778
42.5508918762207|103|779
31.533973693847656|111|780
26.008642196655273|119|781
25.010757446289062|119|782
19.405712127685547|179|783
20.21076011657715|179|784
8.824387550354004|203|785
6.453769683837891|107|786
8.187076568603516|107|787
17.907733917236328|140|788
18.249914169311523|141|789
11.918426513671875|138|790
11.84622859954834|147|791
6.234577178955078|137|792
7.928806781768799|202|793
11.464323043823242|167|794
8.791830062866211|167|795
3.7295963764190674|224|796
4.302326679229736|108|797
5.280413627624512|108|798
5.3524489402771|108|799
4.026578426361084|108|800
15.069025993347168|189|801
23.54396629333496|189|802
18.014358520507812|106|803
18.609785079956055|106|804
11.020642280578613|103|805
7.713316917419434|129|806
5.5431718826293945|119|807
4.390836238861084|119|808
3.888566017150879|201|809
4.0118889808654785|202|810
1.7540026903152466|104|811
1.099549651145935|104|812
1.1235036849975586|140|813
3.0885515213012695|140|814
2.596018075942993|138|815
1.753102421760559|147|816
1.3596618175506592|104|817
1.2148826122283936|106|818
1.3970052003860474|202|819
1.6502437591552734|167|820
1.2476475238800049|167|821
0.8949089050292969|107|822
0.861849844455719|107|823
0.670741081237793|107|824
0.7062891125679016|105|825
0.8199434876441956|105|826
2.7871315479278564|188|827
3.9037890434265137|189|828
3.0042881965637207|175|829
2.249969720840454|175|830
1.1502803564071655|129|831
0.8333480954170227|129|832
0.7544741034507751|105|833
0.7595472931861877|105|834
0.6981260776519775|105|835
0.5404505729675293|203|836
9.710209846496582|617|837
39.55424118041992|36|838
89.23490142822266|37|839
80.17992401123047|151|840
140.986328125|152|841
118.09793090820312|151|842
74.57312774658203|151|843
93.33795166015625|146|844
97.95003509521484|145|845
85.812744140625|155|846
80.46341705322266|146|847
45.60346984863281|36|848
40.875877380371094|35|849
33.32357406616211|36|850
23.62615394592285|153|851
61.13722229003906|194|852
112.99581909179688|195|853
107.32685089111328|196|854
109.768798828125|78|855
73.18862915039062|185|856
65.4632339477539|184|857
89.95687103271484|72|858
89.62370300292969|107|859
74.35826873779297|72|860
40.134586334228516|72|861
13.792689323425293|191|862
15.906883239746094|196|863
18.727806091308594|185|864
47.72511291503906|37|865
105.9201889038086|37|866
100.12312316894531|37|867
107.97129821777344|37|868
107.60295867919922|37|869
54.40651321411133|36|870
32.19930648803711|145|871
100.72699737548828|43|872
204.39625549316406|43|873
184.2041015625|43|874
116.36967468261719|42|875
83.43586730957031|77|876
106.14704132080078|78|877
214.4664306640625|7|878
245.85951232910156|6|879
205.46298217773438|5|880
144.00888061523438|4|881
96.63558959960938|4|882
117.99190521240234|4|883
165.58494567871094|4|884
190.07177734375|4|885
205.22418212890625|4|886
213.46995544433594|4|887
218.36517333984375|4|888
222.6803436279297|4|889
227.69818115234375|4|890
228.78067016601562|4|891
226.547607421875|4|892
230.06460571289062|4|893
234.85614013671875|4|894
236.64596557617188|4|895
237.3612060546875|4|896
237.63177490234375|4|897
237.4215850830078|4|898
239.43931579589844|4|899
238.07493591308594|4|900
234.362548828125|4|901
227.3429718017578|4|902
201.39447021484375|4|903
155.080322265625|4|904
127.49653625488281|4|905
140.96363830566406|4|906
170.3255615234375|4|907
196.07125854492188|4|908
214.76641845703125|4|909
227.82830810546875|4|910
235.63465881347656|4|911
238.4189453125|4|912
237.1930389404297|4|913
224.23065185546875|4|914
202.3573760986328|4|915
146.59449768066406|4|916
253.03221130371094|6|917
226.42184448242188|6|918
186.365234375|5|919
139.1007537841797|4|920
99.22757720947266|4|921
141.01980590820312|4|922
189.32008361816406|4|923
209.09588623046875|4|924
216.08460998535156|4|925
218.09593200683594|4|926
224.52496337890625|4|927
235.31455993652344|4|928
242.1352081298828|4|929
245.59341430664062|4|930
250.51760864257812|4|931
252.8971405029297|4|932
252.90687561035156|4|933
252.79656982421875|4|934
252.65943908691406|4|935
256.1103210449219|4|936
260.9201965332031|4|937
264.8285827636719|4|938
268.7296142578125|4|939
269.60235595703125|4|940
270.17578125|4|941
268.5780334472656|4|942
263.43994140625|4|943
260.9912109375|4|944
257.4905700683594|4|945
252.3776397705078|4|946
253.8712158203125|4|947
258.3544006347656|4|948
259.4466247558594|4|949
258.9053955078125|4|950
259.9250793457031|4|951
256.94970703125|4|952
257.55059814453125|4|953
255.95867919921875|4|954
217.18971252441406|4|955
152.43630981445312|4|956
125.09711456298828|4|957
141.06353759765625|4|958
171.42892456054688|4|959
197.9209747314453|4|960
216.41265869140625|4|961
224.43521118164062|4|962
226.67779541015625|4|963
229.7581329345703|4|964
233.16354370117188|4|965
236.62582397460938|4|966
238.17713928222656|4|967
237.93527221679688|4|968
238.28567504882812|4|969
236.99476623535156|4|970
235.02920532226562|4|971
234.94198608398438|4|972
235.54400634765625|4|973
235.66380310058594|4|974
233.28591918945312|4|975
231.44659423828125|4|976
230.9268035888672|4|977
220.55380249023438|4|978
190.0987548828125|4|979
136.74835205078125|4|980
205.5922393798828|7|981
250.29388427734375|6|982
218.37686157226562|5|983
162.19680786132812|4|984
130.6885528564453|4|985
117.2307357788086|4|986
160.6222686767578|4|987
196.5481719970703|4|988
211.0621337890625|4|989
219.07476806640625|4|990
223.78501892089844|4|991
229.02548217773438|4|992
233.1254119873047|4|993
238.38558959960938|4|994
245.0524444580078|4|995
246.42764282226562|4|996
242.43792724609375|4|997
242.05784606933594|4|998
239.7466583251953|4|999
184.58152770996094|4|1000
241.1865692138672|6|1001
248.03671264648438|5|1002
169.91261291503906|5|1003
128.86868286132812|4|1004
167.6836700439453|4|1005
168.97120666503906|4|1006
147.12887573242188|4|1007
122.11324310302734|4|1008
125.51884460449219|4|1009
151.3339385986328|4|1010
184.16290283203125|4|1011
207.09210205078125|4|1012
218.96871948242188|4|1013
227.58279418945312|4|1014
233.4596710205078|4|1015
238.8106689453125|4|1016
238.0060577392578|4|1017
222.23715209960938|4|1018
189.16932678222656|4|1019
225.4116973876953|7|1020
266.7303161621094|6|1021
215.99391174316406|5|1022
161.5204620361328|4|1023
124.62321472167969|4|1024
129.0311279296875|4|1025
174.57664489746094|4|1026
201.1602783203125|4|1027
211.6627960205078|4|1028
217.81533813476562|4|1029
224.29653930664062|4|1030
233.0189666748047|4|1031
238.21180725097656|4|1032
238.44664001464844|4|1033
239.7781524658203|4|1034
244.26278686523438|4|1035
247.83432006835938|4|1036
252.16514587402344|4|1037
254.1359100341797|4|1038
255.9769744873047|4|1039
259.6003723144531|4|1040
262.139404296875|4|1041
261.0994567871094|4|1042
263.13958740234375|4|1043
267.34698486328125|4|1044
249.02969360351562|4|1045
207.21163940429688|4|1046
187.6827850341797|4|1047
187.89842224121094|4|1048
184.00762939453125|4|1049
173.2344512939453|4|1050
174.45570373535156|4|1051
181.80860900878906|4|1052
183.78564453125|4|1053
184.18455505371094|4|1054
184.27410888671875|4|1055
196.9263153076172|4|1056
211.37228393554688|4|1057
202.3462677001953|4|1058
153.8928680419922|4|1059
116.14720153808594|4|1060
117.75077819824219|4|1061
133.20083618164062|4|1062
151.5625762939453|4|1063
168.87315368652344|4|1064
177.62863159179688|4|1065
179.1471405029297|4|1066
176.63804626464844|4|1067
178.79649353027344|4|1068
191.36126708984375|4|1069
205.0460968017578|4|1070
210.58224487304688|4|1071
211.78326416015625|4|1072
210.0780029296875|4|1073
202.93417358398438|4|1074
193.82562255859375|4|1075
186.8209686279297|4|1076
186.06082153320312|4|1077
193.2804718017578|4|1078
198.4387969970703|4|1079
189.50643920898438|4|1080
176.15692138671875|43|1081
159.7725067138672|4|1082
135.64535522460938|4|1083
129.8711700439453|7|1084
229.3822021484375|7|1085
196.142333984375|6|1086
164.11419677734375|5|1087
135.67063903808594|4|1088
106.42158508300781|4|1089
138.5282745361328|4|1090
178.8830108642578|4|1091
196.31683349609375|4|1092
205.50331115722656|4|1093
214.22633361816406|4|1094
222.0822296142578|4|1095
230.453125|4|1096
235.9268341064453|4|1097
235.61260986328125|4|1098
231.9622344970703|4|1099
233.54380798339844|4|1100
236.4192657470703|4|1101
238.71058654785156|4|1102
242.20204162597656|4|1103
243.176025390625|4|1104
244.14085388183594|4|1105
246.1031036376953|4|1106
246.5068359375|4|1107
240.5578155517578|4|1108
231.73797607421875|4|1109
197.2734375|4|1110
141.4005126953125|4|1111
122.71846008300781|4|1112
143.83738708496094|4|1113
174.17974853515625|4|1114
198.24220275878906|4|1115
214.4599609375|4|1116
226.35142517089844|4|1117
234.749267578125|4|1118
239.17137145996094|4|1119
244.57196044921875|4|1120
247.44512939453125|4|1121
233.8391876220703|4|1122
173.8690643310547|7|1123
269.5121154785156|6|1124
219.0589141845703|5|1125
162.60340881347656|4|1126
129.4530487060547|4|1127
114.62226104736328|4|1128
161.19345092773438|4|1129
199.39373779296875|4|1130
211.08816528320312|4|1131
214.88665771484375|4|1132
220.1727294921875|4|1133
228.24293518066406|4|1134
236.7839813232422|4|1135
242.58387756347656|4|1136
242.82940673828125|4|1137
242.47731018066406|4|1138
247.96694946289062|4|1139
252.91424560546875|4|1140
255.59437561035156|4|1141
257.28826904296875|4|1142
260.04937744140625|4|1143
265.365234375|4|1144
268.5550231933594|4|1145
269.0887756347656|4|1146
271.1880187988281|4|1147
273.3788757324219|4|1148
269.3398742675781|4|1149
257.9625549316406|4|1150
253.68994140625|4|1151
255.57164001464844|4|1152
255.29798889160156|4|1153
256.052734375|4|1154
255.3024139404297|4|1155
255.4646759033203|4|1156
257.9830017089844|4|1157
257.189208984375|4|1158
256.7643127441406|4|1159
255.99526977539062|4|1160
246.6656494140625|4|1161
195.65428161621094|4|1162
137.50079345703125|4|1163
126.8368148803711|4|1164
146.89651489257812|4|1165
178.4691925048828|4|1166
203.1512451171875|4|1167
219.16932678222656|4|1168
227.41339111328125|4|1169
229.13890075683594|4|1170
229.4273681640625|4|1171
232.48985290527344|4|1172
236.150146484375|4|1173
240.6177978515625|4|1174
242.16488647460938|4|1175
240.1693115234375|4|1176
237.57730102539062|4|1177
235.9991912841797|4|1178
236.74615478515625|4|1179
236.59945678710938|4|1180
234.5155487060547|4|1181
233.167236328125|4|1182
232.6554412841797|4|1183
232.18263244628906|4|1184
230.75413513183594|4|1185
221.36111450195312|4|1186
164.45401000976562|4|1187
232.60218811035156|7|1188
254.987548828125|6|1189
211.61892700195312|5|1190
156.6226806640625|4|1191
114.9204330444336|4|1192
124.92328643798828|4|1193
175.85400390625|4|1194
202.95547485351562|4|1195
212.6101531982422|4|1196
218.96746826171875|4|1197
225.32730102539062|4|1198
231.26507568359375|4|1199
235.4702911376953|4|1200
237.8620147705078|4|1201
240.51593017578125|4|1202
240.75282287597656|4|1203
241.66905212402344|4|1204
244.49993896484375|4|1205
229.3354949951172|4|1206
188.5457305908203|4|1207
265.22021484375|6|1208
235.22291564941406|5|1209
154.2900390625|5|1210
146.4650421142578|4|1211
167.05015563964844|4|1212
159.69100952148438|4|1213
135.18785095214844|4|1214
124.22113800048828|4|1215
141.556884765625|4|1216
169.947509765625|4|1217
199.95303344726562|4|1218
208.9579315185547|4|1219
199.73275756835938|7|1220
289.4162902832031|6|1221
240.8665771484375|5|1222
118.53807067871094|5|1223
75.25498962402344|5|1224
89.87278747558594|4|1225
102.7343978881836|7|1226
234.7665252685547|7|1227
232.41024780273438|6|1228
191.37600708007812|5|1229
146.01991271972656|4|1230
107.85169219970703|4|1231
138.4064483642578|4|1232
185.31756591796875|4|1233
204.63735961914062|4|1234
210.28390502929688|4|1235
215.71530151367188|4|1236
223.75624084472656|4|1237
231.89402770996094|4|1238
238.46771240234375|4|1239
244.57122802734375|4|1240
244.9882354736328|4|1241
242.2316436767578|4|1242
246.0082244873047|4|1243
254.34063720703125|4|1244
258.2492980957031|4|1245
259.95733642578125|4|1246
262.7618103027344|4|1247
265.3890075683594|4|1248
265.9934997558594|4|1249
267.9560546875|4|1250
268.6100158691406|4|1251
247.2760772705078|4|1252
212.21090698242188|4|1253
194.9355926513672|4|1254
184.84280395507812|4|1255
179.20640563964844|4|1256
182.46034240722656|4|1257
184.8882293701172|4|1258
183.53439331054688|4|1259
185.38218688964844|4|1260
189.07704162597656|4|1261
194.25196838378906|4|1262
202.94552612304688|4|1263
211.60519409179688|4|1264
191.5693359375|4|1265
132.81607055664062|4|1266
89.43997192382812|4|1267
77.56808471679688|4|1268
73.0232925415039|4|1269
68.40460205078125|4|1270
71.03180694580078|4|1271
197.90631103515625|7|1272
252.2230682373047|6|1273
188.889404296875|5|1274
98.03167724609375|5|1275
60.77043533325195|4|1276
30.508758544921875|4|1277
15.948502540588379|183|1278
30.73169708251953|62|1279
67.11180877685547|37|1280
81.61320495605469|39|1281
74.04009246826172|76|1282
70.08930969238281|37|1283
73.64859771728516|8|1284
224.4019775390625|7|1285
266.28997802734375|6|1286
197.2365264892578|5|1287
137.57498168945312|43|1288
88.5749740600586|42|1289
65.34181213378906|77|1290
141.95155334472656|7|1291
240.02574157714844|6|1292
218.03717041015625|5|1293
157.73919677734375|4|1294
117.0604019165039|4|1295
103.50350952148438|4|1296
147.7996826171875|4|1297
178.90452575683594|4|1298
191.40658569335938|4|1299
199.3504180908203|4|1300
206.46421813964844|4|1301
213.21324157714844|4|1302
218.0332794189453|4|1303
222.51309204101562|4|1304
227.7578582763672|4|1305
231.03636169433594|4|1306
232.6063995361328|4|1307
236.1001739501953|4|1308
241.42031860351562|4|1309
243.94320678710938|4|1310
241.35116577148438|4|1311
241.04563903808594|4|1312
244.6908721923828|4|1313
245.9239501953125|4|1314
242.7639923095703|4|1315
230.51365661621094|4|1316
183.2467803955078|4|1317
137.26815795898438|4|1318
138.13870239257812|4|1319
160.7941436767578|4|1320
191.8699188232422|4|1321
217.5908660888672|4|1322
227.309326171875|4|1323
229.7966766357422|4|1324
236.57827758789062|4|1325
241.98646545410156|4|1326
232.5548553466797|4|1327
211.06507873535156|4|1328
185.65447998046875|4|1329
213.01292419433594|7|1330
267.0349426269531|6|1331
222.7887725830078|5|1332
159.15533447265625|4|1333
112.44635772705078|4|1334
119.3494644165039|4|1335
175.23817443847656|4|1336
205.73703002929688|4|1337
214.7788848876953|4|1338
222.2808837890625|4|1339
229.41656494140625|4|1340
234.00608825683594|4|1341
237.0838623046875|4|1342
241.1433868408203|4|1343
242.69146728515625|4|1344
242.12294006347656|4|1345
243.9113006591797|4|1346
246.153564453125|4|1347
246.533935546875|4|1348
248.5300750732422|4|1349
253.23919677734375|4|1350
256.761962890625|4|1351
260.1172180175781|4|1352
263.215576171875|4|1353
266.42364501953125|4|1354
267.55810546875|4|1355
266.0099182128906|4|1356
264.21099853515625|4|1357
262.5170593261719|4|1358
265.1290588378906|4|1359
264.82666015625|4|1360
262.13482666015625|4|1361
261.3064270019531|4|1362
258.70599365234375|4|1363
258.8702087402344|4|1364
261.0961608886719|4|1365
261.56304931640625|4|1366
260.9275817871094|4|1367
242.851806640625|4|1368
179.57296752929688|4|1369
124.02748107910156|4|1370
127.51415252685547|4|1371
155.95175170898438|4|1372
184.79493713378906|4|1373
207.1665802001953|4|1374
223.73475646972656|4|1375
230.07418823242188|4|1376
226.0922088623047|4|1377
225.6041717529297|4|1378
233.04676818847656|4|1379
239.10552978515625|4|1380
239.0186309814453|4|1381
238.27960205078125|4|1382
239.49560546875|4|1383
241.17066955566406|4|1384
239.30142211914062|4|1385
238.40951538085938|4|1386
237.6560516357422|4|1387
235.0277099609375|4|1388
233.8330078125|4|1389
233.89328002929688|4|1390
225.9486541748047|4|1391
200.89694213867188|4|1392
163.43289184570312|4|1393
136.97726440429688|7|1394
258.40093994140625|7|1395
228.11033630371094|6|1396
185.35426330566406|5|1397
148.1313934326172|4|1398
114.18856048583984|4|1399
137.99424743652344|4|1400
179.19937133789062|4|1401
200.3622283935547|4|1402
209.87472534179688|4|1403
213.40951538085938|4|1404
219.70799255371094|4|1405
225.3370361328125|4|1406
225.89210510253906|4|1407
228.50790405273438|4|1408
230.8052978515625|4|1409
234.31634521484375|4|1410
240.44253540039062|4|1411
243.43724060058594|4|1412
208.3199005126953|4|1413
191.5729522705078|6|1414
269.2622375488281|6|1415
210.4898223876953|5|1416
137.80873107910156|5|1417
157.34536743164062|4|1418
172.49517822265625|4|1419
153.57078552246094|4|1420
123.73333740234375|4|1421
118.83830261230469|4|1422
142.93946838378906|4|1423
173.71026611328125|4|1424
200.93603515625|4|1425
218.38671875|4|1426
226.34849548339844|4|1427
230.24119567871094|4|1428
236.378173828125|4|1429
239.70506286621094|4|1430
232.53851318359375|4|1431
210.89344787597656|4|1432
160.40220642089844|7|1433
270.9523010253906|6|1434
223.591552734375|5|1435
164.02899169921875|4|1436
140.82928466796875|4|1437
116.69735717773438|4|1438
149.92410278320312|4|1439
188.60012817382812|4|1440
205.8397216796875|4|1441
210.02484130859375|4|1442
214.79116821289062|4|1443
222.4691925048828|4|1444
228.65170288085938|4|1445
233.1446990966797|4|1446
235.2304229736328|4|1447
235.288330078125|4|1448
236.72097778320312|4|1449
239.47825622558594|4|1450
242.7056884765625|4|1451
245.0844268798828|4|1452
247.78598022460938|4|1453
250.09649658203125|4|1454
254.1909942626953|4|1455
259.1105041503906|4|1456
255.9344482421875|4|1457
226.9143524169922|4|1458
184.4755401611328|4|1459
176.0018768310547|4|1460
190.36502075195312|4|1461
196.40841674804688|4|1462
187.8374481201172|4|1463
177.66697692871094|4|1464
183.2231903076172|4|1465
190.52853393554688|4|1466
188.576416015625|4|1467
183.24215698242188|4|1468
192.7488555908203|4|1469
210.08529663085938|4|1470
214.15333557128906|4|1471
180.1558837890625|4|1472
127.92462158203125|4|1473
109.5385513305664|4|1474
120.60923767089844|4|1475
145.1862030029297|4|1476
166.43565368652344|4|1477
174.7777557373047|4|1478
176.15008544921875|4|1479
173.54904174804688|4|1480
172.29054260253906|4|1481
178.7379608154297|4|1482
190.0623779296875|4|1483
198.95310974121094|4|1484
204.82237243652344|4|1485
207.18939208984375|4|1486
201.31832885742188|4|1487
191.1184539794922|4|1488
188.17364501953125|4|1489
192.11822509765625|4|1490
197.77645874023438|4|1491
201.8842010498047|4|1492
203.2234344482422|4|1493
197.0889892578125|4|1494
183.82928466796875|4|1495
165.7620849609375|4|1496
115.79239654541016|4|1497
203.16424560546875|7|1498
230.49740600585938|6|1499
198.14077758789062|5|1500
147.8077392578125|4|1501
110.52981567382812|4|1502
112.54659271240234|4|1503
155.86293029785156|4|1504
186.91477966308594|4|1505
197.60096740722656|4|1506
202.80824279785156|4|1507
207.72061157226562|4|1508
214.12945556640625|4|1509
219.0335235595703|4|1510
222.78907775878906|4|1511
229.0168914794922|4|1512
229.34005737304688|4|1513
230.10914611816406|4|1514
231.31216430664062|4|1515
233.9078369140625|4|1516
240.17149353027344|4|1517
245.77305603027344|4|1518
250.8449249267578|4|1519
252.31463623046875|4|1520
245.96543884277344|4|1521
237.9921875|4|1522
214.8469696044922|4|1523
162.05067443847656|4|1524
125.38884735107422|4|1525
134.53652954101562|4|1526
160.21934509277344|4|1527
191.34970092773438|4|1528
214.9049835205078|4|1529
224.3285675048828|4|1530
231.5078582763672|4|1531
237.5271453857422|4|1532
240.8775177001953|4|1533
241.48666381835938|4|1534
232.64707946777344|4|1535
191.52224731445312|4|1536
233.9944305419922|7|1537
238.34730529785156|6|1538
193.94252014160156|5|1539
150.13458251953125|4|1540
113.00702667236328|4|1541
136.8227996826172|4|1542
183.9930877685547|4|1543
207.0433807373047|4|1544
215.542724609375|4|1545
221.56094360351562|4|1546
228.34230041503906|4|1547
233.69107055664062|4|1548
236.0673065185547|4|1549
239.4525604248047|4|1550
243.55076599121094|4|1551
243.4921112060547|4|1552
243.9554443359375|4|1553
247.9706268310547|4|1554
250.3956298828125|4|1555
252.88955688476562|4|1556
254.81671142578125|4|1557
257.3685607910156|4|1558
260.3448486328125|4|1559
261.2618713378906|4|1560
261.76220703125|4|1561
260.31427001953125|4|1562
258.5077209472656|4|1563
260.34124755859375|4|1564
262.3031311035156|4|1565
260.8076477050781|4|1566
259.6034240722656|4|1567
259.4364318847656|4|1568
260.4294128417969|4|1569
261.7718505859375|4|1570
265.39453125|4|1571
268.18011474609375|4|1572
265.8434753417969|4|1573
260.373779296875|4|1574
226.80136108398438|4|1575
156.6273651123047|4|1576
121.66400146484375|4|1577
135.4573211669922|4|1578
162.69656372070312|4|1579
190.63136291503906|4|1580
210.16595458984375|4|1581
217.53208923339844|4|1582
222.2838592529297|4|1583
225.56280517578125|4|1584
226.8985137939453|4|1585
231.97865295410156|4|1586
237.831787109375|4|1587
239.4320526123047|4|1588
239.1431884765625|4|1589
239.83828735351562|4|1590
237.59361267089844|4|1591
236.2751922607422|4|1592
236.2586669921875|4|1593
237.3413848876953|4|1594
236.5114288330078|4|1595
234.2320556640625|4|1596
231.7669677734375|4|1597
230.2963409423828|4|1598
228.9939727783203|4|1599
200.596923828125|4|1600
173.00148010253906|7|1601
241.9967041015625|7|1602
230.2206573486328|5|1603
171.29188537597656|4|1604
136.20545959472656|4|1605
108.58133697509766|4|1606
150.0229034423828|4|1607
191.15036010742188|4|1608
207.4387664794922|4|1609
214.13462829589844|4|1610
220.51548767089844|4|1611
222.50631713867188|4|1612
223.9940643310547|4|1613
228.04112243652344|4|1614
232.9022979736328|4|1615
237.05490112304688|4|1616
239.21424865722656|4|1617
242.1797637939453|4|1618
242.4370574951172|4|1619
195.40536499023438|4|1620
223.62254333496094|6|1621
257.2050476074219|5|1622
188.32211303710938|5|1623
130.7998046875|5|1624
165.81756591796875|4|1625
169.19522094726562|4|1626
150.5402374267578|4|1627
127.83782196044922|4|1628
132.00787353515625|4|1629
154.31295776367188|4|1630
179.81439208984375|4|1631
204.94007873535156|4|1632
155.11712646484375|4|1633
264.0308837890625|6|1634
256.37286376953125|5|1635
163.26025390625|5|1636
82.811767578125|5|1637
71.11666870117188|5|1638
99.32412719726562|4|1639
187.449462890625|7|1640
262.90423583984375|6|1641
227.74143981933594|5|1642
165.2831268310547|4|1643
120.53949737548828|4|1644
114.2041015625|4|1645
161.10720825195312|4|1646
191.0001678466797|4|1647
204.5945587158203|4|1648
211.5306854248047|4|1649
215.01219177246094|4|1650
218.63897705078125|4|1651
223.63157653808594|4|1652
229.673095703125|4|1653
233.5303192138672|4|1654
234.5563201904297|4|1655
236.7685089111328|4|1656
238.72531127929688|4|1657
242.09451293945312|4|1658
249.38992309570312|4|1659
252.96495056152344|4|1660
253.97706604003906|4|1661
257.6069030761719|4|1662
259.4427795410156|4|1663
245.55078125|4|1664
215.03024291992188|4|1665
196.86737060546875|4|1666
190.87527465820312|4|1667
190.09078979492188|4|1668
193.8767547607422|4|1669
196.30093383789062|4|1670
198.98663330078125|4|1671
197.5437469482422|4|1672
192.2613983154297|4|1673
191.02919006347656|4|1674
196.0377960205078|4|1675
204.15956115722656|4|1676
210.4991455078125|4|1677
207.4659423828125|4|1678
161.95806884765625|4|1679
106.68305206298828|4|1680
83.25952911376953|4|1681
83.87920379638672|76|1682
77.28628540039062|75|1683
71.96298217773438|4|1684
136.39784240722656|7|1685
258.0115661621094|6|1686
220.87313842773438|5|1687
132.7835693359375|5|1688
73.26448059082031|4|1689
41.403587341308594|4|1690
23.70760154724121|49|1691
20.946447372436523|61|1692
36.12994384765625|41|1693
82.30554962158203|79|1694
95.98780059814453|37|1695
79.00115966796875|36|1696
61.756160736083984|35|1697
36.708377838134766|35|1698
47.576759338378906|141|1699
54.561798095703125|45|1700
114.76276397705078|45|1701
84.87786865234375|44|1702
75.85044860839844|43|1703
67.59930419921875|79|1704
89.97234344482422|78|1705
63.58723068237305|140|1706
52.700382232666016|136|1707
36.864158630371094|85|1708
28.077810287475586|85|1709
24.817516326904297|14|1710
32.25766372680664|12|1711
35.123165130615234|141|1712
29.353012084960938|138|1713
25.408658981323242|9|1714
22.540470123291016|9|1715
24.990825653076172|81|1716
24.770418167114258|81|1717
20.77508544921875|242|1718
21.8223876953125|288|1719
45.35592269897461|120|1720
57.09903335571289|121|1721
65.47550201416016|123|1722
76.02458953857422|124|1723
47.743431091308594|124|1724
20.934322357177734|104|1725
30.66513442993164|101|1726
45.88975524902344|100|1727
41.52778244018555|99|1728
53.49415588378906|98|1729
69.19036102294922|99|1730
70.5960922241211|99|1731
55.648841857910156|99|1732
35.41302490234375|147|1733
21.617111206054688|112|1734
16.559219360351562|133|1735
12.263494491577148|99|1736
17.327713012695312|99|1737
23.344608306884766|99|1738
24.097579956054688|99|1739
22.855571746826172|99|1740
25.257856369018555|99|1741
24.34744644165039|99|1742
133.4144744873047|8|1743
240.9493865966797|7|1744
221.12075805664062|5|1745
166.720703125|5|1746
128.29185485839844|4|1747
97.1789779663086|4|1748
132.29603576660156|4|1749
163.84942626953125|4|1750
178.09619140625|4|1751
186.26470947265625|4|1752
196.97055053710938|4|1753
206.8491973876953|4|1754
213.86660766601562|4|1755
206.76278686523438|4|1756
173.44284057617188|4|1757
157.50157165527344|4|1758
170.79251098632812|4|1759
194.76194763183594|4|1760
216.4140625|4|1761
229.6927490234375|4|1762
238.07933044433594|4|1763
244.00331115722656|4|1764
249.2369842529297|4|1765
252.82745361328125|4|1766
256.4279479980469|4|1767
258.0209045410156|4|1768
242.53147888183594|4|1769
187.4425811767578|4|1770
144.7407684326172|4|1771
144.42640686035156|4|1772
156.18357849121094|4|1773
172.98480224609375|4|1774
182.44357299804688|4|1775
187.931396484375|4|1776
200.0489501953125|4|1777
212.97360229492188|4|1778
219.72251892089844|4|1779
226.16590881347656|4|1780
226.5590362548828|4|1781
190.24502563476562|4|1782
133.95162963867188|4|1783
115.84835815429688|4|1784
129.45779418945312|4|1785
153.48056030273438|4|1786
184.5218963623047|4|1787
209.04364013671875|4|1788
219.3157196044922|4|1789
221.97744750976562|4|1790
225.84005737304688|4|1791
230.34707641601562|4|1792
234.93698120117188|4|1793
238.34536743164062|4|1794
219.13046264648438|4|1795
174.136474609375|4|1796
142.28445434570312|4|1797
135.224365234375|4|1798
141.702880859375|4|1799
151.80694580078125|4|1800
155.53616333007812|4|1801
156.28668212890625|4|1802
162.68368530273438|4|1803
177.75572204589844|4|1804
176.20021057128906|4|1805
152.6293182373047|4|1806
108.11430358886719|4|1807
222.2369384765625|7|1808
257.6907043457031|6|1809
218.8067169189453|5|1810
160.12472534179688|4|1811
125.57151794433594|4|1812
119.73731231689453|4|1813
163.8767547607422|4|1814
194.60415649414062|4|1815
207.30857849121094|4|1816
217.06521606445312|4|1817
227.11465454101562|4|1818
233.0999298095703|4|1819
231.08587646484375|4|1820
206.8623809814453|4|1821
178.3157196044922|4|1822
172.31097412109375|4|1823
174.40988159179688|4|1824
184.1522979736328|4|1825
187.85281372070312|4|1826
152.0081024169922|4|1827
258.55499267578125|6|1828
245.03292846679688|5|1829
160.4259033203125|5|1830
133.40525817871094|4|1831
166.85594177246094|4|1832
162.6555633544922|4|1833
134.8748779296875|4|1834
111.24806213378906|4|1835
118.32902526855469|4|1836
143.699951171875|4|1837
174.82028198242188|4|1838
201.77108764648438|4|1839
217.7870635986328|4|1840
224.82229614257812|4|1841
229.51893615722656|4|1842
235.88865661621094|4|1843
236.51670837402344|4|1844
219.9640350341797|4|1845
181.0358428955078|4|1846
226.94493103027344|7|1847
249.5384063720703|6|1848
195.23431396484375|5|1849
147.90023803710938|4|1850
111.56513214111328|4|1851
119.9184341430664|4|1852
155.0485076904297|4|1853
174.28416442871094|4|1854
182.61178588867188|4|1855
191.99697875976562|4|1856
205.5494842529297|4|1857
219.3364715576172|4|1858
217.4747314453125|4|1859
186.11175537109375|4|1860
159.4801788330078|4|1861
168.33181762695312|4|1862
191.7914581298828|4|1863
218.31666564941406|4|1864
231.2040252685547|4|1865
235.8850555419922|4|1866
242.50186157226562|4|1867
249.0242156982422|4|1868
254.0868377685547|4|1869
257.6907043457031|4|1870
262.8243713378906|4|1871
258.3086853027344|4|1872
211.4565887451172|4|1873
154.27462768554688|4|1874
142.2576141357422|4|1875
154.8946533203125|4|1876
169.1869354248047|4|1877
179.2622528076172|4|1878
186.09085083007812|4|1879
196.23947143554688|4|1880
208.75369262695312|4|1881
219.77577209472656|4|1882
225.0339813232422|4|1883
228.1692657470703|4|1884
211.34552001953125|4|1885
151.39608764648438|4|1886
107.39444732666016|4|1887
116.51398468017578|4|1888
147.72010803222656|4|1889
179.28900146484375|4|1890
204.2798614501953|4|1891
218.45132446289062|4|1892
222.1427001953125|4|1893
225.8913116455078|4|1894
228.6854705810547|4|1895
233.8464813232422|4|1896
239.38568115234375|4|1897
228.62522888183594|4|1898
189.92945861816406|4|1899
149.2654266357422|4|1900
131.90213012695312|4|1901
135.4161376953125|4|1902
145.19857788085938|4|1903
151.9691619873047|4|1904
154.62107849121094|4|1905
159.080078125|4|1906
170.83309936523438|4|1907
180.55860900878906|4|1908
179.68434143066406|4|1909
154.67947387695312|4|1910
161.678466796875|7|1911
257.2663879394531|7|1912
231.70562744140625|5|1913
170.6283416748047|5|1914
139.9625701904297|4|1915
110.97006225585938|4|1916
149.4558868408203|4|1917
191.0631866455078|4|1918
207.51898193359375|4|1919
214.0070037841797|4|1920
221.96131896972656|4|1921
226.8521728515625|4|1922
230.04869079589844|4|1923
236.36203002929688|4|1924
234.6660919189453|4|1925
222.91734313964844|4|1926
214.2130889892578|4|1927
208.82716369628906|4|1928
204.2108917236328|4|1929
204.15713500976562|4|1930
210.05348205566406|4|1931
219.71221923828125|4|1932
228.570068359375|4|1933
234.89308166503906|4|1934
240.69773864746094|4|1935
236.92466735839844|4|1936
199.30813598632812|4|1937
142.9620819091797|4|1938
122.32875061035156|4|1939
134.61672973632812|4|1940
162.01927185058594|4|1941
192.9115447998047|4|1942
211.5592041015625|4|1943
222.26644897460938|4|1944
230.11712646484375|4|1945
236.7720184326172|4|1946
243.35862731933594|4|1947
243.38087463378906|4|1948
227.70672607421875|4|1949
184.79164123535156|7|1950
257.13818359375|6|1951
209.31015014648438|5|1952
154.5913543701172|4|1953
118.69818115234375|4|1954
108.51311492919922|4|1955
147.2057342529297|4|1956
172.0117645263672|4|1957
179.23391723632812|4|1958
187.40660095214844|4|1959
202.8607940673828|4|1960
217.58187866210938|4|1961
227.03233337402344|4|1962
203.03054809570312|4|1963
165.7962646484375|4|1964
164.70309448242188|4|1965
181.8587188720703|4|1966
203.62962341308594|4|1967
224.63014221191406|4|1968
234.81744384765625|4|1969
239.41648864746094|4|1970
246.00503540039062|4|1971
252.21359252929688|4|1972
256.3804626464844|4|1973
259.9698486328125|4|1974
259.3329162597656|4|1975
228.0625457763672|4|1976
168.09510803222656|4|1977
140.2291717529297|4|1978
147.55909729003906|4|1979
160.9274139404297|4|1980
175.14596557617188|4|1981
183.51002502441406|4|1982
189.81011962890625|4|1983
201.447509765625|4|1984
215.7478485107422|4|1985
225.16595458984375|4|1986
227.90066528320312|4|1987
224.24615478515625|4|1988
177.15567016601562|4|1989
122.64865112304688|4|1990
116.88525390625|4|1991
138.76022338867188|4|1992
169.09461975097656|4|1993
199.11129760742188|4|1994
215.71182250976562|4|1995
221.2146453857422|4|1996
226.27342224121094|4|1997
231.4309844970703|4|1998
233.7885284423828|4|1999
236.47015380859375|4|2000
234.8507843017578|4|2001
206.0428466796875|4|2002
162.68154907226562|4|2003
138.4215850830078|4|2004
134.2522430419922|4|2005
140.8564453125|4|2006
149.71910095214844|4|2007
155.5694580078125|4|2008
162.50375366210938|4|2009
173.92735290527344|4|2010
182.75155639648438|4|2011
187.95846557617188|4|2012
185.19837951660156|4|2013
133.78292846679688|4|2014
243.10585021972656|7|2015
249.3282012939453|6|2016
208.28216552734375|5|2017
151.45741271972656|4|2018
108.8924789428711|4|2019
129.86959838867188|4|2020
176.27346801757812|4|2021
199.88218688964844|4|2022
209.58885192871094|4|2023
216.6448211669922|4|2024
224.21743774414062|4|2025
230.25045776367188|4|2026
229.32911682128906|4|2027
203.82225036621094|4|2028
179.81674194335938|4|2029
177.37542724609375|4|2030
181.28384399414062|4|2031
188.31689453125|4|2032
174.22283935546875|4|2033
163.814697265625|6|2034
267.4406433105469|6|2035
220.97586059570312|5|2036
146.95309448242188|5|2037
151.78868103027344|4|2038
166.27162170410156|4|2039
154.98599243164062|4|2040
128.28732299804688|4|2041
115.09309387207031|4|2042
128.03932189941406|4|2043
152.31219482421875|4|2044
182.54183959960938|4|2045
190.40966796875|4|2046
216.34800720214844|7|2047
285.88818359375|6|2048
226.71107482910156|5|2049
107.32638549804688|5|2050
71.71795654296875|5|2051
93.34712219238281|4|2052
118.04434204101562|7|2053
236.6244659423828|6|2054
207.61270141601562|6|2055
165.2850799560547|5|2056
130.86932373046875|4|2057
99.54940032958984|4|2058
129.72146606445312|4|2059
163.1672821044922|4|2060
178.77647399902344|4|2061
189.91355895996094|4|2062
201.7569122314453|4|2063
213.8162841796875|4|2064
222.07273864746094|4|2065
212.515625|4|2066
179.7064208984375|4|2067
163.59556579589844|4|2068
179.2939910888672|4|2069
202.82203674316406|4|2070
221.03358459472656|4|2071
231.8266143798828|4|2072
239.68997192382812|4|2073
245.9978790283203|4|2074
249.45301818847656|4|2075
252.8623809814453|4|2076
255.58297729492188|4|2077
257.2219543457031|4|2078
240.52317810058594|4|2079
186.88116455078125|4|2080
144.42373657226562|4|2081
141.73106384277344|4|2082
154.09103393554688|4|2083
174.08226013183594|4|2084
186.2124481201172|4|2085
192.5238037109375|4|2086
202.24298095703125|4|2087
216.328125|4|2088
223.4112548828125|4|2089
221.6826629638672|4|2090
222.90847778320312|4|2091
199.71817016601562|4|2092
144.0606689453125|4|2093
104.06380462646484|4|2094
90.96810150146484|4|2095
87.42484283447266|4|2096
83.24275970458984|4|2097
83.7206802368164|9|2098
229.89614868164062|6|2099
265.39691162109375|6|2100
197.8969268798828|5|2101
101.38406372070312|5|2102
61.139625549316406|4|2103
28.47532081604004|4|2104
15.059549331665039|61|2105
29.965259552001953|62|2106
30.50152587890625|62|2107
40.7102165222168|62|2108
64.92655181884766|62|2109
57.229549407958984|62|2110
93.60173797607422|8|2111
241.876220703125|6|2112
262.06524658203125|5|2113
188.95883178710938|5|2114
95.79810333251953|5|2115
59.7569580078125|4|2116
37.4128532409668|5|2117
167.95095825195312|7|2118
254.3514404296875|6|2119
224.01463317871094|5|2120
156.7855682373047|4|2121
111.32996368408203|4|2122
105.45494079589844|4|2123
154.91226196289062|4|2124
189.6620330810547|4|2125
205.0319061279297|4|2126
209.38629150390625|4|2127
210.66551208496094|4|2128
217.5498046875|4|2129
220.53900146484375|4|2130
201.0154266357422|4|2131
175.65420532226562|4|2132
175.599853515625|4|2133
192.28465270996094|4|2134
211.02110290527344|4|2135
224.7587432861328|4|2136
232.85623168945312|4|2137
237.17391967773438|4|2138
238.47352600097656|4|2139
243.7618865966797|4|2140
249.54763793945312|4|2141
251.3931121826172|4|2142
237.3600311279297|4|2143
181.86141967773438|4|2144
132.44180297851562|4|2145
129.71043395996094|4|2146
149.26593017578125|4|2147
179.2667236328125|4|2148
205.06146240234375|4|2149
220.31568908691406|4|2150
228.3650360107422|4|2151
234.49545288085938|4|2152
237.20372009277344|4|2153
228.75796508789062|4|2154
211.32611083984375|4|2155
181.2770538330078|4|2156
220.55911254882812|7|2157
251.13433837890625|6|2158
201.58106994628906|5|2159
142.7250518798828|4|2160
98.4195785522461|4|2161
118.6457290649414|4|2162
167.7115936279297|4|2163
188.74766540527344|4|2164
189.34555053710938|4|2165
194.61618041992188|4|2166
212.52088928222656|4|2167
223.62364196777344|4|2168
218.77728271484375|4|2169
187.3721160888672|4|2170
160.3922119140625|4|2171
163.30886840820312|4|2172
179.18618774414062|4|2173
201.92709350585938|4|2174
221.3150634765625|4|2175
230.50315856933594|4|2176
236.5379180908203|4|2177
243.07379150390625|4|2178
247.89633178710938|4|2179
252.19964599609375|4|2180
254.71800231933594|4|2181
253.48455810546875|4|2182
216.13710021972656|4|2183
159.8444061279297|4|2184
148.5505828857422|4|2185
171.70706176757812|4|2186
198.83474731445312|4|2187
216.1083984375|4|2188
223.85504150390625|4|2189
225.59605407714844|4|2190
226.98681640625|4|2191
230.0765380859375|4|2192
236.11680603027344|4|2193
240.22097778320312|4|2194
221.5880126953125|4|2195
160.0650634765625|4|2196
113.73638916015625|4|2197
118.44795989990234|4|2198
144.7527618408203|4|2199
177.27853393554688|4|2200
206.9769744873047|4|2201
219.06976318359375|4|2202
221.26055908203125|4|2203
227.0384063720703|4|2204
231.8345489501953|4|2205
234.69288635253906|4|2206
234.64393615722656|4|2207
227.05859375|4|2208
192.0798797607422|4|2209
155.36630249023438|4|2210
148.5483856201172|4|2211
165.4940643310547|4|2212
190.72622680664062|4|2213
208.51803588867188|4|2214
217.5177764892578|4|2215
221.350830078125|4|2216
223.98654174804688|4|2217
218.63558959960938|4|2218
194.32968139648438|4|2219
152.0822296142578|4|2220
155.7072296142578|7|2221
256.4957275390625|7|2222
211.1054229736328|5|2223
170.40176391601562|5|2224
141.7322540283203|4|2225
114.12239074707031|4|2226
142.53277587890625|4|2227
176.84011840820312|4|2228
194.56163024902344|4|2229
206.2897491455078|4|2230
212.9592742919922|4|2231
216.88775634765625|4|2232
219.89215087890625|4|2233
213.11337280273438|4|2234
187.97323608398438|4|2235
176.5742645263672|4|2236
188.3308563232422|4|2237
205.30111694335938|4|2238
219.5565185546875|4|2239
183.30413818359375|4|2240
205.53201293945312|6|2241
263.65399169921875|6|2242
200.9982452392578|5|2243
135.9435272216797|5|2244
162.6934814453125|4|2245
173.99615478515625|4|2246
151.2271728515625|4|2247
120.14637756347656|4|2248
116.50837707519531|4|2249
134.05152893066406|4|2250
161.7606964111328|4|2251
193.0426483154297|4|2252
212.56687927246094|4|2253
222.93740844726562|4|2254
231.2825469970703|4|2255
237.26895141601562|4|2256
239.17401123046875|4|2257
227.645751953125|4|2258
204.70794677734375|4|2259
178.69117736816406|7|2260
266.7771301269531|6|2261
215.76747131347656|5|2262
158.0331268310547|4|2263
128.78038024902344|4|2264
116.93226623535156|4|2265
150.1429443359375|4|2266
175.14903259277344|4|2267
182.9103240966797|4|2268
189.3827667236328|4|2269
203.24008178710938|4|2270
212.685546875|4|2271
216.73048400878906|4|2272
200.0880126953125|4|2273
164.2351531982422|4|2274
155.65626525878906|4|2275
175.71072387695312|4|2276
197.79388427734375|4|2277
214.08802795410156|4|2278
226.9813690185547|4|2279
238.71446228027344|4|2280
244.30755615234375|4|2281
246.67811584472656|4|2282
251.32518005371094|4|2283
254.95997619628906|4|2284
256.0386657714844|4|2285
232.93072509765625|4|2286
175.6739044189453|4|2287
144.6825714111328|4|2288
160.99658203125|4|2289
187.76864624023438|4|2290
206.2318115234375|4|2291
217.11117553710938|4|2292
225.23263549804688|4|2293
230.16375732421875|4|2294
231.23110961914062|4|2295
234.78475952148438|4|2296
237.56072998046875|4|2297
230.36859130859375|4|2298
183.4945526123047|4|2299
124.97318267822266|4|2300
112.71491241455078|4|2301
130.73233032226562|4|2302
162.1278076171875|4|2303
191.83309936523438|4|2304
210.27267456054688|4|2305
220.13925170898438|4|2306
223.9396514892578|4|2307
226.7325897216797|4|2308
228.36361694335938|4|2309
229.89373779296875|4|2310
229.95985412597656|4|2311
206.36587524414062|4|2312
163.64505004882812|4|2313
145.89175415039062|4|2314
156.06700134277344|4|2315
175.49517822265625|4|2316
197.28355407714844|4|2317
212.72695922851562|4|2318
219.63230895996094|4|2319
222.1968231201172|4|2320
223.7367706298828|4|2321
222.62667846679688|4|2322
205.19796752929688|4|2323
137.89686584472656|4|2324
233.0312957763672|7|2325
241.66549682617188|6|2326
198.03128051757812|5|2327
149.5889892578125|4|2328
109.50037384033203|4|2329
119.03445434570312|4|2330
166.1092987060547|4|2331
193.8706817626953|4|2332
205.97488403320312|4|2333
212.4075927734375|4|2334
216.8385772705078|4|2335
223.36642456054688|4|2336
222.94105529785156|4|2337
200.2815399169922|4|2338
178.15663146972656|4|2339
181.80393981933594|4|2340
196.13641357421875|4|2341
214.7846221923828|4|2342
227.0476837158203|4|2343
233.79603576660156|4|2344
236.6134490966797|4|2345
239.0599365234375|4|2346
245.82228088378906|4|2347
249.1212158203125|4|2348
249.0162353515625|4|2349
228.0261993408203|4|2350
167.5272979736328|4|2351
125.87464141845703|4|2352
131.2416534423828|4|2353
155.80116271972656|4|2354
187.2708740234375|4|2355
211.03463745117188|4|2356
223.59634399414062|4|2357
231.216796875|4|2358
235.4149627685547|4|2359
237.6197509765625|4|2360
242.6634063720703|4|2361
236.0949249267578|4|2362
182.7845001220703|4|2363
243.00318908691406|6|2364
215.07046508789062|6|2365
175.2974395751953|5|2366
137.657470703125|4|2367
107.72162628173828|4|2368
138.48309326171875|4|2369
176.13389587402344|4|2370
186.36383056640625|4|2371
190.47708129882812|4|2372
199.61045837402344|4|2373
216.5207977294922|4|2374
227.6014404296875|4|2375
217.09764099121094|4|2376
179.82791137695312|4|2377
158.3611602783203|4|2378
170.8379669189453|4|2379
192.17495727539062|4|2380
212.2274932861328|4|2381
224.3635711669922|4|2382
233.73599243164062|4|2383
241.7713623046875|4|2384
247.98594665527344|4|2385
251.81163024902344|4|2386
253.36880493164062|4|2387
255.2865753173828|4|2388
248.04457092285156|4|2389
200.0892791748047|4|2390
151.9278106689453|4|2391
154.4119110107422|4|2392
176.3971710205078|4|2393
199.87303161621094|4|2394
216.24740600585938|4|2395
221.16429138183594|4|2396
225.47605895996094|4|2397
230.6662139892578|4|2398
231.34341430664062|4|2399
233.67855834960938|4|2400
235.67185974121094|4|2401
210.57261657714844|4|2402
144.7095489501953|4|2403
109.4880599975586|4|2404
124.6781005859375|4|2405
154.37782287597656|4|2406
184.86068725585938|4|2407
207.51805114746094|4|2408
218.92010498046875|4|2409
222.0704803466797|4|2410
224.01187133789062|4|2411
228.00131225585938|4|2412
228.89430236816406|4|2413
230.7782745361328|4|2414
218.9224395751953|4|2415
179.22787475585938|4|2416
148.0472412109375|4|2417
148.79409790039062|4|2418
169.15924072265625|4|2419
194.51168823242188|4|2420
212.26744079589844|4|2421
220.2626495361328|4|2422
221.31942749023438|4|2423
221.7801971435547|4|2424
221.92381286621094|4|2425
220.38433837890625|4|2426
185.17776489257812|4|2427
187.49342346191406|7|2428
244.0847930908203|6|2429
224.30474853515625|5|2430
160.96237182617188|4|2431
120.30692291259766|4|2432
105.77574157714844|4|2433
154.52117919921875|4|2434
188.85113525390625|4|2435
202.14686584472656|4|2436
208.46133422851562|4|2437
212.8530731201172|4|2438
218.171875|4|2439
219.6503143310547|4|2440
203.4593048095703|4|2441
180.2523956298828|4|2442
176.6344451904297|4|2443
186.27334594726562|4|2444
203.12307739257812|4|2445
218.71522521972656|4|2446
183.20596313476562|4|2447
236.1875|6|2448
250.2413787841797|5|2449
176.03514099121094|5|2450
134.9921417236328|4|2451
167.58885192871094|4|2452
165.1966094970703|4|2453
140.63905334472656|4|2454
116.63224029541016|4|2455
119.16014862060547|4|2456
139.1259765625|4|2457
169.14413452148438|4|2458
198.8792266845703|4|2459
149.65664672851562|8|2460
271.8946838378906|6|2461
256.43310546875|5|2462
148.60797119140625|5|2463
78.71826171875|5|2464
77.26959228515625|4|2465
96.5838851928711|4|2466
201.46426391601562|7|2467
246.73672485351562|6|2468
202.70452880859375|5|2469
145.3778839111328|4|2470
103.82975006103516|4|2471
110.3504638671875|4|2472
158.14427185058594|4|2473
186.9749755859375|4|2474
199.06785583496094|4|2475
204.0012664794922|4|2476
214.6618194580078|4|2477
222.70220947265625|4|2478
219.39114379882812|4|2479
191.0054931640625|4|2480
156.5381622314453|4|2481
159.0919647216797|4|2482
179.42909240722656|4|2483
201.32943725585938|4|2484
217.78640747070312|4|2485
229.46414184570312|4|2486
236.69078063964844|4|2487
240.3602294921875|4|2488
245.2847442626953|4|2489
247.77938842773438|4|2490
250.62826538085938|4|2491
252.65977478027344|4|2492
219.52561950683594|4|2493
161.4851531982422|4|2494
146.05918884277344|4|2495
164.8393096923828|4|2496
188.1855010986328|4|2497
208.5451202392578|4|2498
222.6884307861328|4|2499
229.78448486328125|4|2500
232.45201110839844|4|2501
232.39027404785156|4|2502
232.06851196289062|4|2503
236.7987823486328|4|2504
227.52191162109375|4|2505
174.68446350097656|4|2506
119.44886016845703|4|2507
99.14114379882812|4|2508
92.11199951171875|4|2509
84.92354583740234|4|2510
80.14398193359375|4|2511
165.26295471191406|7|2512
285.56134033203125|6|2513
234.7565155029297|5|2514
130.77108764648438|5|2515
73.01548767089844|4|2516
39.4259033203125|4|2517
22.259382247924805|49|2518
29.563997268676758|62|2519
32.025291442871094|62|2520
33.35538101196289|31|2521
39.73081588745117|76|2522
47.92511749267578|76|2523
39.892398834228516|76|2524
184.84786987304688|7|2525
281.9075927734375|6|2526
233.80882263183594|5|2527
126.28234100341797|5|2528
76.22052001953125|4|2529
44.7696647644043|4|2530
47.46857833862305|31|2531
64.898681640625|30|2532
85.32904052734375|16|2533
74.67554473876953|16|2534
55.115745544433594|16|2535
52.29227066040039|31|2536
51.473724365234375|31|2537
51.6114501953125|31|2538
52.148948669433594|31|2539
50.357826232910156|31|2540
55.79112243652344|16|2541
53.09315490722656|16|2542
45.97964096069336|16|2543
42.29960250854492|16|2544
38.9022216796875|16|2545
46.230499267578125|17|2546
46.67082977294922|17|2547
44.49528503417969|17|2548
55.51450729370117|17|2549
71.1284408569336|17|2550
110.17626953125|17|2551
158.8522491455078|16|2552
125.13875579833984|16|2553
65.09113311767578|17|2554
57.03184127807617|17|2555
50.44337463378906|17|2556
37.12458801269531|17|2557
24.034927368164062|17|2558
28.719058990478516|17|2559
41.45979690551758|17|2560
52.20465087890625|17|2561
57.80742263793945|17|2562
55.78189468383789|17|2563
41.057804107666016|17|2564
22.326679229736328|61|2565
11.263041496276855|22|2566
22.030181884765625|17|2567
44.60184860229492|17|2568
60.95222473144531|17|2569
99.791259765625|17|2570
127.73716735839844|16|2571
95.17866516113281|16|2572
52.04604721069336|16|2573
25.452768325805664|16|2574
16.072784423828125|18|2575
28.29928207397461|17|2576
46.14830017089844|18|2577
53.9688606262207|17|2578
50.27787399291992|17|2579
42.440608978271484|17|2580
26.71448516845703|17|2581
15.516976356506348|18|2582
20.854576110839844|18|2583