Under Control
Calvin Harris
Alesso
EDM
under_control
1025x2584
2584

6.41256856918335|8|0
22.5954532623291|7|1
28.86079216003418|6|2
20.3869571685791|6|3
14.42808723449707|6|4
10.432342529296875|6|5
16.38658905029297|7|6
26.860454559326172|6|7
27.48482322692871|6|8
23.88374137878418|6|9
19.89046859741211|6|10
16.801233291625977|7|11
23.044008255004883|7|12
24.781970977783203|6|13
22.029178619384766|6|14
19.325237274169922|6|15
25.077987670898438|6|16
47.628997802734375|6|17
57.13908767700195|6|18
49.921234130859375|6|19
40.400779724121094|6|20
25.249197006225586|6|21
26.40435218811035|5|22
25.334074020385742|6|23
16.820241928100586|6|24
12.494397163391113|6|25
12.294904708862305|7|26
25.210649490356445|13|27
33.13862991333008|13|28
27.188051223754883|13|29
22.164045333862305|6|30
23.41880226135254|6|31
27.945255279541016|6|32
27.384105682373047|6|33
27.560392379760742|64|34
21.57647132873535|6|35
18.5830135345459|7|36
35.51177978515625|7|37
55.79118347167969|6|38
53.74233627319336|6|39
45.30552291870117|6|40
35.04765319824219|6|41
25.701148986816406|7|42
24.91977310180664|7|43
19.753673553466797|6|44
18.82606315612793|87|45
26.64219093322754|146|46
32.959720611572266|147|47
30.972055435180664|150|48
26.2885799407959|6|49
26.398921966552734|58|50
35.51805877685547|57|51
48.534149169921875|38|52
68.33283233642578|38|53
40.61977005004883|38|54
22.55914306640625|6|55
18.722576141357422|6|56
28.22713851928711|12|57
62.48197937011719|13|58
67.84777069091797|13|59
52.571510314941406|13|60
42.32904052734375|6|61
39.4394416809082|6|62
36.48509979248047|8|63
54.39630889892578|32|64
57.45064926147461|32|65
47.81830596923828|32|66
45.273101806640625|16|67
63.63508224487305|16|68
81.13585662841797|16|69
79.31183624267578|16|70
63.99671173095703|16|71
41.04741668701172|15|72
38.03920364379883|26|73
59.4528694152832|11|74
59.18367004394531|11|75
49.74154281616211|11|76
47.724365234375|29|77
65.0975112915039|10|78
97.4751205444336|11|79
102.40473175048828|11|80
95.94898986816406|11|81
79.36026763916016|11|82
64.74468231201172|11|83
53.94486999511719|11|84
44.180274963378906|11|85
34.65956497192383|11|86
30.49278450012207|11|87
39.68355941772461|11|88
51.931541442871094|11|89
52.81985092163086|11|90
50.12217330932617|11|91
43.49933624267578|11|92
40.93618392944336|10|93
38.562843322753906|11|94
41.86123275756836|11|95
41.272666931152344|11|96
42.28632354736328|11|97
49.67835998535156|12|98
84.93319702148438|11|99
101.66578674316406|11|100
95.65819549560547|11|101
84.63736724853516|11|102
57.730384826660156|10|103
44.73235321044922|10|104
46.08953094482422|11|105
34.182220458984375|11|106
25.1193790435791|11|107
18.730045318603516|10|108
31.535743713378906|10|109
48.62957763671875|11|110
47.87718963623047|11|111
45.93772506713867|11|112
41.68941116333008|11|113
39.86893844604492|11|114
52.43088912963867|11|115
54.041465759277344|11|116
50.61325454711914|11|117
45.20114517211914|11|118
61.12759780883789|11|119
87.79645538330078|11|120
91.8770980834961|11|121
89.01897430419922|11|122
74.77399444580078|11|123
59.56355667114258|11|124
48.77007293701172|11|125
35.57988739013672|11|126
41.93147659301758|38|127
45.3461799621582|38|128
42.17580795288086|39|129
45.59341049194336|11|130
45.92005920410156|11|131
45.7333869934082|39|132
45.001914978027344|39|133
36.94188690185547|20|134
49.04422378540039|43|135
51.00634002685547|43|136
51.34316635131836|43|137
62.25559616088867|43|138
71.34664916992188|43|139
68.2924575805664|22|140
88.94239044189453|11|141
86.89741516113281|11|142
79.95158386230469|11|143
49.26099395751953|11|144
51.018795013427734|44|145
51.09074401855469|67|146
67.490966796875|67|147
55.08512496948242|66|148
35.284934997558594|66|149
40.258846282958984|63|150
41.2807731628418|21|151
41.65938949584961|22|152
41.136756896972656|68|153
44.4110221862793|45|154
46.502750396728516|45|155
40.662498474121094|22|156
46.681636810302734|21|157
48.237586975097656|21|158
42.401527404785156|21|159
46.127342224121094|13|160
66.7315673828125|13|161
56.66848373413086|13|162
47.12898254394531|7|163
38.87931442260742|7|164
27.0081729888916|21|165
28.012704849243164|8|166
27.534677505493164|12|167
21.091360092163086|8|168
16.426969528198242|12|169
17.293834686279297|12|170
28.403263092041016|16|171
32.24266052246094|8|172
29.805583953857422|8|173
25.403648376464844|8|174
21.4744930267334|8|175
32.6923828125|12|176
33.532352447509766|12|177
30.434064865112305|12|178
28.099590301513672|8|179
34.88797378540039|8|180
71.50872039794922|16|181
84.29857635498047|16|182
70.11547088623047|16|183
54.7745475769043|16|184
37.97044372558594|8|185
33.95323944091797|9|186
28.187641143798828|8|187
23.40826416015625|8|188
18.009729385375977|8|189
16.22837257385254|12|190
22.952852249145508|16|191
31.884754180908203|16|192
31.354761123657227|8|193
28.607036590576172|8|194
25.85871124267578|8|195
29.275135040283203|8|196
37.601566314697266|71|197
33.01512145996094|8|198
30.52866554260254|8|199
28.752607345581055|8|200
45.28682327270508|16|201
79.37945556640625|16|202
76.62413024902344|16|203
60.296817779541016|16|204
46.69242858886719|8|205
31.70536994934082|9|206
32.64791488647461|65|207
38.77983093261719|65|208
29.845163345336914|65|209
27.085573196411133|66|210
24.553730010986328|91|211
32.52935791015625|93|212
34.19260025024414|16|213
41.6716423034668|49|214
51.685604095458984|49|215
53.235740661621094|49|216
59.25458526611328|49|217
63.35032272338867|49|218
57.96537399291992|24|219
44.45563888549805|24|220
32.708492279052734|8|221
52.19950866699219|16|222
66.00914001464844|16|223
57.66518020629883|8|224
48.536956787109375|8|225
30.362916946411133|8|226
36.22478485107422|14|227
49.72407531738281|38|228
74.46430969238281|38|229
89.93635559082031|38|230
86.92671966552734|38|231
99.38191986083984|39|232
111.27457427978516|39|233
107.68567657470703|39|234
92.9334716796875|39|235
88.68809509277344|38|236
68.24484252929688|36|237
100.21720886230469|36|238
93.95655059814453|37|239
71.26165008544922|37|240
53.499053955078125|19|241
49.20256042480469|19|242
80.2005386352539|14|243
76.12837219238281|14|244
63.383758544921875|14|245
50.847530364990234|14|246
38.2906379699707|13|247
39.63335037231445|11|248
25.16539764404297|11|249
21.505468368530273|37|250
14.98336124420166|11|251
15.039904594421387|11|252
25.300983428955078|14|253
30.900306701660156|14|254
24.989246368408203|14|255
20.83854866027832|7|256
16.20799446105957|6|257
24.725709915161133|11|258
30.060678482055664|11|259
27.629911422729492|11|260
23.777023315429688|11|261
26.294677734375|7|262
57.866661071777344|14|263
82.7457275390625|14|264
72.53952026367188|14|265
55.03700256347656|14|266
34.45909881591797|14|267
24.011648178100586|8|268
27.26495933532715|11|269
21.400981903076172|11|270
15.671392440795898|11|271
12.706512451171875|7|272
26.87660026550293|14|273
38.67208480834961|14|274
35.04109573364258|14|275
30.054006576538086|14|276
22.9801025390625|14|277
20.15582275390625|88|278
24.74690055847168|88|279
26.939037322998047|11|280
23.75183868408203|7|281
22.512521743774414|150|282
43.51047897338867|14|283
72.0322265625|14|284
67.77106475830078|14|285
54.118080139160156|14|286
40.195098876953125|14|287
28.944578170776367|7|288
36.45038604736328|37|289
59.98385238647461|37|290
79.47209930419922|36|291
66.22470092773438|37|292
62.062400817871094|37|293
59.7238655090332|37|294
49.16988754272461|36|295
38.0301513671875|14|296
43.41649627685547|17|297
40.74681091308594|32|298
45.318965911865234|31|299
41.65675735473633|32|300
36.61153030395508|49|301
23.840970993041992|11|302
32.209449768066406|15|303
73.36827850341797|14|304
84.92208099365234|14|305
69.92611694335938|14|306
56.05416488647461|14|307
35.42039489746094|14|308
37.58149337768555|11|309
32.37046813964844|11|310
32.25662612915039|32|311
35.753135681152344|49|312
28.275022506713867|32|313
34.909610748291016|32|314
32.175350189208984|31|315
28.061443328857422|14|316
32.040191650390625|15|317
21.70029067993164|32|318
25.833864212036133|33|319
33.7695198059082|12|320
33.6169319152832|12|321
31.17255973815918|12|322
24.24058723449707|13|323
52.8543586730957|16|324
92.60762786865234|16|325
102.3431625366211|16|326
83.8425064086914|16|327
55.41332244873047|16|328
26.77422332763672|7|329
22.87567138671875|7|330
21.75737190246582|10|331
16.739418029785156|10|332
12.368324279785156|10|333
13.594170570373535|16|334
27.26930046081543|13|335
38.25181198120117|13|336
34.472694396972656|13|337
26.78832244873047|13|338
21.13813591003418|13|339
24.423477172851562|13|340
25.883913040161133|10|341
23.37723159790039|10|342
20.405426025390625|10|343
31.914918899536133|13|344
68.2696533203125|13|345
82.23908233642578|13|346
72.55919647216797|13|347
58.924198150634766|13|348
43.85923767089844|12|349
35.3701171875|10|350
28.95326042175293|10|351
18.270723342895508|10|352
14.013471603393555|10|353
11.7261381149292|7|354
22.05097770690918|13|355
30.04749870300293|13|356
28.31045913696289|13|357
25.730459213256836|13|358
19.028799057006836|12|359
27.62970542907715|29|360
39.12319564819336|39|361
35.74355697631836|49|362
32.5955924987793|49|363
27.335342407226562|65|364
44.29961395263672|65|365
64.88424682617188|13|366
77.18113708496094|13|367
66.32487487792969|13|368
46.996009826660156|13|369
30.161596298217773|13|370
32.37659454345703|13|371
31.18462562561035|70|372
34.08149337768555|70|373
35.65049362182617|105|374
37.47108459472656|72|375
39.042625427246094|13|376
42.380916595458984|13|377
57.8358039855957|77|378
67.90473175048828|77|379
54.87857437133789|77|380
47.513004302978516|77|381
40.529258728027344|77|382
29.708824157714844|58|383
26.707141876220703|59|384
24.128982543945312|7|385
54.62905502319336|13|386
66.22276306152344|13|387
58.90568923950195|13|388
47.660423278808594|13|389
36.653968811035156|13|390
33.83320236206055|13|391
31.151512145996094|12|392
31.67522430419922|12|393
26.35800552368164|32|394
28.31366539001465|32|395
47.691951751708984|16|396
67.59180450439453|16|397
61.193763732910156|16|398
46.49809265136719|16|399
32.46931838989258|16|400
28.312665939331055|31|401
44.9289436340332|16|402
56.058101654052734|28|403
58.168861389160156|28|404
50.16155242919922|29|405
56.66684341430664|21|406
89.80255889892578|21|407
82.84317779541016|21|408
67.28955078125|21|409
59.45237350463867|11|410
42.56678771972656|11|411
44.8082389831543|15|412
47.46571731567383|16|413
27.38109016418457|16|414
21.202672958374023|16|415
22.282060623168945|10|416
38.49467468261719|21|417
40.445613861083984|21|418
35.81205368041992|11|419
33.11260223388672|11|420
34.4149284362793|11|421
42.40857696533203|11|422
45.09337615966797|16|423
44.339927673339844|16|424
41.32774353027344|16|425
44.021549224853516|11|426
77.71742248535156|21|427
93.32476806640625|21|428
80.72118377685547|21|429
65.14434814453125|21|430
46.270606994628906|10|431
49.07296371459961|16|432
47.30004119873047|16|433
33.8210563659668|16|434
26.33278465270996|16|435
17.7176513671875|11|436
36.43013381958008|21|437
44.3729133605957|21|438
39.73100662231445|21|439
34.39735412597656|21|440
24.899845123291016|21|441
26.92947769165039|17|442
43.39971923828125|16|443
48.03175735473633|16|444
45.86727523803711|16|445
44.262245178222656|16|446
40.28438949584961|21|447
78.33866119384766|21|448
78.57803344726562|21|449
67.32393646240234|21|450
56.51072311401367|11|451
45.80201721191406|11|452
38.295230865478516|11|453
35.087127685546875|16|454
33.21207046508789|77|455
29.647621154785156|133|456
31.125886917114258|116|457
49.76197052001953|116|458
55.50750732421875|116|459
48.57768630981445|116|460
70.10602569580078|78|461
54.67607116699219|77|462
41.052154541015625|39|463
46.26386260986328|16|464
50.11492919921875|43|465
59.84199142456055|43|466
43.0265998840332|11|467
78.93669128417969|21|468
86.52069854736328|21|469
74.1797103881836|21|470
63.37372589111328|21|471
45.8229866027832|10|472
46.21493911743164|16|473
48.189849853515625|16|474
36.1597785949707|65|475
55.0979118347168|65|476
58.601253509521484|65|477
56.77490234375|64|478
62.77676010131836|64|479
67.94355773925781|65|480
52.45982360839844|66|481
29.59151268005371|44|482
38.5435905456543|44|483
34.645442962646484|44|484
36.06011962890625|62|485
35.474178314208984|42|486
50.77698516845703|43|487
57.677207946777344|43|488
70.45625305175781|13|489
71.4289321899414|13|490
63.3518180847168|13|491
50.22923278808594|13|492
35.92182540893555|43|493
38.12071228027344|21|494
30.291715621948242|12|495
22.174285888671875|12|496
15.80169677734375|12|497
23.144275665283203|16|498
47.06935501098633|16|499
52.03282165527344|16|500
47.46281433105469|16|501
40.82976531982422|16|502
28.374177932739258|16|503
25.5133056640625|13|504
33.05085372924805|12|505
33.541770935058594|12|506
30.81447410583496|12|507
24.99587631225586|8|508
53.93305587768555|16|509
83.3017807006836|16|510
79.71244812011719|16|511
67.95049285888672|16|512
49.62396240234375|16|513
32.378658294677734|16|514
33.673702239990234|12|515
25.478694915771484|12|516
19.859220504760742|12|517
12.151466369628906|15|518
34.875797271728516|16|519
51.37251281738281|16|520
50.172210693359375|16|521
45.05820083618164|16|522
35.601070404052734|16|523
21.641035079956055|17|524
25.870454788208008|16|525
34.782188415527344|12|526
33.987545013427734|31|527
59.67632293701172|32|528
69.93433380126953|32|529
71.63999938964844|16|530
85.67080688476562|16|531
73.8935317993164|16|532
63.67230224609375|16|533
47.03007125854492|17|534
32.87520980834961|12|535
48.6497917175293|67|536
70.19572448730469|67|537
77.2054672241211|67|538
68.50911712646484|66|539
62.818748474121094|67|540
51.74283218383789|16|541
47.44652557373047|16|542
40.67085647583008|73|543
30.424440383911133|49|544
53.6298713684082|71|545
53.096614837646484|71|546
41.89836120605469|48|547
49.91471481323242|48|548
40.34773635864258|48|549
46.96390151977539|16|550
86.56800842285156|16|551
86.80472564697266|16|552
74.40408325195312|16|553
50.28531265258789|16|554
49.92530822753906|19|555
63.33234786987305|19|556
62.249935150146484|19|557
58.99669647216797|19|558
48.88184356689453|19|559
28.178842544555664|39|560
30.911413192749023|39|561
36.81590270996094|19|562
55.24818801879883|19|563
61.774471282958984|19|564
58.7469367980957|18|565
63.423606872558594|18|566
62.52365493774414|18|567
58.229393005371094|19|568
69.18971252441406|19|569
77.09548950195312|19|570
71.18790435791016|18|571
69.09490203857422|14|572
62.83467483520508|14|573
58.942909240722656|14|574
56.445892333984375|19|575
69.17932891845703|19|576
58.6461181640625|19|577
43.26807403564453|19|578
30.52769660949707|18|579
23.040489196777344|14|580
40.376060485839844|14|581
44.733489990234375|14|582
42.25322723388672|14|583
37.85426330566406|14|584
26.509014129638672|14|585
27.56012725830078|11|586
26.456377029418945|11|587
24.94034194946289|11|588
24.51636505126953|11|589
29.044021606445312|11|590
48.237022399902344|15|591
71.82682800292969|14|592
70.9127197265625|14|593
64.0582504272461|14|594
46.29277038574219|15|595
40.87757110595703|15|596
27.616249084472656|15|597
20.201082229614258|14|598
16.735706329345703|14|599
13.287398338317871|11|600
25.120147705078125|18|601
29.97081184387207|14|602
28.508956909179688|14|603
35.209407806396484|15|604
34.113502502441406|14|605
40.34429931640625|17|606
44.63862228393555|37|607
60.740081787109375|38|608
87.33316802978516|39|609
119.22222137451172|39|610
120.83943939208984|39|611
89.12572479248047|38|612
77.02466583251953|14|613
72.0914535522461|14|614
62.99976348876953|14|615
43.2111701965332|38|616
45.88480758666992|37|617
45.46608352661133|37|618
44.503387451171875|55|619
46.10285568237305|55|620
52.03934860229492|55|621
62.20135498046875|55|622
64.16610717773438|55|623
52.72406768798828|54|624
28.686595916748047|14|625
22.783090591430664|15|626
30.24640655517578|16|627
49.66019821166992|33|628
59.14622116088867|33|629
55.30274200439453|32|630
50.32645034790039|32|631
58.07777404785156|16|632
62.0048713684082|14|633
65.17323303222656|14|634
70.21389770507812|15|635
56.56406021118164|14|636
44.47799301147461|14|637
58.54676818847656|49|638
66.57490539550781|49|639
59.924007415771484|48|640
62.3586540222168|48|641
58.12776184082031|48|642
67.36563110351562|49|643
64.796630859375|49|644
52.24467468261719|33|645
35.68379592895508|14|646
31.014291763305664|16|647
41.25174331665039|16|648
43.221405029296875|16|649
46.4490852355957|16|650
42.55770492553711|16|651
62.44982147216797|16|652
95.64241027832031|16|653
97.98371124267578|16|654
85.47871398925781|16|655
61.7121696472168|16|656
73.97142028808594|9|657
104.5693588256836|9|658
134.18601989746094|6|659
88.2384033203125|6|660
21.876550674438477|6|661
16.058860778808594|13|662
29.425031661987305|13|663
33.74735641479492|13|664
29.94197654724121|13|665
27.000720977783203|13|666
22.1072940826416|13|667
26.464210510253906|13|668
32.66868591308594|13|669
31.3625431060791|13|670
27.701831817626953|13|671
24.612424850463867|14|672
40.777034759521484|12|673
43.142208099365234|13|674
30.08116912841797|19|675
35.41449737548828|13|676
41.00544738769531|13|677
76.76764678955078|8|678
119.82356262207031|6|679
114.12366485595703|6|680
46.334136962890625|7|681
31.21330451965332|43|682
29.146772384643555|43|683
34.387062072753906|13|684
44.55747604370117|21|685
66.96639251708984|21|686
86.48286437988281|21|687
65.39212036132812|21|688
71.27979278564453|39|689
79.54674530029297|39|690
62.01255798339844|39|691
37.894596099853516|38|692
25.494077682495117|20|693
50.120426177978516|13|694
58.91325378417969|13|695
55.176513671875|13|696
54.32545852661133|13|697
59.19758605957031|13|698
74.5230941772461|7|699
107.43160247802734|6|700
63.90660858154297|6|701
32.63816452026367|43|702
44.3185920715332|43|703
52.45413589477539|43|704
50.83013916015625|44|705
49.2214469909668|45|706
56.226890563964844|44|707
54.788658142089844|44|708
51.69416427612305|43|709
44.6614990234375|43|710
36.806640625|43|711
27.853071212768555|43|712
26.757863998413086|44|713
46.35309982299805|13|714
64.0767822265625|13|715
62.488529205322266|13|716
54.42350387573242|13|717
50.6231689453125|12|718
87.6153564453125|9|719
104.07762908935547|6|720
104.7330322265625|6|721
45.275962829589844|5|722
51.023983001708984|87|723
61.33867645263672|87|724
66.92243957519531|86|725
55.90922164916992|86|726
31.56897735595703|16|727
31.08021354675293|16|728
30.885271072387695|16|729
33.45639419555664|22|730
31.3417911529541|22|731
29.134281158447266|40|732
26.858285903930664|11|733
38.53548812866211|32|734
48.60179901123047|11|735
52.8498649597168|11|736
52.88759994506836|21|737
49.92701721191406|22|738
73.68372344970703|10|739
95.18070983886719|9|740
104.29924774169922|6|741
76.5661849975586|6|742
26.564451217651367|44|743
41.92424011230469|64|744
47.89192581176758|64|745
45.91962432861328|65|746
46.394981384277344|65|747
44.057491302490234|66|748
35.773197174072266|66|749
31.14895248413086|43|750
53.81709671020508|43|751
57.906654357910156|43|752
44.26467514038086|21|753
62.04389190673828|21|754
95.55416870117188|21|755
111.50421905517578|21|756
88.43993377685547|21|757
58.23884201049805|21|758
58.4716682434082|21|759
68.44525909423828|8|760
109.65025329589844|6|761
101.23065948486328|6|762
42.18207550048828|22|763
37.837310791015625|22|764
22.989694595336914|195|765
24.398441314697266|11|766
33.80116271972656|21|767
69.27511596679688|21|768
81.28279113769531|20|769
57.11991500854492|19|770
44.412174224853516|19|771
32.34492492675781|19|772
25.876535415649414|16|773
26.185749053955078|21|774
39.684417724609375|21|775
53.369781494140625|21|776
58.706825256347656|21|777
58.117919921875|21|778
50.91720962524414|21|779
63.818397521972656|10|780
83.55223846435547|9|781
108.53162384033203|6|782
81.93798828125|6|783
40.07670211791992|21|784
64.29566192626953|21|785
86.26054382324219|21|786
96.24424743652344|22|787
94.26065063476562|22|788
78.63431549072266|22|789
62.787227630615234|22|790
61.402164459228516|22|791
62.12278366088867|22|792
61.2960319519043|22|793
51.50886535644531|22|794
38.17149353027344|21|795
42.61104965209961|11|796
55.961822509765625|22|797
61.00361633300781|21|798
55.16042709350586|22|799
48.64519119262695|21|800
72.47398376464844|8|801
99.01905059814453|6|802
90.54899597167969|6|803
51.687828063964844|45|804
37.45436096191406|45|805
39.60569763183594|47|806
71.41046142578125|48|807
80.15235900878906|49|808
74.80174255371094|49|809
67.95658874511719|49|810
67.77046966552734|49|811
71.9626693725586|49|812
51.62187194824219|48|813
26.96033477783203|48|814
20.06870460510254|14|815
29.375402450561523|14|816
43.82314682006836|20|817
49.59899139404297|20|818
41.902530670166016|14|819
42.03809356689453|13|820
51.16585159301758|10|821
78.7184066772461|9|822
103.85247039794922|6|823
86.70535278320312|39|824
76.13240814208984|39|825
57.15874481201172|39|826
57.366981506347656|39|827
72.36262512207031|39|828
79.16705322265625|39|829
68.99285888671875|39|830
54.68727493286133|38|831
39.11399841308594|38|832
54.93415832519531|37|833
64.69242095947266|36|834
56.306209564208984|36|835
44.34014129638672|36|836
40.11504364013672|36|837
56.405582427978516|16|838
59.49858093261719|16|839
59.584617614746094|16|840
47.62861633300781|15|841
73.92129516601562|8|842
88.60224914550781|6|843
94.40927124023438|6|844
40.08628463745117|7|845
41.50168228149414|33|846
50.42033767700195|33|847
47.89160919189453|33|848
49.99128341674805|32|849
45.348854064941406|32|850
42.146236419677734|48|851
44.2145881652832|48|852
50.626625061035156|16|853
51.42655563354492|16|854
50.997222900390625|16|855
52.005348205566406|16|856
52.37877655029297|16|857
61.18470764160156|16|858
66.10830688476562|16|859
64.08676147460938|16|860
57.42372131347656|16|861
47.484012603759766|10|862
83.36488342285156|9|863
102.23406982421875|6|864
67.92047882080078|6|865
43.52885437011719|32|866
30.7592830657959|16|867
35.964107513427734|16|868
37.719459533691406|16|869
33.22763442993164|16|870
45.61490249633789|33|871
51.46903991699219|33|872
53.30204391479492|33|873
65.52571105957031|32|874
59.30042266845703|32|875
37.547752380371094|32|876
34.43265914916992|16|877
48.95265197753906|16|878
58.965110778808594|16|879
56.44125747680664|16|880
46.58485412597656|16|881
34.2183952331543|24|882
68.95320892333984|7|883
87.97984313964844|6|884
92.57749938964844|6|885
44.424930572509766|6|886
13.396719932556152|10|887
16.975387573242188|10|888
22.088254928588867|29|889
22.371538162231445|29|890
18.640832901000977|29|891
17.240829467773438|12|892
18.016576766967773|18|893
17.804813385009766|18|894
25.090723037719727|15|895
51.36004638671875|19|896
59.32653045654297|19|897
56.63086700439453|19|898
67.38704681396484|19|899
77.0418472290039|19|900
87.7286148071289|19|901
99.8504638671875|19|902
88.41014099121094|19|903
74.03179931640625|9|904
101.40617370605469|6|905
68.68702697753906|6|906
59.21330642700195|36|907
62.871803283691406|36|908
65.9039306640625|36|909
69.50556945800781|36|910
74.71106719970703|36|911
83.96810913085938|36|912
68.43727111816406|36|913
40.711936950683594|35|914
39.82308578491211|34|915
39.798255920410156|33|916
26.288318634033203|32|917
30.502111434936523|33|918
41.29574966430664|14|919
50.475955963134766|32|920
53.36199951171875|32|921
53.801795959472656|32|922
45.099037170410156|32|923
64.65984344482422|7|924
86.51454162597656|6|925
86.90692138671875|6|926
52.1997184753418|29|927
48.82730484008789|29|928
41.44977951049805|15|929
46.095672607421875|14|930
59.679237365722656|43|931
62.26346206665039|29|932
67.19593048095703|29|933
49.54863739013672|29|934
45.39006042480469|30|935
47.80321502685547|29|936
42.281856536865234|28|937
57.16240310668945|28|938
57.287757873535156|28|939
39.75206756591797|29|940
42.728126525878906|21|941
37.838680267333984|21|942
38.26409912109375|30|943
46.73534393310547|29|944
72.4752426147461|9|945
97.3904800415039|6|946
70.52006530761719|6|947
31.363740921020508|43|948
43.07716751098633|29|949
44.3463249206543|29|950
51.53518295288086|30|951
56.47716522216797|30|952
43.56418228149414|30|953
41.152854919433594|14|954
49.99005126953125|14|955
47.12928009033203|14|956
39.54546356201172|27|957
29.15376091003418|27|958
31.574893951416016|28|959
38.97344207763672|14|960
46.33552551269531|14|961
48.16480255126953|14|962
47.11467742919922|14|963
41.45541763305664|14|964
68.9608154296875|9|965
86.89933776855469|6|966
96.09799194335938|6|967
43.36745071411133|7|968
15.868731498718262|14|969
18.090030670166016|21|970
21.96053695678711|21|971
20.810527801513672|21|972
18.810121536254883|21|973
17.91461181640625|21|974
18.124204635620117|58|975
19.526288986206055|58|976
21.260196685791016|58|977
24.634578704833984|58|978
23.441259384155273|58|979
20.462133407592773|8|980
34.99760818481445|24|981
46.9208869934082|24|982
43.426116943359375|24|983
39.69772720336914|16|984
50.42601776123047|8|985
74.3980712890625|8|986
105.85734558105469|6|987
66.30802154541016|6|988
19.0964298248291|5|989
13.291786193847656|77|990
18.070327758789062|19|991
22.304460525512695|13|992
22.144176483154297|13|993
21.35196304321289|13|994
19.340322494506836|18|995
23.23756980895996|77|996
27.46040916442871|77|997
25.340608596801758|77|998
24.111074447631836|19|999
24.711227416992188|20|1000
36.85909652709961|20|1001
50.467464447021484|19|1002
49.53573226928711|19|1003
43.53731155395508|19|1004
37.848472595214844|12|1005
67.07247924804688|9|1006
73.97075653076172|6|1007
82.94239044189453|6|1008
89.80852508544922|22|1009
94.59276580810547|22|1010
81.20514678955078|22|1011
72.66885375976562|22|1012
67.5871810913086|22|1013
55.796607971191406|21|1014
51.10551834106445|21|1015
58.56207275390625|38|1016
70.67552947998047|38|1017
47.87846755981445|37|1018
23.76949119567871|37|1019
25.258773803710938|16|1020
26.157459259033203|20|1021
43.6763916015625|19|1022
49.84391784667969|19|1023
45.33992004394531|19|1024
33.15492630004883|19|1025
39.7470817565918|9|1026
69.22636413574219|9|1027
102.82075500488281|6|1028
76.61128234863281|6|1029
47.0982666015625|42|1030
37.6780891418457|42|1031
31.690034866333008|43|1032
35.029197692871094|44|1033
45.89931869506836|44|1034
53.74522018432617|43|1035
52.07329177856445|43|1036
43.857337951660156|42|1037
35.13233947753906|43|1038
22.971525192260742|13|1039
22.953571319580078|13|1040
29.927398681640625|44|1041
32.59130096435547|44|1042
35.98664093017578|19|1043
38.21649169921875|19|1044
35.27775192260742|19|1045
32.43040466308594|13|1046
51.72457504272461|9|1047
75.89518737792969|6|1048
89.0897445678711|6|1049
40.123619079589844|6|1050
33.53449249267578|43|1051
34.20757293701172|43|1052
18.580907821655273|32|1053
20.261417388916016|16|1054
31.34667205810547|17|1055
37.6546630859375|19|1056
40.541893005371094|20|1057
25.60399055480957|21|1058
21.199100494384766|22|1059
21.087509155273438|116|1060
25.5822811126709|78|1061
37.062469482421875|78|1062
46.564701080322266|77|1063
35.99472427368164|11|1064
34.26869583129883|11|1065
34.350257873535156|18|1066
43.229217529296875|9|1067
66.95531463623047|8|1068
86.64946746826172|6|1069
59.76980209350586|6|1070
24.62423324584961|65|1071
36.60289764404297|64|1072
26.637290954589844|21|1073
25.69359588623047|87|1074
32.007080078125|111|1075
22.26015281677246|87|1076
25.68119239807129|87|1077
28.456974029541016|64|1078
28.74085235595703|129|1079
22.15115737915039|11|1080
20.618616104125977|11|1081
18.209245681762695|16|1082
27.4778995513916|10|1083
40.70109176635742|11|1084
39.74501037597656|11|1085
34.24108123779297|11|1086
41.790313720703125|11|1087
58.77814865112305|10|1088
85.28752136230469|6|1089
94.48542022705078|6|1090
50.974220275878906|22|1091
47.07246017456055|21|1092
68.04386901855469|21|1093
74.38121032714844|21|1094
80.02175903320312|22|1095
72.59101867675781|22|1096
61.7310905456543|22|1097
57.445518493652344|22|1098
54.273826599121094|22|1099
49.49994659423828|22|1100
46.66968536376953|21|1101
41.76008224487305|21|1102
43.621212005615234|21|1103
42.26047897338867|21|1104
41.80160903930664|22|1105
37.86104965209961|43|1106
34.37651443481445|32|1107
42.6212158203125|10|1108
66.50248718261719|9|1109
80.87467956542969|6|1110
60.31898880004883|6|1111
30.63994598388672|42|1112
39.593894958496094|43|1113
37.596317291259766|43|1114
33.70085906982422|44|1115
33.049041748046875|65|1116
32.07464599609375|43|1117
49.878662109375|42|1118
52.40981674194336|42|1119
28.25343894958496|43|1120
20.823421478271484|32|1121
18.608640670776367|32|1122
18.80382537841797|26|1123
29.144927978515625|10|1124
42.39583969116211|11|1125
39.93803405761719|11|1126
34.08103942871094|11|1127
41.096160888671875|11|1128
59.17293930053711|11|1129
90.07666015625|6|1130
96.45085144042969|6|1131
46.691226959228516|5|1132
35.62217330932617|22|1133
27.771522521972656|22|1134
46.1739501953125|24|1135
71.32232666015625|24|1136
57.63486862182617|24|1137
37.37569808959961|24|1138
49.12189483642578|24|1139
51.84335708618164|24|1140
43.660221099853516|24|1141
30.686206817626953|24|1142
24.253908157348633|25|1143
23.852725982666016|24|1144
25.728679656982422|23|1145
33.4161376953125|27|1146
28.01515007019043|27|1147
27.141077041625977|27|1148
35.760948181152344|21|1149
62.739837646484375|9|1150
87.54483795166016|6|1151
69.5921859741211|40|1152
77.53155517578125|39|1153
52.51234817504883|38|1154
51.62179183959961|38|1155
60.40239334106445|39|1156
56.4807014465332|39|1157
57.44830322265625|39|1158
59.60639572143555|38|1159
68.75603485107422|38|1160
68.7185287475586|37|1161
65.15106964111328|37|1162
51.558006286621094|36|1163
51.289894104003906|36|1164
48.190364837646484|36|1165
49.62727355957031|36|1166
50.409420013427734|36|1167
54.100223541259766|36|1168
47.864990234375|36|1169
47.901763916015625|10|1170
77.94416046142578|6|1171
84.94123840332031|6|1172
66.77082824707031|32|1173
75.97866821289062|33|1174
60.70183563232422|33|1175
47.37260437011719|33|1176
56.93715286254883|32|1177
84.09535217285156|32|1178
104.4899673461914|32|1179
86.37832641601562|33|1180
66.82404327392578|33|1181
42.90097427368164|34|1182
27.195756912231445|34|1183
55.91691970825195|31|1184
70.34703063964844|31|1185
55.65047836303711|31|1186
70.98820495605469|32|1187
65.84902954101562|32|1188
32.890724182128906|31|1189
44.93985366821289|16|1190
56.82285690307617|9|1191
89.36505889892578|6|1192
69.40007019042969|6|1193
51.38291931152344|32|1194
58.115272521972656|33|1195
50.84651184082031|34|1196
42.991050720214844|34|1197
40.96778869628906|16|1198
42.47256851196289|33|1199
38.456695556640625|33|1200
29.531225204467773|33|1201
29.018129348754883|33|1202
25.708839416503906|33|1203
20.49286460876465|49|1204
20.34754753112793|49|1205
29.194259643554688|16|1206
38.80242156982422|16|1207
36.484458923339844|16|1208
34.974609375|32|1209
31.416797637939453|32|1210
66.29594421386719|9|1211
80.52951049804688|6|1212
86.34203338623047|6|1213
41.400962829589844|6|1214
19.11544418334961|19|1215
19.442399978637695|18|1216
19.532182693481445|18|1217
18.043245315551758|33|1218
15.630080223083496|20|1219
17.86202049255371|20|1220
28.489904403686523|33|1221
50.880126953125|32|1222
52.35373306274414|33|1223
47.203067779541016|33|1224
39.44150924682617|33|1225
35.42343521118164|50|1226
26.661373138427734|7|1227
32.99088668823242|14|1228
32.57049560546875|36|1229
35.18645477294922|36|1230
36.749183654785156|8|1231
70.77417755126953|9|1232
87.4780044555664|6|1233
64.02433013916016|6|1234
20.790950775146484|236|1235
20.500720977783203|236|1236
20.17049789428711|14|1237
20.464845657348633|14|1238
22.109272003173828|36|1239
22.30235481262207|37|1240
38.196617126464844|37|1241
57.66716766357422|37|1242
49.63509750366211|37|1243
30.064647674560547|18|1244
43.975364685058594|18|1245
54.97065353393555|18|1246
40.841426849365234|18|1247
32.504512786865234|29|1248
33.9642448425293|58|1249
30.18463897705078|58|1250
28.917545318603516|14|1251
49.73872375488281|9|1252
65.74651336669922|6|1253
81.70794677734375|6|1254
44.3237190246582|37|1255
51.09034729003906|37|1256
52.60236358642578|37|1257
43.44414138793945|36|1258
25.292505264282227|55|1259
22.411800384521484|29|1260
21.456727981567383|37|1261
45.81928253173828|38|1262
52.54865264892578|39|1263
35.6690788269043|39|1264
24.47893714904785|58|1265
21.426239013671875|58|1266
29.703832626342773|58|1267
30.294408798217773|58|1268
29.892505645751953|7|1269
26.317960739135742|57|1270
23.665969848632812|14|1271
36.80440139770508|10|1272
63.46151351928711|9|1273
83.08549499511719|6|1274
62.1855583190918|6|1275
37.57748031616211|73|1276
38.088985443115234|73|1277
27.637161254882812|72|1278
24.354782104492188|140|1279
21.79633140563965|139|1280
18.062225341796875|136|1281
18.34214210510254|65|1282
18.26613426208496|15|1283
20.363492965698242|157|1284
17.356887817382812|75|1285
21.2064208984375|58|1286
27.771757125854492|57|1287
28.919227600097656|57|1288
30.20652198791504|7|1289
28.920608520507812|14|1290
26.647253036499023|14|1291
26.356800079345703|15|1292
58.87765121459961|8|1293
71.8307113647461|6|1294
84.06340789794922|6|1295
42.86082077026367|6|1296
47.35963439941406|29|1297
59.217529296875|29|1298
85.82813262939453|29|1299
110.7238540649414|29|1300
122.39814758300781|29|1301
122.9407958984375|29|1302
119.11087799072266|29|1303
115.4679183959961|29|1304
109.47137451171875|29|1305
95.54769134521484|29|1306
75.74483489990234|29|1307
69.07099914550781|29|1308
74.91592407226562|29|1309
78.9627456665039|29|1310
63.217166900634766|29|1311
44.164878845214844|31|1312
39.70415115356445|10|1313
57.55265426635742|10|1314
70.2423324584961|6|1315
55.07021713256836|6|1316
34.68241500854492|5|1317
27.371845245361328|72|1318
25.47390365600586|73|1319
29.060922622680664|19|1320
25.657398223876953|19|1321
22.045644760131836|77|1322
27.791065216064453|78|1323
38.880767822265625|12|1324
32.68790054321289|12|1325
32.49957275390625|9|1326
27.82391929626465|4|1327
36.0025634765625|77|1328
29.584407806396484|77|1329
28.572921752929688|6|1330
29.10940933227539|6|1331
23.807327270507812|6|1332
26.360227584838867|13|1333
48.054534912109375|10|1334
63.097042083740234|6|1335
75.59550476074219|6|1336
40.88431930541992|5|1337
31.31883430480957|78|1338
35.097511291503906|78|1339
35.08892059326172|77|1340
34.18349075317383|59|1341
37.096561431884766|79|1342
34.53947830200195|79|1343
28.78108024597168|76|1344
38.488502502441406|76|1345
46.95606231689453|76|1346
28.977462768554688|76|1347
26.346277236938477|78|1348
45.545528411865234|78|1349
60.672340393066406|78|1350
49.587013244628906|77|1351
38.301856994628906|77|1352
27.860605239868164|6|1353
32.608062744140625|6|1354
61.67628860473633|9|1355
81.9638671875|6|1356
59.78003692626953|5|1357
36.58469009399414|5|1358
25.593307495117188|6|1359
27.438051223754883|57|1360
26.1968936920166|76|1361
25.108200073242188|38|1362
20.635005950927734|13|1363
19.791175842285156|59|1364
38.370452880859375|59|1365
40.70225143432617|59|1366
28.255878448486328|59|1367
24.52518081665039|58|1368
17.6826171875|58|1369
23.302873611450195|32|1370
31.336944580078125|13|1371
33.42106246948242|13|1372
31.981809616088867|13|1373
29.553335189819336|12|1374
55.626731872558594|9|1375
73.17831420898438|7|1376
94.77436828613281|6|1377
48.531158447265625|6|1378
17.091054916381836|5|1379
20.877336502075195|5|1380
23.293073654174805|16|1381
24.137897491455078|16|1382
21.398420333862305|16|1383
19.436843872070312|16|1384
14.434285163879395|32|1385
24.57703399658203|19|1386
41.64073181152344|20|1387
43.62706756591797|20|1388
33.756019592285156|20|1389
28.738615036010742|20|1390
33.38823318481445|11|1391
48.36531448364258|21|1392
49.44622039794922|21|1393
47.99814987182617|22|1394
40.25889587402344|11|1395
57.01958465576172|7|1396
90.38420104980469|6|1397
68.75115966796875|6|1398
24.390308380126953|5|1399
16.196834564208984|43|1400
21.88410186767578|43|1401
29.872081756591797|43|1402
37.18709945678711|43|1403
39.246429443359375|43|1404
33.16988754272461|44|1405
30.49139976501465|152|1406
34.388519287109375|152|1407
24.428434371948242|65|1408
20.50002098083496|11|1409
18.780134201049805|21|1410
25.376873016357422|12|1411
39.07719421386719|11|1412
37.48561477661133|11|1413
30.982019424438477|11|1414
32.92174530029297|130|1415
51.22692108154297|9|1416
64.5578842163086|9|1417
74.4699935913086|6|1418
44.76526641845703|6|1419
31.340742111206055|64|1420
20.88920021057129|63|1421
22.26318359375|21|1422
24.352941513061523|21|1423
20.629880905151367|22|1424
19.43952178955078|21|1425
15.998364448547363|20|1426
18.575889587402344|23|1427
38.075965881347656|24|1428
43.19152069091797|24|1429
33.02366638183594|24|1430
23.18767738342285|24|1431
38.430503845214844|11|1432
40.73219680786133|11|1433
35.031612396240234|22|1434
34.28254699707031|22|1435
32.08100128173828|21|1436
60.88418960571289|7|1437
82.90498352050781|6|1438
58.30940628051758|6|1439
37.46796798706055|44|1440
48.7815055847168|44|1441
46.355445861816406|44|1442
50.6088752746582|43|1443
49.776737213134766|43|1444
51.382408142089844|43|1445
52.22615051269531|43|1446
50.915489196777344|43|1447
38.06684112548828|43|1448
23.515302658081055|11|1449
21.88329315185547|11|1450
16.295413970947266|16|1451
24.20357322692871|21|1452
36.77545166015625|11|1453
38.42982482910156|11|1454
32.20938491821289|11|1455
26.228336334228516|11|1456
48.29571533203125|10|1457
64.46158599853516|9|1458
88.57059478759766|6|1459
51.95534133911133|6|1460
42.952735900878906|19|1461
39.1341667175293|19|1462
40.12820816040039|19|1463
41.44470977783203|19|1464
41.324745178222656|19|1465
41.94532775878906|39|1466
42.73514175415039|19|1467
45.503448486328125|39|1468
50.28486251831055|39|1469
49.27991485595703|39|1470
46.34025955200195|39|1471
45.67564010620117|39|1472
35.7813606262207|38|1473
30.40292739868164|7|1474
26.75019073486328|7|1475
34.25532531738281|39|1476
32.78135299682617|13|1477
59.75733184814453|9|1478
78.08831024169922|6|1479
65.92742919921875|6|1480
45.789268493652344|65|1481
52.507240295410156|65|1482
52.54615783691406|65|1483
48.20326232910156|65|1484
41.21900177001953|65|1485
33.897010803222656|64|1486
32.407379150390625|64|1487
28.71411895751953|63|1488
17.41575813293457|130|1489
25.87049102783203|71|1490
30.221689224243164|71|1491
28.239559173583984|72|1492
24.119022369384766|145|1493
34.30396270751953|16|1494
38.959556579589844|16|1495
33.31943130493164|16|1496
31.456829071044922|58|1497
53.758934020996094|9|1498
62.654232025146484|6|1499
80.57786560058594|6|1500
44.63365936279297|6|1501
37.822914123535156|59|1502
35.390750885009766|59|1503
33.4608268737793|57|1504
35.12380599975586|56|1505
28.377267837524414|55|1506
27.545143127441406|55|1507
18.447731018066406|56|1508
18.806739807128906|144|1509
19.47804832458496|145|1510
18.262531280517578|145|1511
17.64512062072754|65|1512
17.209999084472656|60|1513
30.098087310791016|8|1514
35.88319778442383|8|1515
32.4061393737793|8|1516
27.662967681884766|8|1517
35.89554977416992|9|1518
71.77259063720703|9|1519
80.13086700439453|6|1520
66.81495666503906|6|1521
26.41562271118164|5|1522
17.33722686767578|37|1523
22.069067001342773|43|1524
19.949024200439453|42|1525
20.806100845336914|16|1526
20.403539657592773|16|1527
19.284372329711914|33|1528
19.622390747070312|33|1529
21.825170516967773|32|1530
22.2695369720459|32|1531
20.288795471191406|32|1532
17.927560806274414|33|1533
25.233938217163086|8|1534
35.179603576660156|8|1535
34.2646484375|8|1536
30.050792694091797|8|1537
28.35810089111328|8|1538
51.139713287353516|9|1539
73.42447662353516|6|1540
92.32207489013672|6|1541
44.409507751464844|6|1542
13.161210060119629|4|1543
12.305441856384277|65|1544
16.599090576171875|65|1545
18.049348831176758|10|1546
16.481027603149414|10|1547
18.328380584716797|19|1548
20.106611251831055|17|1549
27.723602294921875|20|1550
50.020751953125|20|1551
48.27385330200195|20|1552
40.7449951171875|20|1553
48.182456970214844|20|1554
50.344764709472656|21|1555
38.45222473144531|21|1556
42.004581451416016|22|1557
45.62741470336914|22|1558
43.75692367553711|22|1559
50.32429885864258|9|1560
73.06121063232422|6|1561
68.3761978149414|6|1562
39.670413970947266|22|1563
35.05888366699219|22|1564
32.163326263427734|22|1565
34.253814697265625|22|1566
33.823394775390625|22|1567
27.29075813293457|22|1568
23.886001586914062|44|1569
41.447731018066406|45|1570
35.54735565185547|44|1571
29.993074417114258|44|1572
33.79841232299805|43|1573
41.406044006347656|43|1574
43.33317565917969|43|1575
42.1004638671875|43|1576
34.095523834228516|43|1577
28.22475242614746|14|1578
29.92280387878418|87|1579
49.292259216308594|8|1580
64.37611389160156|6|1581
83.95398712158203|6|1582
42.24004364013672|6|1583
30.28275489807129|108|1584
20.71814727783203|108|1585
18.904544830322266|65|1586
16.622509002685547|22|1587
21.767820358276367|22|1588
35.27907180786133|22|1589
38.43318176269531|22|1590
20.817520141601562|23|1591
24.924467086791992|48|1592
29.72187042236328|48|1593
23.184682846069336|23|1594
36.10038375854492|23|1595
35.545021057128906|22|1596
47.24032211303711|22|1597
50.96769714355469|22|1598
54.28000259399414|22|1599
46.79530715942383|22|1600
54.19057083129883|9|1601
72.9913330078125|6|1602
61.23576354980469|6|1603
23.584564208984375|6|1604
15.875726699829102|38|1605
16.340557098388672|38|1606
17.05143165588379|38|1607
19.546857833862305|39|1608
27.406579971313477|38|1609
22.459110260009766|38|1610
17.729101181030273|58|1611
14.225215911865234|97|1612
15.540926933288574|97|1613
13.36579704284668|97|1614
12.58151626586914|58|1615
16.286483764648438|6|1616
27.97886848449707|7|1617
27.52381706237793|7|1618
24.975168228149414|7|1619
21.942646026611328|7|1620
35.495445251464844|9|1621
56.67575454711914|9|1622
78.68013000488281|6|1623
47.49481964111328|6|1624
22.958362579345703|40|1625
40.94002914428711|39|1626
46.321598052978516|39|1627
41.54746627807617|39|1628
37.62645721435547|39|1629
35.63412857055664|39|1630
34.92034912109375|39|1631
32.75664138793945|39|1632
27.324209213256836|38|1633
23.125450134277344|38|1634
20.527751922607422|52|1635
22.547483444213867|52|1636
25.104290008544922|16|1637
36.208229064941406|8|1638
34.211910247802734|8|1639
28.50307273864746|8|1640
34.966392517089844|16|1641
53.23809051513672|7|1642
82.69718170166016|6|1643
69.24063873291016|6|1644
25.344587326049805|7|1645
25.114086151123047|77|1646
29.168428421020508|77|1647
33.62184143066406|77|1648
34.330352783203125|77|1649
41.49260330200195|77|1650
31.406190872192383|79|1651
31.943405151367188|79|1652
31.04727554321289|79|1653
20.72525978088379|79|1654
17.941425323486328|57|1655
23.288373947143555|76|1656
38.81681442260742|77|1657
41.98719787597656|77|1658
30.439741134643555|77|1659
25.235387802124023|80|1660
29.856550216674805|79|1661
34.09637451171875|9|1662
51.2741813659668|9|1663
73.2856674194336|6|1664
41.51823425292969|5|1665
32.306915283203125|76|1666
42.54726791381836|77|1667
38.62144470214844|77|1668
19.16590118408203|76|1669
18.898286819458008|76|1670
38.830135345458984|76|1671
38.513267517089844|76|1672
19.387842178344727|116|1673
17.203147888183594|75|1674
24.859844207763672|76|1675
27.00885009765625|76|1676
38.533660888671875|77|1677
38.552146911621094|78|1678
30.11272430419922|13|1679
35.64559555053711|77|1680
30.797658920288086|76|1681
27.5607852935791|74|1682
54.155460357666016|8|1683
75.12722778320312|6|1684
71.57090759277344|6|1685
35.6519775390625|77|1686
34.849796295166016|77|1687
20.345468521118164|77|1688
19.15894317626953|75|1689
21.735389709472656|56|1690
18.772905349731445|56|1691
19.380168914794922|37|1692
19.7606143951416|38|1693
19.44472885131836|39|1694
17.929174423217773|39|1695
15.783798217773438|39|1696
18.38068199157715|38|1697
20.607276916503906|38|1698
31.587520599365234|13|1699
30.843162536621094|13|1700
27.33778190612793|13|1701
24.256582260131836|13|1702
36.91621780395508|9|1703
60.490360260009766|6|1704
75.63837432861328|6|1705
43.05039596557617|6|1706
13.517126083374023|4|1707
11.303204536437988|8|1708
16.664533615112305|8|1709
17.11315155029297|77|1710
17.432931900024414|97|1711
22.12485694885254|41|1712
25.067115783691406|41|1713
29.46792221069336|19|1714
44.58024597167969|20|1715
55.807334899902344|20|1716
53.07316970825195|20|1717
48.30099868774414|20|1718
43.442867279052734|20|1719
56.13383102416992|21|1720
47.354496002197266|22|1721
42.96849060058594|22|1722
41.56760025024414|11|1723
54.19496154785156|10|1724
85.64501190185547|6|1725
77.02330017089844|6|1726
33.76420593261719|5|1727
26.510974884033203|22|1728
31.781108856201172|22|1729
35.677207946777344|22|1730
33.54653549194336|22|1731
28.214357376098633|21|1732
29.714679718017578|43|1733
33.088871002197266|44|1734
25.402725219726562|151|1735
25.145294189453125|87|1736
28.366418838500977|87|1737
25.56365394592285|87|1738
27.3745059967041|11|1739
41.23609924316406|11|1740
41.323204040527344|11|1741
47.73285675048828|22|1742
62.42952346801758|22|1743
50.84079360961914|9|1744
61.3959846496582|9|1745
66.07096862792969|6|1746
40.72990036010742|6|1747
21.91403579711914|173|1748
18.404884338378906|173|1749
22.99505043029785|152|1750
23.800806045532227|11|1751
24.182340621948242|21|1752
19.105159759521484|11|1753
16.087133407592773|11|1754
25.527956008911133|49|1755
40.72629928588867|49|1756
42.31379318237305|49|1757
29.54108238220215|49|1758
21.90642547607422|10|1759
33.818511962890625|10|1760
43.600032806396484|11|1761
39.837493896484375|11|1762
35.73261642456055|11|1763
45.142799377441406|11|1764
53.121395111083984|10|1765
85.14777374267578|6|1766
72.74542236328125|6|1767
34.16779708862305|5|1768
34.300559997558594|65|1769
34.17631149291992|65|1770
32.1156120300293|43|1771
28.054384231567383|42|1772
24.321022033691406|21|1773
34.054141998291016|38|1774
51.246334075927734|37|1775
63.12055587768555|37|1776
55.4659423828125|38|1777
41.560874938964844|38|1778
43.93565368652344|19|1779
54.74005126953125|19|1780
57.571258544921875|19|1781
53.501190185546875|19|1782
45.28095626831055|19|1783
37.90876007080078|19|1784
54.57395553588867|9|1785
69.50489044189453|9|1786
71.81865692138672|6|1787
47.30345153808594|6|1788
22.55304527282715|19|1789
23.385154724121094|19|1790
21.256778717041016|19|1791
22.375350952148438|11|1792
21.285736083984375|39|1793
22.807680130004883|39|1794
25.96310806274414|38|1795
27.988862991333008|39|1796
25.122705459594727|39|1797
22.358444213867188|39|1798
21.205522537231445|39|1799
21.212661743164062|20|1800
23.562788009643555|13|1801
28.970443725585938|7|1802
27.662738800048828|7|1803
23.582910537719727|7|1804
24.746749877929688|17|1805
53.41816329956055|8|1806
67.98316955566406|6|1807
61.507625579833984|6|1808
56.082618713378906|32|1809
55.646968841552734|32|1810
58.256141662597656|32|1811
63.35214614868164|32|1812
64.28118896484375|32|1813
63.940162658691406|32|1814
39.210819244384766|32|1815
22.22932243347168|31|1816
40.64965057373047|28|1817
52.15335464477539|28|1818
57.546627044677734|29|1819
72.79488372802734|29|1820
47.36836242675781|29|1821
32.5287971496582|65|1822
32.22118377685547|65|1823
39.626220703125|28|1824
54.473724365234375|28|1825
60.1197624206543|28|1826
57.204856872558594|29|1827
69.66609954833984|6|1828
72.25772857666016|29|1829
69.90296936035156|29|1830
54.192195892333984|28|1831
50.63496398925781|27|1832
69.4646987915039|27|1833
81.042724609375|28|1834
53.97663879394531|28|1835
36.59373092651367|29|1836
56.790557861328125|29|1837
77.02237701416016|29|1838
53.4440803527832|29|1839
47.579917907714844|27|1840
42.41891098022461|27|1841
29.461626052856445|27|1842
39.11699676513672|28|1843
36.38655090332031|28|1844
32.042640686035156|43|1845
33.473018646240234|43|1846
49.148712158203125|8|1847
69.45947265625|6|1848
67.41809844970703|6|1849
37.939971923828125|28|1850
52.616207122802734|28|1851
57.17802047729492|28|1852
59.64479446411133|28|1853
61.417091369628906|28|1854
44.840511322021484|28|1855
31.013273239135742|28|1856
25.977067947387695|28|1857
16.365440368652344|28|1858
15.90952205657959|65|1859
15.420429229736328|65|1860
14.218008995056152|65|1861
22.944202423095703|8|1862
33.46440124511719|8|1863
33.183353424072266|8|1864
29.64882469177246|16|1865
30.712135314941406|16|1866
51.590171813964844|8|1867
72.12571716308594|9|1868
88.3754653930664|6|1869
56.983978271484375|5|1870
20.782913208007812|5|1871
11.74162769317627|32|1872
16.61399269104004|10|1873
18.269311904907227|10|1874
16.553970336914062|10|1875
19.760520935058594|33|1876
33.143497467041016|26|1877
44.552833557128906|29|1878
53.65055465698242|29|1879
55.30125045776367|39|1880
58.77546691894531|39|1881
49.712181091308594|38|1882
29.855804443359375|38|1883
29.779203414916992|7|1884
36.182743072509766|39|1885
53.21971893310547|39|1886
41.31528091430664|39|1887
36.71563720703125|39|1888
41.38539505004883|39|1889
40.74321365356445|41|1890
26.576692581176758|41|1891
31.891908645629883|29|1892
42.71287155151367|29|1893
37.151344299316406|16|1894
41.0920295715332|17|1895
43.812835693359375|17|1896
31.671619415283203|37|1897
42.94266128540039|38|1898
40.94521713256836|19|1899
47.72615432739258|19|1900
48.49654006958008|19|1901
44.00709915161133|19|1902
27.990253448486328|38|1903
22.814163208007812|58|1904
24.152193069458008|58|1905
16.440448760986328|77|1906
17.227264404296875|77|1907
18.44164276123047|77|1908
26.940868377685547|20|1909
34.50541687011719|20|1910
44.030967712402344|19|1911
36.09064483642578|19|1912
24.022796630859375|18|1913
18.195466995239258|18|1914
14.921942710876465|58|1915
14.82437801361084|57|1916
15.162464141845703|58|1917
14.401862144470215|58|1918
15.628646850585938|40|1919
35.28997802734375|40|1920
58.28133773803711|41|1921
50.49622344970703|40|1922
57.1161994934082|39|1923
53.248409271240234|38|1924
59.3718147277832|38|1925
61.96318435668945|38|1926
52.826412200927734|39|1927
50.55778884887695|39|1928
60.797943115234375|38|1929
56.2601432800293|38|1930
63.160648345947266|37|1931
74.4997787475586|38|1932
77.84644317626953|38|1933
48.29266357421875|39|1934
58.35698318481445|40|1935
83.07677459716797|40|1936
72.2226333618164|40|1937
33.53741455078125|39|1938
45.84151077270508|36|1939
61.24580764770508|36|1940
60.47428894042969|37|1941
49.426727294921875|38|1942
73.62553405761719|39|1943
80.28426361083984|39|1944
78.01167297363281|39|1945
71.93194580078125|38|1946
47.222190856933594|38|1947
34.79542541503906|57|1948
59.1005744934082|38|1949
58.01771926879883|38|1950
37.20487594604492|39|1951
46.28169250488281|40|1952
66.7226333618164|39|1953
47.945133209228516|39|1954
28.75651741027832|19|1955
34.28252029418945|19|1956
40.45726013183594|19|1957
40.35463333129883|19|1958
32.16343688964844|19|1959
28.290626525878906|20|1960
23.72269630432129|20|1961
19.631189346313477|41|1962
21.22459602355957|40|1963
20.04620361328125|39|1964
23.990581512451172|57|1965
35.901405334472656|57|1966
31.484161376953125|58|1967
30.20470428466797|39|1968
21.713794708251953|39|1969
32.82617950439453|10|1970
41.17143630981445|13|1971
29.388416290283203|8|1972
34.2774543762207|8|1973
43.079917907714844|12|1974
45.77587890625|39|1975
31.510648727416992|15|1976
31.794981002807617|15|1977
31.582185745239258|15|1978
29.79881477355957|15|1979
21.687795639038086|15|1980
24.31285858154297|36|1981
20.305824279785156|155|1982
30.853477478027344|39|1983
32.390113830566406|39|1984
33.75661087036133|39|1985
29.32114028930664|40|1986
29.5103702545166|39|1987
55.77283477783203|39|1988
50.61826705932617|39|1989
32.443580627441406|38|1990
30.43268394470215|38|1991
28.35938835144043|155|1992
25.802837371826172|40|1993
34.583377838134766|39|1994
26.997987747192383|39|1995
19.690858840942383|5|1996
24.674421310424805|5|1997
32.593475341796875|39|1998
32.61518478393555|39|1999
23.21297264099121|39|2000
16.166194915771484|38|2001
19.17498207092285|37|2002
18.949230194091797|40|2003
26.104000091552734|39|2004
27.7593936920166|39|2005
18.758224487304688|39|2006
16.66653823852539|37|2007
19.26103973388672|5|2008
19.920406341552734|5|2009
24.052370071411133|5|2010
31.88916015625|5|2011
31.919923782348633|5|2012
30.72399139404297|5|2013
31.334413528442383|5|2014
32.73360824584961|5|2015
31.596385955810547|5|2016
27.812891006469727|5|2017
27.201513290405273|5|2018
26.11614227294922|5|2019
26.38836097717285|5|2020
29.640966415405273|5|2021
26.861103057861328|5|2022
24.81743049621582|5|2023
24.581193923950195|5|2024
23.416400909423828|5|2025
24.302845001220703|5|2026
22.395273208618164|5|2027
26.34153175354004|43|2028
31.246440887451172|43|2029
25.19968605041504|43|2030
19.071990966796875|44|2031
16.84239387512207|43|2032
18.506166458129883|39|2033
14.605777740478516|43|2034
15.29884147644043|43|2035
13.312087059020996|43|2036
21.712997436523438|65|2037
25.735139846801758|65|2038
19.592649459838867|33|2039
22.837881088256836|33|2040
18.846969604492188|32|2041
13.318217277526855|5|2042
17.941898345947266|39|2043
29.051708221435547|39|2044
31.325593948364258|39|2045
22.051105499267578|39|2046
17.05328369140625|65|2047
17.773311614990234|65|2048
18.740388870239258|65|2049
22.0037784576416|39|2050
21.174577713012695|39|2051
23.111587524414062|38|2052
25.850704193115234|38|2053
21.508508682250977|39|2054
15.053211212158203|39|2055
13.645444869995117|5|2056
14.193361282348633|78|2057
15.288558959960938|79|2058
13.166461944580078|39|2059
11.606057167053223|39|2060
8.844162940979004|39|2061
14.046903610229492|39|2062
21.31289291381836|39|2063
23.818870544433594|39|2064
22.527725219726562|39|2065
15.040287017822266|39|2066
17.895214080810547|77|2067
22.692392349243164|77|2068
27.6519775390625|77|2069
35.068111419677734|77|2070
33.34918212890625|77|2071
22.498239517211914|77|2072
19.49528694152832|39|2073
22.999923706054688|39|2074
21.83843421936035|39|2075
17.275835037231445|76|2076
12.411538124084473|77|2077
12.914373397827148|39|2078
14.968568801879883|77|2079
14.669411659240723|78|2080
11.103293418884277|78|2081
8.415919303894043|78|2082
13.566859245300293|39|2083
16.73936653137207|155|2084
16.954832077026367|39|2085
17.395687103271484|77|2086
14.757637977600098|77|2087
18.706684112548828|77|2088
28.42636489868164|77|2089
30.006654739379883|77|2090
22.774126052856445|77|2091
17.79600715637207|77|2092
14.715266227722168|39|2093
17.4147891998291|38|2094
16.040523529052734|38|2095
16.02228355407715|76|2096
12.508017539978027|77|2097
11.668739318847656|78|2098
14.497657775878906|77|2099
11.991219520568848|77|2100
9.669565200805664|78|2101
6.791351795196533|38|2102
11.107429504394531|39|2103
15.52105712890625|32|2104
19.04615592956543|32|2105
17.959491729736328|32|2106
17.833662033081055|32|2107
19.970245361328125|32|2108
21.76630401611328|32|2109
21.93854331970215|32|2110
20.25261116027832|32|2111
17.31415557861328|32|2112
22.55767822265625|78|2113
17.330028533935547|77|2114
15.239215850830078|77|2115
13.6025972366333|38|2116
13.797086715698242|39|2117
12.861557006835938|39|2118
12.316465377807617|78|2119
13.540508270263672|79|2120
10.479451179504395|155|2121
9.130878448486328|155|2122
9.712042808532715|78|2123
21.492713928222656|78|2124
22.405187606811523|77|2125
16.55087661743164|76|2126
18.284883499145508|77|2127
22.216384887695312|39|2128
19.934534072875977|39|2129
17.091215133666992|39|2130
16.79405975341797|38|2131
27.786720275878906|77|2132
25.49931526184082|77|2133
15.056724548339844|155|2134
12.669352531433105|77|2135
14.654541969299316|77|2136
9.051654815673828|78|2137
5.542785167694092|156|2138
7.131851673126221|79|2139
7.025118350982666|79|2140
8.759737968444824|65|2141
10.758463859558105|39|2142
8.22502326965332|76|2143
13.637408256530762|38|2144
21.4468936920166|39|2145
24.453033447265625|77|2146
27.467811584472656|77|2147
27.18558692932129|77|2148
21.137859344482422|77|2149
14.58945083618164|65|2150
15.635558128356934|65|2151
16.696876525878906|65|2152
12.80951976776123|65|2153
15.127806663513184|77|2154
25.5406551361084|77|2155
25.522756576538086|77|2156
24.956562042236328|155|2157
14.81151008605957|155|2158
13.772380828857422|77|2159
17.787654876708984|77|2160
20.517501831054688|38|2161
21.777271270751953|39|2162
19.62750816345215|39|2163
15.447178840637207|39|2164
14.666674613952637|77|2165
13.86263370513916|77|2166
17.773300170898438|74|2167
19.336454391479492|36|2168
21.452863693237305|36|2169
22.024389266967773|36|2170
21.386131286621094|36|2171
21.567110061645508|36|2172
18.35207748413086|37|2173
21.946380615234375|72|2174
22.358543395996094|72|2175
27.747636795043945|145|2176
29.953758239746094|73|2177
20.85377311706543|74|2178
20.4046630859375|74|2179
17.967317581176758|36|2180
16.63437271118164|146|2181
20.145925521850586|72|2182
20.900602340698242|73|2183
13.254045486450195|73|2184
12.071205139160156|149|2185
21.009899139404297|33|2186
30.881088256835938|65|2187
26.454856872558594|33|2188
20.85142707824707|32|2189
16.327165603637695|32|2190
16.077024459838867|64|2191
14.110989570617676|77|2192
20.55967903137207|87|2193
22.970767974853516|87|2194
19.851789474487305|43|2195
17.274486541748047|43|2196
21.605459213256836|87|2197
19.250123977661133|87|2198
17.143238067626953|86|2199
13.656079292297363|43|2200
18.605228424072266|32|2201
29.54692268371582|65|2202
32.005950927734375|33|2203
32.37115478515625|33|2204
25.326831817626953|32|2205
12.545963287353516|154|2206
17.633546829223633|155|2207
14.868603706359863|39|2208
15.537388801574707|77|2209
17.419145584106445|39|2210
19.52716827392578|154|2211
19.927265167236328|77|2212
15.02172565460205|78|2213
20.003068923950195|78|2214
20.104705810546875|77|2215
24.098817825317383|77|2216
22.082067489624023|77|2217
15.666829109191895|39|2218
16.838336944580078|38|2219
15.015740394592285|39|2220
13.091085433959961|38|2221
10.233415603637695|156|2222
10.256437301635742|78|2223
13.77506160736084|77|2224
8.654881477355957|77|2225
14.980430603027344|78|2226
29.49839973449707|78|2227
32.57270050048828|77|2228
28.562875747680664|77|2229
22.393632888793945|77|2230
16.757530212402344|39|2231
14.551136016845703|77|2232
14.483443260192871|39|2233
18.739961624145508|39|2234
22.489200592041016|39|2235
24.35903549194336|38|2236
28.375974655151367|38|2237
24.475770950317383|39|2238
19.547378540039062|39|2239
14.052942276000977|39|2240
12.129273414611816|38|2241
12.030399322509766|77|2242
12.803049087524414|77|2243
11.88231086730957|77|2244
11.107730865478516|77|2245
12.198708534240723|155|2246
26.672016143798828|154|2247
32.519996643066406|154|2248
22.701887130737305|155|2249
21.34276580810547|77|2250
23.83652687072754|77|2251
17.086856842041016|77|2252
16.125411987304688|77|2253
22.37653350830078|77|2254
18.622316360473633|77|2255
16.37314224243164|39|2256
18.416873931884766|39|2257
14.626578330993652|77|2258
15.416110038757324|78|2259
14.901394844055176|78|2260
14.53844928741455|38|2261
15.225098609924316|38|2262
10.773646354675293|43|2263
10.569664001464844|39|2264
8.802666664123535|39|2265
8.042330741882324|39|2266
11.551789283752441|44|2267
17.257247924804688|49|2268
22.034942626953125|49|2269
23.684370040893555|49|2270
21.73171043395996|49|2271
20.50966453552246|49|2272
15.618865966796875|49|2273
17.74690818786621|96|2274
18.299299240112305|96|2275
19.024288177490234|48|2276
18.795040130615234|48|2277
15.968110084533691|45|2278
23.967676162719727|96|2279
23.791488647460938|97|2280
24.636159896850586|98|2281
19.85379981994629|98|2282
22.562807083129883|97|2283
20.994346618652344|98|2284
12.61795711517334|97|2285
11.487001419067383|96|2286
11.913370132446289|49|2287
16.696001052856445|47|2288
32.34491729736328|104|2289
37.84878921508789|103|2290
18.959434509277344|104|2291
12.805143356323242|104|2292
18.334806442260742|48|2293
18.24549674987793|102|2294
23.343481063842773|105|2295
23.83637809753418|105|2296
20.550186157226562|52|2297
32.26615524291992|21|2298
48.850730895996094|20|2299
39.026973724365234|20|2300
23.076305389404297|20|2301
15.148119926452637|21|2302
14.02206039428711|104|2303
11.183137893676758|105|2304
18.725013732910156|51|2305
15.836600303649902|51|2306
10.426384925842285|52|2307
26.273662567138672|21|2308
43.98216247558594|21|2309
42.90928649902344|20|2310
26.888275146484375|20|2311
24.48654556274414|52|2312
18.09642791748047|78|2313
20.032352447509766|77|2314
16.682226181030273|53|2315
20.723913192749023|78|2316
19.48407745361328|78|2317
21.45012092590332|22|2318
47.77080535888672|21|2319
46.3729362487793|21|2320
28.76397132873535|21|2321
18.890546798706055|78|2322
15.726844787597656|54|2323
12.54877758026123|39|2324
14.18781852722168|38|2325
19.76161003112793|55|2326
14.422945976257324|38|2327
13.240351676940918|23|2328
39.17658615112305|22|2329
47.52176284790039|21|2330
32.90700149536133|21|2331
20.039857864379883|36|2332
21.96953773498535|36|2333
22.431825637817383|36|2334
22.78084373474121|36|2335
25.074058532714844|58|2336
20.640941619873047|73|2337
20.166866302490234|73|2338
31.686527252197266|23|2339
46.46315383911133|22|2340
36.71953582763672|21|2341
21.331554412841797|73|2342
20.795259475708008|60|2343
14.037031173706055|73|2344
18.350786209106445|73|2345
21.89720916748047|60|2346
19.207805633544922|61|2347
17.778470993041992|36|2348
28.638612747192383|24|2349
42.445472717285156|22|2350
38.667850494384766|22|2351
31.990123748779297|33|2352
26.73111915588379|33|2353
19.877939224243164|32|2354
14.935105323791504|130|2355
21.70750617980957|260|2356
20.69792366027832|86|2357
13.973934173583984|130|2358
20.222049713134766|23|2359
45.51462936401367|23|2360
42.0824089050293|23|2361
26.63555145263672|23|2362
18.81388282775879|65|2363
19.724849700927734|65|2364
10.595154762268066|32|2365
20.02477264404297|66|2366
24.814294815063477|33|2367
20.826696395874023|33|2368
18.37067985534668|33|2369
36.871055603027344|24|2370
44.65153503417969|23|2371
31.55047035217285|23|2372
16.730836868286133|24|2373
19.42071533203125|68|2374
19.07107925415039|77|2375
15.987101554870605|65|2376
22.198701858520508|77|2377
31.18984603881836|77|2378
36.99103927612305|77|2379
41.55495834350586|77|2380
42.6192741394043|24|2381
32.54616165161133|24|2382
18.870466232299805|24|2383
25.18056869506836|71|2384
14.723322868347168|71|2385
16.237319946289062|77|2386
20.46576499938965|72|2387
18.005826950073242|72|2388
7.58154296875|25|2389
22.048860549926758|25|2390
35.2179069519043|25|2391
36.514915466308594|24|2392
23.093494415283203|25|2393
27.196731567382812|74|2394
21.34002113342285|74|2395
18.4293212890625|78|2396
25.34471893310547|77|2397
33.64768981933594|77|2398
32.6436882019043|77|2399
33.48774719238281|77|2400
40.95759582519531|25|2401
42.75631332397461|25|2402
24.825571060180664|25|2403
14.863995552062988|76|2404
17.4819278717041|77|2405
15.849371910095215|77|2406
18.289928436279297|77|2407
23.431978225708008|78|2408
15.664021492004395|78|2409
12.74836540222168|26|2410
34.319496154785156|26|2411
38.222129821777344|25|2412
23.7022705078125|25|2413
19.366779327392578|81|2414
23.043317794799805|81|2415
23.816020965576172|77|2416
25.679943084716797|77|2417
22.513751983642578|82|2418
20.861034393310547|65|2419
25.3948917388916|77|2420
34.01145553588867|77|2421
45.70600891113281|26|2422
31.805103302001953|26|2423
22.272010803222656|77|2424
23.696054458618164|85|2425
14.191065788269043|85|2426
18.448789596557617|77|2427
24.272686004638672|86|2428
22.40853500366211|86|2429
8.469719886779785|85|2430
27.807861328125|28|2431
45.036258697509766|27|2432
37.545875549316406|27|2433
17.207321166992188|26|2434
21.934389114379883|89|2435
19.514326095581055|89|2436
24.22410774230957|78|2437
35.5977897644043|77|2438
40.10708999633789|77|2439
33.077720642089844|77|2440
22.725236892700195|77|2441
40.13949203491211|28|2442
39.42323684692383|27|2443
20.734445571899414|27|2444
21.980588912963867|92|2445
23.826784133911133|92|2446
10.958577156066895|38|2447
15.01574993133545|94|2448
26.167932510375977|94|2449
14.781983375549316|94|2450
15.323060035705566|32|2451
34.33961486816406|29|2452
42.19530487060547|28|2453
25.9916934967041|28|2454
22.49460220336914|39|2455
26.449121475219727|96|2456
17.678789138793945|39|2457
18.806724548339844|97|2458
36.41273498535156|98|2459
27.60150146484375|98|2460
21.295888900756836|38|2461
21.133277893066406|99|2462
21.40054702758789|28|2463
18.0861873626709|29|2464
21.984983444213867|100|2465
15.403423309326172|78|2466
21.983745574951172|28|2467
32.285770416259766|29|2468
28.28478240966797|29|2469
19.205074310302734|103|2470
12.693880081176758|103|2471
22.296201705932617|30|2472
40.385562896728516|29|2473
36.5887565612793|29|2474
22.73455238342285|38|2475
24.02379035949707|38|2476
21.341350555419922|38|2477
28.643903732299805|29|2478
25.51218032836914|30|2479
20.14421844482422|107|2480
16.168136596679688|106|2481
17.45134735107422|38|2482
27.470556259155273|30|2483
28.745546340942383|30|2484
16.488357543945312|110|2485
19.21185874938965|110|2486
18.730030059814453|39|2487
38.98725891113281|31|2488
38.0501823425293|30|2489
25.882226943969727|77|2490
18.994783401489258|112|2491
13.772314071655273|114|2492
26.5161190032959|33|2493
21.185073852539062|33|2494
17.354162216186523|115|2495
23.272985458374023|115|2496
24.22288703918457|36|2497
32.37145233154297|36|2498
40.320152282714844|31|2499
31.55765724182129|31|2500
17.766681671142578|36|2501
21.328529357910156|36|2502
29.107667922973633|31|2503
42.61509323120117|31|2504
28.43537139892578|31|2505
22.389301300048828|120|2506
16.119810104370117|120|2507
23.20917510986328|37|2508
22.415430068969727|36|2509
13.323051452636719|123|2510
20.78925895690918|123|2511
15.955869674682617|73|2512
20.124841690063477|36|2513
21.357839584350586|33|2514
20.314990997314453|32|2515
22.918603897094727|33|2516
16.314895629882812|125|2517
17.473342895507812|127|2518
23.39439582824707|127|2519
16.033252716064453|127|2520
22.02736473083496|43|2521
24.826404571533203|43|2522
22.029319763183594|43|2523
28.220346450805664|32|2524
29.438491821289062|32|2525
22.03055191040039|33|2526
18.3592472076416|132|2527
12.047428131103516|33|2528
25.49952507019043|33|2529
38.24420928955078|33|2530
38.397705078125|33|2531
26.370798110961914|33|2532
19.218076705932617|33|2533
23.43130874633789|33|2534
30.19923973083496|34|2535
27.242515563964844|34|2536
20.96632194519043|137|2537
14.979400634765625|139|2538
22.124536514282227|138|2539
34.586090087890625|34|2540
30.400476455688477|34|2541
18.34156608581543|139|2542
14.101879119873047|154|2543
16.788410186767578|142|2544
19.84859848022461|39|2545
19.381786346435547|35|2546
24.81495475769043|35|2547
26.799833297729492|35|2548
25.63265037536621|36|2549
32.98014831542969|36|2550
29.80748748779297|35|2551
32.23759841918945|36|2552
34.44918441772461|35|2553
24.112215042114258|36|2554
30.308195114135742|36|2555
28.488189697265625|36|2556
22.368846893310547|36|2557
22.37909507751465|36|2558
18.923633575439453|151|2559
30.271259307861328|151|2560
17.042797088623047|152|2561
22.30953025817871|153|2562
21.619253158569336|77|2563
17.428869247436523|77|2564
22.203535079956055|154|2565
25.101713180541992|78|2566
23.389978408813477|78|2567
21.28960609436035|157|2568
19.846723556518555|37|2569
34.564205169677734|37|2570
36.10249328613281|37|2571
20.864234924316406|160|2572
25.020200729370117|159|2573
17.724334716796875|159|2574
22.121902465820312|161|2575
16.687557220458984|161|2576
24.273469924926758|38|2577
31.111371994018555|38|2578
24.937652587890625|38|2579
26.37615394592285|38|2580
31.629117965698242|38|2581
27.405004501342773|77|2582
20.928163528442383|166|2583