Angel with a shotgun
The Cab

Pop/Rock
angel_with_a_shotgun
2049x2584
2584

1.3104853678669315e-05|1049|0
0.00011476280633360147|1150|1
0.00019860619795508683|1248|2
0.00018437567632645369|1248|3
0.0002026732690865174|792|4
0.00023758248426020145|1128|5
0.00027656968450173736|1384|6
0.0002614507684484124|988|7
0.00028843749896623194|872|8
0.0002968496992252767|1128|9
0.0002888319722842425|1384|10
0.00027586088981479406|988|11
0.00029593368526548147|872|12
0.00029904558323323727|1128|13
0.0002858583757188171|1384|14
0.0002640023594722152|988|15
0.00028241914696991444|872|16
0.00030125354533083737|1128|17
0.0002921008854173124|1384|18
0.00026379263726994395|988|19
0.00028645043494179845|872|20
0.0003014751127921045|1128|21
0.0002939738624263555|1384|22
0.00026204620371572673|988|23
0.00028076875605620444|872|24
0.0003027941274922341|1128|25
0.00029104965506121516|1384|26
0.0002663742343429476|988|27
0.0003971469704993069|1443|28
0.0007140869274735451|1443|29
0.0010290734935551882|1429|30
0.006359098479151726|0|31
0.01297811046242714|0|32
0.013351255096495152|0|33
0.006103699095547199|0|34
0.0004890174604952335|934|35
0.0002500904374755919|800|36
0.00023846534895710647|1056|37
0.0003328600141685456|829|38
0.0015920052537694573|0|39
0.0395248681306839|0|40
22.530078887939453|11|41
100.41907501220703|12|42
125.56190490722656|12|43
76.31607055664062|5|44
66.66834259033203|5|45
62.28839111328125|5|46
72.1731185913086|6|47
88.12076568603516|5|48
64.11506652832031|4|49
57.6577033996582|3|50
56.59043884277344|7|51
55.91582489013672|8|52
66.45018005371094|3|53
49.305076599121094|12|54
51.25541305541992|12|55
61.77145004272461|4|56
55.84303283691406|11|57
63.266780853271484|2|58
77.642822265625|2|59
70.68972778320312|6|60
66.0048828125|6|61
98.31829071044922|5|62
84.3648910522461|2|63
83.09166717529297|6|64
89.86373138427734|4|65
69.902099609375|2|66
75.36146545410156|6|67
54.10137176513672|3|68
62.40143966674805|3|69
72.31869506835938|6|70
79.72144317626953|5|71
44.833335876464844|6|72
41.25475311279297|6|73
47.074058532714844|6|74
55.711185455322266|3|75
46.554298400878906|2|76
46.70896911621094|6|77
50.83985900878906|6|78
50.64368438720703|2|79
40.338321685791016|3|80
37.30211639404297|6|81
40.87532043457031|6|82
40.6978645324707|6|83
46.998592376708984|6|84
50.99042510986328|6|85
44.90335464477539|6|86
42.67179489135742|6|87
43.21641540527344|6|88
42.834747314453125|6|89
45.45555114746094|6|90
49.79277038574219|6|91
51.104122161865234|6|92
49.52439880371094|6|93
46.32202911376953|6|94
50.42770004272461|3|95
49.89910125732422|3|96
50.83095932006836|3|97
55.12802505493164|3|98
52.30057144165039|3|99
47.64091110229492|3|100
43.409393310546875|3|101
40.44517135620117|3|102
45.00443649291992|3|103
44.227413177490234|3|104
39.73373794555664|3|105
38.72067642211914|6|106
40.34174728393555|3|107
44.54401779174805|3|108
45.929908752441406|3|109
43.430667877197266|3|110
43.257286071777344|3|111
45.75450134277344|3|112
46.80408477783203|3|113
47.610923767089844|3|114
48.93930435180664|3|115
49.98557662963867|3|116
47.66092300415039|3|117
49.559898376464844|3|118
53.79623031616211|3|119
51.127891540527344|3|120
48.83435821533203|3|121
48.27334976196289|3|122
47.56686019897461|3|123
46.7832145690918|3|124
45.44132614135742|3|125
40.09123992919922|3|126
41.405296325683594|3|127
30.176239013671875|3|128
38.44807052612305|5|129
48.012699127197266|4|130
41.08393859863281|3|131
56.50565719604492|3|132
53.33915710449219|5|133
49.232330322265625|4|134
43.174129486083984|4|135
41.147605895996094|5|136
46.6423454284668|4|137
47.361331939697266|2|138
57.264347076416016|3|139
50.848533630371094|20|140
47.786834716796875|5|141
53.97809600830078|5|142
41.8311767578125|5|143
58.15336608886719|4|144
64.92591094970703|5|145
54.087608337402344|3|146
47.222042083740234|2|147
51.863277435302734|5|148
54.480064392089844|5|149
53.75279235839844|21|150
49.62385940551758|20|151
41.495243072509766|20|152
47.52361297607422|3|153
35.637901306152344|2|154
39.77326583862305|5|155
43.59809112548828|5|156
37.46031188964844|27|157
41.139076232910156|27|158
45.82147979736328|5|159
41.088680267333984|27|160
39.33395767211914|27|161
36.42733383178711|27|162
38.45718002319336|20|163
38.40272521972656|20|164
35.19268035888672|21|165
32.638275146484375|21|166
35.936431884765625|21|167
37.6892204284668|21|168
42.85700607299805|21|169
47.0594367980957|20|170
47.28524398803711|20|171
49.34425354003906|4|172
56.37765884399414|5|173
52.87158966064453|5|174
50.480674743652344|5|175
50.17147445678711|5|176
49.59380340576172|5|177
47.7934455871582|5|178
54.55817413330078|36|179
58.314334869384766|36|180
55.198734283447266|36|181
47.30104446411133|5|182
48.517513275146484|5|183
49.49481201171875|5|184
49.9996337890625|5|185
56.5141487121582|5|186
61.855934143066406|5|187
60.41661834716797|5|188
58.33515167236328|5|189
50.11845016479492|5|190
46.11972427368164|20|191
47.065948486328125|20|192
43.62873840332031|21|193
39.88343048095703|21|194
40.44143295288086|5|195
44.280723571777344|5|196
49.27153015136719|5|197
76.89434051513672|13|198
133.50254821777344|12|199
90.81198120117188|12|200
72.5524673461914|5|201
76.16161346435547|5|202
102.8979263305664|5|203
110.7707290649414|5|204
86.58148193359375|5|205
79.64622497558594|4|206
50.48781967163086|5|207
70.17186737060547|8|208
127.5072250366211|12|209
109.98638153076172|12|210
73.59607696533203|5|211
70.69445037841797|5|212
79.571533203125|5|213
103.96617889404297|5|214
93.08662414550781|5|215
72.98883056640625|4|216
42.726776123046875|5|217
72.65499114990234|7|218
91.66704559326172|4|219
121.88664245605469|3|220
82.79866027832031|3|221
66.14423370361328|3|222
72.94284057617188|3|223
62.712196350097656|4|224
65.42877197265625|4|225
48.526065826416016|3|226
64.53172302246094|7|227
63.679256439208984|4|228
77.67842102050781|4|229
84.8166732788086|2|230
73.05069732666016|2|231
62.52212142944336|2|232
54.21085739135742|7|233
60.905269622802734|7|234
77.67329406738281|3|235
69.94470977783203|3|236
72.20980072021484|3|237
87.5483169555664|3|238
59.95262908935547|2|239
60.95464324951172|2|240
74.16089630126953|3|241
41.248497009277344|3|242
37.95687484741211|3|243
36.34232711791992|2|244
26.867204666137695|27|245
27.078367233276367|20|246
28.880002975463867|20|247
36.32831954956055|3|248
40.07075500488281|3|249
34.749473571777344|21|250
35.88074493408203|3|251
44.02073669433594|3|252
42.77876281738281|3|253
55.031890869140625|4|254
45.30619430541992|3|255
46.25984191894531|3|256
33.74907302856445|3|257
36.991249084472656|4|258
48.305084228515625|3|259
40.24631118774414|3|260
35.611637115478516|3|261
38.55635452270508|3|262
35.890316009521484|3|263
32.87569046020508|3|264
37.02136993408203|4|265
35.585872650146484|3|266
37.84218215942383|35|267
37.96470642089844|35|268
35.76237487792969|35|269
34.34775161743164|20|270
35.538265228271484|20|271
38.638710021972656|3|272
41.454566955566406|20|273
45.85572814941406|3|274
44.28468322753906|3|275
42.59575271606445|3|276
41.70044708251953|3|277
35.7055778503418|21|278
35.15373229980469|3|279
38.2347297668457|3|280
39.21574401855469|3|281
39.69779586791992|3|282
36.45398712158203|3|283
37.65003967285156|4|284
36.33392333984375|3|285
37.159950256347656|3|286
43.10206604003906|3|287
40.85783004760742|3|288
42.47773361206055|4|289
35.08528137207031|3|290
40.460872650146484|3|291
42.94758987426758|4|292
38.052772521972656|6|293
56.58332061767578|5|294
61.28554153442383|5|295
57.165836334228516|5|296
61.08287811279297|5|297
49.71302032470703|5|298
51.980525970458984|5|299
53.766510009765625|3|300
52.13078689575195|5|301
61.27244186401367|5|302
63.9593620300293|5|303
75.76324462890625|5|304
77.37476348876953|5|305
76.53140258789062|5|306
75.24076080322266|5|307
79.8225326538086|5|308
82.38343048095703|5|309
84.24325561523438|5|310
90.38420104980469|5|311
95.62271881103516|5|312
115.91085815429688|5|313
128.58187866210938|5|314
140.91673278808594|5|315
156.901123046875|5|316
160.5257568359375|5|317
171.61155700683594|5|318
176.20785522460938|5|319
170.45240783691406|5|320
162.28469848632812|5|321
144.090576171875|5|322
140.80206298828125|5|323
137.77984619140625|5|324
139.04098510742188|5|325
151.30426025390625|5|326
159.71983337402344|5|327
170.5220947265625|5|328
173.38475036621094|5|329
179.67288208007812|5|330
185.40904235839844|5|331
177.0964813232422|5|332
175.84043884277344|5|333
176.1559600830078|5|334
173.7279510498047|5|335
176.80332946777344|5|336
178.91636657714844|5|337
182.92864990234375|5|338
194.78086853027344|5|339
207.88671875|5|340
224.163818359375|5|341
243.74676513671875|5|342
249.03515625|5|343
249.16461181640625|5|344
247.6522674560547|5|345
242.91781616210938|5|346
240.96604919433594|5|347
234.10511779785156|5|348
229.94862365722656|5|349
244.10289001464844|5|350
259.86346435546875|5|351
265.1235046386719|5|352
272.2197570800781|5|353
281.6201171875|5|354
284.01806640625|5|355
282.96734619140625|5|356
273.9453125|5|357
261.9442138671875|5|358
261.3619079589844|5|359
257.1340637207031|5|360
251.4033203125|5|361
255.7168426513672|5|362
257.4708251953125|5|363
257.68731689453125|5|364
264.125732421875|5|365
267.6378173828125|5|366
272.29534912109375|5|367
272.0751647949219|5|368
265.8652038574219|5|369
265.60693359375|5|370
271.1978759765625|5|371
273.528076171875|5|372
254.78732299804688|5|373
206.81222534179688|5|374
165.61915588378906|12|375
165.00796508789062|3|376
192.23321533203125|3|377
171.7222137451172|3|378
138.39553833007812|5|379
107.91574096679688|3|380
119.1434097290039|4|381
106.93891906738281|5|382
118.53056335449219|5|383
99.75405883789062|5|384
90.96753692626953|8|385
125.59721374511719|3|386
131.17404174804688|3|387
142.98916625976562|3|388
185.2321014404297|3|389
148.9772491455078|3|390
121.60375213623047|3|391
127.61907958984375|3|392
117.98193359375|2|393
89.375244140625|34|394
141.08837890625|3|395
167.68389892578125|3|396
96.97062683105469|34|397
106.09342956542969|34|398
103.4615249633789|34|399
111.11121368408203|3|400
127.590576171875|3|401
140.8324432373047|3|402
184.47569274902344|3|403
189.10226440429688|3|404
179.9491729736328|3|405
136.20201110839844|3|406
73.36957550048828|3|407
85.01221466064453|3|408
122.37371826171875|3|409
109.77108001708984|3|410
84.53221130371094|3|411
110.10646057128906|3|412
120.87987518310547|3|413
112.71000671386719|3|414
120.08760833740234|3|415
137.43553161621094|3|416
143.8108367919922|3|417
120.07098388671875|3|418
109.7868423461914|3|419
124.61922454833984|3|420
122.00861358642578|3|421
112.85871887207031|3|422
126.02906799316406|3|423
139.9756622314453|3|424
139.177490234375|3|425
138.3256072998047|3|426
137.92616271972656|3|427
136.1261444091797|3|428
143.04649353027344|3|429
149.3777618408203|3|430
135.87428283691406|3|431
126.43640899658203|3|432
130.2923583984375|3|433
126.83448028564453|3|434
124.69602966308594|3|435
127.2702407836914|3|436
130.94346618652344|3|437
130.91830444335938|3|438
136.80453491210938|3|439
144.89968872070312|3|440
143.14231872558594|3|441
138.82211303710938|3|442
146.30136108398438|3|443
151.23194885253906|3|444
143.42333984375|3|445
134.7407989501953|3|446
132.93441772460938|3|447
135.3922882080078|3|448
136.8632354736328|3|449
133.7161407470703|3|450
128.6699676513672|3|451
125.50904846191406|3|452
120.85415649414062|3|453
124.51963806152344|3|454
131.3823699951172|3|455
125.17621612548828|3|456
125.01203155517578|3|457
126.88904571533203|4|458
101.41387176513672|4|459
109.96887969970703|5|460
129.0872802734375|5|461
116.55974578857422|5|462
114.2463607788086|4|463
118.22454833984375|5|464
112.08662414550781|5|465
99.67781066894531|5|466
107.59104919433594|5|467
108.69741821289062|5|468
102.18315124511719|5|469
110.8506851196289|4|470
102.70895385742188|5|471
107.42144775390625|5|472
111.33589172363281|5|473
95.23025512695312|5|474
93.44869995117188|5|475
100.4153823852539|5|476
93.76265716552734|4|477
98.05314636230469|36|478
95.97045135498047|5|479
97.6884765625|5|480
93.44066619873047|5|481
99.98448944091797|5|482
106.80914306640625|5|483
104.15338897705078|5|484
109.13790893554688|5|485
117.98139953613281|5|486
120.89665985107422|5|487
114.80162811279297|5|488
114.67768859863281|5|489
132.46836853027344|5|490
127.87818908691406|5|491
116.22965240478516|4|492
122.14185333251953|5|493
124.9493179321289|5|494
118.0583724975586|5|495
119.82435607910156|5|496
121.96826934814453|5|497
127.5898208618164|5|498
124.69841003417969|5|499
118.3707046508789|5|500
109.30289459228516|5|501
103.28612518310547|5|502
100.87274932861328|5|503
96.63957214355469|5|504
91.98909759521484|5|505
91.76170349121094|5|506
92.81205749511719|5|507
92.25080871582031|18|508
88.46244049072266|18|509
90.12862396240234|18|510
94.48313903808594|18|511
96.49189758300781|18|512
95.75530242919922|18|513
92.15899658203125|18|514
91.40636444091797|18|515
102.53766632080078|18|516
108.25155639648438|18|517
105.98967742919922|55|518
121.3697738647461|74|519
122.09583282470703|74|520
95.99764251708984|109|521
151.18580627441406|55|522
138.32029724121094|55|523
102.9018783569336|55|524
72.58740997314453|5|525
72.88335418701172|5|526
85.49137878417969|73|527
99.76305389404297|73|528
74.34020233154297|5|529
78.72972869873047|110|530
117.54906463623047|13|531
127.20631408691406|5|532
147.44969177246094|5|533
125.69470977783203|4|534
89.52339172363281|5|535
110.82136535644531|18|536
114.25420379638672|55|537
153.35557556152344|55|538
142.46522521972656|54|539
110.26622772216797|55|540
91.26497650146484|8|541
120.06765747070312|8|542
114.62189483642578|4|543
150.83148193359375|4|544
128.85951232910156|3|545
141.5270538330078|4|546
140.05064392089844|3|547
122.97037506103516|3|548
133.07603454589844|4|549
107.42420959472656|4|550
110.45999145507812|3|551
94.26388549804688|41|552
88.5127182006836|4|553
105.78270721435547|4|554
107.08354187011719|4|555
127.63033294677734|3|556
101.99124908447266|3|557
96.0702133178711|41|558
120.63908386230469|3|559
113.57797241210938|4|560
116.76032257080078|3|561
139.29672241210938|3|562
122.63704681396484|4|563
182.54664611816406|3|564
156.54571533203125|3|565
105.69055938720703|41|566
106.95347595214844|4|567
145.14674377441406|3|568
136.92445373535156|3|569
104.85364532470703|55|570
111.41212463378906|4|571
165.8721466064453|3|572
126.98710632324219|3|573
83.75837707519531|4|574
108.04862976074219|3|575
107.6153793334961|3|576
126.44209289550781|3|577
140.30628967285156|3|578
129.23419189453125|3|579
124.49638366699219|3|580
104.8335952758789|4|581
116.36236572265625|3|582
137.87168884277344|3|583
118.8426284790039|3|584
124.0443344116211|3|585
132.5087127685547|3|586
124.83855438232422|3|587
112.16991424560547|3|588
109.11054992675781|3|589
123.70872497558594|3|590
115.44198608398438|3|591
102.28839874267578|3|592
117.81537628173828|3|593
122.27531433105469|3|594
124.72344970703125|3|595
128.26927185058594|3|596
129.50921630859375|3|597
127.63090515136719|3|598
122.48995971679688|3|599
126.42652893066406|3|600
125.00165557861328|3|601
110.18146514892578|3|602
121.07156372070312|3|603
120.08756256103516|3|604
159.26744079589844|54|605
157.43170166015625|54|606
111.42182159423828|3|607
111.85774230957031|3|608
104.91004943847656|3|609
104.68507385253906|3|610
107.05084991455078|3|611
166.05393981933594|55|612
163.0236053466797|55|613
133.86090087890625|55|614
138.16433715820312|55|615
101.27925109863281|3|616
103.57579803466797|3|617
108.0360336303711|3|618
121.09163665771484|3|619
121.22512817382812|3|620
115.5942153930664|3|621
117.13958740234375|3|622
109.03500366210938|3|623
114.12195587158203|4|624
129.50360107421875|5|625
148.31698608398438|5|626
161.8462371826172|5|627
164.5123291015625|5|628
159.21136474609375|5|629
158.3741455078125|5|630
146.91761779785156|5|631
140.08616638183594|5|632
135.65335083007812|5|633
139.56199645996094|5|634
143.56674194335938|5|635
143.78341674804688|5|636
143.54925537109375|5|637
135.20953369140625|5|638
137.10308837890625|5|639
138.41650390625|5|640
133.62249755859375|5|641
131.99749755859375|5|642
133.7146453857422|5|643
137.57308959960938|5|644
137.412353515625|5|645
147.2902069091797|5|646
152.0135040283203|5|647
155.1445770263672|5|648
161.9646453857422|5|649
163.54701232910156|5|650
227.7001953125|124|651
298.1881408691406|124|652
292.2773742675781|124|653
208.28927612304688|123|654
191.14002990722656|5|655
196.09829711914062|5|656
207.14486694335938|5|657
211.28680419921875|5|658
209.52105712890625|5|659
208.60372924804688|5|660
219.91029357910156|5|661
232.20481872558594|5|662
234.92396545410156|5|663
239.707275390625|5|664
241.03900146484375|5|665
239.1537628173828|5|666
237.2813720703125|5|667
226.44139099121094|5|668
214.3856658935547|5|669
211.88983154296875|5|670
209.5006103515625|5|671
214.62335205078125|5|672
220.28036499023438|5|673
219.3387451171875|5|674
231.3466033935547|5|675
245.737060546875|5|676
245.53781127929688|5|677
237.180419921875|5|678
231.2394561767578|5|679
228.41737365722656|5|680
224.60743713378906|5|681
225.75421142578125|5|682
224.75669860839844|5|683
228.1426544189453|5|684
240.0688018798828|5|685
250.07278442382812|5|686
254.0712432861328|5|687
246.79270935058594|5|688
241.86123657226562|5|689
238.2759246826172|5|690
225.0332489013672|5|691
227.2379608154297|5|692
245.91839599609375|5|693
259.94244384765625|5|694
265.50445556640625|5|695
265.992919921875|5|696
266.8719177246094|5|697
213.39320373535156|5|698
158.7024688720703|5|699
209.52088928222656|5|700
238.49038696289062|5|701
175.73036193847656|5|702
206.01434326171875|7|703
136.12863159179688|7|704
154.78321838378906|7|705
171.1575164794922|12|706
177.86997985839844|11|707
340.1356201171875|11|708
449.3712463378906|12|709
392.7688293457031|11|710
289.7674865722656|12|711
335.512939453125|12|712
367.7160949707031|11|713
439.6326599121094|11|714
376.9900207519531|12|715
321.79925537109375|11|716
216.4868927001953|12|717
167.07545471191406|11|718
183.4052276611328|11|719
184.2914276123047|12|720
220.44935607910156|11|721
213.9464111328125|11|722
160.7879180908203|12|723
124.21453094482422|11|724
127.40333557128906|11|725
121.57820892333984|6|726
152.9148406982422|7|727
196.2562713623047|11|728
330.3137512207031|11|729
295.2601013183594|11|730
251.04627990722656|11|731
236.13467407226562|12|732
217.02500915527344|12|733
281.5716552734375|11|734
255.47613525390625|11|735
213.82958984375|6|736
264.02276611328125|11|737
236.49652099609375|12|738
230.01441955566406|11|739
259.2261657714844|12|740
255.4708709716797|12|741
293.4323425292969|11|742
301.8282470703125|12|743
271.1865539550781|11|744
236.34671020507812|12|745
243.5806884765625|11|746
211.64093017578125|12|747
237.32467651367188|11|748
232.26336669921875|11|749
212.88487243652344|11|750
252.3831787109375|11|751
203.9818115234375|11|752
242.91635131835938|12|753
280.5080871582031|11|754
313.8346252441406|11|755
270.69366455078125|11|756
196.26522827148438|12|757
153.02859497070312|103|758
217.2589111328125|11|759
257.23876953125|12|760
216.8245391845703|11|761
195.06712341308594|11|762
195.63330078125|12|763
172.6812744140625|12|764
159.77438354492188|12|765
180.46348571777344|11|766
198.2362823486328|11|767
208.76527404785156|12|768
177.95718383789062|12|769
169.4689178466797|11|770
186.5198516845703|12|771
205.6022491455078|12|772
195.77171325683594|11|773
175.7641143798828|11|774
164.20660400390625|12|775
159.34320068359375|12|776
163.3748016357422|11|777
184.68165588378906|11|778
154.59393310546875|11|779
117.60646057128906|3|780
203.08538818359375|9|781
232.00634765625|9|782
201.61244201660156|9|783
267.1059875488281|9|784
218.72604370117188|9|785
189.64190673828125|14|786
185.96441650390625|9|787
255.52183532714844|9|788
300.4425048828125|9|789
244.7234344482422|9|790
155.8285675048828|9|791
162.61029052734375|9|792
199.64601135253906|9|793
181.5785369873047|9|794
189.6702117919922|9|795
176.00491333007812|9|796
193.91619873046875|102|797
147.64613342285156|102|798
153.553955078125|9|799
180.6335906982422|9|800
187.1573028564453|9|801
199.09515380859375|9|802
224.96737670898438|9|803
233.75241088867188|9|804
184.75881958007812|9|805
134.81700134277344|9|806
108.39530944824219|9|807
128.43116760253906|9|808
166.71519470214844|9|809
198.6486053466797|9|810
181.39996337890625|9|811
236.7464599609375|8|812
297.3135070800781|7|813
237.02175903320312|7|814
202.39353942871094|7|815
192.08499145507812|9|816
183.03948974609375|10|817
144.46148681640625|7|818
184.24722290039062|9|819
232.10850524902344|9|820
259.31048583984375|9|821
216.47915649414062|9|822
167.9265899658203|122|823
176.7460174560547|9|824
220.387939453125|9|825
251.48985290527344|9|826
244.97637939453125|9|827
270.8809814453125|9|828
276.30767822265625|9|829
288.0184326171875|9|830
292.0480651855469|9|831
275.836181640625|9|832
207.30621337890625|9|833
219.1777801513672|9|834
245.63084411621094|9|835
191.35511779785156|9|836
218.51773071289062|9|837
220.29383850097656|9|838
168.3928680419922|9|839
178.87205505371094|10|840
199.21800231933594|9|841
215.52059936523438|9|842
218.1952667236328|9|843
215.81358337402344|9|844
235.16514587402344|9|845
262.7762756347656|9|846
267.68768310546875|9|847
253.03558349609375|9|848
250.09632873535156|9|849
237.10240173339844|9|850
218.51429748535156|9|851
223.1169891357422|9|852
238.34164428710938|9|853
254.77760314941406|9|854
256.677978515625|9|855
243.72984313964844|9|856
229.8977508544922|9|857
219.04953002929688|9|858
230.8846435546875|9|859
246.85491943359375|9|860
253.36427307128906|9|861
251.07009887695312|9|862
250.54010009765625|9|863
228.2386932373047|9|864
154.03004455566406|13|865
169.7754364013672|10|866
172.03616333007812|10|867
176.6016387939453|10|868
251.61947631835938|10|869
224.4513397216797|10|870
116.32796478271484|10|871
148.48597717285156|12|872
174.56024169921875|16|873
226.7892303466797|13|874
277.1081237792969|8|875
269.2806701660156|12|876
163.81605529785156|11|877
151.04055786132812|13|878
166.8589324951172|14|879
157.21336364746094|10|880
166.11671447753906|10|881
125.65837860107422|10|882
127.99730682373047|14|883
146.98448181152344|10|884
163.86489868164062|7|885
160.3099365234375|13|886
132.6622314453125|14|887
134.72943115234375|7|888
115.72673034667969|3|889
149.55255126953125|6|890
134.23902893066406|6|891
147.37789916992188|7|892
123.40290069580078|7|893
122.11026763916016|9|894
191.88023376464844|8|895
298.7466125488281|8|896
280.9226379394531|8|897
239.06639099121094|8|898
160.5107879638672|8|899
188.35580444335938|7|900
203.133056640625|7|901
218.9333953857422|7|902
231.42323303222656|7|903
171.1477508544922|7|904
196.52175903320312|10|905
204.7972412109375|7|906
312.6637878417969|7|907
339.6531982421875|7|908
292.21832275390625|7|909
246.95848083496094|7|910
226.3638916015625|7|911
211.5201873779297|7|912
221.6952667236328|7|913
274.38397216796875|7|914
314.1376953125|7|915
295.5674133300781|7|916
232.94247436523438|7|917
192.99134826660156|7|918
166.83396911621094|7|919
183.49609375|7|920
221.76548767089844|7|921
210.57659912109375|7|922
169.65963745117188|7|923
203.40464782714844|7|924
224.7950439453125|7|925
198.03076171875|7|926
197.5838623046875|7|927
213.59646606445312|7|928
221.6175079345703|7|929
229.47581481933594|7|930
218.27230834960938|7|931
217.10983276367188|7|932
230.41871643066406|7|933
264.3026123046875|7|934
268.6698303222656|7|935
254.23260498046875|7|936
238.6148681640625|7|937
227.0994873046875|7|938
222.87599182128906|7|939
202.33328247070312|7|940
168.25601196289062|7|941
155.43052673339844|7|942
154.31947326660156|7|943
168.91259765625|6|944
155.58840942382812|7|945
177.02734375|55|946
163.6435089111328|12|947
204.08355712890625|9|948
190.11978149414062|9|949
168.80462646484375|7|950
222.13926696777344|10|951
310.2544250488281|10|952
336.5420837402344|10|953
326.723388671875|10|954
269.0985412597656|10|955
215.8201904296875|10|956
124.96517181396484|11|957
128.17303466796875|11|958
206.2904510498047|10|959
280.4162902832031|10|960
288.956298828125|10|961
219.4873809814453|10|962
166.01828002929688|102|963
187.74501037597656|102|964
149.9592742919922|102|965
128.94061279296875|7|966
121.00650024414062|27|967
111.97867584228516|27|968
100.69519805908203|5|969
131.17947387695312|5|970
162.94796752929688|5|971
149.9406280517578|5|972
141.7803192138672|6|973
118.49952697753906|7|974
97.42227172851562|5|975
213.44534301757812|10|976
220.90203857421875|10|977
226.43899536132812|8|978
273.4488525390625|8|979
299.5788879394531|12|980
337.55499267578125|10|981
312.7765197753906|10|982
239.43484497070312|10|983
205.51858520507812|10|984
199.08697509765625|10|985
208.820556640625|10|986
286.9864807128906|10|987
359.101318359375|10|988
370.490478515625|10|989
354.26513671875|10|990
303.1368103027344|10|991
254.8864288330078|10|992
255.567138671875|10|993
263.5616760253906|10|994
268.6501159667969|10|995
240.7820587158203|10|996
219.0699005126953|6|997
206.41091918945312|10|998
222.97914123535156|10|999
210.294677734375|10|1000
188.3101348876953|10|1001
132.6773681640625|10|1002
150.92428588867188|5|1003
149.5147705078125|5|1004
121.74967956542969|5|1005
124.13235473632812|10|1006
152.6519317626953|10|1007
227.9685516357422|10|1008
232.82666015625|10|1009
233.28744506835938|5|1010
225.45040893554688|5|1011
185.8787078857422|5|1012
205.07420349121094|10|1013
218.1323699951172|10|1014
209.41062927246094|10|1015
196.33737182617188|5|1016
200.90513610839844|5|1017
222.9813690185547|5|1018
246.52049255371094|5|1019
237.33062744140625|5|1020
219.29620361328125|5|1021
217.00711059570312|5|1022
210.72482299804688|5|1023
192.23980712890625|5|1024
173.05044555664062|9|1025
180.297119140625|9|1026
183.51988220214844|5|1027
186.8196563720703|5|1028
185.03106689453125|5|1029
189.58155822753906|9|1030
209.04159545898438|9|1031
214.52484130859375|9|1032
218.18087768554688|9|1033
219.58506774902344|9|1034
198.9711456298828|5|1035
196.2005157470703|5|1036
219.66539001464844|10|1037
210.6557159423828|10|1038
177.36456298828125|11|1039
151.26841735839844|5|1040
225.32437133789062|10|1041
257.6885681152344|11|1042
253.63475036621094|12|1043
263.7474060058594|12|1044
260.72418212890625|11|1045
207.54856872558594|12|1046
174.52011108398438|12|1047
170.5306396484375|11|1048
177.5129852294922|8|1049
137.2552947998047|6|1050
121.59880065917969|10|1051
142.15399169921875|26|1052
175.2171630859375|27|1053
164.10260009765625|27|1054
155.8718719482422|28|1055
165.64927673339844|11|1056
156.0518798828125|11|1057
169.10369873046875|28|1058
215.4345703125|11|1059
212.3659210205078|11|1060
185.55703735351562|11|1061
119.14551544189453|56|1062
167.29759216308594|19|1063
125.46109008789062|19|1064
120.4444351196289|11|1065
180.7356414794922|12|1066
242.21505737304688|11|1067
225.48165893554688|11|1068
170.47901916503906|12|1069
161.9185791015625|11|1070
201.64894104003906|11|1071
248.31298828125|12|1072
253.73397827148438|12|1073
247.01141357421875|12|1074
265.90618896484375|11|1075
265.6607360839844|11|1076
261.01025390625|12|1077
262.9367370605469|12|1078
243.8816375732422|11|1079
222.10012817382812|11|1080
123.80142974853516|11|1081
96.98819732666016|12|1082
105.04598999023438|25|1083
121.8871841430664|26|1084
112.68865203857422|51|1085
96.08518981933594|51|1086
84.22016143798828|52|1087
77.12899017333984|55|1088
94.9894790649414|56|1089
130.35687255859375|11|1090
144.5952911376953|12|1091
129.33375549316406|54|1092
172.914306640625|7|1093
242.57012939453125|7|1094
155.75909423828125|6|1095
115.06405639648438|3|1096
110.76448822021484|11|1097
113.71601104736328|82|1098
116.95964050292969|12|1099
124.66114807128906|11|1100
130.05288696289062|11|1101
137.91390991210938|54|1102
131.4824676513672|54|1103
172.90284729003906|19|1104
156.47406005859375|19|1105
116.69772338867188|11|1106
103.76113891601562|82|1107
122.39485931396484|82|1108
129.0455322265625|11|1109
190.46319580078125|10|1110
170.6136932373047|10|1111
182.97096252441406|11|1112
264.71710205078125|11|1113
260.3890686035156|10|1114
308.6647033691406|10|1115
303.57452392578125|10|1116
260.9386901855469|10|1117
273.517333984375|10|1118
301.67108154296875|10|1119
268.50921630859375|10|1120
257.6497802734375|10|1121
284.064208984375|11|1122
255.13504028320312|10|1123
222.423583984375|9|1124
275.8139343261719|8|1125
195.47059631347656|5|1126
149.41432189941406|10|1127
183.0542449951172|9|1128
187.77218627929688|9|1129
202.1408233642578|9|1130
225.392822265625|9|1131
221.85121154785156|9|1132
159.12635803222656|9|1133
85.01871490478516|10|1134
120.17841339111328|10|1135
185.4983367919922|10|1136
175.2549285888672|9|1137
105.83657836914062|9|1138
93.21353149414062|18|1139
141.16259765625|9|1140
164.0054168701172|9|1141
215.69754028320312|10|1142
211.59164428710938|10|1143
268.61541748046875|9|1144
243.48777770996094|9|1145
177.30140686035156|9|1146
135.78115844726562|54|1147
123.30418395996094|9|1148
88.95494079589844|54|1149
48.683685302734375|25|1150
102.5634536743164|12|1151
172.39231872558594|9|1152
196.97628784179688|8|1153
173.68026733398438|8|1154
233.28890991210938|9|1155
176.23138427734375|10|1156
148.8652801513672|11|1157
217.79005432128906|9|1158
251.47071838378906|9|1159
260.8290100097656|9|1160
271.181884765625|9|1161
264.9642333984375|9|1162
266.061767578125|9|1163
270.9286804199219|9|1164
228.48101806640625|9|1165
119.46973419189453|9|1166
123.05976867675781|25|1167
117.60086822509766|50|1168
105.32776641845703|18|1169
103.23114776611328|18|1170
87.88591003417969|19|1171
118.5670394897461|83|1172
98.9303970336914|82|1173
125.0404281616211|81|1174
141.76666259765625|81|1175
132.4757843017578|81|1176
241.00282287597656|7|1177
229.35870361328125|6|1178
120.99724578857422|6|1179
111.46147155761719|55|1180
99.75760650634766|54|1181
126.93073272705078|81|1182
149.5757293701172|81|1183
133.6697235107422|82|1184
122.7402114868164|55|1185
124.21379852294922|83|1186
144.68463134765625|11|1187
153.2530975341797|19|1188
209.2760009765625|8|1189
224.08132934570312|8|1190
208.5889434814453|8|1191
220.27951049804688|8|1192
248.67462158203125|8|1193
241.21273803710938|8|1194
221.89773559570312|8|1195
169.66905212402344|8|1196
190.63658142089844|7|1197
261.22137451171875|6|1198
240.0546417236328|10|1199
256.43572998046875|10|1200
253.12191772460938|10|1201
250.72166442871094|10|1202
250.91989135742188|10|1203
256.8049011230469|10|1204
261.38726806640625|10|1205
263.80914306640625|10|1206
289.7533264160156|10|1207
269.3099060058594|10|1208
233.27218627929688|6|1209
119.13298034667969|5|1210
99.11258697509766|14|1211
111.9632568359375|13|1212
123.8243179321289|14|1213
143.07044982910156|14|1214
147.3191680908203|13|1215
111.74736785888672|7|1216
90.36687469482422|6|1217
80.8543701171875|34|1218
110.74824523925781|87|1219
125.90515899658203|87|1220
90.55742645263672|86|1221
106.01304626464844|14|1222
110.0557632446289|14|1223
147.78565979003906|12|1224
134.4816131591797|12|1225
158.60507202148438|7|1226
159.06692504882812|7|1227
148.3105010986328|7|1228
178.41734313964844|20|1229
149.734130859375|19|1230
151.32763671875|8|1231
177.57559204101562|28|1232
147.94444274902344|27|1233
161.8706817626953|27|1234
181.8223114013672|28|1235
166.25424194335938|27|1236
103.7401351928711|11|1237
138.02682495117188|24|1238
124.91278076171875|23|1239
154.44772338867188|13|1240
191.17654418945312|13|1241
159.82872009277344|14|1242
151.43734741210938|14|1243
128.94627380371094|7|1244
140.1449737548828|7|1245
146.6465606689453|7|1246
147.5158233642578|7|1247
131.43663024902344|7|1248
140.65240478515625|28|1249
159.87271118164062|28|1250
136.55926513671875|27|1251
124.79288482666016|27|1252
119.06663513183594|55|1253
111.66573333740234|29|1254
134.13165283203125|29|1255
96.89281463623047|55|1256
143.6490936279297|27|1257
171.53256225585938|27|1258
164.45066833496094|27|1259
216.65219116210938|7|1260
263.0087890625|7|1261
150.61679077148438|6|1262
103.992919921875|92|1263
127.42717742919922|92|1264
155.65866088867188|92|1265
177.08456420898438|92|1266
185.08367919921875|92|1267
148.7150421142578|92|1268
104.56330871582031|61|1269
113.69876098632812|14|1270
174.67657470703125|19|1271
139.6517333984375|19|1272
162.8280487060547|10|1273
171.93472290039062|9|1274
85.84014892578125|9|1275
78.8296127319336|10|1276
127.81119537353516|14|1277
113.59384155273438|11|1278
98.86669158935547|7|1279
119.03460693359375|11|1280
201.3559112548828|11|1281
238.69195556640625|11|1282
231.5858917236328|11|1283
190.16317749023438|11|1284
209.24063110351562|12|1285
185.55282592773438|11|1286
187.22654724121094|11|1287
210.07215881347656|12|1288
205.5397491455078|11|1289
204.5106201171875|12|1290
253.64869689941406|11|1291
261.8502502441406|11|1292
210.1489715576172|10|1293
219.35513305664062|10|1294
221.17184448242188|10|1295
231.4383087158203|10|1296
237.52931213378906|10|1297
205.7822265625|10|1298
198.73876953125|26|1299
206.5348358154297|26|1300
214.98776245117188|26|1301
158.3991241455078|26|1302
223.5838623046875|10|1303
218.43609619140625|10|1304
115.76285552978516|10|1305
98.18749237060547|26|1306
134.20761108398438|9|1307
158.6105194091797|9|1308
198.98316955566406|10|1309
197.24954223632812|10|1310
191.57958984375|10|1311
177.84840393066406|10|1312
171.28562927246094|11|1313
183.3582763671875|11|1314
151.2520294189453|11|1315
139.5926971435547|10|1316
123.36698150634766|51|1317
145.20904541015625|10|1318
146.7328338623047|10|1319
114.52597045898438|10|1320
100.73961639404297|10|1321
89.59947204589844|25|1322
153.51171875|10|1323
267.7146301269531|10|1324
283.8885192871094|10|1325
269.34173583984375|10|1326
281.8072204589844|10|1327
288.3360900878906|10|1328
286.01171875|10|1329
259.1023864746094|10|1330
152.9313507080078|9|1331
183.78549194335938|8|1332
169.5735626220703|8|1333
128.25851440429688|5|1334
121.27425384521484|10|1335
127.65328216552734|5|1336
142.77069091796875|5|1337
153.56979370117188|5|1338
157.0778350830078|5|1339
153.83978271484375|5|1340
157.4300994873047|5|1341
162.80967712402344|5|1342
175.2835235595703|6|1343
244.8269805908203|7|1344
149.99183654785156|10|1345
196.40646362304688|10|1346
211.92904663085938|10|1347
214.582275390625|10|1348
218.0529327392578|11|1349
240.32861328125|11|1350
160.8948974609375|5|1351
183.34060668945312|5|1352
181.70462036132812|5|1353
171.01942443847656|20|1354
159.72853088378906|19|1355
137.720703125|5|1356
170.1774139404297|5|1357
191.25674438476562|5|1358
190.17063903808594|5|1359
215.6456756591797|10|1360
277.0522766113281|10|1361
276.3080749511719|10|1362
277.959228515625|10|1363
234.2847900390625|9|1364
248.7884521484375|5|1365
218.52757263183594|5|1366
188.1979522705078|9|1367
224.9262237548828|9|1368
194.8941192626953|8|1369
262.72088623046875|9|1370
239.6141357421875|9|1371
241.13299560546875|8|1372
214.96102905273438|8|1373
217.48985290527344|7|1374
242.9358673095703|6|1375
196.8514404296875|6|1376
227.77011108398438|11|1377
270.24310302734375|11|1378
274.4056091308594|11|1379
248.378662109375|12|1380
263.2194519042969|12|1381
301.69512939453125|11|1382
284.33416748046875|11|1383
166.64747619628906|11|1384
136.83082580566406|5|1385
139.47018432617188|5|1386
116.3205795288086|5|1387
86.05587768554688|34|1388
79.87113952636719|34|1389
94.0734634399414|34|1390
93.27391815185547|34|1391
152.57945251464844|12|1392
249.89947509765625|11|1393
223.78675842285156|12|1394
209.8594207763672|12|1395
178.0371856689453|19|1396
156.80349731445312|11|1397
167.41616821289062|11|1398
142.39328002929688|11|1399
152.3230743408203|82|1400
159.39004516601562|12|1401
222.82969665527344|11|1402
180.72128295898438|11|1403
108.06759643554688|12|1404
121.9493179321289|12|1405
167.34982299804688|11|1406
237.50791931152344|11|1407
262.8572692871094|11|1408
252.047607421875|11|1409
263.0718994140625|11|1410
255.8267364501953|12|1411
238.7068634033203|12|1412
222.53866577148438|11|1413
147.37782287597656|10|1414
152.77630615234375|10|1415
136.59727478027344|11|1416
82.68330383300781|76|1417
164.54412841796875|76|1418
162.9910430908203|76|1419
108.09752655029297|77|1420
94.79644012451172|79|1421
140.1470489501953|80|1422
170.3093719482422|11|1423
158.9106903076172|82|1424
173.93731689453125|82|1425
177.42457580566406|82|1426
260.0475769042969|7|1427
193.7116241455078|7|1428
175.69497680664062|82|1429
187.74420166015625|82|1430
181.46347045898438|82|1431
174.51658630371094|82|1432
205.97061157226562|11|1433
173.8054656982422|11|1434
154.38136291503906|82|1435
146.4105682373047|82|1436
143.03526306152344|82|1437
169.050048828125|19|1438
150.0070037841797|10|1439
167.17015075683594|11|1440
129.78578186035156|81|1441
165.9987030029297|81|1442
136.0109100341797|11|1443
259.60736083984375|10|1444
256.09527587890625|10|1445
231.4286346435547|10|1446
263.2037048339844|10|1447
277.9388732910156|10|1448
290.7756652832031|10|1449
299.43951416015625|10|1450
259.2911682128906|10|1451
223.77565002441406|10|1452
219.09181213378906|10|1453
213.014892578125|10|1454
221.65972900390625|10|1455
267.852294921875|11|1456
296.0058288574219|11|1457
275.3985900878906|11|1458
233.34178161621094|6|1459
185.5868377685547|9|1460
240.9624481201172|9|1461
248.2100830078125|9|1462
253.71786499023438|9|1463
254.79226684570312|9|1464
253.40380859375|9|1465
188.9397430419922|9|1466
100.79906463623047|18|1467
110.18185424804688|16|1468
203.5143280029297|10|1469
200.276123046875|10|1470
147.04779052734375|9|1471
174.84036254882812|9|1472
203.5465545654297|9|1473
234.54010009765625|9|1474
283.533203125|9|1475
280.9841003417969|9|1476
262.9148254394531|9|1477
233.81837463378906|9|1478
185.80239868164062|9|1479
159.77023315429688|9|1480
162.57742309570312|9|1481
121.43983459472656|9|1482
111.3289794921875|163|1483
123.61305236816406|163|1484
139.38499450683594|10|1485
189.5394287109375|9|1486
192.06924438476562|8|1487
168.7938690185547|9|1488
149.11956787109375|10|1489
201.03118896484375|10|1490
231.87698364257812|9|1491
254.856201171875|9|1492
253.2860565185547|9|1493
266.89166259765625|9|1494
276.7779541015625|9|1495
278.52069091796875|9|1496
261.8878479003906|9|1497
202.1455078125|10|1498
153.2262725830078|10|1499
104.59996032714844|18|1500
90.7952880859375|18|1501
97.32720184326172|24|1502
103.51335144042969|76|1503
158.44419860839844|76|1504
122.1926040649414|77|1505
96.0823974609375|105|1506
106.70853424072266|82|1507
180.6253662109375|83|1508
170.13011169433594|83|1509
221.9744110107422|8|1510
243.48878479003906|7|1511
148.93836975097656|81|1512
141.81614685058594|82|1513
154.66378784179688|82|1514
153.29830932617188|82|1515
160.10191345214844|82|1516
181.63372802734375|82|1517
191.7476348876953|82|1518
163.3106689453125|82|1519
133.29977416992188|109|1520
193.6396026611328|19|1521
179.79293823242188|19|1522
148.18234252929688|8|1523
133.1951904296875|18|1524
125.74468994140625|82|1525
129.63365173339844|82|1526
186.88633728027344|8|1527
234.5498809814453|8|1528
206.60179138183594|8|1529
212.22894287109375|8|1530
332.10198974609375|9|1531
285.02618408203125|10|1532
226.47142028808594|10|1533
253.74847412109375|10|1534
272.3861999511719|10|1535
269.30682373046875|10|1536
275.3727111816406|10|1537
293.4292907714844|10|1538
292.16693115234375|10|1539
308.8349609375|10|1540
335.7572937011719|10|1541
279.93328857421875|8|1542
216.61700439453125|5|1543
126.96659851074219|14|1544
126.5760269165039|14|1545
136.3155975341797|7|1546
147.70423889160156|13|1547
163.36061096191406|13|1548
129.3510284423828|13|1549
104.7251968383789|14|1550
90.8667984008789|14|1551
79.57274627685547|11|1552
103.52813720703125|11|1553
82.29434967041016|10|1554
88.09528350830078|14|1555
99.6781234741211|14|1556
129.01974487304688|14|1557
149.2288818359375|14|1558
156.74549865722656|14|1559
161.0683135986328|7|1560
152.97938537597656|7|1561
150.99559020996094|7|1562
147.89755249023438|7|1563
113.75308990478516|10|1564
75.29583740234375|27|1565
54.94495391845703|12|1566
92.67394256591797|12|1567
129.0059051513672|12|1568
180.7871856689453|11|1569
173.42921447753906|20|1570
173.90187072753906|21|1571
159.19322204589844|22|1572
104.43618774414062|7|1573
145.28887939453125|7|1574
160.33912658691406|7|1575
166.45974731445312|7|1576
167.8525390625|7|1577
165.4711456298828|7|1578
166.8723602294922|7|1579
173.21591186523438|7|1580
160.13401794433594|7|1581
122.30717468261719|21|1582
130.7165069580078|22|1583
91.38065338134766|24|1584
106.53237915039062|80|1585
147.72694396972656|82|1586
171.8662109375|82|1587
157.6735382080078|82|1588
164.14450073242188|82|1589
165.89479064941406|82|1590
170.62550354003906|82|1591
166.39236450195312|82|1592
166.823974609375|7|1593
333.9829406738281|7|1594
247.77809143066406|6|1595
120.44940185546875|3|1596
143.31871032714844|123|1597
131.2893829345703|122|1598
170.65591430664062|121|1599
182.15399169921875|122|1600
126.07821655273438|122|1601
99.43128967285156|121|1602
78.92068481445312|13|1603
179.8805389404297|19|1604
197.21629333496094|19|1605
123.60651397705078|13|1606
85.90230560302734|13|1607
74.67752075195312|13|1608
77.046142578125|12|1609
147.59844970703125|11|1610
124.9824447631836|10|1611
115.02227783203125|14|1612
115.91329193115234|14|1613
172.92123413085938|12|1614
232.22457885742188|11|1615
233.99888610839844|11|1616
202.4277801513672|11|1617
203.42361450195312|11|1618
203.34791564941406|12|1619
190.51002502441406|11|1620
197.3880615234375|12|1621
190.69082641601562|11|1622
185.59429931640625|11|1623
238.067626953125|11|1624
278.5157470703125|7|1625
225.12501525878906|7|1626
212.17185974121094|11|1627
273.1181335449219|10|1628
258.4429016113281|10|1629
243.28285217285156|10|1630
165.82920837402344|10|1631
119.75425720214844|11|1632
123.98982238769531|8|1633
155.07521057128906|8|1634
117.7974624633789|27|1635
149.4375457763672|54|1636
147.88421630859375|53|1637
170.86875915527344|52|1638
137.8813934326172|52|1639
132.50559997558594|51|1640
140.0007781982422|52|1641
243.29815673828125|10|1642
278.9422302246094|10|1643
261.9970397949219|10|1644
218.53831481933594|10|1645
178.24464416503906|19|1646
143.889404296875|19|1647
144.82876586914062|9|1648
105.7197494506836|52|1649
141.857421875|10|1650
209.24371337890625|10|1651
166.95448303222656|10|1652
135.737060546875|51|1653
142.63380432128906|51|1654
131.92625427246094|51|1655
166.6198272705078|11|1656
218.56057739257812|10|1657
265.9835510253906|10|1658
246.31982421875|10|1659
243.75323486328125|10|1660
237.6164093017578|10|1661
199.04759216308594|10|1662
199.3533172607422|9|1663
141.07423400878906|10|1664
113.4129409790039|10|1665
108.41470336914062|51|1666
107.02304077148438|11|1667
111.63461303710938|11|1668
112.47945404052734|5|1669
148.6352996826172|5|1670
165.07981872558594|5|1671
172.0450897216797|5|1672
147.2502899169922|5|1673
127.00752258300781|5|1674
154.32533264160156|5|1675
181.1470947265625|5|1676
162.78932189941406|5|1677
188.0856475830078|20|1678
161.60479736328125|20|1679
172.07962036132812|19|1680
195.1193084716797|8|1681
199.39266967773438|8|1682
212.57594299316406|9|1683
195.11830139160156|8|1684
187.1106719970703|9|1685
208.5337371826172|9|1686
169.01104736328125|9|1687
155.9671630859375|18|1688
168.08639526367188|18|1689
158.8908233642578|19|1690
129.7252197265625|7|1691
152.20579528808594|8|1692
167.91786193847656|8|1693
163.7972412109375|8|1694
180.27874755859375|8|1695
166.37362670898438|8|1696
256.587646484375|7|1697
339.53509521484375|7|1698
240.01707458496094|6|1699
158.0535430908203|5|1700
174.142822265625|5|1701
172.53524780273438|10|1702
212.7645721435547|10|1703
237.41285705566406|10|1704
259.6662292480469|10|1705
273.7896423339844|10|1706
270.1916809082031|10|1707
309.2080078125|10|1708
230.75506591796875|10|1709
189.99388122558594|54|1710
197.675537109375|54|1711
165.8145751953125|54|1712
171.76292419433594|12|1713
186.44564819335938|11|1714
179.47532653808594|12|1715
171.86424255371094|12|1716
174.3025665283203|12|1717
159.55426025390625|12|1718
128.43106079101562|81|1719
151.23269653320312|11|1720
231.4486083984375|11|1721
210.96005249023438|12|1722
203.3666229248047|12|1723
200.80291748046875|11|1724
202.10311889648438|11|1725
186.39051818847656|12|1726
190.01780700683594|12|1727
178.99781799316406|11|1728
149.84848022460938|20|1729
150.22813415527344|20|1730
104.03595733642578|12|1731
122.20023345947266|12|1732
111.576171875|12|1733
113.6780776977539|46|1734
123.13449096679688|12|1735
130.27122497558594|12|1736
131.03762817382812|12|1737
131.3812713623047|11|1738
96.44508361816406|12|1739
176.2519989013672|10|1740
266.48876953125|11|1741
265.7186279296875|11|1742
280.4056701660156|11|1743
285.8575439453125|11|1744
292.2122802734375|11|1745
304.1307373046875|11|1746
308.89642333984375|11|1747
295.7530822753906|11|1748
259.6915283203125|11|1749
186.15512084960938|12|1750
170.4455108642578|12|1751
262.373046875|11|1752
258.49755859375|11|1753
264.4517517089844|11|1754
283.5254821777344|11|1755
302.5902099609375|11|1756
303.0445556640625|11|1757
293.840087890625|11|1758
303.0386657714844|11|1759
283.7246398925781|11|1760
250.8854217529297|11|1761
245.14149475097656|12|1762
264.1121826171875|12|1763
256.88629150390625|11|1764
254.24490356445312|11|1765
289.38031005859375|11|1766
305.0798645019531|11|1767
314.08087158203125|11|1768
326.2435302734375|11|1769
299.2389831542969|11|1770
204.55372619628906|11|1771
147.42860412597656|11|1772
135.3718719482422|11|1773
115.74942779541016|11|1774
116.49974060058594|12|1775
133.54415893554688|22|1776
135.18695068359375|12|1777
130.5161895751953|11|1778
137.92333984375|11|1779
174.8602752685547|11|1780
199.24697875976562|11|1781
181.4172821044922|11|1782
249.57106018066406|10|1783
228.3438262939453|10|1784
208.82168579101562|10|1785
224.75753784179688|10|1786
237.73605346679688|10|1787
226.67654418945312|10|1788
206.49501037597656|10|1789
185.93666076660156|61|1790
244.4208526611328|10|1791
263.91851806640625|8|1792
225.32424926757812|9|1793
324.3450012207031|9|1794
340.2506103515625|9|1795
339.5074768066406|9|1796
319.9339294433594|9|1797
312.33740234375|9|1798
309.9561462402344|9|1799
302.8223571777344|9|1800
285.36260986328125|9|1801
231.0919952392578|10|1802
169.43846130371094|11|1803
241.6742401123047|9|1804
293.017333984375|9|1805
288.3345947265625|9|1806
289.7550354003906|9|1807
289.4421081542969|9|1808
289.0036926269531|9|1809
291.8198547363281|9|1810
285.8352966308594|9|1811
237.15451049804688|9|1812
219.95806884765625|19|1813
186.87448120117188|9|1814
238.7066650390625|9|1815
249.8827362060547|9|1816
254.65182495117188|9|1817
257.74822998046875|9|1818
263.0283508300781|9|1819
279.72186279296875|9|1820
294.35980224609375|9|1821
256.47332763671875|9|1822
184.9766387939453|8|1823
212.244873046875|9|1824
232.98574829101562|9|1825
225.58889770507812|9|1826
243.4866180419922|9|1827
277.34332275390625|9|1828
301.689208984375|9|1829
292.1140441894531|9|1830
267.6543273925781|9|1831
258.0099792480469|9|1832
188.14126586914062|9|1833
122.1204605102539|10|1834
172.5663299560547|9|1835
250.12551879882812|9|1836
266.26171875|9|1837
260.95086669921875|9|1838
257.8728942871094|9|1839
261.7946472167969|9|1840
262.9897766113281|9|1841
262.6347351074219|9|1842
285.9062805175781|10|1843
264.4242248535156|10|1844
219.13925170898438|7|1845
257.295166015625|9|1846
274.41156005859375|9|1847
302.9430847167969|9|1848
320.9656677246094|9|1849
325.0248107910156|9|1850
320.406494140625|9|1851
323.0754089355469|9|1852
317.5177307128906|9|1853
250.95220947265625|9|1854
209.7527618408203|9|1855
239.43191528320312|9|1856
252.14747619628906|9|1857
251.04689025878906|9|1858
259.1441955566406|9|1859
263.853759765625|9|1860
261.4913024902344|9|1861
261.85174560546875|9|1862
257.0722351074219|9|1863
233.8834686279297|8|1864
243.4651336669922|6|1865
217.61532592773438|10|1866
259.1928405761719|10|1867
279.8620910644531|10|1868
306.7440490722656|10|1869
316.4566955566406|10|1870
331.04901123046875|10|1871
353.7520446777344|10|1872
341.5247802734375|10|1873
314.6878662109375|10|1874
232.37094116210938|10|1875
249.06369018554688|6|1876
174.87660217285156|10|1877
117.01689147949219|62|1878
110.52174377441406|62|1879
119.83235168457031|83|1880
146.2015380859375|13|1881
161.0369110107422|14|1882
167.13954162597656|14|1883
158.3764190673828|14|1884
153.7672119140625|7|1885
137.18344116210938|8|1886
165.8551025390625|13|1887
125.06327056884766|14|1888
171.7349853515625|7|1889
186.7528533935547|7|1890
187.07681274414062|7|1891
192.00881958007812|7|1892
198.38526916503906|7|1893
207.9230499267578|7|1894
197.26998901367188|7|1895
210.21311950683594|19|1896
177.29592895507812|19|1897
144.81753540039062|61|1898
166.623291015625|61|1899
139.31544494628906|7|1900
141.87490844726562|7|1901
148.11573791503906|7|1902
162.93048095703125|7|1903
172.2266082763672|7|1904
190.23687744140625|7|1905
193.17002868652344|7|1906
231.72805786132812|13|1907
292.7701110839844|13|1908
300.1208801269531|14|1909
298.7627258300781|14|1910
286.5987854003906|14|1911
266.2982177734375|14|1912
239.62672424316406|14|1913
214.07107543945312|14|1914
192.4342498779297|14|1915
209.02706909179688|7|1916
193.22518920898438|7|1917
146.3256378173828|13|1918
170.1743621826172|13|1919
157.17477416992188|7|1920
170.0275421142578|7|1921
167.1413116455078|7|1922
158.53836059570312|7|1923
165.40357971191406|7|1924
178.78829956054688|7|1925
222.3016815185547|7|1926
333.4681701660156|7|1927
251.35426330566406|7|1928
123.72543334960938|6|1929
161.36807250976562|212|1930
163.97750854492188|7|1931
150.8717041015625|7|1932
137.10891723632812|7|1933
141.6381378173828|7|1934
159.79721069335938|7|1935
164.23703002929688|69|1936
146.2488250732422|7|1937
199.47268676757812|19|1938
148.4942169189453|8|1939
153.53543090820312|14|1940
164.7081298828125|7|1941
175.6806182861328|7|1942
172.5038604736328|7|1943
168.40188598632812|7|1944
181.05088806152344|7|1945
190.77151489257812|7|1946
189.98873901367188|7|1947
164.46954345703125|110|1948
139.88784790039062|14|1949
214.7725067138672|62|1950
242.2779998779297|61|1951
225.518310546875|61|1952
226.88330078125|61|1953
225.66221618652344|61|1954
230.87379455566406|61|1955
241.08145141601562|61|1956
248.48611450195312|8|1957
338.8121643066406|8|1958
306.3045349121094|7|1959
203.65509033203125|8|1960
240.86387634277344|10|1961
260.4109191894531|10|1962
256.3590087890625|10|1963
252.1138458251953|10|1964
252.3016357421875|10|1965
252.18594360351562|10|1966
237.250732421875|10|1967
200.59527587890625|11|1968
182.3427734375|11|1969
181.343994140625|11|1970
259.6100769042969|10|1971
272.3293762207031|10|1972
266.1270751953125|10|1973
272.7060852050781|10|1974
281.9955139160156|10|1975
284.0435791015625|10|1976
282.7250061035156|10|1977
260.8471984863281|10|1978
232.17312622070312|10|1979
251.2168731689453|10|1980
286.6421813964844|10|1981
300.06622314453125|10|1982
316.9665222167969|10|1983
327.20477294921875|10|1984
329.5254821777344|10|1985
348.57916259765625|10|1986
357.0966796875|10|1987
341.4836120605469|10|1988
270.927490234375|10|1989
188.76828002929688|10|1990
220.31253051757812|10|1991
246.34262084960938|10|1992
228.97592163085938|10|1993
226.38922119140625|10|1994
225.42660522460938|10|1995
226.79359436035156|10|1996
238.99691772460938|10|1997
263.99139404296875|10|1998
256.75146484375|10|1999
170.11622619628906|9|2000
140.17379760742188|9|2001
179.27272033691406|10|2002
260.4241027832031|10|2003
288.01361083984375|10|2004
310.68463134765625|10|2005
324.638916015625|10|2006
330.2019958496094|10|2007
335.806884765625|10|2008
311.5767822265625|10|2009
281.3041687011719|10|2010
241.1957244873047|9|2011
174.13632202148438|9|2012
185.44992065429688|9|2013
220.58627319335938|8|2014
230.52044677734375|9|2015
194.30047607421875|208|2016
216.86590576171875|9|2017
247.95748901367188|9|2018
231.7300567626953|8|2019
269.1006774902344|9|2020
239.85475158691406|9|2021
196.0712890625|32|2022
180.2282257080078|10|2023
211.66897583007812|10|2024
222.29769897460938|10|2025
222.19859313964844|10|2026
217.07872009277344|10|2027
210.84458923339844|10|2028
221.54415893554688|10|2029
208.12945556640625|11|2030
216.2462615966797|7|2031
250.89427185058594|6|2032
161.0594940185547|6|2033
151.30059814453125|9|2034
187.42025756835938|9|2035
207.88760375976562|9|2036
184.56297302246094|9|2037
201.16525268554688|9|2038
220.99697875976562|9|2039
266.33935546875|9|2040
314.5019836425781|9|2041
249.53076171875|11|2042
250.92893981933594|6|2043
198.6172637939453|12|2044
265.0555725097656|11|2045
238.6041259765625|11|2046
238.78271484375|11|2047
264.3905029296875|11|2048
261.75799560546875|11|2049
243.8286590576172|11|2050
233.1284942626953|12|2051
212.48568725585938|12|2052
135.2178497314453|12|2053
163.5327911376953|12|2054
188.8929901123047|11|2055
187.16976928710938|11|2056
197.61972045898438|11|2057
199.2442626953125|11|2058
209.14486694335938|11|2059
228.37767028808594|11|2060
204.9284210205078|11|2061
156.09381103515625|11|2062
182.8299102783203|19|2063
133.0914306640625|18|2064
150.95703125|11|2065
200.1227264404297|11|2066
227.3623504638672|11|2067
232.59413146972656|11|2068
234.77349853515625|11|2069
238.1499481201172|11|2070
232.39999389648438|11|2071
205.01731872558594|11|2072
174.94468688964844|12|2073
189.26919555664062|13|2074
252.04002380371094|11|2075
246.36923217773438|11|2076
237.2299346923828|11|2077
254.94447326660156|11|2078
249.2955780029297|11|2079
235.79562377929688|11|2080
229.7179412841797|11|2081
227.7277069091797|11|2082
211.77818298339844|11|2083
164.6476287841797|11|2084
155.84930419921875|11|2085
164.94239807128906|11|2086
189.445068359375|11|2087
197.39663696289062|11|2088
196.80404663085938|11|2089
205.46429443359375|11|2090
202.846435546875|11|2091
187.09938049316406|11|2092
242.49795532226562|12|2093
264.54937744140625|7|2094
199.22938537597656|6|2095
159.5877685546875|11|2096
160.3338165283203|55|2097
140.557861328125|11|2098
119.76991271972656|11|2099
111.75182342529297|11|2100
124.03636932373047|11|2101
119.03820037841797|11|2102
113.6926040649414|46|2103
153.59544372558594|19|2104
168.8817138671875|19|2105
134.82052612304688|6|2106
133.41014099121094|11|2107
153.3306427001953|11|2108
150.2761688232422|11|2109
151.17605590820312|22|2110
141.7257843017578|21|2111
144.08819580078125|20|2112
127.47698211669922|11|2113
185.57833862304688|11|2114
217.61138916015625|11|2115
241.2959747314453|10|2116
292.4015808105469|10|2117
277.33294677734375|10|2118
277.9237060546875|10|2119
269.0169982910156|10|2120
242.25279235839844|10|2121
270.7433166503906|10|2122
250.19717407226562|10|2123
230.3071746826172|10|2124
265.8251647949219|9|2125
237.7489471435547|6|2126
190.1602020263672|9|2127
276.4424743652344|9|2128
285.8090515136719|9|2129
302.66192626953125|9|2130
319.45391845703125|9|2131
319.13275146484375|9|2132
341.4921875|9|2133
359.7816162109375|9|2134
328.0812683105469|9|2135
239.86724853515625|9|2136
227.94740295410156|9|2137
272.8169860839844|9|2138
285.5609130859375|9|2139
280.1910705566406|9|2140
271.2898864746094|9|2141
272.53564453125|9|2142
288.1494140625|9|2143
305.6318664550781|9|2144
293.23004150390625|9|2145
228.55543518066406|9|2146
180.38638305664062|9|2147
199.3150634765625|9|2148
215.54150390625|9|2149
220.5896453857422|9|2150
214.13372802734375|9|2151
212.1129913330078|9|2152
220.29794311523438|9|2153
230.56227111816406|9|2154
232.4431915283203|9|2155
209.74559020996094|9|2156
171.9776611328125|10|2157
144.1653594970703|10|2158
197.51234436035156|9|2159
264.02294921875|9|2160
276.2998046875|9|2161
275.04034423828125|9|2162
268.5137939453125|9|2163
266.07373046875|9|2164
265.2159423828125|9|2165
248.5863037109375|9|2166
206.2273406982422|10|2167
156.40316772460938|10|2168
162.80618286132812|73|2169
192.023193359375|9|2170
205.8099822998047|9|2171
214.45416259765625|9|2172
221.52603149414062|9|2173
228.387939453125|9|2174
238.634765625|9|2175
288.8490295410156|9|2176
293.42559814453125|9|2177
283.4967956542969|7|2178
220.5590362548828|8|2179
279.8129577636719|9|2180
293.5778503417969|9|2181
273.8355712890625|9|2182
245.44544982910156|9|2183
196.49700927734375|8|2184
194.367431640625|8|2185
208.5538787841797|8|2186
272.0753173828125|9|2187
219.64901733398438|9|2188
183.04534912109375|9|2189
244.95372009277344|9|2190
267.81048583984375|9|2191
274.8147888183594|9|2192
281.8027648925781|9|2193
287.1289978027344|9|2194
275.7093505859375|9|2195
265.10516357421875|9|2196
180.75843811035156|10|2197
239.72491455078125|7|2198
192.2003173828125|6|2199
214.67727661132812|10|2200
240.85275268554688|10|2201
242.21987915039062|10|2202
243.98617553710938|10|2203
235.05148315429688|10|2204
228.63137817382812|10|2205
241.0899658203125|10|2206
289.2810974121094|10|2207
354.7727355957031|10|2208
258.80926513671875|10|2209
152.29042053222656|5|2210
125.70906829833984|27|2211
157.4029083251953|27|2212
190.12571716308594|27|2213
215.12612915039062|27|2214
233.8474578857422|27|2215
236.00271606445312|27|2216
228.01065063476562|27|2217
214.23834228515625|27|2218
196.8369903564453|27|2219
217.66348266601562|14|2220
276.2857971191406|14|2221
276.900634765625|14|2222
267.01513671875|14|2223
236.9726104736328|14|2224
197.48651123046875|14|2225
164.59555053710938|14|2226
154.86178588867188|14|2227
151.1536865234375|14|2228
158.03207397460938|19|2229
201.49488830566406|19|2230
148.64990234375|8|2231
146.55137634277344|7|2232
149.78335571289062|7|2233
150.7550048828125|7|2234
155.22718811035156|7|2235
167.41844177246094|7|2236
182.67059326171875|14|2237
177.65634155273438|7|2238
182.83566284179688|7|2239
192.08372497558594|7|2240
172.4307098388672|13|2241
220.6519775390625|14|2242
218.9712677001953|14|2243
201.736083984375|14|2244
173.4678955078125|14|2245
159.04144287109375|7|2246
148.3155517578125|7|2247
147.03350830078125|7|2248
157.67642211914062|7|2249
157.86212158203125|14|2250
217.88560485839844|14|2251
240.1793670654297|14|2252
228.472900390625|14|2253
207.77610778808594|14|2254
216.4440460205078|14|2255
248.6766357421875|14|2256
262.5989685058594|14|2257
268.75726318359375|14|2258
244.84556579589844|14|2259
302.83807373046875|7|2260
391.9346008300781|7|2261
257.76104736328125|7|2262
176.1262664794922|7|2263
169.6265106201172|7|2264
165.863037109375|7|2265
188.6721954345703|7|2266
203.0005340576172|7|2267
203.08419799804688|7|2268
196.12930297851562|7|2269
179.31227111816406|7|2270
157.15223693847656|7|2271
143.47157287597656|19|2272
126.44615173339844|7|2273
149.56845092773438|7|2274
177.9012451171875|7|2275
199.87193298339844|8|2276
241.10964965820312|8|2277
255.9626922607422|8|2278
242.3033905029297|8|2279
244.15562438964844|9|2280
235.1919403076172|9|2281
237.273193359375|82|2282
207.38507080078125|82|2283
179.18405151367188|55|2284
182.06719970703125|9|2285
177.77862548828125|9|2286
191.332763671875|9|2287
196.09486389160156|9|2288
185.9453582763672|9|2289
203.96995544433594|9|2290
164.1605682373047|9|2291
226.89894104003906|6|2292
198.41372680664062|10|2293
200.45457458496094|10|2294
199.8804168701172|10|2295
232.1808624267578|10|2296
247.61322021484375|10|2297
243.02772521972656|10|2298
250.77200317382812|10|2299
261.46160888671875|10|2300
236.82131958007812|10|2301
256.0814514160156|10|2302
243.18719482421875|6|2303
204.73391723632812|10|2304
239.83279418945312|10|2305
256.5359802246094|10|2306
269.3563232421875|10|2307
271.41424560546875|10|2308
272.0359802246094|10|2309
285.6210021972656|10|2310
284.0180969238281|10|2311
213.93975830078125|10|2312
196.2985382080078|19|2313
193.9506378173828|10|2314
235.23284912109375|10|2315
234.9767303466797|10|2316
246.94114685058594|10|2317
245.26455688476562|10|2318
238.96531677246094|10|2319
240.24725341796875|124|2320
231.41481018066406|10|2321
272.46978759765625|10|2322
296.89752197265625|10|2323
195.75733947753906|8|2324
144.06387329101562|8|2325
166.6299285888672|8|2326
176.77285766601562|8|2327
193.04336547851562|8|2328
190.21334838867188|8|2329
188.25308227539062|8|2330
185.86367797851562|8|2331
179.301025390625|8|2332
216.65200805664062|31|2333
132.90567016601562|33|2334
167.4417724609375|10|2335
182.95797729492188|10|2336
204.93218994140625|10|2337
235.9628448486328|10|2338
245.15396118164062|10|2339
238.87242126464844|10|2340
242.46693420410156|10|2341
243.25621032714844|10|2342
254.61468505859375|10|2343
262.1265563964844|10|2344
268.6131286621094|10|2345
278.14874267578125|10|2346
265.4596252441406|10|2347
244.1384735107422|10|2348
268.23760986328125|9|2349
285.2058410644531|9|2350
284.5662841796875|9|2351
270.285400390625|9|2352
250.42144775390625|8|2353
274.75469970703125|8|2354
275.4969482421875|8|2355
247.91900634765625|8|2356
222.78993225097656|8|2357
214.58531188964844|8|2358
230.3691864013672|8|2359
211.05482482910156|8|2360
123.67903900146484|8|2361
71.67520141601562|7|2362
37.210784912109375|7|2363
63.59867477416992|42|2364
128.5664520263672|42|2365
118.8934555053711|162|2366
75.40727233886719|162|2367
53.866912841796875|39|2368
69.80750274658203|11|2369
77.3165512084961|10|2370
48.92325210571289|11|2371
51.439483642578125|12|2372
63.26408004760742|11|2373
111.76116943359375|10|2374
244.61456298828125|7|2375
264.5072021484375|6|2376
193.9279327392578|9|2377
175.74452209472656|12|2378
166.98846435546875|12|2379
186.93699645996094|102|2380
195.32225036621094|11|2381
209.87266540527344|11|2382
213.8074188232422|12|2383
193.92364501953125|11|2384
174.95423889160156|11|2385
178.5099334716797|11|2386
167.59677124023438|11|2387
176.53651428222656|6|2388
184.96119689941406|6|2389
186.30767822265625|6|2390
199.5481414794922|11|2391
209.18179321289062|11|2392
218.53627014160156|11|2393
218.2724151611328|11|2394
217.20372009277344|18|2395
206.38522338867188|19|2396
157.9708251953125|31|2397
141.5023651123047|11|2398
182.98562622070312|11|2399
194.394775390625|11|2400
204.8376922607422|12|2401
210.631103515625|124|2402
235.39859008789062|124|2403
185.7404327392578|124|2404
179.62631225585938|11|2405
176.77728271484375|11|2406
176.91021728515625|11|2407
195.42176818847656|11|2408
197.9380645751953|11|2409
198.7909393310547|12|2410
156.17132568359375|12|2411
150.8814239501953|19|2412
163.6354522705078|10|2413
169.97036743164062|11|2414
183.09097290039062|10|2415
264.90740966796875|10|2416
251.55247497558594|10|2417
173.07281494140625|6|2418
134.99374389648438|75|2419
106.5594482421875|6|2420
139.8592529296875|102|2421
135.94398498535156|101|2422
137.1666259765625|101|2423
196.61354064941406|103|2424
190.534423828125|104|2425
122.93557739257812|6|2426
255.5753936767578|6|2427
311.09136962890625|6|2428
206.20748901367188|6|2429
195.55410766601562|12|2430
223.71372985839844|11|2431
232.87391662597656|12|2432
241.53489685058594|11|2433
252.73544311523438|11|2434
244.38723754882812|11|2435
240.29702758789062|11|2436
226.73521423339844|11|2437
188.19735717773438|12|2438
173.1571502685547|12|2439
162.68035888671875|12|2440
182.34222412109375|11|2441
214.36007690429688|11|2442
215.23573303222656|11|2443
204.47254943847656|11|2444
236.67344665527344|11|2445
252.54736328125|11|2446
248.4556121826172|11|2447
230.6870880126953|11|2448
159.22421264648438|11|2449
195.42779541015625|121|2450
199.36390686035156|121|2451
117.05514526367188|7|2452
163.41978454589844|7|2453
180.9722137451172|7|2454
159.4084930419922|7|2455
206.494384765625|12|2456
190.21104431152344|12|2457
222.4002685546875|12|2458
260.2023010253906|6|2459
163.68496704101562|6|2460
186.42236328125|9|2461
218.49232482910156|9|2462
227.97998046875|9|2463
233.07522583007812|9|2464
237.66885375976562|9|2465
248.5039825439453|9|2466
268.9373779296875|9|2467
279.058349609375|9|2468
276.5234680175781|9|2469
264.15655517578125|9|2470
270.2626953125|9|2471
305.5279846191406|9|2472
315.4952087402344|9|2473
304.93798828125|9|2474
307.31549072265625|9|2475
305.77496337890625|9|2476
297.12493896484375|9|2477
288.7543029785156|9|2478
230.76795959472656|9|2479
215.4263153076172|19|2480
147.2873992919922|61|2481
240.8623809814453|9|2482
246.12620544433594|9|2483
234.65150451660156|9|2484
232.8805389404297|9|2485
238.06243896484375|9|2486
244.59429931640625|9|2487
258.9347229003906|9|2488
272.463134765625|9|2489
260.6312255859375|9|2490
242.71286010742188|9|2491
234.2577362060547|9|2492
205.41925048828125|9|2493
173.9441375732422|135|2494
176.57571411132812|19|2495
204.45535278320312|9|2496
255.419677734375|9|2497
269.8775329589844|9|2498
306.2507019042969|9|2499
323.37518310546875|9|2500
237.953369140625|9|2501
191.9055633544922|9|2502
240.80455017089844|9|2503
250.15130615234375|9|2504
239.82603454589844|9|2505
230.91517639160156|9|2506
228.33721923828125|9|2507
239.07012939453125|9|2508
247.18804931640625|9|2509
238.96217346191406|10|2510
265.9214782714844|7|2511
188.68589782714844|6|2512
184.787109375|9|2513
179.28526306152344|9|2514
189.91973876953125|9|2515
210.5964813232422|9|2516
229.32386779785156|9|2517
217.4032440185547|9|2518
208.58143615722656|9|2519
183.5404510498047|9|2520
166.8354949951172|20|2521
160.90577697753906|10|2522
220.22056579589844|69|2523
257.0318603515625|69|2524
256.9393005371094|68|2525
235.46755981445312|9|2526
244.92803955078125|9|2527
247.42445373535156|9|2528
240.3756866455078|9|2529
259.00213623046875|9|2530
300.9281921386719|9|2531
247.78179931640625|10|2532
233.6368408203125|10|2533
299.7105712890625|10|2534
307.94537353515625|10|2535
270.5999450683594|10|2536
257.973388671875|10|2537
285.2266540527344|10|2538
305.5221862792969|10|2539
307.89324951171875|10|2540
262.8822021484375|10|2541
260.28887939453125|7|2542
210.3181610107422|5|2543
133.9298553466797|81|2544
181.14329528808594|81|2545
181.98486328125|81|2546
147.14572143554688|55|2547
189.76336669921875|54|2548
155.68502807617188|7|2549
167.86207580566406|7|2550
180.869140625|7|2551
185.2489013671875|7|2552
176.3441619873047|7|2553
171.8518829345703|7|2554
172.44615173339844|7|2555
175.42718505859375|7|2556
183.86611938476562|7|2557
195.3074493408203|7|2558
196.18338012695312|7|2559
202.8807373046875|23|2560
207.1473846435547|7|2561
201.68948364257812|7|2562
152.2429656982422|8|2563
170.40370178222656|9|2564
114.88150024414062|8|2565
121.14778137207031|84|2566
151.56317138671875|7|2567
174.4412078857422|7|2568
195.8671875|7|2569
205.594482421875|7|2570
212.2947998046875|7|2571
214.44248962402344|7|2572
199.24217224121094|7|2573
197.9142303466797|7|2574
217.8612823486328|7|2575
218.29107666015625|7|2576
209.0607452392578|7|2577
182.42343139648438|7|2578
236.32174682617188|20|2579
125.70634460449219|13|2580
124.80363464355469|6|2581
142.8470916748047|13|2582
188.69386291503906|6|2583