Clarity
Zedd
Foxes
EDM
clarity
2049x2584
2584

1.3104853678669315e-05|1049|0
0.00011476280633360147|1150|1
0.00019860619795508683|1248|2
0.00018437567632645369|1248|3
0.0002026732690865174|792|4
0.00023758248426020145|1128|5
0.0002768418926279992|1384|6
0.00027039845008403063|988|7
0.0004125392297282815|1074|8
0.0010178133379667997|1075|9
0.0021231486462056637|129|10
0.0067994724959135056|86|11
0.012490594759583473|85|12
0.024927513673901558|85|13
0.037248529493808746|86|14
0.028176411986351013|44|15
0.04220310598611832|130|16
0.07553720474243164|131|17
0.09363681823015213|131|18
0.09870760142803192|131|19
0.06532144546508789|131|20
0.04324840381741524|218|21
0.06271567940711975|130|22
0.09746286273002625|43|23
0.15103617310523987|44|24
0.19334305822849274|44|25
0.20079530775547028|43|26
0.2581358253955841|86|27
0.26717016100883484|86|28
0.19243305921554565|87|29
0.16891451179981232|87|30
0.2914119362831116|130|31
0.35967203974723816|130|32
0.32736048102378845|130|33
0.28142768144607544|130|34
0.3293573558330536|131|35
0.3389396667480469|131|36
0.35157328844070435|43|37
0.5016316175460815|43|38
0.5868450999259949|86|39
0.572088360786438|86|40
0.5991359949111938|43|41
0.698776364326477|43|42
0.6794177293777466|43|43
0.6925793290138245|86|44
0.8478960394859314|86|45
0.8260565400123596|86|46
0.7952703833580017|87|47
0.7766551375389099|86|48
0.8293835520744324|43|49
1.1156198978424072|43|50
1.2337806224822998|43|51
1.0491849184036255|43|52
1.0502779483795166|44|53
1.005159854888916|44|54
1.2469645738601685|44|55
1.657857894897461|43|56
2.518380641937256|43|57
2.732189416885376|43|58
2.358219861984253|43|59
1.9358223676681519|44|60
2.103116750717163|44|61
2.4200191497802734|43|62
1.956363558769226|43|63
1.1143951416015625|43|64
0.8649266958236694|44|65
1.554101586341858|44|66
1.8946661949157715|44|67
2.086217164993286|43|68
2.100614070892334|43|69
2.1496658325195312|43|70
2.2810261249542236|43|71
2.347947120666504|43|72
2.4363815784454346|43|73
2.4385852813720703|43|74
2.2163479328155518|43|75
2.0129270553588867|43|76
1.9147357940673828|43|77
1.7610806226730347|43|78
1.4614177942276|43|79
1.4605140686035156|42|80
1.7655256986618042|39|81
1.8632125854492188|39|82
1.319102168083191|40|83
1.4124956130981445|77|84
1.8736737966537476|77|85
2.166605234146118|77|86
2.1528854370117188|43|87
2.393662214279175|43|88
2.7340950965881348|29|89
19.770231246948242|29|90
38.93680953979492|29|91
43.983787536621094|29|92
43.233497619628906|29|93
39.21284866333008|29|94
33.8515739440918|29|95
27.23346710205078|29|96
20.58942985534668|29|97
14.333327293395996|29|98
11.031245231628418|57|99
17.15756607055664|38|100
33.930816650390625|38|101
35.44805908203125|38|102
32.97549057006836|38|103
33.543861389160156|38|104
32.85248947143555|38|105
28.544363021850586|38|106
22.19929313659668|38|107
16.159658432006836|38|108
10.032468795776367|39|109
16.191307067871094|36|110
34.55086135864258|36|111
39.49029541015625|36|112
34.25308609008789|36|113
28.95427703857422|36|114
25.21144676208496|36|115
23.860002517700195|36|116
24.717010498046875|36|117
24.906461715698242|36|118
23.89731216430664|36|119
21.235525131225586|37|120
26.42170524597168|29|121
34.9872932434082|29|122
36.59706497192383|29|123
35.4062385559082|29|124
32.93666458129883|29|125
28.184072494506836|29|126
22.19428825378418|29|127
16.82128143310547|29|128
14.722405433654785|36|129
17.592039108276367|57|130
34.642826080322266|19|131
46.20104217529297|19|132
47.18497085571289|19|133
46.90496826171875|19|134
44.227455139160156|19|135
39.13210678100586|19|136
31.701566696166992|19|137
26.488779067993164|19|138
26.692007064819336|19|139
23.487186431884766|19|140
45.501834869384766|29|141
57.98821258544922|29|142
57.37158966064453|29|143
54.62367248535156|29|144
49.57809066772461|29|145
42.66556930541992|29|146
36.192352294921875|29|147
28.890605926513672|29|148
19.897335052490234|29|149
14.093867301940918|57|150
27.29645538330078|38|151
36.56086730957031|38|152
34.4925651550293|38|153
31.50119400024414|38|154
33.325782775878906|38|155
31.334596633911133|38|156
29.23090171813965|38|157
22.892131805419922|38|158
18.465431213378906|38|159
13.987131118774414|38|160
24.484893798828125|36|161
34.71650695800781|36|162
32.985931396484375|36|163
26.719846725463867|36|164
21.57339096069336|36|165
19.500465393066406|36|166
19.563806533813477|36|167
20.05362892150879|36|168
19.800769805908203|36|169
18.361555099487305|37|170
29.105222702026367|28|171
39.531761169433594|29|172
41.89247512817383|29|173
40.43809509277344|29|174
36.3962287902832|29|175
32.698204040527344|29|176
28.57085609436035|29|177
22.061222076416016|29|178
14.793885231018066|29|179
15.934094429016113|57|180
22.545381546020508|19|181
40.23577880859375|19|182
44.494873046875|19|183
45.3098258972168|19|184
43.62458038330078|19|185
39.9691276550293|19|186
33.828857421875|19|187
27.722137451171875|19|188
27.548297882080078|19|189
29.54354476928711|19|190
25.62653160095215|29|191
43.385047912597656|29|192
46.7650146484375|29|193
45.85946273803711|29|194
43.8635139465332|29|195
39.383094787597656|29|196
33.81596374511719|29|197
28.905527114868164|29|198
24.24068260192871|29|199
18.252084732055664|29|200
15.438943862915039|19|201
27.265594482421875|39|202
27.04730987548828|38|203
23.93448257446289|38|204
26.871612548828125|38|205
27.26584243774414|38|206
23.789831161499023|38|207
17.465118408203125|38|208
11.812557220458984|38|209
8.239727020263672|37|210
20.27910804748535|37|211
37.70991516113281|36|212
44.04663848876953|36|213
41.193626403808594|36|214
36.876529693603516|36|215
32.31526184082031|36|216
30.174800872802734|36|217
30.0440616607666|36|218
28.112367630004883|36|219
25.535587310791016|36|220
23.76798439025879|38|221
34.15837860107422|29|222
42.48100280761719|29|223
41.00538635253906|29|224
38.35916519165039|29|225
34.750762939453125|29|226
28.18532943725586|29|227
20.838069915771484|29|228
15.591897964477539|29|229
14.732266426086426|57|230
16.094898223876953|57|231
36.064453125|19|232
46.096214294433594|19|233
47.61359405517578|19|234
47.71664047241211|19|235
44.67531204223633|19|236
38.679141998291016|19|237
30.316308975219727|19|238
24.798433303833008|19|239
25.3427734375|19|240
23.43953514099121|19|241
39.58134841918945|29|242
51.04621124267578|29|243
51.99760437011719|29|244
47.86772537231445|29|245
40.959869384765625|29|246
34.64695358276367|29|247
29.93297004699707|29|248
24.734304428100586|29|249
18.89168357849121|29|250
11.858177185058594|29|251
25.987701416015625|39|252
33.2374382019043|38|253
31.179122924804688|38|254
29.498605728149414|38|255
30.51018714904785|38|256
29.39522361755371|38|257
26.023611068725586|38|258
21.017723083496094|38|259
16.660402297973633|38|260
14.759649276733398|39|261
28.57306480407715|36|262
37.926475524902344|36|263
35.850215911865234|36|264
32.94129943847656|36|265
29.212604522705078|36|266
24.146102905273438|37|267
24.128997802734375|36|268
29.18013572692871|36|269
27.867786407470703|36|270
23.48826026916504|36|271
17.855045318603516|25|272
29.6229190826416|29|273
35.175289154052734|29|274
38.24634552001953|29|275
36.94331741333008|29|276
33.928871154785156|29|277
29.558326721191406|29|278
23.478469848632812|29|279
20.04399871826172|24|280
19.041858673095703|57|281
24.144386291503906|19|282
41.71570587158203|19|283
45.632877349853516|19|284
45.299861907958984|19|285
42.25181579589844|19|286
37.91817092895508|19|287
31.50332260131836|19|288
24.942623138427734|19|289
24.49540138244629|19|290
26.73015785217285|19|291
24.314891815185547|29|292
40.52454376220703|29|293
43.72652816772461|29|294
42.52971267700195|29|295
36.94552230834961|29|296
29.79036521911621|29|297
22.66370964050293|29|298
17.01331901550293|29|299
14.501715660095215|29|300
12.85686206817627|29|301
18.21977424621582|39|302
32.19285583496094|38|303
35.1469841003418|38|304
32.47738265991211|38|305
30.814502716064453|38|306
28.053791046142578|38|307
24.99346923828125|38|308
18.72614288330078|38|309
13.298981666564941|38|310
10.62452507019043|29|311
20.290115356445312|37|312
37.96328353881836|36|313
41.182315826416016|36|314
34.76665496826172|36|315
28.78645896911621|36|316
25.476272583007812|36|317
24.525564193725586|36|318
25.31817626953125|36|319
26.303979873657227|36|320
25.208242416381836|36|321
21.525287628173828|36|322
18.904373168945312|16|323
28.981645584106445|29|324
29.06401252746582|29|325
26.745004653930664|16|326
26.856502532958984|16|327
27.315919876098633|16|328
27.6359806060791|16|329
28.04097557067871|16|330
27.256547927856445|16|331
26.751079559326172|32|332
34.255271911621094|19|333
48.174171447753906|19|334
48.585350036621094|19|335
46.78983688354492|19|336
42.95322799682617|19|337
37.397884368896484|19|338
30.42574691772461|19|339
28.644405364990234|16|340
28.13793182373047|16|341
27.387300491333008|32|342
31.401775360107422|29|343
40.0314826965332|29|344
39.467594146728516|29|345
37.24639892578125|29|346
33.1624870300293|29|347
28.85598373413086|16|348
28.441896438598633|16|349
28.46964454650879|16|350
28.72450065612793|16|351
27.841033935546875|32|352
26.45939064025879|32|353
33.42424774169922|38|354
31.07341957092285|38|355
31.90675163269043|38|356
32.11007308959961|38|357
29.404550552368164|38|358
28.349885940551758|16|359
28.313337326049805|16|360
29.216081619262695|32|361
28.83730697631836|32|362
26.88827896118164|36|363
36.97551727294922|36|364
35.17987060546875|36|365
31.451993942260742|36|366
29.536840438842773|16|367
29.6774959564209|16|368
28.950902938842773|16|369
28.906970977783203|32|370
27.72218132019043|16|371
27.523237228393555|32|372
34.61811828613281|29|373
44.137691497802734|29|374
43.007850646972656|29|375
39.06533432006836|29|376
33.09483337402344|29|377
29.258228302001953|16|378
29.270858764648438|16|379
29.644390106201172|16|380
29.093549728393555|16|381
31.06252098083496|32|382
32.348506927490234|32|383
44.691322326660156|19|384
50.983463287353516|19|385
50.92876434326172|19|386
47.03624725341797|19|387
41.26796340942383|19|388
34.8577880859375|19|389
31.2694091796875|32|390
31.466907501220703|32|391
31.865983963012695|32|392
31.582290649414062|32|393
42.120994567871094|29|394
48.01467514038086|29|395
45.79109191894531|29|396
39.385643005371094|29|397
35.71133041381836|29|398
30.67254066467285|29|399
29.480703353881836|32|400
29.272626876831055|16|401
29.147066116333008|32|402
26.906526565551758|32|403
31.543785095214844|39|404
35.611480712890625|38|405
38.28926086425781|38|406
41.8493537902832|38|407
39.76543426513672|38|408
32.32352066040039|38|409
31.367469787597656|32|410
31.720264434814453|32|411
30.433013916015625|32|412
30.010208129882812|16|413
43.71879959106445|29|414
47.09663391113281|29|415
44.64850616455078|29|416
38.58325958251953|29|417
39.28134536743164|58|418
37.96599197387695|58|419
33.8193244934082|58|420
34.269615173339844|58|421
32.65263366699219|58|422
22.380634307861328|58|423
28.39244270324707|19|424
32.50833511352539|26|425
33.103309631347656|19|426
31.69979476928711|29|427
35.39110565185547|29|428
37.42411804199219|29|429
39.83555221557617|29|430
41.993412017822266|29|431
43.82898712158203|29|432
44.768924713134766|29|433
56.19914245605469|21|434
55.107147216796875|22|435
70.9273452758789|101|436
108.78488159179688|102|437
89.36136627197266|102|438
51.88664627075195|103|439
76.32803344726562|77|440
88.87398529052734|78|441
67.27926635742188|81|442
75.4996566772461|84|443
82.25802612304688|87|444
109.12032318115234|87|445
89.66999053955078|87|446
46.70989990234375|57|447
41.418983459472656|57|448
48.26167297363281|29|449
49.12932205200195|29|450
48.0385856628418|29|451
43.47602844238281|29|452
39.99822235107422|29|453
50.976654052734375|38|454
49.495513916015625|29|455
52.93182373046875|75|456
70.09506225585938|82|457
44.96834182739258|29|458
50.165870666503906|92|459
80.0426025390625|87|460
106.00698852539062|87|461
104.09884643554688|87|462
98.08285522460938|87|463
94.2461929321289|86|464
96.73542022705078|86|465
96.62811279296875|86|466
97.26436614990234|86|467
73.47370147705078|29|468
65.34497833251953|29|469
56.104095458984375|29|470
53.077388763427734|29|471
52.26597213745117|29|472
50.06747055053711|29|473
48.769805908203125|29|474
61.17815399169922|29|475
71.20195007324219|25|476
74.19097900390625|25|477
69.014404296875|29|478
68.2110824584961|29|479
66.27288818359375|24|480
80.82904052734375|24|481
83.71914672851562|24|482
58.15204620361328|24|483
30.79978370666504|28|484
44.690311431884766|22|485
48.60431671142578|26|486
51.76070785522461|26|487
39.2236213684082|22|488
35.6696891784668|21|489
36.88196563720703|22|490
33.948978424072266|22|491
31.0897216796875|22|492
35.63917922973633|65|493
38.565242767333984|65|494
44.92747497558594|39|495
61.48367691040039|53|496
82.3342514038086|54|497
101.43123626708984|54|498
89.07009887695312|54|499
67.62966918945312|55|500
66.39754486083984|56|501
37.71705627441406|58|502
36.753089904785156|62|503
30.828569412231445|29|504
52.79669189453125|28|505
61.32029342651367|28|506
56.971927642822266|29|507
82.60104370117188|29|508
103.08860778808594|29|509
81.656494140625|29|510
38.055580139160156|29|511
30.474306106567383|22|512
27.915019989013672|22|513
22.022079467773438|23|514
29.555204391479492|29|515
60.74568176269531|29|516
70.99537658691406|29|517
62.36922836303711|58|518
60.74555969238281|58|519
35.99967575073242|60|520
45.298484802246094|65|521
61.26798629760742|65|522
62.848968505859375|65|523
58.407554626464844|65|524
50.00334167480469|32|525
57.882965087890625|32|526
71.94792175292969|33|527
87.37564849853516|34|528
76.39755249023438|35|529
62.792755126953125|37|530
58.23406982421875|37|531
39.792179107666016|38|532
44.40777587890625|44|533
34.05973434448242|43|534
43.63233184814453|38|535
48.55769729614258|60|536
67.51013946533203|58|537
76.74064636230469|57|538
75.28573608398438|57|539
67.1839828491211|58|540
78.60142517089844|58|541
83.07942962646484|58|542
75.30458068847656|57|543
59.3681755065918|57|544
48.7509880065918|28|545
48.99640655517578|22|546
51.885921478271484|22|547
42.036163330078125|21|548
41.31460952758789|21|549
41.97359085083008|22|550
36.782894134521484|22|551
37.14799880981445|22|552
44.7276725769043|22|553
59.242679595947266|22|554
62.52571105957031|23|555
53.728271484375|47|556
65.33641815185547|49|557
81.49638366699219|49|558
71.24896240234375|49|559
64.76282501220703|49|560
61.85427474975586|49|561
54.90724563598633|49|562
31.826175689697266|22|563
40.597965240478516|22|564
67.43409729003906|24|565
79.8768081665039|24|566
67.4095687866211|24|567
59.6799430847168|24|568
60.46691131591797|24|569
61.906578063964844|24|570
60.445255279541016|24|571
59.712772369384766|24|572
60.94495391845703|24|573
49.414127349853516|24|574
30.125408172607422|25|575
48.964595794677734|77|576
80.06431579589844|77|577
79.23553466796875|77|578
71.69168090820312|77|579
52.52471923828125|78|580
44.548492431640625|85|581
80.89423370361328|86|582
82.08032989501953|87|583
84.96449279785156|87|584
68.19892120361328|87|585
45.53435516357422|86|586
34.38780212402344|29|587
34.69343948364258|48|588
43.76496124267578|24|589
55.720401763916016|24|590
63.6260986328125|24|591
63.69306945800781|24|592
58.12411117553711|24|593
45.153865814208984|24|594
35.33359909057617|25|595
40.195655822753906|26|596
63.218048095703125|25|597
82.00483703613281|25|598
69.38577270507812|26|599
80.13248443603516|26|600
82.39544677734375|26|601
76.34204864501953|26|602
74.11870574951172|26|603
82.18383026123047|25|604
96.50941467285156|25|605
82.29612731933594|26|606
96.91239929199219|25|607
93.43721771240234|26|608
68.43083190917969|26|609
39.52399826049805|25|610
36.62885284423828|72|611
32.49305725097656|6|612
31.311094284057617|73|613
31.72456169128418|24|614
41.3892822265625|24|615
46.06847381591797|29|616
48.96200942993164|29|617
50.181297302246094|93|618
79.71610260009766|97|619
90.54319763183594|97|620
86.5199203491211|98|621
101.74398803710938|98|622
92.80769348144531|97|623
68.7302474975586|96|624
67.99021911621094|95|625
56.39213180541992|94|626
34.71600341796875|6|627
32.67459487915039|6|628
31.461593627929688|22|629
31.706560134887695|22|630
33.747840881347656|72|631
34.529693603515625|72|632
32.29893493652344|72|633
32.333431243896484|72|634
31.360515594482422|72|635
35.280216217041016|6|636
40.70555114746094|22|637
56.61290740966797|22|638
77.36273193359375|21|639
80.45259857177734|21|640
79.75093841552734|22|641
78.21983337402344|22|642
73.63159942626953|44|643
70.99471282958984|44|644
54.367671966552734|22|645
55.05022048950195|66|646
74.11212921142578|87|647
85.52830505371094|87|648
78.58074951171875|87|649
75.66020202636719|87|650
85.34346008300781|87|651
88.29330444335938|87|652
72.57608795166016|86|653
37.074195861816406|86|654
39.89106369018555|22|655
40.82520294189453|29|656
34.840999603271484|29|657
42.043243408203125|25|658
40.90481948852539|25|659
33.38490295410156|16|660
41.558326721191406|24|661
41.65735626220703|25|662
33.314579010009766|16|663
32.696205139160156|16|664
31.2716121673584|19|665
43.507991790771484|19|666
43.26823043823242|19|667
44.10918426513672|19|668
40.65959548950195|19|669
37.48485565185547|26|670
39.15740203857422|26|671
38.13720703125|26|672
40.67344284057617|32|673
42.52436828613281|32|674
45.62697219848633|32|675
50.369686126708984|29|676
55.0208625793457|29|677
56.67218017578125|25|678
65.63176727294922|25|679
56.61867904663086|26|680
54.36472702026367|26|681
60.12562561035156|26|682
67.56202697753906|25|683
63.78123474121094|26|684
47.237247467041016|26|685
36.041603088378906|19|686
53.480201721191406|19|687
50.612342834472656|19|688
48.55898666381836|19|689
43.60683822631836|19|690
35.51168441772461|19|691
34.77510070800781|26|692
35.509578704833984|26|693
31.64623260498047|38|694
32.916038513183594|26|695
39.34892272949219|26|696
51.940818786621094|29|697
50.925724029541016|29|698
45.50050735473633|29|699
40.29822540283203|29|700
36.55744934082031|29|701
32.1961555480957|16|702
31.12740135192871|16|703
31.041582107543945|16|704
27.813642501831055|38|705
33.2933464050293|26|706
50.413455963134766|26|707
48.64251708984375|26|708
46.310874938964844|32|709
40.92718505859375|32|710
39.6694221496582|26|711
39.74720764160156|26|712
34.40805435180664|26|713
31.560766220092773|16|714
37.74373245239258|19|715
50.21862030029297|19|716
56.42908477783203|19|717
57.325462341308594|19|718
52.91794204711914|19|719
47.7065544128418|32|720
47.843353271484375|32|721
47.9393196105957|32|722
46.20779037475586|32|723
42.54719161987305|32|724
34.4209098815918|32|725
30.495349884033203|17|726
33.103477478027344|32|727
39.054603576660156|32|728
37.602577209472656|19|729
37.590938568115234|19|730
37.68083190917969|19|731
36.27589416503906|19|732
32.97004318237305|19|733
34.14396667480469|32|734
32.748600006103516|32|735
36.98347091674805|20|736
38.10287857055664|21|737
44.435333251953125|29|738
55.16292953491211|29|739
64.36334991455078|29|740
66.70901489257812|29|741
62.82154846191406|29|742
58.36618423461914|29|743
54.961917877197266|29|744
48.90830993652344|29|745
47.77580642700195|29|746
44.736083984375|39|747
46.911155700683594|38|748
44.88600158691406|38|749
39.69837188720703|38|750
33.31338882446289|38|751
29.373125076293945|38|752
26.31529426574707|16|753
22.618764877319336|16|754
21.625350952148438|5|755
21.578140258789062|21|756
48.736576080322266|45|757
47.34842300415039|44|758
59.548465728759766|82|759
100.3365478515625|79|760
102.68923950195312|79|761
57.235816955566406|29|762
92.96601104736328|87|763
128.21055603027344|87|764
111.10917663574219|87|765
97.88580322265625|86|766
60.736175537109375|29|767
70.26468658447266|29|768
70.71109008789062|29|769
66.95026397705078|29|770
63.864925384521484|29|771
55.47217559814453|29|772
49.76546096801758|29|773
45.986473083496094|29|774
40.29279708862305|29|775
28.646453857421875|29|776
34.640254974365234|20|777
50.36465835571289|19|778
49.0225830078125|19|779
48.202091217041016|19|780
47.282962799072266|19|781
40.699012756347656|19|782
47.248451232910156|57|783
51.24094009399414|57|784
58.17292785644531|58|785
65.08879089355469|58|786
58.3701286315918|29|787
65.44937896728516|29|788
75.21663665771484|52|789
85.17913055419922|51|790
58.158172607421875|51|791
53.96527862548828|29|792
53.77167510986328|29|793
54.53080749511719|29|794
54.48799514770508|29|795
51.7613410949707|29|796
47.6567497253418|29|797
82.77364349365234|48|798
101.31267547607422|49|799
92.64013671875|49|800
81.493896484375|49|801
81.14352416992188|49|802
91.06378936767578|49|803
86.30377960205078|49|804
50.683616638183594|29|805
46.92335891723633|29|806
43.515377044677734|29|807
48.08253860473633|19|808
51.10005569458008|19|809
49.50334548950195|19|810
48.24778366088867|19|811
43.79462432861328|19|812
39.030914306640625|19|813
34.8641471862793|19|814
40.67696762084961|65|815
38.791133880615234|65|816
63.39364242553711|29|817
76.5451889038086|29|818
75.70499420166016|29|819
75.18795776367188|29|820
73.05458068847656|56|821
72.3585433959961|57|822
65.82420349121094|57|823
75.32698822021484|57|824
75.18426513671875|58|825
86.04295349121094|59|826
63.6590690612793|59|827
74.15450286865234|58|828
52.317047119140625|116|829
50.549774169921875|59|830
43.56935119628906|58|831
32.08834457397461|43|832
32.51614761352539|43|833
31.875591278076172|43|834
29.921167373657227|43|835
25.051733016967773|22|836
25.655399322509766|32|837
55.99937057495117|30|838
49.88622283935547|30|839
41.72514343261719|206|840
40.47465133666992|32|841
55.12404251098633|32|842
50.210350036621094|32|843
48.32548904418945|32|844
52.45125961303711|192|845
50.73271942138672|32|846
37.225059509277344|32|847
34.7449951171875|38|848
37.07270050048828|38|849
34.509639739990234|38|850
32.62049102783203|38|851
31.776294708251953|38|852
28.609683990478516|38|853
28.380226135253906|38|854
25.852718353271484|38|855
26.836158752441406|65|856
26.829452514648438|65|857
30.341257095336914|7|858
36.456695556640625|46|859
38.78504180908203|68|860
50.60285568237305|58|861
62.15146255493164|58|862
69.01512908935547|58|863
68.72889709472656|58|864
66.41502380371094|57|865
68.00636291503906|57|866
53.66533660888672|57|867
41.67002868652344|29|868
39.27641296386719|28|869
49.157936096191406|26|870
53.2382926940918|26|871
47.25152587890625|25|872
51.264564514160156|25|873
46.1845703125|24|874
54.04574966430664|24|875
65.40225219726562|24|876
67.98430633544922|24|877
70.5655517578125|25|878
74.45970153808594|25|879
65.7031021118164|24|880
66.59761810302734|24|881
64.81192779541016|24|882
55.341766357421875|25|883
52.589534759521484|24|884
45.79258346557617|24|885
40.4844970703125|24|886
46.802616119384766|26|887
62.90042495727539|26|888
56.460819244384766|26|889
53.84125900268555|51|890
60.74644470214844|26|891
58.593177795410156|48|892
53.336299896240234|48|893
45.87977600097656|48|894
53.35792922973633|24|895
83.10404968261719|24|896
84.13552856445312|24|897
72.69384765625|25|898
75.41903686523438|76|899
74.291748046875|51|900
91.07911682128906|52|901
93.3089370727539|52|902
73.57382202148438|52|903
70.26628875732422|53|904
63.37113571166992|55|905
82.3616943359375|57|906
106.088623046875|58|907
104.8862533569336|58|908
99.23114776611328|58|909
94.76084899902344|58|910
74.97332763671875|57|911
46.140960693359375|24|912
53.147369384765625|24|913
55.73004150390625|24|914
51.31559753417969|24|915
46.47495651245117|24|916
35.89422607421875|25|917
40.555843353271484|24|918
56.86603546142578|24|919
59.313438415527344|26|920
66.06285095214844|26|921
63.09783935546875|26|922
63.10996627807617|26|923
69.4039535522461|25|924
66.43314361572266|26|925
78.36046600341797|26|926
64.98074340820312|26|927
65.07722473144531|25|928
74.9031982421875|25|929
39.84774398803711|36|930
40.59402084350586|36|931
39.20783996582031|36|932
36.20298767089844|36|933
33.549827575683594|72|934
33.3083381652832|72|935
34.55261993408203|72|936
39.84834671020508|72|937
43.46990203857422|49|938
55.953189849853516|47|939
72.2085952758789|44|940
77.06446838378906|44|941
70.51809692382812|44|942
56.431488037109375|45|943
50.50568389892578|46|944
63.177040100097656|48|945
73.6819839477539|49|946
71.51165771484375|49|947
58.39007568359375|48|948
56.78535842895508|47|949
53.55646514892578|46|950
40.40117263793945|44|951
53.67324447631836|43|952
59.35780334472656|43|953
57.58674621582031|43|954
52.01898956298828|43|955
36.84839630126953|43|956
28.79844856262207|36|957
32.344120025634766|72|958
35.86894607543945|18|959
34.442649841308594|72|960
46.019317626953125|22|961
40.614898681640625|21|962
32.5457649230957|18|963
32.5611457824707|18|964
29.015117645263672|18|965
26.59514045715332|18|966
23.471525192260742|18|967
22.155752182006836|23|968
36.36394119262695|23|969
49.41592025756836|24|970
65.11134338378906|74|971
44.647682189941406|97|972
34.1269645690918|22|973
40.136802673339844|21|974
46.58127975463867|21|975
45.09783935546875|43|976
50.270057678222656|21|977
61.97581481933594|20|978
84.1380615234375|19|979
95.44622802734375|19|980
100.14527130126953|19|981
95.05292510986328|19|982
85.82595825195312|19|983
80.41468048095703|19|984
79.25914764404297|19|985
74.01951599121094|19|986
61.642333984375|19|987
56.19905471801758|19|988
42.24967575073242|19|989
38.41168975830078|38|990
38.325016021728516|38|991
39.30717086791992|38|992
36.06166458129883|38|993
32.83629608154297|51|994
31.50617790222168|16|995
40.91205978393555|19|996
47.93294906616211|19|997
38.90623474121094|19|998
34.54139709472656|19|999
36.290828704833984|19|1000
36.870697021484375|38|1001
36.97420883178711|38|1002
43.522850036621094|39|1003
40.759883880615234|38|1004
42.840328216552734|38|1005
38.76416778564453|26|1006
41.32573318481445|26|1007
41.575706481933594|26|1008
36.54029083251953|28|1009
28.900278091430664|12|1010
37.647918701171875|12|1011
37.705413818359375|12|1012
38.41716384887695|12|1013
38.04696273803711|12|1014
35.284549713134766|12|1015
35.707332611083984|12|1016
36.48623275756836|12|1017
39.38829040527344|58|1018
40.30422592163086|57|1019
37.59546661376953|57|1020
37.46831130981445|12|1021
37.03600311279297|12|1022
37.093013763427734|12|1023
37.495906829833984|12|1024
36.80550765991211|12|1025
36.29779052734375|12|1026
36.45869445800781|12|1027
30.514266967773438|24|1028
31.349668502807617|19|1029
36.46272277832031|19|1030
44.75993347167969|19|1031
47.57208251953125|19|1032
44.386878967285156|19|1033
37.41938018798828|19|1034
36.14167404174805|12|1035
36.2349739074707|12|1036
36.79435348510742|12|1037
30.673656463623047|12|1038
38.875274658203125|39|1039
34.185569763183594|39|1040
37.72024154663086|12|1041
38.09935760498047|12|1042
38.0725212097168|12|1043
38.49176025390625|12|1044
37.452877044677734|12|1045
36.65993881225586|12|1046
36.77766418457031|12|1047
31.907508850097656|12|1048
27.079904556274414|13|1049
32.66749954223633|29|1050
36.43129348754883|12|1051
37.55310821533203|12|1052
37.85417175292969|12|1053
37.93151092529297|12|1054
36.065513610839844|12|1055
35.67359924316406|12|1056
35.9771842956543|12|1057
34.20126724243164|12|1058
25.92791175842285|19|1059
35.88890838623047|58|1060
32.25851058959961|51|1061
28.401409149169922|51|1062
27.796184539794922|51|1063
27.398303985595703|22|1064
27.809499740600586|22|1065
29.716995239257812|22|1066
28.175485610961914|21|1067
25.215242385864258|22|1068
30.84488868713379|26|1069
37.27693176269531|26|1070
39.12493896484375|26|1071
35.62770462036133|26|1072
32.54631042480469|26|1073
37.080413818359375|26|1074
39.20650100708008|26|1075
39.74579620361328|29|1076
45.95872116088867|29|1077
53.73231887817383|29|1078
56.852317810058594|29|1079
63.46087646484375|21|1080
66.4708480834961|26|1081
91.93392944335938|105|1082
71.25910949707031|104|1083
85.27916717529297|51|1084
70.19358825683594|52|1085
54.00814437866211|53|1086
58.495094299316406|56|1087
66.61701965332031|58|1088
57.66442108154297|58|1089
56.336219787597656|29|1090
43.7605094909668|56|1091
33.9450569152832|28|1092
54.32038879394531|29|1093
76.67180633544922|29|1094
83.51791381835938|29|1095
75.9988021850586|29|1096
57.443336486816406|29|1097
30.51325225830078|28|1098
31.984895706176758|26|1099
36.303253173828125|29|1100
48.00446319580078|19|1101
46.5843620300293|19|1102
47.35052490234375|204|1103
48.58965301513672|58|1104
71.42072296142578|58|1105
74.33123779296875|58|1106
76.83708953857422|57|1107
72.14783477783203|57|1108
87.54887390136719|58|1109
65.26060485839844|58|1110
60.75596237182617|55|1111
47.57890701293945|54|1112
77.0772933959961|50|1113
108.89906311035156|49|1114
113.70172882080078|49|1115
126.96155548095703|49|1116
128.6453399658203|49|1117
115.31970977783203|49|1118
83.09771728515625|49|1119
95.4353256225586|73|1120
130.13755798339844|73|1121
128.47784423828125|73|1122
127.91680145263672|72|1123
137.0652313232422|72|1124
108.49188232421875|72|1125
85.60844421386719|29|1126
84.95671844482422|29|1127
73.09681701660156|29|1128
42.81739807128906|29|1129
75.2227783203125|26|1130
100.6028060913086|26|1131
91.25067901611328|26|1132
62.54484939575195|26|1133
48.74216079711914|22|1134
57.01459503173828|65|1135
75.78697967529297|65|1136
80.02811431884766|65|1137
67.81926727294922|65|1138
45.94877243041992|43|1139
49.95170974731445|43|1140
58.887325286865234|29|1141
74.85197448730469|29|1142
91.20467376708984|58|1143
94.80532836914062|58|1144
93.93592071533203|114|1145
90.81922149658203|58|1146
97.75492095947266|58|1147
88.01166534423828|88|1148
108.260009765625|88|1149
76.2304458618164|29|1150
85.92174530029297|29|1151
93.35311126708984|29|1152
96.98455810546875|29|1153
95.76258850097656|29|1154
99.39341735839844|29|1155
104.3939437866211|87|1156
112.75267791748047|87|1157
133.19705200195312|88|1158
143.05958557128906|88|1159
116.54611206054688|87|1160
93.75235748291016|29|1161
97.5665054321289|29|1162
75.79497528076172|29|1163
64.42887115478516|31|1164
104.7833023071289|32|1165
103.14215850830078|32|1166
96.45880126953125|32|1167
84.97586822509766|32|1168
76.46041107177734|33|1169
60.99947738647461|22|1170
55.86198806762695|22|1171
43.08771896362305|43|1172
43.42687225341797|43|1173
40.07524490356445|65|1174
34.639686584472656|65|1175
40.32343673706055|150|1176
35.23619079589844|65|1177
33.41337203979492|65|1178
31.96068572998047|65|1179
43.29783630371094|50|1180
51.09225082397461|19|1181
74.50988006591797|78|1182
52.69530487060547|79|1183
75.25305938720703|87|1184
123.06460571289062|87|1185
136.5947265625|87|1186
132.6210174560547|87|1187
118.61306762695312|86|1188
100.6209945678711|85|1189
87.23686218261719|85|1190
78.05167388916016|84|1191
63.69919967651367|22|1192
64.952880859375|79|1193
57.79768371582031|22|1194
56.35720443725586|22|1195
58.08599853515625|22|1196
50.76292419433594|22|1197
45.79844284057617|22|1198
39.04815673828125|22|1199
38.420719146728516|29|1200
43.55526351928711|29|1201
55.23836898803711|25|1202
80.62928009033203|25|1203
73.28598022460938|24|1204
80.03986358642578|49|1205
63.828773498535156|24|1206
40.07588195800781|23|1207
33.47956085205078|19|1208
33.69211196899414|19|1209
51.51800537109375|25|1210
92.23397827148438|25|1211
117.37007141113281|26|1212
112.34166717529297|26|1213
102.06322479248047|26|1214
98.34490203857422|26|1215
84.02352142333984|24|1216
53.99004364013672|24|1217
61.729644775390625|48|1218
62.962547302246094|48|1219
50.08425521850586|49|1220
57.72386169433594|25|1221
98.4556884765625|52|1222
131.04588317871094|52|1223
98.49335479736328|51|1224
104.12251281738281|104|1225
112.69694519042969|105|1226
45.664608001708984|108|1227
66.15483093261719|57|1228
87.37716674804688|58|1229
75.17250061035156|58|1230
90.12162780761719|29|1231
91.43477630615234|29|1232
69.71432495117188|29|1233
52.900482177734375|29|1234
50.35045623779297|29|1235
52.92738723754883|29|1236
52.79267883300781|29|1237
47.06253433227539|25|1238
118.73967742919922|24|1239
172.09390258789062|24|1240
161.54122924804688|25|1241
113.02434539794922|25|1242
82.11331939697266|26|1243
92.83141326904297|25|1244
79.78604125976562|24|1245
80.19976806640625|24|1246
86.1474380493164|24|1247
70.28435516357422|24|1248
68.12578582763672|24|1249
91.45953369140625|25|1250
121.36134338378906|25|1251
100.47801208496094|26|1252
103.01875305175781|26|1253
100.88900756835938|26|1254
69.8666000366211|26|1255
41.273983001708984|58|1256
35.76315689086914|58|1257
36.746673583984375|36|1258
38.49468994140625|36|1259
38.896141052246094|36|1260
45.90517044067383|36|1261
59.70914840698242|36|1262
51.8404426574707|36|1263
56.728904724121094|91|1264
63.094024658203125|89|1265
74.36642456054688|87|1266
64.948486328125|88|1267
63.13121032714844|94|1268
95.69957733154297|96|1269
120.5547866821289|97|1270
134.0183563232422|97|1271
114.33458709716797|97|1272
52.904476165771484|18|1273
47.164546966552734|18|1274
60.488868713378906|22|1275
63.173988342285156|22|1276
61.697357177734375|22|1277
63.24698257446289|22|1278
67.63924407958984|21|1279
71.4716796875|21|1280
59.57339859008789|21|1281
54.088253021240234|18|1282
57.782039642333984|72|1283
60.10688018798828|72|1284
57.06182098388672|72|1285
51.742897033691406|18|1286
51.670372009277344|18|1287
49.5909538269043|18|1288
48.916664123535156|18|1289
48.089447021484375|72|1290
36.67605972290039|72|1291
55.05014419555664|44|1292
95.9823226928711|44|1293
88.78934478759766|43|1294
84.53787231445312|43|1295
77.31718444824219|43|1296
77.53534698486328|43|1297
72.51213073730469|43|1298
59.48894500732422|43|1299
56.7928581237793|22|1300
60.14185333251953|22|1301
62.76185989379883|22|1302
56.66825485229492|22|1303
66.76071166992188|24|1304
73.92149353027344|25|1305
65.28130340576172|24|1306
67.13845825195312|24|1307
75.54480743408203|25|1308
63.931888580322266|24|1309
64.56199645996094|24|1310
67.47276306152344|24|1311
63.867515563964844|29|1312
78.14891815185547|29|1313
78.21450805664062|29|1314
75.3779067993164|29|1315
69.67181396484375|29|1316
63.08234405517578|29|1317
58.79446792602539|29|1318
55.01677322387695|29|1319
48.42719268798828|29|1320
38.895511627197266|32|1321
39.33097839355469|32|1322
39.28974914550781|38|1323
44.872840881347656|32|1324
54.46805191040039|32|1325
60.055030822753906|32|1326
71.25182342529297|25|1327
52.31203079223633|25|1328
50.24977493286133|16|1329
59.421688079833984|25|1330
62.09137725830078|25|1331
43.9826774597168|26|1332
39.34160232543945|25|1333
44.735252380371094|16|1334
49.37135696411133|16|1335
49.27366638183594|16|1336
46.67481994628906|16|1337
51.05820083618164|16|1338
51.79389190673828|16|1339
42.43558883666992|16|1340
32.071468353271484|26|1341
33.97412109375|17|1342
35.847755432128906|13|1343
42.69032287597656|16|1344
41.283714294433594|16|1345
42.6820182800293|25|1346
38.96552658081055|32|1347
42.30271911621094|32|1348
40.29905700683594|32|1349
40.45587158203125|32|1350
43.658931732177734|32|1351
40.49732208251953|32|1352
42.782371520996094|19|1353
52.307899475097656|16|1354
56.150367736816406|32|1355
58.21125793457031|32|1356
64.06954956054688|32|1357
68.20649719238281|32|1358
66.4141845703125|32|1359
57.62434768676758|32|1360
42.935543060302734|32|1361
39.26899337768555|31|1362
54.4908332824707|29|1363
70.73688507080078|32|1364
83.18220520019531|32|1365
87.16050720214844|32|1366
81.27996826171875|32|1367
75.38136291503906|32|1368
71.54668426513672|32|1369
59.70051956176758|32|1370
43.343544006347656|32|1371
32.2911491394043|20|1372
29.839872360229492|32|1373
40.76362609863281|16|1374
40.42867660522461|16|1375
40.10576629638672|16|1376
36.22068786621094|16|1377
29.865795135498047|16|1378
27.449432373046875|6|1379
30.418743133544922|16|1380
30.464048385620117|16|1381
33.46736145019531|39|1382
49.522926330566406|29|1383
57.35805892944336|29|1384
58.817047119140625|29|1385
57.619842529296875|29|1386
53.40462112426758|29|1387
44.70491027832031|57|1388
52.94642639160156|58|1389
52.69401931762695|58|1390
51.256351470947266|58|1391
47.027748107910156|58|1392
46.234012603759766|38|1393
50.447601318359375|29|1394
41.969669342041016|38|1395
31.772035598754883|29|1396
24.852510452270508|38|1397
24.564390182495117|28|1398
34.7880973815918|29|1399
42.814517974853516|29|1400
51.824623107910156|29|1401
52.314491271972656|29|1402
38.20825958251953|29|1403
41.436790466308594|22|1404
78.49811553955078|24|1405
60.77475357055664|24|1406
81.88870239257812|74|1407
86.81813049316406|74|1408
85.50872039794922|79|1409
65.39463806152344|85|1410
99.86489868164062|86|1411
135.45506286621094|87|1412
118.48482513427734|87|1413
92.65959167480469|87|1414
66.64285278320312|29|1415
55.68837356567383|29|1416
58.18213653564453|29|1417
70.59285736083984|29|1418
75.62477111816406|29|1419
78.42715454101562|29|1420
82.49297332763672|29|1421
89.88108825683594|29|1422
84.5347671508789|29|1423
79.54826354980469|29|1424
98.86604309082031|29|1425
104.773193359375|30|1426
68.31326293945312|29|1427
49.779754638671875|29|1428
53.6295166015625|57|1429
58.81241989135742|28|1430
88.31436920166016|28|1431
92.70700073242188|28|1432
62.08501052856445|27|1433
71.2933120727539|26|1434
66.81939697265625|25|1435
45.55388641357422|50|1436
38.8039665222168|58|1437
41.11393737792969|29|1438
42.140682220458984|29|1439
42.99443435668945|29|1440
45.525535583496094|29|1441
43.67473220825195|29|1442
42.91960906982422|29|1443
48.72781753540039|24|1444
80.15560150146484|48|1445
92.69941711425781|48|1446
88.25499725341797|49|1447
92.36790466308594|49|1448
88.28024291992188|49|1449
70.75067138671875|49|1450
50.03313064575195|24|1451
64.09246063232422|25|1452
74.9983901977539|25|1453
88.68759155273438|51|1454
100.26728057861328|51|1455
71.20353698730469|50|1456
69.35742950439453|21|1457
71.22688293457031|65|1458
67.89979553222656|65|1459
54.612247467041016|65|1460
42.87909698486328|29|1461
40.66897964477539|29|1462
69.9145278930664|26|1463
75.25455474853516|27|1464
95.15416717529297|57|1465
119.77596282958984|58|1466
118.14031982421875|57|1467
111.25884246826172|57|1468
90.96197509765625|58|1469
70.25006866455078|59|1470
48.993080139160156|59|1471
47.172115325927734|58|1472
66.74938201904297|29|1473
77.8803482055664|28|1474
75.0028305053711|28|1475
51.65104293823242|22|1476
45.12533950805664|7|1477
46.28302764892578|7|1478
49.825687408447266|22|1479
55.40269088745117|65|1480
58.66572189331055|65|1481
59.14473342895508|65|1482
51.62571334838867|65|1483
54.80317687988281|28|1484
75.2923583984375|29|1485
94.72469329833984|30|1486
67.70772552490234|58|1487
58.242740631103516|58|1488
47.58262634277344|31|1489
67.97496032714844|65|1490
82.05927276611328|98|1491
80.83407592773438|97|1492
96.0723876953125|64|1493
102.34464263916016|64|1494
105.5108871459961|65|1495
86.0843276977539|65|1496
69.03511810302734|65|1497
47.026466369628906|65|1498
38.61027526855469|65|1499
38.881622314453125|65|1500
36.03778076171875|65|1501
32.6507682800293|65|1502
39.95998764038086|50|1503
51.60600662231445|65|1504
71.20877838134766|65|1505
63.68959045410156|87|1506
114.09758758544922|86|1507
132.00584411621094|86|1508
143.4438018798828|87|1509
152.6256561279297|87|1510
158.9795379638672|87|1511
152.36056518554688|87|1512
137.78013610839844|86|1513
118.03103637695312|85|1514
81.63367462158203|22|1515
75.82662200927734|22|1516
68.88524627685547|22|1517
63.93254852294922|22|1518
68.20844268798828|22|1519
59.744285583496094|22|1520
45.09891128540039|22|1521
32.04304122924805|22|1522
37.105857849121094|29|1523
41.36115264892578|29|1524
38.524654388427734|39|1525
58.76444625854492|49|1526
81.5197982788086|48|1527
83.17405700683594|48|1528
78.60712432861328|49|1529
77.79987335205078|49|1530
77.99057006835938|49|1531
59.73858642578125|49|1532
63.16035461425781|25|1533
56.43088912963867|24|1534
65.18824005126953|51|1535
70.14154815673828|24|1536
68.53570556640625|24|1537
82.38245391845703|79|1538
75.56575012207031|24|1539
77.1275634765625|24|1540
56.56685256958008|24|1541
54.86998748779297|48|1542
44.78567123413086|49|1543
36.207313537597656|29|1544
50.25593566894531|50|1545
71.78466033935547|51|1546
84.46511840820312|53|1547
66.71050262451172|79|1548
97.06060028076172|79|1549
75.738037109375|80|1550
72.67015838623047|83|1551
61.34486770629883|85|1552
86.791748046875|87|1553
101.57196044921875|87|1554
115.58488464355469|87|1555
117.55024719238281|87|1556
69.1095199584961|87|1557
36.1177978515625|48|1558
54.29125213623047|48|1559
54.31777572631836|48|1560
62.70808029174805|77|1561
58.233795166015625|77|1562
61.83706283569336|24|1563
73.12254333496094|25|1564
99.70955657958984|25|1565
76.16998291015625|26|1566
69.97160339355469|25|1567
78.08783721923828|24|1568
85.9610824584961|24|1569
67.96224975585938|26|1570
92.71326446533203|26|1571
100.24140930175781|27|1572
93.63167572021484|27|1573
77.07440185546875|25|1574
93.3008041381836|24|1575
99.84495544433594|24|1576
105.8061752319336|25|1577
96.55655670166016|26|1578
84.4289321899414|27|1579
85.0671615600586|27|1580
87.8299331665039|27|1581
62.27145004272461|26|1582
53.9178581237793|22|1583
63.216976165771484|21|1584
98.01850891113281|21|1585
99.19242858886719|21|1586
111.58000946044922|22|1587
118.49591827392578|22|1588
101.69129943847656|23|1589
125.49925231933594|24|1590
122.99694061279297|24|1591
103.21320343017578|24|1592
91.46075439453125|24|1593
92.08518981933594|24|1594
91.23670196533203|24|1595
85.65518951416016|23|1596
100.59375|22|1597
118.02058410644531|22|1598
103.53409576416016|22|1599
94.99724578857422|22|1600
94.63313293457031|22|1601
86.27079010009766|21|1602
80.26284790039062|21|1603
80.70814514160156|22|1604
87.53784942626953|22|1605
83.92404174804688|22|1606
59.23221206665039|72|1607
54.34315872192383|72|1608
43.43056869506836|72|1609
38.9615478515625|18|1610
41.84732437133789|18|1611
47.1314697265625|72|1612
53.929561614990234|72|1613
39.882144927978516|72|1614
47.79790115356445|25|1615
52.97208023071289|48|1616
76.97628021240234|47|1617
62.597843170166016|47|1618
66.05953216552734|44|1619
65.18605041503906|44|1620
61.025001525878906|43|1621
60.36748504638672|42|1622
54.4979362487793|41|1623
54.477909088134766|39|1624
70.43280792236328|37|1625
75.50045013427734|19|1626
108.77803802490234|19|1627
111.87944793701172|19|1628
105.22346496582031|19|1629
99.20387268066406|19|1630
84.43660736083984|19|1631
67.31539916992188|19|1632
58.67451095581055|32|1633
59.333370208740234|38|1634
61.606597900390625|38|1635
54.545963287353516|38|1636
50.2950325012207|39|1637
46.13877487182617|39|1638
51.40959930419922|19|1639
58.73222732543945|19|1640
58.82640838623047|19|1641
58.754695892333984|19|1642
50.804542541503906|32|1643
54.723045349121094|32|1644
53.30555725097656|26|1645
61.86054229736328|26|1646
61.281158447265625|26|1647
55.82238006591797|26|1648
54.67033767700195|26|1649
60.41339874267578|26|1650
61.33314895629883|26|1651
59.949790954589844|26|1652
53.68070983886719|26|1653
42.883628845214844|38|1654
42.802162170410156|37|1655
47.68202209472656|19|1656
46.05876922607422|19|1657
44.212791442871094|47|1658
49.80233383178711|24|1659
56.08818054199219|24|1660
54.275699615478516|24|1661
47.99417495727539|24|1662
41.898712158203125|39|1663
45.5474853515625|39|1664
50.74436950683594|19|1665
57.9105224609375|19|1666
59.47877883911133|19|1667
62.81428146362305|19|1668
60.365177154541016|19|1669
56.03401184082031|19|1670
50.16107177734375|19|1671
48.165931701660156|24|1672
50.10261917114258|24|1673
56.04435348510742|24|1674
55.64008331298828|24|1675
39.928062438964844|36|1676
41.66582489013672|19|1677
46.24042892456055|19|1678
48.92830276489258|19|1679
48.85707092285156|19|1680
47.229026794433594|19|1681
49.12621307373047|19|1682
52.39448928833008|19|1683
43.8204231262207|19|1684
31.50882911682129|39|1685
32.94731521606445|57|1686
33.76377487182617|24|1687
41.22709274291992|24|1688
43.616397857666016|24|1689
45.879493713378906|24|1690
50.54685974121094|24|1691
53.911434173583984|24|1692
53.26596450805664|24|1693
49.64568328857422|24|1694
45.33357620239258|24|1695
42.44002151489258|24|1696
43.24910354614258|12|1697
40.07725524902344|12|1698
37.96984100341797|12|1699
39.61562728881836|24|1700
40.51539993286133|12|1701
40.055545806884766|12|1702
38.54804611206055|12|1703
33.53464889526367|12|1704
42.78657913208008|12|1705
96.17720794677734|7|1706
120.36870574951172|7|1707
143.9639892578125|11|1708
158.20140075683594|11|1709
121.67294311523438|11|1710
90.48772430419922|9|1711
95.1713638305664|9|1712
123.13560485839844|7|1713
152.45664978027344|7|1714
113.53451538085938|7|1715
65.67767333984375|12|1716
118.70895385742188|25|1717
99.5603256225586|25|1718
120.47569274902344|6|1719
125.34424591064453|6|1720
99.05465698242188|6|1721
70.70410919189453|6|1722
72.34307861328125|29|1723
73.12528991699219|29|1724
110.89097595214844|6|1725
132.7383270263672|6|1726
120.30980682373047|6|1727
132.3138885498047|32|1728
158.14828491210938|33|1729
133.85107421875|35|1730
147.40638732910156|35|1731
165.32359313964844|36|1732
148.89199829101562|36|1733
134.08934020996094|37|1734
137.52731323242188|38|1735
149.17169189453125|39|1736
134.72386169433594|39|1737
117.90375518798828|39|1738
106.259033203125|39|1739
125.24429321289062|115|1740
160.4112548828125|115|1741
155.40634155273438|115|1742
98.24637603759766|115|1743
84.11486053466797|71|1744
72.09732055664062|5|1745
109.36221313476562|5|1746
108.49072265625|5|1747
121.10203552246094|78|1748
102.90170288085938|115|1749
91.5006332397461|5|1750
122.16195678710938|5|1751
96.08509063720703|5|1752
96.70344543457031|78|1753
97.9805679321289|78|1754
85.67222595214844|112|1755
90.10657501220703|112|1756
163.3925018310547|77|1757
166.13088989257812|77|1758
153.3239288330078|76|1759
139.147705078125|77|1760
147.576171875|78|1761
94.49166107177734|29|1762
83.18507385253906|29|1763
81.15413665771484|11|1764
74.58838653564453|11|1765
74.09114074707031|11|1766
74.66991424560547|11|1767
75.2569808959961|11|1768
76.79945373535156|11|1769
80.1498031616211|58|1770
77.68260192871094|11|1771
79.37594604492188|29|1772
78.80903625488281|29|1773
74.21820831298828|11|1774
74.12173461914062|11|1775
52.2078742980957|11|1776
78.82583618164062|28|1777
92.93840789794922|29|1778
58.127593994140625|30|1779
61.50139236450195|14|1780
85.59770965576172|65|1781
96.06490325927734|65|1782
85.95217895507812|65|1783
78.73636627197266|65|1784
64.72785949707031|65|1785
49.83267593383789|15|1786
58.21183395385742|29|1787
81.22685241699219|34|1788
102.95491027832031|39|1789
151.2192840576172|39|1790
114.47463989257812|39|1791
81.09652709960938|38|1792
48.820770263671875|36|1793
79.09317016601562|39|1794
121.49795532226562|39|1795
111.68026733398438|38|1796
139.93446350097656|38|1797
163.21115112304688|39|1798
131.24728393554688|38|1799
63.765525817871094|38|1800
46.42359161376953|65|1801
53.42704772949219|43|1802
68.90167999267578|43|1803
75.07623291015625|43|1804
59.389808654785156|43|1805
45.6746826171875|43|1806
47.10057830810547|39|1807
101.96111297607422|41|1808
92.25387573242188|41|1809
89.77546691894531|77|1810
97.63099670410156|77|1811
75.4141845703125|79|1812
81.74506378173828|131|1813
102.05087280273438|132|1814
78.5069808959961|131|1815
120.78030395507812|129|1816
133.15371704101562|128|1817
95.9848861694336|129|1818
87.49957275390625|11|1819
80.2706069946289|11|1820
75.47298431396484|11|1821
76.859130859375|11|1822
82.58147430419922|43|1823
93.47966766357422|43|1824
94.52182006835938|43|1825
98.46971893310547|43|1826
70.19590759277344|44|1827
92.8990478515625|45|1828
113.32211303710938|43|1829
107.5444107055664|43|1830
92.29715728759766|86|1831
91.33270263671875|86|1832
89.82108306884766|43|1833
102.35623168945312|43|1834
100.31895446777344|43|1835
76.67768859863281|217|1836
78.13875579833984|43|1837
91.50550079345703|43|1838
89.87521362304688|43|1839
88.18240356445312|43|1840
81.80416107177734|43|1841
80.25020599365234|216|1842
77.04935455322266|216|1843
79.06916809082031|216|1844
87.04793548583984|216|1845
103.93262481689453|43|1846
127.37564849853516|43|1847
130.44398498535156|43|1848
139.2892303466797|43|1849
145.3022003173828|43|1850
139.47406005859375|43|1851
135.8917999267578|43|1852
140.80990600585938|43|1853
142.22427368164062|43|1854
132.69833374023438|43|1855
124.77749633789062|43|1856
111.22079467773438|43|1857
105.88357543945312|43|1858
119.82653045654297|43|1859
117.36603546142578|43|1860
113.4345474243164|44|1861
75.27628326416016|8|1862
79.75981903076172|8|1863
77.56903839111328|8|1864
76.86321258544922|8|1865
82.23863220214844|8|1866
86.9009780883789|8|1867
83.97663879394531|8|1868
82.40777587890625|8|1869
83.12185668945312|8|1870
79.7839126586914|8|1871
77.13015747070312|8|1872
78.54215240478516|8|1873
77.95254516601562|8|1874
74.2762680053711|8|1875
72.59281921386719|8|1876
63.74237060546875|8|1877
55.07355880737305|8|1878
64.3178482055664|12|1879
62.58409881591797|12|1880
59.20342254638672|8|1881
59.62470626831055|8|1882
62.72480773925781|8|1883
64.471923828125|8|1884
72.9200439453125|24|1885
71.74955749511719|24|1886
145.51739501953125|84|1887
147.6246795654297|84|1888
73.55905151367188|76|1889
70.62731170654297|8|1890
84.18930053710938|109|1891
87.98381042480469|72|1892
83.88166046142578|8|1893
83.53435516357422|8|1894
84.19049835205078|8|1895
81.80109405517578|8|1896
71.72450256347656|77|1897
91.27261352539062|77|1898
87.90370178222656|77|1899
76.48216247558594|77|1900
90.32904815673828|76|1901
100.24089813232422|76|1902
92.38809204101562|39|1903
115.61271667480469|116|1904
100.63391876220703|118|1905
106.7396469116211|118|1906
69.1575927734375|118|1907
99.22122955322266|76|1908
108.50477600097656|76|1909
96.40859985351562|76|1910
65.48809814453125|77|1911
74.33087921142578|79|1912
70.30706024169922|80|1913
72.17164611816406|58|1914
70.14134979248047|187|1915
102.0740737915039|187|1916
56.85335922241211|187|1917
60.43215560913086|38|1918
54.677799224853516|29|1919
51.635414123535156|29|1920
56.0542106628418|29|1921
49.52960968017578|29|1922
39.8050537109375|72|1923
45.603389739990234|72|1924
49.285545349121094|72|1925
55.88795852661133|72|1926
51.70500183105469|72|1927
56.05825424194336|19|1928
44.617088317871094|20|1929
55.104400634765625|19|1930
66.0451431274414|19|1931
43.179832458496094|24|1932
47.293968200683594|30|1933
58.67360305786133|19|1934
48.08449172973633|19|1935
41.6310920715332|72|1936
43.106056213378906|83|1937
67.92060089111328|90|1938
112.25482940673828|87|1939
185.49305725097656|87|1940
154.0708465576172|86|1941
102.87069702148438|57|1942
90.98092651367188|58|1943
72.52529907226562|19|1944
69.08182525634766|19|1945
62.06084442138672|19|1946
52.523887634277344|19|1947
57.691593170166016|26|1948
67.34291076660156|26|1949
87.52808380126953|30|1950
131.3352508544922|30|1951
125.18901062011719|29|1952
115.96746826171875|29|1953
112.79755401611328|32|1954
185.2362060546875|32|1955
172.07460021972656|33|1956
139.35870361328125|33|1957
103.40074920654297|32|1958
102.43048095703125|32|1959
99.3927001953125|32|1960
104.351318359375|32|1961
108.55931091308594|32|1962
102.6854248046875|65|1963
106.30180358886719|65|1964
91.36316680908203|33|1965
87.64737701416016|33|1966
51.82640838623047|66|1967
60.08760070800781|13|1968
75.89521026611328|13|1969
109.03610229492188|77|1970
102.97457122802734|76|1971
131.54574584960938|75|1972
140.86477661132812|75|1973
84.44812774658203|75|1974
126.83488464355469|79|1975
108.9839859008789|78|1976
92.2089614868164|76|1977
80.3240966796875|76|1978
66.50969696044922|10|1979
80.33023071289062|79|1980
92.26607513427734|38|1981
68.69546508789062|10|1982
67.85771179199219|10|1983
81.88117218017578|40|1984
137.07711791992188|40|1985
120.5641098022461|42|1986
88.96127319335938|42|1987
123.33658599853516|49|1988
172.08309936523438|49|1989
139.2777557373047|49|1990
97.3668212890625|49|1991
75.533203125|48|1992
86.65750122070312|96|1993
70.98194122314453|13|1994
83.24266052246094|50|1995
110.2562255859375|51|1996
100.4852294921875|51|1997
120.60326385498047|103|1998
125.27587127685547|102|1999
105.9388198852539|102|2000
101.5324935913086|103|2001
113.7242431640625|103|2002
115.34553527832031|103|2003
130.8124542236328|103|2004
143.28329467773438|103|2005
151.86636352539062|103|2006
153.11585998535156|103|2007
113.42981719970703|103|2008
113.46732330322266|50|2009
123.34642791748047|49|2010
126.41471099853516|49|2011
133.24072265625|49|2012
133.50965881347656|49|2013
137.1349334716797|97|2014
141.7302703857422|97|2015
133.8101043701172|49|2016
139.21392822265625|49|2017
142.56239318847656|49|2018
147.66712951660156|49|2019
156.72348022460938|49|2020
160.0752410888672|49|2021
144.35687255859375|49|2022
123.23267364501953|49|2023
111.30401611328125|49|2024
105.48274993896484|49|2025
104.56756591796875|49|2026
94.50553131103516|49|2027
88.9303970336914|10|2028
86.94469451904297|11|2029
70.0877914428711|58|2030
62.12562942504883|29|2031
67.30561065673828|29|2032
66.93373107910156|29|2033
59.07508850097656|11|2034
56.270225524902344|11|2035
56.3663444519043|11|2036
56.694984436035156|11|2037
52.450984954833984|11|2038
70.77226257324219|58|2039
58.489967346191406|29|2040
63.97517776489258|26|2041
61.787296295166016|11|2042
57.25048065185547|11|2043
59.53651428222656|11|2044
62.55618667602539|11|2045
62.24376678466797|11|2046
58.15687561035156|11|2047
76.46138763427734|58|2048
83.57493591308594|36|2049
145.78610229492188|38|2050
145.4548797607422|38|2051
77.60005950927734|11|2052
87.36168670654297|73|2053
92.42293548583984|73|2054
68.37159729003906|11|2055
69.06687927246094|38|2056
105.75029754638672|38|2057
127.02893829345703|38|2058
143.93429565429688|39|2059
132.01431274414062|38|2060
99.4917221069336|11|2061
85.89456939697266|11|2062
79.63381958007812|58|2063
99.18968963623047|58|2064
75.93760681152344|58|2065
64.34331512451172|11|2066
61.153690338134766|11|2067
52.42400360107422|10|2068
77.47607421875|40|2069
117.71847534179688|40|2070
85.54035949707031|39|2071
120.24858856201172|77|2072
144.4794158935547|77|2073
145.32643127441406|76|2074
132.6109161376953|76|2075
121.04998779296875|77|2076
127.92794799804688|77|2077
134.95872497558594|77|2078
139.24679565429688|77|2079
158.3712921142578|77|2080
176.0518341064453|77|2081
188.82574462890625|77|2082
178.8701934814453|77|2083
116.90653991699219|77|2084
67.91561889648438|11|2085
76.93924713134766|38|2086
64.0881576538086|38|2087
67.08816528320312|29|2088
71.7551040649414|29|2089
76.3383560180664|29|2090
87.77696990966797|11|2091
86.08255004882812|11|2092
82.97309875488281|11|2093
80.87088775634766|11|2094
76.12533569335938|11|2095
71.22589111328125|11|2096
68.187744140625|11|2097
59.15727996826172|11|2098
79.44694519042969|24|2099
115.15917205810547|26|2100
112.60232543945312|27|2101
84.5525894165039|58|2102
103.62236785888672|58|2103
81.27178955078125|65|2104
91.20589447021484|65|2105
85.8111572265625|29|2106
84.0323715209961|65|2107
72.7577133178711|29|2108
74.7767105102539|30|2109
69.52671813964844|34|2110
83.4242935180664|39|2111
109.95402526855469|77|2112
167.6602783203125|77|2113
146.089599609375|77|2114
92.98925018310547|76|2115
110.30010986328125|75|2116
86.99141693115234|75|2117
103.7336654663086|77|2118
102.77532196044922|38|2119
118.18243408203125|38|2120
150.08152770996094|38|2121
158.21426391601562|39|2122
135.64866638183594|39|2123
122.281005859375|38|2124
150.66908264160156|77|2125
156.46507263183594|77|2126
171.156005859375|39|2127
167.57473754882812|39|2128
139.73483276367188|39|2129
114.99927520751953|77|2130
140.90245056152344|77|2131
138.90602111816406|78|2132
153.0108642578125|78|2133
136.98681640625|78|2134
70.54227447509766|77|2135
76.36820220947266|43|2136
107.02290344238281|87|2137
115.45050811767578|87|2138
122.15454864501953|87|2139
119.9430160522461|87|2140
95.13399505615234|43|2141
90.45692443847656|43|2142
76.31201934814453|11|2143
75.83050537109375|11|2144
74.95040130615234|11|2145
73.99250793457031|11|2146
74.3832015991211|11|2147
72.9123764038086|11|2148
65.13033294677734|43|2149
153.7930145263672|43|2150
177.63584899902344|43|2151
93.79480743408203|44|2152
66.23681640625|87|2153
98.34272003173828|86|2154
94.59334564208984|86|2155
106.97698211669922|43|2156
88.98946380615234|43|2157
84.27217102050781|87|2158
102.48284149169922|43|2159
105.2505874633789|43|2160
99.87586975097656|43|2161
97.22413635253906|43|2162
88.03982543945312|86|2163
100.2303237915039|86|2164
127.31123352050781|43|2165
140.0791778564453|43|2166
113.68118286132812|43|2167
76.72879791259766|14|2168
69.77714538574219|14|2169
67.61829376220703|87|2170
68.82593536376953|87|2171
74.35334777832031|11|2172
82.06634521484375|11|2173
86.97538757324219|11|2174
86.68819427490234|11|2175
86.6780776977539|11|2176
86.20082092285156|11|2177
84.65522003173828|11|2178
98.4967041015625|43|2179
122.53800964355469|43|2180
128.4778594970703|43|2181
115.91642761230469|43|2182
110.80445098876953|43|2183
104.4513931274414|43|2184
74.58938598632812|44|2185
83.47444152832031|54|2186
75.23355102539062|24|2187
72.1429443359375|8|2188
77.10045623779297|8|2189
77.17375183105469|8|2190
75.61811065673828|8|2191
79.40241241455078|8|2192
78.98155975341797|8|2193
74.65255737304688|8|2194
73.2002944946289|8|2195
73.21900177001953|8|2196
70.89089965820312|8|2197
69.5577163696289|8|2198
64.97859954833984|8|2199
52.061344146728516|7|2200
52.5503044128418|13|2201
64.15770721435547|12|2202
61.45521926879883|12|2203
60.48764419555664|12|2204
59.72074890136719|8|2205
61.700992584228516|8|2206
60.56036376953125|8|2207
61.19696044921875|24|2208
59.36139678955078|24|2209
66.79869079589844|49|2210
105.91175842285156|38|2211
159.00515747070312|39|2212
148.2061767578125|39|2213
88.8470687866211|8|2214
90.7371826171875|8|2215
94.65502166748047|8|2216
95.8810806274414|8|2217
118.21018981933594|77|2218
120.56768035888672|77|2219
121.28804016113281|116|2220
90.54735565185547|78|2221
82.831298828125|12|2222
85.88785552978516|12|2223
82.34583282470703|12|2224
78.78462219238281|12|2225
75.02481079101562|12|2226
69.8245849609375|12|2227
66.85327911376953|12|2228
64.79721069335938|12|2229
62.26142501831055|12|2230
93.94209289550781|84|2231
141.84022521972656|83|2232
110.83136749267578|80|2233
129.3239288330078|78|2234
107.12765502929688|116|2235
106.61009979248047|116|2236
118.66216278076172|116|2237
157.36080932617188|115|2238
194.89915466308594|115|2239
208.63319396972656|115|2240
183.81399536132812|115|2241
135.17222595214844|115|2242
91.27710723876953|114|2243
61.89669418334961|113|2244
62.17962646484375|18|2245
61.28868865966797|18|2246
81.46131134033203|64|2247
59.29438018798828|63|2248
52.43104553222656|72|2249
54.56730651855469|18|2250
50.929656982421875|58|2251
117.28649139404297|58|2252
156.5497283935547|58|2253
145.6547393798828|58|2254
119.63246154785156|58|2255
107.11869049072266|58|2256
106.62923431396484|58|2257
114.71956634521484|58|2258
104.19869232177734|58|2259
75.71255493164062|29|2260
93.34730529785156|29|2261
93.01101684570312|29|2262
97.867919921875|86|2263
112.79064178466797|58|2264
121.87177276611328|58|2265
109.49929809570312|58|2266
77.72176361083984|57|2267
70.6373062133789|13|2268
70.1522216796875|13|2269
74.2878189086914|13|2270
83.66471862792969|13|2271
83.77105712890625|13|2272
148.45980834960938|60|2273
185.03822326660156|59|2274
171.78802490234375|59|2275
136.9275665283203|59|2276
101.32141876220703|62|2277
117.42781829833984|64|2278
143.909912109375|65|2279
132.2479705810547|65|2280
121.6759262084961|96|2281
119.79109954833984|96|2282
111.62815856933594|96|2283
84.62633514404297|97|2284
80.23541259765625|33|2285
96.14097595214844|32|2286
113.9972915649414|32|2287
114.0697250366211|32|2288
104.63382720947266|33|2289
113.80415344238281|34|2290
112.70735931396484|33|2291
157.51869201660156|77|2292
200.36801147460938|77|2293
205.35670471191406|77|2294
191.4115447998047|76|2295
184.5657501220703|77|2296
177.64295959472656|77|2297
155.2217254638672|77|2298
143.30873107910156|77|2299
138.91273498535156|77|2300
158.24183654785156|78|2301
157.84353637695312|78|2302
131.02931213378906|78|2303
124.91275024414062|77|2304
115.87598419189453|77|2305
85.44253540039062|10|2306
80.78460693359375|10|2307
79.38945007324219|10|2308
80.23441314697266|10|2309
75.6182632446289|10|2310
73.6534652709961|47|2311
116.531494140625|48|2312
142.93373107910156|98|2313
115.35784149169922|99|2314
186.91786193847656|94|2315
211.4632110595703|94|2316
141.18467712402344|97|2317
95.31526947021484|100|2318
165.50221252441406|105|2319
137.6560821533203|104|2320
143.08029174804688|102|2321
152.62142944335938|102|2322
187.8391571044922|103|2323
244.5955047607422|103|2324
263.2144470214844|103|2325
250.12289428710938|103|2326
244.59197998046875|103|2327
253.16326904296875|103|2328
245.21139526367188|103|2329
194.2239990234375|103|2330
164.41317749023438|102|2331
140.31268310546875|100|2332
190.0294189453125|98|2333
191.6979522705078|98|2334
240.2761993408203|97|2335
252.68032836914062|97|2336
253.16421508789062|97|2337
242.2371368408203|97|2338
233.71109008789062|97|2339
234.1826629638672|97|2340
242.10708618164062|97|2341
258.2538757324219|97|2342
289.0963134765625|97|2343
286.8227844238281|97|2344
250.5273895263672|97|2345
224.34373474121094|97|2346
202.2027130126953|97|2347
168.22518920898438|98|2348
149.05821228027344|98|2349
131.27061462402344|97|2350
106.90364074707031|97|2351
79.24541473388672|10|2352
82.1046371459961|57|2353
98.00993347167969|57|2354
78.37000274658203|57|2355
54.55431365966797|11|2356
57.733192443847656|29|2357
61.53794479370117|29|2358
69.63753509521484|58|2359
65.0892105102539|58|2360
61.1662483215332|29|2361
76.85140228271484|11|2362
88.20836639404297|11|2363
87.5693359375|11|2364
85.56314086914062|11|2365
79.11904907226562|11|2366
72.06204986572266|11|2367
74.03163146972656|29|2368
79.34705352783203|29|2369
78.26883697509766|29|2370
102.11856079101562|58|2371
107.58753967285156|58|2372
86.2036361694336|11|2373
83.19469451904297|11|2374
75.23532104492188|11|2375
73.69392395019531|77|2376
92.77461242675781|77|2377
91.71600341796875|77|2378
106.12705993652344|78|2379
102.46436309814453|78|2380
82.63864135742188|78|2381
77.18612670898438|78|2382
82.96843719482422|78|2383
59.163734436035156|78|2384
56.628780364990234|11|2385
76.94844818115234|58|2386
102.18170166015625|58|2387
79.02052307128906|58|2388
60.672760009765625|57|2389
58.63751983642578|11|2390
57.03626251220703|91|2391
90.24844360351562|92|2392
90.87738800048828|97|2393
81.15380096435547|97|2394
99.15357971191406|112|2395
103.23202514648438|110|2396
182.3964080810547|103|2397
170.76602172851562|103|2398
114.2047119140625|106|2399
115.84381866455078|115|2400
165.22325134277344|116|2401
221.0460968017578|117|2402
182.02450561523438|117|2403
131.93353271484375|116|2404
192.0383758544922|115|2405
188.70095825195312|115|2406
195.01608276367188|114|2407
205.37496948242188|115|2408
194.62185668945312|115|2409
172.8415985107422|116|2410
96.80831909179688|116|2411
78.7665023803711|103|2412
83.79215240478516|100|2413
108.47491455078125|97|2414
108.68199920654297|48|2415
136.07432556152344|49|2416
160.64418029785156|49|2417
165.6924285888672|49|2418
150.51727294921875|49|2419
126.52342987060547|48|2420
125.591552734375|49|2421
153.1116943359375|49|2422
137.97154235839844|98|2423
128.98297119140625|99|2424
128.61422729492188|101|2425
180.12570190429688|102|2426
186.80723571777344|102|2427
167.3677978515625|102|2428
137.26416015625|100|2429
195.27943420410156|98|2430
219.18795776367188|98|2431
222.1554412841797|97|2432
230.63412475585938|97|2433
237.59085083007812|97|2434
230.90200805664062|97|2435
241.53668212890625|97|2436
262.4546203613281|97|2437
270.2750244140625|97|2438
252.97671508789062|97|2439
246.7828369140625|97|2440
290.34039306640625|97|2441
313.8548278808594|97|2442
297.0730285644531|97|2443
259.3760681152344|97|2444
222.9522705078125|97|2445
235.0569610595703|97|2446
235.40701293945312|97|2447
200.54583740234375|97|2448
198.9315643310547|97|2449
221.14816284179688|97|2450
196.98681640625|97|2451
159.63009643554688|97|2452
154.69039916992188|97|2453
95.24324798583984|93|2454
162.80377197265625|87|2455
208.0045623779297|86|2456
208.19639587402344|86|2457
194.949462890625|87|2458
231.38290405273438|87|2459
205.70323181152344|86|2460
167.19493103027344|87|2461
169.66732788085938|87|2462
195.6035614013672|87|2463
229.31378173828125|87|2464
227.19923400878906|87|2465
199.82797241210938|86|2466
172.10650634765625|85|2467
176.91281127929688|86|2468
181.7667999267578|87|2469
193.29872131347656|87|2470
179.61512756347656|87|2471
190.6605224609375|86|2472
191.11331176757812|87|2473
191.65585327148438|87|2474
178.52560424804688|87|2475
154.0775604248047|87|2476
153.49374389648438|86|2477
154.6870880126953|87|2478
153.79869079589844|87|2479
138.5601806640625|87|2480
127.49684143066406|130|2481
135.07034301757812|131|2482
131.87835693359375|132|2483
85.89302825927734|133|2484
74.95264434814453|58|2485
88.13972473144531|58|2486
78.8831787109375|14|2487
81.31877136230469|14|2488
78.97200012207031|14|2489
76.72828674316406|14|2490
76.54798889160156|14|2491
82.26737976074219|14|2492
62.612735748291016|14|2493
91.51363372802734|40|2494
82.53327941894531|11|2495
97.76956176757812|190|2496
87.33601379394531|38|2497
93.9429702758789|38|2498
101.6676254272461|195|2499
86.30702209472656|11|2500
85.56304168701172|11|2501
77.88634490966797|11|2502
102.12124633789062|39|2503
85.92215728759766|38|2504
54.92943572998047|8|2505
61.338314056396484|8|2506
66.69757843017578|8|2507
82.16299438476562|24|2508
87.15953063964844|24|2509
81.88477325439453|24|2510
73.27726745605469|48|2511
67.6170883178711|8|2512
71.8570327758789|8|2513
170.4639129638672|75|2514
147.7551727294922|76|2515
139.9034423828125|76|2516
129.8921356201172|76|2517
139.06063842773438|77|2518
129.42189025878906|77|2519
111.00626373291016|77|2520
88.5961685180664|78|2521
60.41950988769531|8|2522
45.75326919555664|24|2523
70.11376953125|41|2524
117.8783950805664|43|2525
152.44752502441406|44|2526
120.00138092041016|44|2527
79.2088623046875|172|2528
97.21479797363281|171|2529
104.0572738647461|86|2530
108.91554260253906|86|2531
85.59475708007812|87|2532
60.89177703857422|24|2533
73.59571075439453|44|2534
125.16251373291016|44|2535
121.99258422851562|44|2536
140.09652709960938|43|2537
132.61581420898438|43|2538
103.96568298339844|43|2539
83.30411529541016|44|2540
86.9328842163086|44|2541
110.35375213623047|44|2542
126.09375|43|2543
127.58313751220703|42|2544
113.24504089355469|43|2545
94.27312469482422|43|2546
111.22418975830078|44|2547
109.44192504882812|43|2548
128.4210205078125|43|2549
122.27035522460938|87|2550
146.2108612060547|88|2551
194.5008087158203|88|2552
216.30723571777344|87|2553
232.48129272460938|87|2554
230.51431274414062|86|2555
241.21707153320312|86|2556
267.88616943359375|85|2557
246.89817810058594|86|2558
211.09857177734375|86|2559
223.59390258789062|87|2560
243.2441864013672|87|2561
234.94586181640625|87|2562
207.92599487304688|86|2563
203.6082000732422|86|2564
164.52691650390625|87|2565
149.3712158203125|86|2566
119.802978515625|85|2567
89.1376724243164|83|2568
111.53193664550781|78|2569
114.28394317626953|77|2570
94.70854949951172|76|2571
106.77303314208984|77|2572
176.77499389648438|77|2573
206.82086181640625|77|2574
207.12155151367188|77|2575
208.3944091796875|77|2576
193.79180908203125|77|2577
179.76773071289062|77|2578
176.12001037597656|77|2579
162.30706787109375|78|2580
171.40789794921875|78|2581
191.6842498779297|77|2582
183.73170471191406|77|2583