Here with me
Marshmello
Chvrches
EDM
here_with_me
2049x2584
2584

1.3104854588164017e-05|1049|0
0.00011476280633360147|1150|1
0.00019860619795508683|1248|2
0.00018437567632645369|1248|3
0.0002026732690865174|792|4
0.00023758116003591567|1128|5
0.00027688825502991676|1384|6
0.0002552627120167017|988|7
0.0004702113219536841|1175|8
0.0009201513021253049|1347|9
0.13304370641708374|40|10
10.009650230407715|24|11
44.15176010131836|24|12
78.2381820678711|24|13
85.33622741699219|24|14
76.68934631347656|24|15
66.8443374633789|24|16
63.240081787109375|24|17
64.89561462402344|24|18
66.13079833984375|24|19
65.81687927246094|24|20
64.03038024902344|24|21
63.84166717529297|24|22
63.0072021484375|24|23
61.306087493896484|24|24
61.7202262878418|24|25
61.20658874511719|24|26
58.57248306274414|24|27
55.33290481567383|24|28
53.103336334228516|12|29
52.52226638793945|12|30
49.24137878417969|12|31
101.58802032470703|58|32
108.0464096069336|57|33
94.62369537353516|57|34
73.62935638427734|57|35
55.53986358642578|57|36
70.7671890258789|29|37
119.4926986694336|33|38
114.29495239257812|65|39
161.69261169433594|97|40
133.37960815429688|97|41
133.29769897460938|162|42
108.78275299072266|162|43
64.52125549316406|35|44
131.1241912841797|181|45
163.34942626953125|181|46
133.29617309570312|110|47
173.65902709960938|110|48
184.2000732421875|109|49
184.90045166015625|109|50
139.111083984375|110|51
89.53472900390625|73|52
89.38345336914062|43|53
87.69278717041016|43|54
81.63236999511719|43|55
72.44536590576172|43|56
67.60482788085938|43|57
64.28003692626953|43|58
62.765750885009766|43|59
62.25822830200195|43|60
63.0541877746582|43|61
64.79434204101562|43|62
104.59188079833984|33|63
211.72918701171875|65|64
244.7612762451172|64|65
221.19427490234375|65|66
199.3770751953125|65|67
171.0673828125|66|68
138.8948516845703|33|69
125.13829040527344|33|70
136.41419982910156|36|71
195.9092254638672|37|72
193.50814819335938|36|73
188.152099609375|36|74
162.0999755859375|36|75
147.923583984375|36|76
130.80218505859375|36|77
108.71784973144531|36|78
87.37611389160156|36|79
66.5911636352539|36|80
63.1704216003418|22|81
64.57215118408203|43|82
71.63894653320312|43|83
76.45588684082031|43|84
77.6732177734375|43|85
77.91112518310547|43|86
79.62428283691406|43|87
87.24557495117188|43|88
92.57994079589844|43|89
90.57717895507812|68|90
105.32030487060547|97|91
80.45720672607422|43|92
108.67283630371094|32|93
80.21890258789062|43|94
77.06111907958984|43|95
88.3080825805664|37|96
160.15570068359375|37|97
121.69811248779297|36|98
123.1109619140625|71|99
103.83016967773438|71|100
108.95711517333984|36|101
130.11204528808594|36|102
137.95826721191406|36|103
102.58984375|35|104
78.67589569091797|34|105
61.92354202270508|34|106
30.704818725585938|34|107
12.436330795288086|22|108
12.181049346923828|43|109
14.484464645385742|43|110
16.54518699645996|43|111
17.534854888916016|43|112
17.76882553100586|43|113
22.693782806396484|21|114
42.267730712890625|33|115
88.22212982177734|33|116
146.4733428955078|65|117
192.25082397460938|64|118
144.22006225585938|63|119
56.68528747558594|62|120
30.363561630249023|10|121
32.204463958740234|9|122
33.61742401123047|10|123
33.600555419921875|9|124
33.969242095947266|9|125
32.29447937011719|9|126
29.13595962524414|10|127
71.53678894042969|32|128
93.12687683105469|32|129
43.1365966796875|32|130
29.810771942138672|9|131
30.304737091064453|9|132
27.842548370361328|9|133
27.03963851928711|22|134
76.88078308105469|32|135
132.9822235107422|33|136
145.51290893554688|33|137
127.4611587524414|32|138
133.25498962402344|32|139
131.92617797851562|32|140
121.56407928466797|32|141
131.0638427734375|33|142
131.33799743652344|33|143
136.17369079589844|32|144
154.1304473876953|32|145
161.1689910888672|32|146
143.97824096679688|32|147
136.4985809326172|33|148
125.60737609863281|33|149
110.1244125366211|33|150
107.2660140991211|33|151
107.18762969970703|33|152
150.71543884277344|163|153
173.70736694335938|163|154
122.63992309570312|65|155
109.37008666992188|98|156
108.08049011230469|98|157
106.27692413330078|98|158
97.5666732788086|163|159
80.92744445800781|32|160
93.61013793945312|32|161
118.18273162841797|32|162
128.04620361328125|32|163
131.2660369873047|32|164
122.56524658203125|32|165
102.44522094726562|32|166
94.24544525146484|66|167
105.728759765625|33|168
84.83373260498047|32|169
70.54774475097656|32|170
76.92899322509766|32|171
80.62081909179688|32|172
67.98776245117188|30|173
80.74906921386719|29|174
88.98578643798828|29|175
82.28016662597656|29|176
62.86299133300781|29|177
47.587127685546875|29|178
62.252174377441406|28|179
78.44686889648438|29|180
61.66167068481445|30|181
77.03105926513672|30|182
112.07322692871094|29|183
123.69004821777344|29|184
84.64334106445312|29|185
45.16322326660156|29|186
48.80564498901367|29|187
69.30708312988281|29|188
66.522705078125|29|189
45.88924789428711|29|190
35.53050994873047|29|191
37.80965042114258|29|192
39.98037338256836|29|193
40.3747673034668|29|194
40.04119873046875|29|195
39.39748764038086|29|196
40.2821044921875|29|197
38.59182357788086|29|198
35.652259826660156|29|199
34.65599822998047|29|200
35.69963073730469|29|201
37.15901565551758|29|202
33.455257415771484|29|203
25.115650177001953|14|204
15.953612327575684|14|205
8.323058128356934|33|206
11.263043403625488|29|207
11.115517616271973|29|208
10.49415397644043|29|209
9.946578025817871|29|210
9.286449432373047|29|211
9.474506378173828|29|212
9.747928619384766|29|213
10.980186462402344|29|214
12.804759979248047|29|215
13.24833869934082|29|216
11.393515586853027|29|217
16.758668899536133|24|218
42.954444885253906|24|219
53.06396484375|24|220
51.965545654296875|24|221
51.70222473144531|24|222
49.852210998535156|24|223
47.4981803894043|24|224
47.423255920410156|24|225
45.864906311035156|24|226
43.546749114990234|24|227
41.497440338134766|24|228
38.56529235839844|24|229
36.397579193115234|24|230
37.49314880371094|24|231
40.06664276123047|24|232
41.15660095214844|24|233
42.299400329589844|24|234
41.90464401245117|24|235
37.01932144165039|24|236
32.67294692993164|24|237
46.07050704956055|59|238
87.38684844970703|58|239
88.43082427978516|57|240
106.33708190917969|57|241
92.20977783203125|58|242
92.300537109375|99|243
112.6568374633789|65|244
123.87928009033203|162|245
102.43085479736328|96|246
92.4383544921875|97|247
103.36709594726562|196|248
79.15579223632812|33|249
87.16614532470703|33|250
134.0654754638672|72|251
166.16265869140625|73|252
167.49169921875|109|253
154.8782196044922|110|254
150.2319793701172|110|255
161.0330810546875|108|256
192.6806640625|108|257
133.88633728027344|108|258
80.76768493652344|22|259
74.80770874023438|22|260
66.63785552978516|37|261
57.35757827758789|22|262
54.79177474975586|22|263
56.81867599487305|22|264
58.14466857910156|22|265
57.292747497558594|22|266
56.616825103759766|22|267
54.676124572753906|22|268
99.36133575439453|32|269
168.1259002685547|33|270
159.0370330810547|33|271
120.34916687011719|32|272
93.53185272216797|32|273
88.04251098632812|32|274
115.84880828857422|32|275
114.36263275146484|32|276
95.31986999511719|36|277
140.22006225585938|37|278
131.08624267578125|37|279
125.99903106689453|72|280
191.34169006347656|72|281
202.52914428710938|73|282
208.84011840820312|73|283
173.74972534179688|72|284
155.89047241210938|72|285
116.39423370361328|73|286
93.95285034179688|36|287
57.65658950805664|43|288
56.935081481933594|43|289
54.17689895629883|43|290
51.61735153198242|22|291
52.30198287963867|22|292
51.33168411254883|22|293
51.38309097290039|22|294
50.553855895996094|22|295
133.43902587890625|66|296
200.49209594726562|65|297
190.51112365722656|64|298
143.3896026611328|64|299
181.0728759765625|65|300
123.91712951660156|65|301
57.626678466796875|43|302
50.38240432739258|22|303
54.22931671142578|22|304
133.17503356933594|76|305
138.59832763671875|76|306
71.9830093383789|109|307
113.85528564453125|175|308
88.31626892089844|183|309
148.16014099121094|183|310
121.36453247070312|182|311
104.82133483886719|181|312
91.71287536621094|36|313
133.62718200683594|36|314
156.0222930908203|37|315
175.05734252929688|37|316
178.43377685546875|37|317
168.21380615234375|36|318
191.32791137695312|36|319
190.65097045898438|36|320
134.223388671875|37|321
190.48013305664062|73|322
215.6963348388672|72|323
202.449462890625|73|324
163.4226837158203|77|325
270.5862731933594|78|326
254.48287963867188|77|327
284.1571044921875|77|328
261.1676025390625|77|329
248.72186279296875|77|330
215.15150451660156|77|331
185.1753387451172|76|332
123.01785278320312|77|333
125.50030517578125|116|334
149.4462432861328|116|335
105.55228424072266|76|336
62.6005973815918|35|337
53.018775939941406|34|338
32.177093505859375|29|339
33.09054183959961|10|340
36.022708892822266|10|341
59.92158126831055|65|342
150.2662353515625|65|343
130.28765869140625|65|344
115.73600006103516|160|345
96.28760528564453|161|346
120.90786743164062|164|347
120.48226165771484|164|348
85.50568389892578|161|349
89.43074798583984|32|350
90.68985748291016|32|351
92.9622802734375|32|352
91.2762222290039|33|353
104.75077056884766|33|354
122.1965560913086|66|355
152.3309326171875|65|356
159.1846160888672|65|357
142.78082275390625|65|358
128.430908203125|64|359
114.63858032226562|64|360
116.13105010986328|32|361
112.92784118652344|32|362
106.51761627197266|32|363
103.95478820800781|33|364
109.51128387451172|33|365
72.5504379272461|32|366
58.039756774902344|22|367
57.921173095703125|22|368
53.13969039916992|21|369
52.036685943603516|22|370
47.90681457519531|22|371
46.80138397216797|22|372
51.006492614746094|33|373
115.29998016357422|33|374
121.7907485961914|33|375
84.87556457519531|31|376
76.42951965332031|31|377
98.23584747314453|33|378
114.92726135253906|32|379
108.12883758544922|31|380
141.014892578125|29|381
146.60560607910156|29|382
137.30050659179688|29|383
147.7890167236328|29|384
152.66468811035156|29|385
124.6332015991211|29|386
96.75711822509766|28|387
99.83314514160156|29|388
100.57359313964844|30|389
87.11813354492188|29|390
76.80980682373047|29|391
60.47114562988281|28|392
50.21815872192383|29|393
46.0131721496582|22|394
47.22304153442383|22|395
47.221641540527344|22|396
46.16810607910156|21|397
45.96323776245117|22|398
48.35072326660156|22|399
51.39103317260742|22|400
50.34600067138672|22|401
46.745826721191406|22|402
43.76533126831055|22|403
42.72202682495117|22|404
43.748661041259766|22|405
44.84648513793945|22|406
46.146053314208984|22|407
48.662574768066406|22|408
51.228851318359375|22|409
52.42851638793945|22|410
47.4630126953125|21|411
36.84908676147461|21|412
29.442949295043945|20|413
17.221500396728516|36|414
12.245413780212402|36|415
11.952001571655273|36|416
10.97383975982666|36|417
10.48261547088623|36|418
10.599833488464355|36|419
10.229870796203613|36|420
10.292611122131348|36|421
10.722729682922363|36|422
10.655771255493164|36|423
9.369693756103516|21|424
27.610069274902344|24|425
60.675048828125|24|426
70.32760620117188|24|427
69.76095581054688|12|428
69.92719268798828|12|429
69.30404663085938|12|430
66.78652954101562|12|431
66.50800323486328|12|432
68.2244644165039|12|433
68.19444274902344|12|434
66.76963806152344|12|435
65.44181823730469|12|436
63.156978607177734|12|437
63.75492858886719|12|438
66.24452209472656|12|439
67.00726318359375|12|440
67.27330780029297|12|441
66.99920654296875|12|442
66.31402587890625|12|443
58.58567428588867|12|444
73.57380676269531|58|445
108.90013885498047|58|446
94.48310852050781|58|447
79.86880493164062|58|448
70.53318786621094|58|449
79.51014709472656|88|450
88.14617156982422|88|451
62.2424201965332|197|452
86.1019515991211|80|453
112.41861724853516|85|454
86.6988754272461|86|455
32.35976791381836|37|456
63.19581604003906|37|457
101.96369171142578|39|458
141.9100341796875|39|459
107.07661437988281|38|460
107.65928649902344|228|461
94.877197265625|38|462
116.74854278564453|39|463
137.0034942626953|39|464
139.7333984375|39|465
132.03842163085938|38|466
91.19568634033203|37|467
60.150638580322266|22|468
59.01567840576172|22|469
59.424774169921875|22|470
58.190948486328125|22|471
57.968727111816406|22|472
58.06477355957031|22|473
56.7371711730957|22|474
56.99962615966797|22|475
92.3220443725586|39|476
132.81964111328125|39|477
100.93821716308594|77|478
108.6656494140625|76|479
94.03086853027344|38|480
117.136962890625|38|481
122.50489807128906|37|482
133.7664031982422|36|483
175.37179565429688|37|484
148.24192810058594|37|485
150.03634643554688|72|486
133.443359375|72|487
137.0567169189453|73|488
139.44029235839844|73|489
137.74411010742188|73|490
139.92372131347656|73|491
143.52133178710938|110|492
145.65086364746094|110|493
165.5763702392578|110|494
179.80081176757812|109|495
132.19464111328125|36|496
87.54783630371094|36|497
52.302486419677734|22|498
51.87812423706055|22|499
76.32927703857422|35|500
136.00987243652344|36|501
125.1724853515625|72|502
108.83052825927734|68|503
130.87606811523438|65|504
119.72886657714844|65|505
137.6685028076172|65|506
149.66571044921875|65|507
97.1221923828125|65|508
81.00546264648438|58|509
131.58876037597656|56|510
162.13906860351562|56|511
175.9044952392578|57|512
185.8297576904297|58|513
120.68287658691406|58|514
77.89570617675781|28|515
113.46405029296875|58|516
155.30455017089844|58|517
124.08099365234375|58|518
101.21483612060547|29|519
98.81977081298828|29|520
56.102542877197266|29|521
22.05342674255371|22|522
21.032913208007812|22|523
18.162904739379883|22|524
17.850971221923828|22|525
17.151033401489258|22|526
16.34983253479004|22|527
19.867321014404297|29|528
92.42809295654297|29|529
167.83560180664062|58|530
208.62030029296875|58|531
171.78900146484375|58|532
178.99932861328125|58|533
197.5212860107422|58|534
181.61241149902344|58|535
134.48887634277344|57|536
56.624149322509766|57|537
24.450681686401367|57|538
25.281673431396484|9|539
33.707489013671875|28|540
88.96467590332031|29|541
121.90050506591797|29|542
76.30931854248047|29|543
30.02963638305664|29|544
21.18041229248047|29|545
20.515790939331055|9|546
35.895992279052734|29|547
118.05333709716797|60|548
162.42987060546875|59|549
172.771728515625|86|550
181.56158447265625|86|551
140.089599609375|88|552
184.4799346923828|89|553
118.97801208496094|86|554
143.64491271972656|86|555
155.0266571044922|57|556
97.46370697021484|57|557
35.07806396484375|28|558
27.39547348022461|26|559
53.65027618408203|28|560
109.33921813964844|29|561
124.72357177734375|29|562
62.96184158325195|29|563
19.967952728271484|25|564
15.493309020996094|49|565
12.813101768493652|49|566
25.50848388671875|18|567
62.305397033691406|32|568
109.87089538574219|33|569
147.98179626464844|66|570
86.90851593017578|66|571
51.071693420410156|95|572
41.704612731933594|37|573
91.53372955322266|182|574
123.13330078125|182|575
91.42766571044922|73|576
109.83809661865234|35|577
129.732177734375|35|578
108.28008270263672|34|579
66.92034912109375|36|580
108.27881622314453|37|581
103.50249481201172|37|582
70.30455780029297|36|583
84.36210632324219|252|584
83.98904418945312|253|585
91.4211196899414|255|586
106.08003234863281|256|587
96.50179290771484|257|588
88.93960571289062|256|589
98.37318420410156|256|590
88.74778747558594|36|591
79.20191192626953|36|592
60.080718994140625|34|593
71.9901351928711|33|594
87.41434478759766|32|595
83.75492858886719|32|596
64.47367858886719|32|597
41.70688247680664|32|598
41.33393859863281|29|599
41.420928955078125|29|600
40.35565948486328|29|601
40.20275115966797|29|602
39.312721252441406|29|603
39.573768615722656|29|604
38.81524658203125|29|605
37.92216873168945|29|606
39.246665954589844|29|607
38.47172927856445|29|608
37.22867202758789|29|609
37.22645950317383|29|610
37.659847259521484|29|611
34.666446685791016|29|612
33.2824592590332|29|613
34.59110641479492|29|614
33.020782470703125|29|615
29.543853759765625|29|616
26.795778274536133|14|617
21.33373260498047|207|618
20.225894927978516|207|619
10.540786743164062|36|620
10.980981826782227|36|621
9.896414756774902|36|622
9.385303497314453|29|623
10.26993179321289|29|624
10.680925369262695|36|625
12.891654968261719|36|626
12.286847114562988|36|627
11.546895980834961|36|628
11.247533798217773|29|629
9.986194610595703|29|630
13.177149772644043|23|631
33.382423400878906|24|632
63.434059143066406|16|633
81.86024475097656|16|634
83.75276947021484|16|635
80.44120025634766|16|636
76.81621551513672|16|637
73.86827850341797|16|638
71.89173889160156|16|639
70.9305648803711|16|640
69.0689468383789|16|641
66.90267944335938|16|642
65.65105438232422|16|643
61.99798583984375|16|644
74.36153411865234|39|645
87.19624328613281|38|646
76.58519744873047|20|647
95.36882781982422|20|648
132.52880859375|21|649
144.5396728515625|22|650
115.38491821289062|21|651
71.69160461425781|20|652
83.35193634033203|38|653
57.94565963745117|39|654
47.49092483520508|58|655
60.71346664428711|58|656
125.80094146728516|66|657
201.36143493652344|65|658
180.9274139404297|97|659
177.9714813232422|98|660
153.3201904296875|99|661
163.342041015625|104|662
187.54360961914062|109|663
250.88536071777344|109|664
192.78018188476562|108|665
245.03746032714844|107|666
200.20997619628906|110|667
241.75726318359375|112|668
220.5576171875|112|669
170.04490661621094|109|670
207.94786071777344|108|671
157.30313110351562|108|672
138.3632354736328|109|673
150.5244140625|110|674
152.13165283203125|73|675
152.49423217773438|73|676
135.6635284423828|73|677
107.6729736328125|73|678
99.78889465332031|36|679
95.08698272705078|35|680
130.7323760986328|34|681
142.43052673339844|34|682
139.91651916503906|35|683
150.32965087890625|36|684
145.33349609375|36|685
80.29893493652344|34|686
91.41828918457031|33|687
93.12881469726562|33|688
102.50255584716797|32|689
82.82195281982422|31|690
102.02537536621094|29|691
120.03659057617188|29|692
125.95404052734375|29|693
121.73992919921875|29|694
117.56588745117188|29|695
118.5491714477539|29|696
117.02495574951172|29|697
98.75703430175781|29|698
70.52638244628906|28|699
54.074825286865234|22|700
52.314483642578125|22|701
52.5804443359375|22|702
53.92169952392578|22|703
52.4760627746582|22|704
50.36931610107422|22|705
50.06744384765625|22|706
49.080387115478516|22|707
47.366241455078125|22|708
47.49332809448242|22|709
94.74845123291016|28|710
159.50738525390625|29|711
173.6066436767578|29|712
146.3143310546875|29|713
146.10293579101562|29|714
159.76393127441406|29|715
180.78660583496094|29|716
166.15403747558594|29|717
146.03842163085938|29|718
140.54119873046875|29|719
136.4134063720703|29|720
130.1963348388672|29|721
105.98899841308594|28|722
74.67701721191406|28|723
37.08652877807617|28|724
19.316877365112305|22|725
19.535518646240234|22|726
18.56744956970215|22|727
18.427610397338867|22|728
18.640960693359375|22|729
18.79465675354004|22|730
18.30609130859375|22|731
17.4366455078125|22|732
17.995248794555664|22|733
15.855147361755371|21|734
36.140602111816406|32|735
107.6795425415039|33|736
141.9849090576172|33|737
114.39518737792969|32|738
98.06151580810547|32|739
98.65396118164062|32|740
114.53640747070312|65|741
87.41837310791016|32|742
97.11559295654297|56|743
124.01004028320312|56|744
101.61473083496094|28|745
123.69625854492188|29|746
125.56902313232422|29|747
121.4986801147461|29|748
119.92997741699219|29|749
120.3647689819336|29|750
116.79072570800781|29|751
117.6584243774414|29|752
130.6327667236328|29|753
144.51242065429688|29|754
160.71484375|29|755
133.07931518554688|57|756
106.55390930175781|58|757
101.01551818847656|29|758
69.46249389648438|27|759
53.355167388916016|27|760
55.41694641113281|27|761
52.150665283203125|27|762
35.66901397705078|27|763
35.056644439697266|11|764
39.449546813964844|11|765
42.25341796875|11|766
43.34883499145508|11|767
45.14491271972656|11|768
49.37886047363281|24|769
53.695770263671875|25|770
81.3996810913086|26|771
113.3284683227539|28|772
160.6393585205078|29|773
177.46920776367188|29|774
175.9008331298828|29|775
180.62869262695312|29|776
151.69578552246094|29|777
127.98602294921875|30|778
122.23497772216797|29|779
111.91862487792969|29|780
96.86335754394531|28|781
73.5716781616211|28|782
63.44432830810547|29|783
57.17546463012695|29|784
40.388816833496094|29|785
36.17332077026367|11|786
33.00355911254883|11|787
32.0452766418457|36|788
30.717992782592773|37|789
33.02292251586914|29|790
34.24173355102539|29|791
36.85697555541992|29|792
45.23085021972656|29|793
55.16484451293945|29|794
61.931121826171875|29|795
59.6950569152832|29|796
54.925262451171875|29|797
54.5300407409668|29|798
53.14642333984375|29|799
46.97709655761719|29|800
41.171512603759766|29|801
38.52373504638672|29|802
38.9958381652832|29|803
39.28788375854492|29|804
37.67549133300781|29|805
36.61980056762695|36|806
38.803627014160156|36|807
40.313838958740234|36|808
40.851707458496094|36|809
40.30242919921875|36|810
38.83291244506836|36|811
40.29197692871094|29|812
40.61090850830078|29|813
40.5395622253418|29|814
40.58531188964844|29|815
40.837215423583984|29|816
41.031307220458984|29|817
40.00433349609375|29|818
37.35821533203125|29|819
35.51057052612305|29|820
34.85586929321289|29|821
33.196678161621094|29|822
31.56949806213379|29|823
32.957759857177734|29|824
33.644554138183594|29|825
32.73395538330078|29|826
34.17681121826172|29|827
33.67302703857422|29|828
24.448200225830078|28|829
17.193422317504883|35|830
7.3680500984191895|34|831
4.394312381744385|18|832
3.66341495513916|18|833
3.5097217559814453|36|834
4.021474361419678|36|835
4.427592754364014|36|836
4.870976448059082|37|837
93.90556335449219|14|838
274.27435302734375|12|839
481.1985778808594|7|840
692.4688720703125|6|841
641.5239868164062|6|842
547.6396484375|5|843
365.7013854980469|4|844
279.2487487792969|5|845
222.1475372314453|6|846
206.7371368408203|6|847
221.87315368652344|6|848
231.64642333984375|6|849
242.37086486816406|6|850
246.3981475830078|6|851
245.6170196533203|6|852
244.36849975585938|6|853
247.6257781982422|6|854
250.62062072753906|6|855
251.3240509033203|6|856
256.55706787109375|6|857
260.12200927734375|6|858
256.289794921875|6|859
255.85206604003906|6|860
259.1456298828125|6|861
258.8391418457031|6|862
254.54495239257812|6|863
237.39501953125|6|864
214.826416015625|6|865
208.65257263183594|6|866
217.89369201660156|6|867
232.07888793945312|6|868
245.69021606445312|6|869
249.46449279785156|6|870
248.3214111328125|6|871
247.12277221679688|6|872
245.35910034179688|6|873
246.42919921875|6|874
247.49148559570312|6|875
248.4485626220703|6|876
245.06637573242188|6|877
218.1270294189453|5|878
228.22796630859375|5|879
223.49769592285156|5|880
226.5621795654297|5|881
226.12864685058594|5|882
223.049560546875|5|883
220.6009521484375|5|884
220.41995239257812|5|885
224.40591430664062|5|886
226.01605224609375|5|887
226.261962890625|5|888
227.2691650390625|5|889
226.9376983642578|5|890
221.6036834716797|5|891
219.19158935546875|5|892
219.0301055908203|5|893
224.13267517089844|5|894
223.9087371826172|5|895
221.3083953857422|5|896
223.6975860595703|5|897
219.64242553710938|5|898
221.44027709960938|5|899
222.51522827148438|5|900
220.3755340576172|5|901
212.14309692382812|5|902
186.08956909179688|13|903
278.9211120605469|9|904
489.59515380859375|7|905
617.072998046875|6|906
642.4686889648438|5|907
640.653564453125|5|908
449.3858337402344|5|909
291.185791015625|5|910
213.37689208984375|5|911
193.27291870117188|5|912
196.64466857910156|5|913
200.90589904785156|5|914
201.23458862304688|5|915
185.35459899902344|5|916
171.0894775390625|5|917
181.11178588867188|5|918
197.70787048339844|5|919
208.0955810546875|5|920
212.69190979003906|5|921
209.32217407226562|5|922
202.71212768554688|5|923
206.6923828125|5|924
212.67137145996094|5|925
217.6675567626953|5|926
218.26475524902344|5|927
220.80726623535156|5|928
219.6197967529297|5|929
215.2910919189453|5|930
217.0382843017578|5|931
219.4287109375|5|932
217.9898223876953|5|933
219.6557159423828|5|934
221.09292602539062|5|935
222.78782653808594|5|936
221.15040588378906|5|937
222.96478271484375|5|938
223.3212127685547|5|939
221.84423828125|5|940
200.71478271484375|5|941
189.32293701171875|12|942
311.4783630371094|7|943
525.923583984375|6|944
527.3860473632812|6|945
428.533447265625|5|946
362.9952392578125|5|947
184.97396850585938|4|948
168.0394744873047|65|949
175.9937286376953|5|950
206.18667602539062|5|951
214.35826110839844|5|952
220.43792724609375|5|953
226.42437744140625|5|954
232.4110565185547|5|955
237.3824462890625|5|956
238.83705139160156|5|957
239.93881225585938|5|958
240.8657989501953|5|959
233.57395935058594|5|960
229.8500518798828|5|961
234.1806182861328|5|962
239.6977081298828|5|963
236.8934783935547|5|964
232.0615692138672|5|965
239.53814697265625|5|966
233.61610412597656|5|967
207.7966766357422|5|968
197.0521697998047|5|969
210.8094940185547|5|970
232.43093872070312|5|971
247.38314819335938|5|972
247.59811401367188|5|973
239.8882293701172|5|974
232.40884399414062|5|975
232.24366760253906|5|976
238.7798309326172|5|977
241.32493591308594|5|978
244.06678771972656|5|979
244.51605224609375|5|980
208.5402069091797|5|981
230.31027221679688|4|982
217.92410278320312|4|983
217.26629638671875|4|984
219.81285095214844|4|985
218.77703857421875|4|986
218.2425079345703|4|987
221.25357055664062|4|988
223.78680419921875|4|989
223.3478240966797|4|990
222.32579040527344|4|991
223.44944763183594|4|992
220.71240234375|4|993
219.5238037109375|4|994
216.00099182128906|4|995
210.21060180664062|4|996
214.09765625|4|997
221.36122131347656|4|998
225.16966247558594|97|999
217.7833709716797|4|1000
214.24440002441406|4|1001
217.35511779785156|83|1002
211.5558624267578|4|1003
245.6068878173828|86|1004
262.9146423339844|86|1005
196.47698974609375|4|1006
246.16390991210938|12|1007
425.9275207519531|7|1008
567.3025512695312|6|1009
498.7100830078125|6|1010
495.38275146484375|5|1011
453.2295227050781|4|1012
358.2638854980469|4|1013
191.86227416992188|4|1014
172.39724731445312|4|1015
189.3844757080078|4|1016
197.63124084472656|4|1017
201.9356231689453|4|1018
192.33135986328125|4|1019
183.73336791992188|4|1020
186.59303283691406|4|1021
198.2998809814453|4|1022
207.2489776611328|4|1023
209.82107543945312|4|1024
213.932861328125|4|1025
216.39892578125|4|1026
211.82772827148438|4|1027
214.54534912109375|4|1028
218.3000030517578|4|1029
218.2775421142578|4|1030
217.3976593017578|4|1031
195.63133239746094|4|1032
295.8783874511719|11|1033
511.8221435546875|7|1034
657.53955078125|6|1035
599.7604370117188|5|1036
533.3912963867188|5|1037
357.93243408203125|5|1038
275.1781311035156|4|1039
231.55235290527344|4|1040
198.29290771484375|4|1041
195.72369384765625|4|1042
201.80996704101562|4|1043
206.4136962890625|4|1044
172.61746215820312|4|1045
324.21929931640625|12|1046
474.27191162109375|7|1047
548.7130126953125|6|1048
524.609130859375|5|1049
574.2385864257812|5|1050
429.3371276855469|5|1051
195.9409942626953|6|1052
185.36082458496094|6|1053
215.70233154296875|6|1054
222.36050415039062|6|1055
229.58084106445312|6|1056
232.7270050048828|6|1057
240.0419464111328|6|1058
247.51287841796875|6|1059
247.2825469970703|6|1060
247.78939819335938|6|1061
251.74835205078125|6|1062
253.49249267578125|6|1063
252.94671630859375|6|1064
254.8957061767578|6|1065
257.0514221191406|6|1066
257.2010498046875|6|1067
256.18804931640625|6|1068
250.29104614257812|6|1069
241.1143798828125|6|1070
216.63587951660156|6|1071
192.11631774902344|6|1072
204.6265411376953|6|1073
227.5032196044922|6|1074
236.1427764892578|6|1075
238.17127990722656|6|1076
238.92263793945312|6|1077
238.75355529785156|6|1078
243.18165588378906|6|1079
248.3685302734375|6|1080
246.5410919189453|6|1081
245.4671173095703|6|1082
248.26783752441406|6|1083
234.2515106201172|6|1084
226.2317657470703|5|1085
218.5794219970703|5|1086
218.9047088623047|5|1087
221.3458251953125|5|1088
217.01727294921875|5|1089
215.55078125|5|1090
216.73712158203125|5|1091
216.3736572265625|5|1092
218.1576385498047|5|1093
217.42100524902344|5|1094
219.69635009765625|5|1095
226.76934814453125|5|1096
227.4909210205078|5|1097
218.25148010253906|5|1098
217.91342163085938|5|1099
221.15406799316406|5|1100
223.1198272705078|5|1101
224.20590209960938|5|1102
220.82058715820312|5|1103
217.79043579101562|5|1104
221.2774658203125|5|1105
224.57244873046875|5|1106
223.399658203125|5|1107
222.97122192382812|5|1108
211.16648864746094|5|1109
195.51341247558594|12|1110
339.3539733886719|8|1111
549.2575073242188|6|1112
566.7222900390625|6|1113
448.0464782714844|5|1114
360.9683837890625|5|1115
183.33384704589844|5|1116
106.81996154785156|5|1117
153.75222778320312|5|1118
181.250244140625|5|1119
189.15411376953125|5|1120
197.48316955566406|5|1121
205.84288024902344|5|1122
194.9176483154297|5|1123
182.70294189453125|5|1124
197.87490844726562|5|1125
214.68228149414062|5|1126
216.56842041015625|5|1127
214.33277893066406|5|1128
204.44749450683594|5|1129
206.2454376220703|5|1130
212.0689239501953|5|1131
214.57579040527344|5|1132
213.1550750732422|5|1133
212.29043579101562|5|1134
214.64967346191406|5|1135
219.69789123535156|5|1136
219.65301513671875|5|1137
218.1786346435547|5|1138
223.58700561523438|5|1139
222.33729553222656|5|1140
218.08770751953125|5|1141
216.54615783691406|5|1142
221.30239868164062|5|1143
219.8301544189453|5|1144
219.46836853027344|5|1145
221.1468048095703|5|1146
216.8489227294922|5|1147
202.08900451660156|5|1148
204.96188354492188|11|1149
386.7890319824219|7|1150
534.2589721679688|6|1151
529.0094604492188|5|1152
541.7239990234375|5|1153
426.34661865234375|5|1154
301.2831115722656|4|1155
228.4073486328125|5|1156
198.25997924804688|5|1157
198.95155334472656|5|1158
207.13421630859375|5|1159
213.1710662841797|5|1160
213.1109161376953|5|1161
219.6966552734375|5|1162
232.96624755859375|5|1163
238.5700225830078|5|1164
235.15802001953125|5|1165
233.68011474609375|5|1166
234.79766845703125|5|1167
235.99427795410156|5|1168
238.4117431640625|5|1169
240.60595703125|5|1170
239.521484375|5|1171
236.7289276123047|5|1172
238.67503356933594|5|1173
233.52737426757812|5|1174
216.59519958496094|5|1175
218.53631591796875|5|1176
238.82403564453125|5|1177
243.15237426757812|5|1178
239.61322021484375|5|1179
240.80613708496094|5|1180
239.21165466308594|5|1181
242.03814697265625|5|1182
245.71205139160156|5|1183
243.9905548095703|5|1184
245.04034423828125|5|1185
246.98219299316406|5|1186
239.74090576171875|5|1187
210.0808563232422|4|1188
226.79823303222656|4|1189
217.2266845703125|4|1190
219.3871612548828|4|1191
220.08236694335938|4|1192
219.20045471191406|4|1193
220.15420532226562|4|1194
220.84922790527344|4|1195
222.3297119140625|4|1196
223.23773193359375|4|1197
224.59231567382812|4|1198
222.68824768066406|4|1199
219.77354431152344|4|1200
222.6604461669922|4|1201
222.35693359375|4|1202
243.89939880371094|96|1203
232.2216033935547|96|1204
219.13661193847656|4|1205
217.989013671875|4|1206
219.85159301757812|4|1207
223.05560302734375|4|1208
223.39158630371094|4|1209
236.38128662109375|88|1210
249.8946075439453|87|1211
250.70709228515625|86|1212
188.33233642578125|4|1213
276.5627746582031|11|1214
453.6514587402344|7|1215
585.8729858398438|6|1216
547.9639282226562|5|1217
480.715087890625|5|1218
298.96270751953125|5|1219
199.0565643310547|4|1220
206.70852661132812|4|1221
189.77638244628906|4|1222
191.05838012695312|4|1223
198.53013610839844|4|1224
202.36474609375|4|1225
199.7686004638672|4|1226
195.31275939941406|4|1227
187.60244750976562|4|1228
193.5910186767578|4|1229
204.67535400390625|4|1230
211.19000244140625|4|1231
214.74530029296875|4|1232
215.58724975585938|4|1233
214.53369140625|4|1234
218.3080291748047|4|1235
224.8486785888672|4|1236
220.39866638183594|4|1237
207.3164825439453|4|1238
188.7713165283203|11|1239
297.25103759765625|7|1240
531.3117065429688|6|1241
622.0654296875|6|1242
566.4388427734375|5|1243
550.5228271484375|5|1244
367.6691589355469|4|1245
163.84715270996094|3|1246
144.093505859375|3|1247
181.02072143554688|4|1248
190.41900634765625|4|1249
197.9471893310547|4|1250
201.98150634765625|4|1251
199.37774658203125|11|1252
366.718017578125|7|1253
578.81591796875|6|1254
663.3140869140625|6|1255
604.7216796875|5|1256
474.4873962402344|5|1257
300.8837585449219|4|1258
192.92247009277344|5|1259
205.31382751464844|6|1260
216.80186462402344|6|1261
230.9469757080078|6|1262
233.4815673828125|6|1263
238.347900390625|6|1264
244.4131317138672|6|1265
246.98291015625|6|1266
247.41314697265625|6|1267
247.58517456054688|6|1268
248.85958862304688|6|1269
250.69212341308594|6|1270
251.4595184326172|6|1271
252.23202514648438|6|1272
253.8133544921875|6|1273
256.59124755859375|6|1274
257.9270935058594|6|1275
255.72906494140625|6|1276
245.49644470214844|6|1277
220.82412719726562|6|1278
209.8919677734375|6|1279
222.64039611816406|6|1280
232.27212524414062|6|1281
238.8665771484375|6|1282
243.1730194091797|6|1283
242.85325622558594|6|1284
245.670166015625|6|1285
249.60772705078125|6|1286
251.20884704589844|6|1287
249.7843017578125|6|1288
248.8135528564453|6|1289
248.0166778564453|6|1290
211.60948181152344|6|1291
223.7842254638672|5|1292
216.450439453125|5|1293
218.03794860839844|5|1294
218.9661407470703|5|1295
220.5445098876953|5|1296
221.44125366210938|5|1297
220.03334045410156|5|1298
217.72979736328125|5|1299
220.40921020507812|5|1300
222.0426483154297|5|1301
220.83560180664062|5|1302
221.1080780029297|5|1303
220.1094970703125|5|1304
218.35275268554688|5|1305
219.36814880371094|5|1306
216.7384796142578|5|1307
217.89529418945312|5|1308
222.2634735107422|5|1309
223.5365753173828|5|1310
222.29409790039062|5|1311
226.3354949951172|5|1312
227.1792755126953|5|1313
223.7736053466797|5|1314
217.32025146484375|5|1315
192.09918212890625|5|1316
244.0941925048828|12|1317
423.7523193359375|7|1318
565.5977172851562|6|1319
571.749267578125|5|1320
623.3585815429688|5|1321
465.43609619140625|5|1322
362.5098571777344|4|1323
235.86337280273438|4|1324
180.9525146484375|5|1325
184.2437744140625|5|1326
189.14163208007812|5|1327
193.21661376953125|5|1328
185.81878662109375|5|1329
169.5685272216797|5|1330
168.12893676757812|5|1331
179.52879333496094|5|1332
189.8195037841797|5|1333
203.85594177246094|5|1334
214.12503051757812|5|1335
212.39529418945312|5|1336
208.60867309570312|5|1337
209.07891845703125|5|1338
214.06797790527344|5|1339
216.8245086669922|5|1340
214.27947998046875|5|1341
212.90194702148438|5|1342
215.76419067382812|5|1343
219.863037109375|5|1344
218.37777709960938|5|1345
213.83843994140625|5|1346
216.1412353515625|5|1347
221.18698120117188|5|1348
220.78768920898438|5|1349
220.83541870117188|5|1350
221.14381408691406|5|1351
220.4082794189453|5|1352
219.7931365966797|5|1353
218.4406280517578|5|1354
188.3565673828125|4|1355
238.78077697753906|11|1356
425.0330810546875|7|1357
529.00244140625|6|1358
460.6072998046875|6|1359
503.26007080078125|5|1360
362.74560546875|5|1361
186.88687133789062|5|1362
150.7790985107422|5|1363
190.9185028076172|5|1364
207.6455535888672|5|1365
213.71945190429688|5|1366
221.0363311767578|5|1367
226.8821563720703|5|1368
231.6177215576172|5|1369
237.0819549560547|5|1370
238.1957550048828|5|1371
242.18295288085938|5|1372
246.02975463867188|5|1373
246.8899383544922|5|1374
245.71221923828125|5|1375
245.24359130859375|5|1376
241.9833221435547|5|1377
242.7727508544922|5|1378
272.70306396484375|86|1379
273.1990966796875|86|1380
255.42764282226562|86|1381
278.2149658203125|87|1382
267.9914245605469|87|1383
222.88705444335938|5|1384
229.3206329345703|5|1385
234.8532257080078|5|1386
238.05392456054688|5|1387
239.623779296875|5|1388
238.8912353515625|5|1389
236.67311096191406|5|1390
237.34652709960938|5|1391
239.08729553222656|5|1392
240.12547302246094|5|1393
229.67739868164062|5|1394
219.81671142578125|4|1395
222.54171752929688|4|1396
207.06509399414062|4|1397
208.70196533203125|4|1398
211.4214630126953|4|1399
216.5047149658203|4|1400
218.77130126953125|4|1401
219.3458251953125|4|1402
218.9091339111328|4|1403
218.6091766357422|4|1404
222.2751007080078|4|1405
220.27346801757812|4|1406
215.11961364746094|4|1407
219.17103576660156|4|1408
221.95755004882812|4|1409
221.4390106201172|4|1410
222.1227569580078|4|1411
222.0287628173828|4|1412
218.4675750732422|4|1413
216.52183532714844|4|1414
219.70809936523438|4|1415
220.85023498535156|4|1416
216.11582946777344|4|1417
213.70025634765625|4|1418
206.17286682128906|4|1419
206.9755401611328|13|1420
317.4471740722656|7|1421
516.5613403320312|6|1422
567.6537475585938|6|1423
514.109375|5|1424
490.2928466796875|5|1425
381.47332763671875|4|1426
187.2147674560547|3|1427
157.4379119873047|3|1428
178.7674560546875|4|1429
189.9456024169922|4|1430
198.2812042236328|4|1431
199.9766387939453|4|1432
196.8368377685547|4|1433
192.58544921875|4|1434
191.224853515625|4|1435
203.99916076660156|4|1436
216.0915069580078|4|1437
214.24200439453125|4|1438
209.05560302734375|4|1439
216.43992614746094|4|1440
220.93492126464844|4|1441
219.9715576171875|4|1442
217.88150024414062|4|1443
219.38430786132812|4|1444
202.39324951171875|4|1445
238.28155517578125|13|1446
388.4417724609375|7|1447
606.5339965820312|6|1448
602.7400512695312|6|1449
557.1168212890625|5|1450
458.79498291015625|5|1451
392.2107849121094|4|1452
278.7484130859375|4|1453
194.98336791992188|4|1454
189.13113403320312|4|1455
194.56138610839844|4|1456
201.78012084960938|4|1457
188.9578094482422|4|1458
242.32225036621094|13|1459
426.2091369628906|7|1460
601.2837524414062|6|1461
570.4755859375|5|1462
528.717529296875|5|1463
376.1912536621094|5|1464
237.8797607421875|5|1465
160.12879943847656|5|1466
189.83641052246094|4|1467
206.1815643310547|4|1468
216.3904266357422|4|1469
224.60562133789062|4|1470
232.02304077148438|4|1471
235.23194885253906|4|1472
234.3714141845703|4|1473
236.44773864746094|4|1474
242.1910400390625|4|1475
245.89125061035156|4|1476
245.3261260986328|4|1477
242.2972412109375|4|1478
241.00379943847656|4|1479
243.26290893554688|4|1480
247.57815551757812|4|1481
249.80967712402344|4|1482
242.556884765625|4|1483
222.4754180908203|4|1484
202.51531982421875|4|1485
200.78492736816406|4|1486
214.53810119628906|4|1487
226.05194091796875|4|1488
230.26495361328125|4|1489
230.16873168945312|4|1490
240.07481384277344|110|1491
250.22950744628906|109|1492
263.2293395996094|108|1493
234.7041015625|4|1494
268.0591125488281|111|1495
230.24415588378906|4|1496
236.228271484375|4|1497
236.83071899414062|4|1498
213.60926818847656|4|1499
216.37205505371094|5|1500
217.02557373046875|5|1501
217.86761474609375|5|1502
215.91481018066406|5|1503
213.7029266357422|5|1504
217.010986328125|5|1505
221.68612670898438|5|1506
218.4083709716797|5|1507
215.973876953125|5|1508
220.78887939453125|5|1509
222.597412109375|5|1510
220.76914978027344|5|1511
217.65191650390625|5|1512
218.6772003173828|5|1513
219.50743103027344|5|1514
218.0960235595703|5|1515
216.45770263671875|5|1516
216.7785186767578|5|1517
219.80349731445312|5|1518
219.82891845703125|5|1519
216.42613220214844|5|1520
216.2736053466797|5|1521
217.6811981201172|5|1522
196.0933380126953|5|1523
266.16351318359375|11|1524
517.0171508789062|7|1525
641.90966796875|6|1526
622.5103759765625|5|1527
520.192138671875|5|1528
360.5212097167969|4|1529
273.57958984375|4|1530
209.8592529296875|4|1531
182.91903686523438|5|1532
196.0760955810547|5|1533
204.1616668701172|5|1534
204.3370361328125|5|1535
188.88064575195312|5|1536
170.6133270263672|5|1537
184.1121826171875|5|1538
203.96275329589844|5|1539
203.5828857421875|5|1540
206.9918670654297|5|1541
212.1439971923828|5|1542
217.23440551757812|5|1543
218.6669464111328|5|1544
217.41940307617188|5|1545
218.32891845703125|5|1546
218.28689575195312|5|1547
217.53729248046875|5|1548
216.4159393310547|5|1549
217.3666229248047|5|1550
218.61166381835938|5|1551
219.41209411621094|5|1552
218.2269744873047|5|1553
217.07504272460938|5|1554
220.72225952148438|5|1555
222.52174377441406|5|1556
222.76368713378906|5|1557
222.24685668945312|5|1558
221.97506713867188|5|1559
222.76210021972656|5|1560
219.04965209960938|5|1561
192.51828002929688|5|1562
288.1876220703125|8|1563
514.103515625|6|1564
544.3729858398438|6|1565
476.9171447753906|5|1566
469.6264953613281|5|1567
401.65460205078125|5|1568
263.8577880859375|5|1569
169.5035400390625|6|1570
185.77426147460938|5|1571
198.878173828125|5|1572
205.1758270263672|5|1573
207.49977111816406|5|1574
212.03591918945312|5|1575
214.6445770263672|5|1576
217.37913513183594|5|1577
220.79290771484375|5|1578
224.04701232910156|5|1579
226.2279815673828|5|1580
224.48318481445312|5|1581
223.47706604003906|5|1582
228.3014678955078|5|1583
229.5641326904297|5|1584
224.69956970214844|5|1585
222.52598571777344|5|1586
219.85214233398438|5|1587
194.5841827392578|5|1588
179.22166442871094|5|1589
191.41143798828125|5|1590
211.83648681640625|5|1591
219.87362670898438|5|1592
224.26063537597656|5|1593
225.44241333007812|5|1594
225.6936492919922|5|1595
225.95570373535156|5|1596
224.98963928222656|5|1597
225.84478759765625|5|1598
226.27174377441406|5|1599
227.41839599609375|5|1600
223.7135467529297|5|1601
201.6510009765625|4|1602
221.1972198486328|4|1603
225.81089782714844|4|1604
229.39854431152344|4|1605
224.36842346191406|4|1606
217.43643188476562|4|1607
217.08555603027344|4|1608
219.4736785888672|4|1609
222.1531524658203|4|1610
221.74559020996094|4|1611
222.19082641601562|4|1612
221.02426147460938|4|1613
208.56753540039062|4|1614
157.4163055419922|29|1615
149.99269104003906|29|1616
129.44358825683594|29|1617
100.50164031982422|29|1618
61.8470458984375|29|1619
38.39414978027344|28|1620
45.22111892700195|29|1621
51.22954177856445|29|1622
45.797706604003906|29|1623
44.01176834106445|29|1624
44.44023895263672|29|1625
37.324771881103516|29|1626
136.1584930419922|67|1627
166.84866333007812|58|1628
266.4527282714844|58|1629
215.26602172851562|58|1630
189.39056396484375|86|1631
175.19143676757812|87|1632
152.07211303710938|87|1633
177.4394073486328|58|1634
130.79933166503906|57|1635
79.57366180419922|27|1636
92.1911849975586|26|1637
70.15299224853516|26|1638
69.01226043701172|29|1639
124.86450958251953|36|1640
168.7659454345703|40|1641
149.5068817138672|41|1642
100.24993896484375|41|1643
87.14482879638672|43|1644
100.73319244384766|262|1645
96.27735137939453|44|1646
100.1951904296875|264|1647
102.74651336669922|262|1648
124.95377349853516|261|1649
108.33795928955078|43|1650
81.12354278564453|43|1651
36.39863586425781|29|1652
80.62876892089844|222|1653
128.66770935058594|89|1654
186.9057159423828|89|1655
133.8233184814453|88|1656
151.06649780273438|86|1657
189.20909118652344|86|1658
218.21279907226562|86|1659
217.52487182617188|86|1660
278.2420959472656|87|1661
291.1866455078125|87|1662
278.87213134765625|86|1663
177.07589721679688|87|1664
83.18453216552734|54|1665
133.73928833007812|6|1666
221.22763061523438|6|1667
258.7540588378906|6|1668
276.61663818359375|6|1669
282.54278564453125|6|1670
274.5790100097656|6|1671
265.8444519042969|6|1672
271.29998779296875|6|1673
282.4237060546875|6|1674
290.78411865234375|6|1675
292.29107666015625|6|1676
292.7047424316406|6|1677
292.7638244628906|6|1678
290.97259521484375|6|1679
291.09722900390625|6|1680
289.0295715332031|6|1681
288.5233154296875|6|1682
288.2961730957031|6|1683
292.2206115722656|6|1684
301.7958984375|6|1685
306.142822265625|6|1686
308.5255126953125|6|1687
316.8542785644531|6|1688
320.0725402832031|6|1689
316.28680419921875|6|1690
293.1813049316406|6|1691
274.51129150390625|6|1692
284.9270324707031|6|1693
299.1690979003906|6|1694
312.7209777832031|6|1695
323.6001892089844|6|1696
332.2366638183594|6|1697
343.276611328125|6|1698
346.6768798828125|6|1699
348.4307556152344|6|1700
360.46734619140625|6|1701
369.8544616699219|6|1702
370.0975036621094|6|1703
330.4927673339844|6|1704
257.7400207519531|6|1705
266.71759033203125|5|1706
284.4646911621094|5|1707
288.55706787109375|5|1708
299.4033508300781|5|1709
306.552490234375|5|1710
302.8935852050781|5|1711
304.5790100097656|5|1712
307.2729187011719|5|1713
310.3603210449219|5|1714
311.3519287109375|5|1715
308.1219787597656|5|1716
309.4285888671875|5|1717
309.2347106933594|5|1718
319.8975524902344|5|1719
324.55841064453125|5|1720
314.94775390625|5|1721
306.61590576171875|5|1722
311.4554748535156|5|1723
307.8041076660156|5|1724
302.58233642578125|5|1725
305.8617858886719|5|1726
311.5566711425781|5|1727
313.3822021484375|5|1728
319.19403076171875|5|1729
326.058837890625|5|1730
324.6395263671875|5|1731
323.42803955078125|5|1732
319.29803466796875|5|1733
321.472412109375|5|1734
332.8069152832031|5|1735
334.85150146484375|5|1736
321.3882751464844|5|1737
314.94989013671875|5|1738
325.3607482910156|5|1739
330.48895263671875|5|1740
335.26239013671875|5|1741
327.9043273925781|5|1742
295.8985290527344|5|1743
270.5940246582031|5|1744
286.24835205078125|5|1745
301.0375671386719|5|1746
315.0627746582031|5|1747
318.681396484375|5|1748
327.8219909667969|5|1749
341.5349426269531|5|1750
344.98870849609375|5|1751
345.8536682128906|5|1752
344.53448486328125|5|1753
343.8663635253906|5|1754
334.6734313964844|5|1755
306.3598937988281|5|1756
296.3150329589844|5|1757
308.8175048828125|5|1758
313.2237548828125|5|1759
311.2105407714844|5|1760
306.7991943359375|5|1761
315.77752685546875|5|1762
313.8851623535156|5|1763
303.9118957519531|5|1764
312.87579345703125|5|1765
324.6775207519531|5|1766
328.376708984375|5|1767
315.9530334472656|5|1768
295.6167297363281|5|1769
283.53717041015625|5|1770
278.85858154296875|5|1771
285.2227478027344|5|1772
288.94781494140625|5|1773
290.7950134277344|5|1774
297.8526306152344|5|1775
300.7622985839844|5|1776
287.1852722167969|5|1777
274.84124755859375|5|1778
276.0137634277344|5|1779
278.7429504394531|5|1780
279.9573059082031|5|1781
281.0014343261719|5|1782
290.5400695800781|5|1783
304.3283996582031|5|1784
309.1672668457031|5|1785
311.6466064453125|5|1786
312.401611328125|5|1787
298.5359191894531|5|1788
280.0772705078125|5|1789
270.15472412109375|5|1790
275.37615966796875|5|1791
285.0045166015625|5|1792
287.3823547363281|5|1793
285.3772277832031|5|1794
263.4385681152344|5|1795
248.77719116210938|5|1796
259.7396545410156|5|1797
270.9676818847656|5|1798
269.6740417480469|5|1799
270.13165283203125|5|1800
273.6251220703125|5|1801
274.3468322753906|5|1802
278.9629211425781|5|1803
292.65447998046875|5|1804
307.8816223144531|5|1805
322.4765930175781|5|1806
322.6534423828125|5|1807
236.2861785888672|5|1808
223.9053497314453|4|1809
218.98593139648438|4|1810
229.2194366455078|4|1811
236.1017303466797|4|1812
238.65045166015625|4|1813
242.24072265625|4|1814
231.58627319335938|4|1815
227.26376342773438|4|1816
235.11795043945312|4|1817
240.5038604736328|4|1818
241.35580444335938|4|1819
218.13983154296875|4|1820
217.72105407714844|91|1821
219.5685577392578|4|1822
229.2228240966797|4|1823
227.2079620361328|4|1824
227.1083221435547|4|1825
227.41197204589844|4|1826
225.8345184326172|4|1827
229.8884735107422|4|1828
238.98336791992188|4|1829
249.24478149414062|4|1830
254.56654357910156|4|1831
248.57456970214844|4|1832
251.30828857421875|4|1833
238.3274688720703|4|1834
224.9828643798828|4|1835
228.80238342285156|4|1836
236.76589965820312|4|1837
241.77740478515625|4|1838
234.8980712890625|4|1839
225.21194458007812|4|1840
231.9391632080078|4|1841
248.65724182128906|4|1842
253.73776245117188|4|1843
254.12582397460938|4|1844
247.4077606201172|4|1845
232.58432006835938|4|1846
213.07568359375|4|1847
209.27420043945312|4|1848
222.74118041992188|4|1849
232.27685546875|4|1850
226.96597290039062|4|1851
228.88243103027344|4|1852
231.20799255371094|4|1853
237.34259033203125|4|1854
244.07652282714844|4|1855
249.37945556640625|4|1856
255.9573516845703|4|1857
252.4387969970703|4|1858
244.94810485839844|4|1859
241.10824584960938|4|1860
231.7638397216797|4|1861
266.1136779785156|87|1862
276.216796875|87|1863
242.56411743164062|87|1864
248.99105834960938|4|1865
249.73699951171875|4|1866
240.9796142578125|4|1867
236.397216796875|4|1868
237.0283660888672|4|1869
236.51535034179688|4|1870
241.03970336914062|4|1871
250.6056365966797|4|1872
228.3798828125|5|1873
347.4824523925781|6|1874
385.70733642578125|6|1875
389.5722351074219|6|1876
382.69525146484375|6|1877
388.4837341308594|6|1878
395.8470458984375|6|1879
402.95245361328125|6|1880
405.5052795410156|6|1881
398.7669982910156|6|1882
395.2843017578125|6|1883
399.649658203125|6|1884
404.56341552734375|6|1885
413.6462707519531|6|1886
422.3171691894531|6|1887
417.7653503417969|6|1888
417.3796691894531|6|1889
429.6438293457031|6|1890
426.7597351074219|6|1891
413.864501953125|6|1892
416.7840576171875|6|1893
422.64324951171875|6|1894
424.3844909667969|6|1895
431.3770446777344|6|1896
433.2044982910156|6|1897
407.2074279785156|6|1898
375.806884765625|6|1899
381.2966003417969|6|1900
402.1289367675781|6|1901
413.7452697753906|6|1902
420.96136474609375|6|1903
425.69012451171875|6|1904
427.6667785644531|6|1905
427.5345764160156|6|1906
429.98114013671875|6|1907
433.209716796875|6|1908
429.717529296875|6|1909
424.9584655761719|6|1910
408.16729736328125|6|1911
338.9714660644531|6|1912
316.9044189453125|5|1913
311.7972412109375|5|1914
312.21868896484375|5|1915
331.96453857421875|5|1916
330.3208312988281|5|1917
314.3659362792969|5|1918
310.37310791015625|5|1919
325.9896545410156|5|1920
345.819091796875|5|1921
351.33294677734375|5|1922
355.51458740234375|5|1923
352.4983825683594|5|1924
344.8939514160156|5|1925
341.92657470703125|5|1926
339.94085693359375|5|1927
344.0869140625|5|1928
345.7668762207031|5|1929
341.3822326660156|5|1930
340.5498962402344|5|1931
344.1445007324219|5|1932
346.38775634765625|5|1933
343.8658142089844|5|1934
347.9381103515625|5|1935
352.3592529296875|5|1936
348.68450927734375|5|1937
353.2585754394531|5|1938
353.20916748046875|5|1939
350.28814697265625|5|1940
346.1372985839844|5|1941
346.6845703125|5|1942
345.64752197265625|5|1943
343.8438415527344|5|1944
345.9248962402344|5|1945
347.6773376464844|5|1946
346.1331787109375|5|1947
345.0323791503906|5|1948
316.6352844238281|5|1949
260.4880676269531|5|1950
271.85888671875|5|1951
321.3824462890625|5|1952
324.5293884277344|5|1953
311.511962890625|5|1954
304.91302490234375|5|1955
313.07257080078125|5|1956
316.7748718261719|5|1957
310.34564208984375|5|1958
303.1636047363281|5|1959
305.612060546875|5|1960
306.2437744140625|5|1961
301.3785705566406|5|1962
276.6670837402344|5|1963
272.689697265625|5|1964
296.1997375488281|5|1965
298.59515380859375|5|1966
286.7019958496094|5|1967
268.6096496582031|5|1968
269.04901123046875|5|1969
292.2714538574219|5|1970
304.3472595214844|5|1971
305.72088623046875|5|1972
312.4090576171875|5|1973
308.6559143066406|5|1974
289.28399658203125|5|1975
283.4688415527344|5|1976
291.3199157714844|5|1977
280.9932861328125|5|1978
271.4128112792969|5|1979
280.1873474121094|5|1980
293.2673034667969|5|1981
296.45703125|5|1982
298.7603759765625|5|1983
298.9727478027344|5|1984
297.0956115722656|5|1985
294.951904296875|5|1986
296.59857177734375|5|1987
296.7297058105469|5|1988
294.2300720214844|5|1989
287.046630859375|5|1990
290.03985595703125|5|1991
302.2086486816406|5|1992
314.4709167480469|5|1993
320.6164855957031|5|1994
307.1982116699219|5|1995
292.8831481933594|5|1996
301.50738525390625|5|1997
313.7940368652344|5|1998
315.7420654296875|5|1999
314.6731872558594|5|2000
273.4521179199219|5|2001
242.76817321777344|5|2002
262.9166564941406|5|2003
285.7411193847656|5|2004
291.86492919921875|5|2005
292.3385314941406|5|2006
293.4139404296875|5|2007
296.2246398925781|5|2008
306.861083984375|5|2009
309.0206298828125|5|2010
303.66278076171875|5|2011
289.8999328613281|5|2012
273.9349670410156|5|2013
275.52532958984375|5|2014
210.1704864501953|5|2015
226.9061279296875|4|2016
214.95555114746094|4|2017
219.9902801513672|4|2018
232.46719360351562|4|2019
237.17971801757812|4|2020
236.49813842773438|4|2021
231.48480224609375|4|2022
230.6852264404297|4|2023
230.3854217529297|4|2024
237.45791625976562|4|2025
245.0363006591797|4|2026
283.5172424316406|74|2027
312.3090515136719|73|2028
341.6885986328125|73|2029
317.06488037109375|73|2030
285.3145751953125|73|2031
262.67303466796875|73|2032
279.3236389160156|73|2033
290.21923828125|73|2034
261.9465637207031|73|2035
234.8083953857422|4|2036
246.7405242919922|4|2037
254.1595458984375|4|2038
255.27793884277344|4|2039
252.24851989746094|4|2040
228.4940185546875|4|2041
228.4336700439453|4|2042
245.1911163330078|4|2043
245.69720458984375|4|2044
244.5569305419922|4|2045
247.399169921875|4|2046
236.09495544433594|4|2047
238.40789794921875|4|2048
244.6396026611328|4|2049
242.22286987304688|4|2050
241.1678466796875|4|2051
239.48793029785156|4|2052
218.19976806640625|4|2053
202.09812927246094|4|2054
213.63851928710938|4|2055
218.40074157714844|4|2056
213.55520629882812|4|2057
216.3369598388672|4|2058
227.90745544433594|4|2059
231.7698211669922|4|2060
235.45669555664062|36|2061
229.7819061279297|36|2062
224.08206176757812|4|2063
231.48477172851562|4|2064
235.67596435546875|4|2065
230.412353515625|73|2066
329.7901306152344|73|2067
361.21600341796875|73|2068
306.8691711425781|73|2069
280.1302185058594|73|2070
304.70977783203125|73|2071
312.50775146484375|73|2072
309.5500793457031|73|2073
330.23919677734375|73|2074
301.5579833984375|73|2075
227.87388610839844|4|2076
240.7458953857422|4|2077
251.04934692382812|4|2078
268.3763732910156|4|2079
248.67933654785156|6|2080
372.08087158203125|6|2081
395.28692626953125|6|2082
393.9686279296875|6|2083
377.48919677734375|6|2084
378.164306640625|6|2085
389.4866943359375|6|2086
392.3398742675781|6|2087
396.4971618652344|6|2088
399.97698974609375|6|2089
403.67816162109375|6|2090
409.8959655761719|6|2091
408.3471984863281|6|2092
404.8162841796875|6|2093
402.27899169921875|6|2094
399.4208984375|6|2095
398.6452331542969|6|2096
387.4749755859375|6|2097
369.937255859375|6|2098
366.0872497558594|6|2099
365.8022155761719|6|2100
363.548828125|6|2101
371.2008056640625|6|2102
372.9349060058594|6|2103
358.99346923828125|6|2104
327.34832763671875|6|2105
310.6379699707031|6|2106
314.5888977050781|6|2107
319.7136535644531|6|2108
326.83349609375|6|2109
334.05413818359375|6|2110
336.7774658203125|6|2111
334.22393798828125|6|2112
332.6375732421875|6|2113
331.1094665527344|6|2114
326.4022521972656|6|2115
316.2033996582031|6|2116
311.9400329589844|6|2117
321.3482666015625|6|2118
300.95184326171875|6|2119
315.81292724609375|5|2120
310.47900390625|5|2121
309.1157531738281|5|2122
321.4145202636719|5|2123
323.581298828125|5|2124
317.3139343261719|5|2125
321.6398620605469|5|2126
326.334716796875|5|2127
325.198974609375|5|2128
321.7673034667969|5|2129
325.17340087890625|5|2130
331.8802185058594|5|2131
330.2157287597656|5|2132
324.1568603515625|5|2133
320.8302001953125|5|2134
320.8372497558594|5|2135
313.64947509765625|5|2136
308.5709533691406|5|2137
314.83038330078125|5|2138
316.65966796875|5|2139
315.5211181640625|5|2140
310.7627868652344|5|2141
313.24249267578125|5|2142
308.9981689453125|5|2143
303.3262634277344|5|2144
311.53741455078125|5|2145
309.4803466796875|5|2146
308.0702209472656|5|2147
306.5387878417969|5|2148
305.7750549316406|5|2149
311.3023986816406|5|2150
305.1761779785156|5|2151
303.7935485839844|5|2152
307.8114013671875|5|2153
298.65582275390625|5|2154
274.6513366699219|5|2155
266.3097229003906|5|2156
263.550537109375|5|2157
247.6719970703125|5|2158
246.48757934570312|5|2159
258.7698059082031|5|2160
256.9827575683594|5|2161
252.6968231201172|5|2162
258.7089538574219|5|2163
263.072021484375|5|2164
266.7174987792969|5|2165
269.6591491699219|5|2166
270.1048278808594|5|2167
265.7481384277344|5|2168
259.4400634765625|5|2169
262.59228515625|5|2170
278.1578369140625|5|2171
285.7274169921875|5|2172
284.3572082519531|5|2173
282.1779479980469|5|2174
281.4961242675781|5|2175
285.833251953125|5|2176
294.0550537109375|5|2177
293.6563720703125|5|2178
290.7751159667969|5|2179
291.9222412109375|5|2180
280.6920166015625|5|2181
267.2055358886719|5|2182
274.0340576171875|5|2183
331.3903503417969|74|2184
307.7716979980469|75|2185
319.26275634765625|77|2186
381.45562744140625|77|2187
362.2720031738281|77|2188
363.2527770996094|77|2189
327.8902587890625|77|2190
313.6365661621094|77|2191
298.6095275878906|5|2192
304.4123840332031|5|2193
304.92669677734375|5|2194
300.5219421386719|5|2195
299.4646301269531|5|2196
298.4806213378906|5|2197
296.3396911621094|5|2198
304.44525146484375|5|2199
320.6839599609375|5|2200
317.9393615722656|5|2201
297.80755615234375|5|2202
277.5215148925781|5|2203
288.43304443359375|5|2204
310.3207092285156|5|2205
307.0989990234375|5|2206
291.15081787109375|5|2207
269.7550964355469|5|2208
253.52464294433594|5|2209
268.2940979003906|5|2210
295.9377136230469|5|2211
303.38372802734375|5|2212
307.2673645019531|5|2213
306.4939270019531|5|2214
299.6775817871094|5|2215
301.62310791015625|5|2216
304.8373107910156|5|2217
313.5558776855469|5|2218
325.2767028808594|5|2219
296.9199523925781|5|2220
253.12716674804688|5|2221
233.2274627685547|4|2222
233.81198120117188|4|2223
213.95298767089844|4|2224
230.94436645507812|4|2225
240.83372497558594|4|2226
230.93734741210938|4|2227
226.991455078125|4|2228
251.28958129882812|36|2229
286.9178466796875|36|2230
248.21803283691406|4|2231
251.59536743164062|4|2232
246.32688903808594|4|2233
239.41546630859375|4|2234
235.84681701660156|4|2235
236.93832397460938|4|2236
232.34713745117188|4|2237
239.6234588623047|4|2238
243.56785583496094|4|2239
248.20350646972656|4|2240
246.57069396972656|4|2241
238.28814697265625|4|2242
240.70758056640625|4|2243
241.8665771484375|4|2244
242.61685180664062|4|2245
253.70367431640625|4|2246
250.69949340820312|4|2247
242.99851989746094|4|2248
239.00326538085938|4|2249
243.5387725830078|4|2250
245.05770874023438|4|2251
249.99188232421875|4|2252
250.33807373046875|4|2253
248.46340942382812|4|2254
253.1466064453125|4|2255
257.6380310058594|4|2256
263.762939453125|4|2257
268.7995300292969|4|2258
262.2727966308594|4|2259
237.6636962890625|4|2260
224.59701538085938|4|2261
243.6791229248047|4|2262
255.9502410888672|4|2263
261.25640869140625|4|2264
258.1762390136719|4|2265
254.7923126220703|4|2266
257.1818542480469|4|2267
251.63009643554688|4|2268
254.79576110839844|4|2269
261.50335693359375|4|2270
257.16473388671875|4|2271
254.12806701660156|4|2272
262.1057434082031|4|2273
266.5537414550781|4|2274
268.8755798339844|4|2275
264.8096008300781|4|2276
259.7143859863281|4|2277
263.8525085449219|4|2278
261.84716796875|4|2279
265.5503234863281|4|2280
273.25164794921875|4|2281
267.9450988769531|4|2282
258.20660400390625|4|2283
258.7741394042969|4|2284
235.8493194580078|4|2285
277.1683044433594|13|2286
444.8254089355469|7|2287
630.404052734375|6|2288
643.8422241210938|6|2289
567.9192504882812|5|2290
372.885498046875|5|2291
256.38665771484375|4|2292
211.26211547851562|6|2293
216.7159423828125|6|2294
236.2484588623047|6|2295
251.10830688476562|6|2296
257.0905456542969|6|2297
253.10025024414062|6|2298
278.3830871582031|44|2299
354.9231872558594|43|2300
268.40106201171875|6|2301
275.0836486816406|6|2302
276.15203857421875|6|2303
280.86798095703125|6|2304
281.73876953125|6|2305
280.20135498046875|6|2306
286.9470520019531|6|2307
296.7235107421875|6|2308
300.42608642578125|6|2309
297.69677734375|6|2310
256.68829345703125|6|2311
240.4553985595703|11|2312
402.2095031738281|6|2313
591.9843139648438|6|2314
517.619140625|6|2315
412.4143371582031|5|2316
322.655517578125|5|2317
252.8770294189453|5|2318
243.4123992919922|109|2319
231.30238342285156|6|2320
259.1449890136719|6|2321
271.3875427246094|6|2322
283.6664123535156|6|2323
278.65960693359375|6|2324
243.29544067382812|6|2325
224.75389099121094|5|2326
239.97781372070312|5|2327
246.74557495117188|5|2328
238.6954345703125|5|2329
235.28387451171875|5|2330
227.3349609375|5|2331
227.72158813476562|5|2332
247.14175415039062|5|2333
262.4443664550781|5|2334
269.5456848144531|5|2335
269.33673095703125|5|2336
229.7449493408203|5|2337
257.917236328125|13|2338
464.15753173828125|6|2339
606.8905029296875|6|2340
529.1797485351562|5|2341
554.2202758789062|5|2342
476.7381591796875|5|2343
291.49859619140625|5|2344
197.891357421875|6|2345
227.23841857910156|5|2346
238.13780212402344|5|2347
247.1315155029297|5|2348
266.815185546875|5|2349
276.8069152832031|5|2350
273.6322937011719|5|2351
278.0867614746094|5|2352
278.7187194824219|5|2353
283.3226623535156|5|2354
284.44488525390625|5|2355
284.73101806640625|5|2356
301.84136962890625|5|2357
310.541259765625|5|2358
309.16424560546875|5|2359
303.7709045410156|5|2360
297.429931640625|5|2361
290.29473876953125|5|2362
248.76361083984375|5|2363
326.03875732421875|11|2364
514.1364135742188|6|2365
588.4048461914062|6|2366
509.9112243652344|5|2367
531.2974243164062|5|2368
468.6820373535156|5|2369
294.0771484375|5|2370
204.49923706054688|6|2371
237.64515686035156|5|2372
255.2348175048828|5|2373
268.6831970214844|5|2374
282.9420166015625|5|2375
296.9388427734375|5|2376
310.8262023925781|5|2377
312.5559997558594|5|2378
313.4168701171875|5|2379
316.4091796875|5|2380
317.2052307128906|5|2381
325.07574462890625|5|2382
337.6083068847656|5|2383
336.3474426269531|5|2384
333.8124694824219|5|2385
331.6032409667969|5|2386
326.7401428222656|5|2387
302.65777587890625|5|2388
284.4502868652344|33|2389
207.35752868652344|33|2390
129.79014587402344|32|2391
137.5487823486328|32|2392
141.40115356445312|33|2393
146.72018432617188|33|2394
126.2752914428711|32|2395
166.43667602539062|59|2396
245.45140075683594|57|2397
287.51080322265625|57|2398
238.8316192626953|57|2399
224.3009796142578|58|2400
197.53318786621094|58|2401
186.5172119140625|29|2402
207.90126037597656|29|2403
204.63385009765625|29|2404
186.1783447265625|29|2405
176.91665649414062|29|2406
192.1581573486328|29|2407
204.6204376220703|29|2408
208.41329956054688|29|2409
219.36769104003906|58|2410
255.79527282714844|57|2411
228.1576690673828|57|2412
185.15855407714844|58|2413
152.58067321777344|29|2414
85.85371398925781|29|2415
29.537487030029297|59|2416
24.149465560913086|57|2417
23.57562255859375|57|2418
19.265348434448242|58|2419
27.438024520874023|25|2420
109.38375854492188|25|2421
197.90016174316406|25|2422
220.02101135253906|26|2423
223.41802978515625|27|2424
283.4673767089844|28|2425
230.355224609375|28|2426
171.5269317626953|30|2427
144.72738647460938|58|2428
136.68215942382812|56|2429
191.85256958007812|55|2430
167.6779327392578|56|2431
166.51812744140625|58|2432
158.41616821289062|29|2433
171.34832763671875|29|2434
169.18698120117188|29|2435
177.43218994140625|29|2436
184.59739685058594|29|2437
187.76991271972656|29|2438
177.4633026123047|29|2439
155.75514221191406|29|2440
143.9221649169922|29|2441
136.4126434326172|29|2442
120.22817993164062|29|2443
93.20381164550781|29|2444
67.2668685913086|29|2445
53.22530746459961|29|2446
34.22795104980469|29|2447
13.991503715515137|58|2448
11.585203170776367|24|2449
12.04655647277832|59|2450
14.433843612670898|57|2451
15.808832168579102|56|2452
58.657203674316406|46|2453
129.1316375732422|67|2454
233.8431396484375|58|2455
350.5326232910156|58|2456
281.31298828125|58|2457
225.94308471679688|86|2458
222.71102905273438|87|2459
196.54605102539062|58|2460
222.48472595214844|58|2461
130.17312622070312|57|2462
134.35252380371094|27|2463
132.13609313964844|26|2464
79.60514831542969|26|2465
54.41435241699219|37|2466
166.0602264404297|38|2467
222.1161346435547|40|2468
171.06707763671875|41|2469
107.19892883300781|41|2470
100.93254089355469|43|2471
127.17549896240234|262|2472
85.10771179199219|264|2473
97.4468994140625|308|2474
132.6472625732422|261|2475
140.1002655029297|261|2476
123.57401275634766|43|2477
79.4002456665039|43|2478
67.34104919433594|44|2479
117.6850814819336|222|2480
141.43707275390625|89|2481
203.17176818847656|89|2482
171.035888671875|87|2483
182.12237548828125|86|2484
206.5535125732422|86|2485
217.68919372558594|86|2486
236.54417419433594|87|2487
323.83294677734375|87|2488
337.2109069824219|87|2489
303.75579833984375|86|2490
192.1627197265625|87|2491
186.70523071289062|13|2492
295.2795104980469|13|2493
553.5409545898438|7|2494
745.5220336914062|6|2495
659.9415283203125|6|2496
563.1934814453125|5|2497
364.7396545410156|4|2498
313.94696044921875|4|2499
198.4803924560547|3|2500
181.88436889648438|3|2501
207.3495635986328|3|2502
230.43890380859375|3|2503
251.186767578125|3|2504
250.9913330078125|3|2505
246.60638427734375|3|2506
251.8833770751953|3|2507
253.59678649902344|3|2508
255.7979278564453|3|2509
256.2711181640625|3|2510
252.0985565185547|3|2511
244.40798950195312|3|2512
244.25949096679688|3|2513
252.2062530517578|3|2514
257.2213134765625|3|2515
257.7325134277344|3|2516
239.74606323242188|3|2517
189.0004119873047|3|2518
144.3328857421875|18|2519
192.420654296875|6|2520
145.56320190429688|6|2521
67.1491928100586|6|2522
47.135520935058594|87|2523
40.259273529052734|87|2524
86.9770736694336|73|2525
104.8690185546875|73|2526
103.2111587524414|73|2527
131.3827362060547|73|2528
136.75010681152344|73|2529
92.14032745361328|73|2530
203.10011291503906|12|2531
361.3198547363281|11|2532
600.21484375|6|2533
701.4588623046875|6|2534
568.78076171875|5|2535
642.5413208007812|5|2536
497.7160949707031|5|2537
318.77447509765625|5|2538
234.93759155273438|5|2539
215.525634765625|5|2540
225.17347717285156|5|2541
237.33819580078125|5|2542
237.0602264404297|5|2543
244.65501403808594|5|2544
252.80322265625|5|2545
249.8215789794922|5|2546
256.44586181640625|5|2547
262.5530700683594|5|2548
251.52871704101562|5|2549
246.1251220703125|5|2550
254.22804260253906|5|2551
264.17901611328125|5|2552
264.5596618652344|5|2553
251.48251342773438|5|2554
252.38751220703125|5|2555
249.1377410888672|5|2556
240.84727478027344|14|2557
395.65301513671875|8|2558
610.38037109375|6|2559
685.9618530273438|6|2560
562.442626953125|5|2561
412.4052429199219|5|2562
241.23123168945312|4|2563
171.419921875|4|2564
200.81085205078125|4|2565
217.98541259765625|5|2566
227.20785522460938|5|2567
226.7068328857422|5|2568
203.2686309814453|5|2569
166.77406311035156|5|2570
166.88829040527344|5|2571
195.9598846435547|5|2572
217.30474853515625|5|2573
226.91270446777344|5|2574
217.9861297607422|5|2575
213.6143341064453|4|2576
229.03634643554688|5|2577
232.2128448486328|5|2578
232.0410614013672|5|2579
233.18051147460938|5|2580
224.8689727783203|5|2581
237.6263427734375|5|2582
229.34999084472656|5|2583