Heroes
Alesso
Tove Lo
Soul/R&B
heroes
2049x2584
2584

1.3104853678669315e-05|1049|0
0.00011476280633360147|1150|1
0.00019860619795508683|1248|2
0.00018437441030982882|1248|3
0.00020244320330675691|792|4
0.00023845139367040247|1128|5
0.00041364680510014296|908|6
0.0016688343603163958|0|7
0.013297195546329021|0|8
0.027363765984773636|0|9
0.031042952090501785|0|10
0.030973980203270912|0|11
0.032313331961631775|0|12
0.27974584698677063|329|13
15.52255630493164|41|14
49.67526626586914|41|15
67.47698974609375|82|16
67.34639739990234|82|17
64.88816833496094|82|18
60.543060302734375|82|19
58.355281829833984|82|20
59.844058990478516|82|21
61.26742172241211|82|22
64.21710968017578|41|23
66.61038970947266|41|24
69.35885620117188|41|25
71.91838836669922|41|26
74.64695739746094|41|27
79.67205047607422|41|28
77.68692779541016|41|29
69.34730529785156|41|30
61.0517578125|41|31
55.6944465637207|41|32
51.179439544677734|41|33
45.84678268432617|41|34
44.546104431152344|41|35
44.4317626953125|41|36
38.29112243652344|41|37
35.00416564941406|24|38
34.40274429321289|24|39
35.30802917480469|24|40
35.365970611572266|24|41
36.83540344238281|32|42
38.960323333740234|32|43
39.87283706665039|41|44
42.103790283203125|41|45
42.24421691894531|41|46
42.17027282714844|41|47
49.207462310791016|32|48
47.57182312011719|32|49
44.35284423828125|32|50
42.37248611450195|32|51
39.43311309814453|32|52
34.344322204589844|32|53
34.40327453613281|24|54
34.26166915893555|24|55
38.54240036010742|41|56
44.1817626953125|41|57
51.83097457885742|41|58
64.09687805175781|41|59
68.40689849853516|41|60
63.3755989074707|41|61
59.064369201660156|41|62
56.774757385253906|41|63
55.42372512817383|41|64
52.99951171875|41|65
48.413734436035156|41|66
43.88706970214844|41|67
42.50398254394531|41|68
47.209354400634766|41|69
52.1400032043457|41|70
50.29167556762695|41|71
45.95732498168945|41|72
41.064064025878906|41|73
35.37018966674805|41|74
31.3394832611084|24|75
35.9014778137207|25|76
55.046451568603516|32|77
51.82553482055664|33|78
51.7628173828125|65|79
52.65309143066406|33|80
60.140228271484375|32|81
63.36326599121094|33|82
56.28062057495117|65|83
54.78090286254883|65|84
42.813114166259766|65|85
26.314882278442383|65|86
54.54709243774414|195|87
71.48556518554688|195|88
76.00994873046875|195|89
72.45509338378906|49|90
67.43096923828125|49|91
55.37394714355469|49|92
41.88822555541992|49|93
40.28755569458008|243|94
58.078941345214844|243|95
69.18104553222656|244|96
63.42305374145508|244|97
65.4537582397461|49|98
74.82760620117188|49|99
84.73564910888672|49|100
93.83805847167969|49|101
96.53950500488281|49|102
94.28266906738281|49|103
87.28340911865234|49|104
78.95262145996094|49|105
68.88821411132812|49|106
55.256439208984375|49|107
51.1545295715332|21|108
63.17326354980469|20|109
56.143070220947266|20|110
60.709102630615234|49|111
61.64250183105469|49|112
60.00959396362305|49|113
58.34518051147461|49|114
55.141868591308594|49|115
54.72832107543945|49|116
54.532108306884766|49|117
53.89044189453125|49|118
53.190765380859375|49|119
48.3253059387207|31|120
40.98969650268555|31|121
39.0610466003418|49|122
42.889591217041016|49|123
46.789764404296875|49|124
49.724918365478516|49|125
49.495609283447266|49|126
45.242835998535156|49|127
42.6214714050293|49|128
41.49048614501953|49|129
45.949485778808594|48|130
53.14153289794922|49|131
52.616817474365234|49|132
50.96154022216797|49|133
52.71247482299805|49|134
52.32965850830078|49|135
51.179630279541016|49|136
49.57445526123047|49|137
44.31306076049805|49|138
38.98583221435547|31|139
43.08258056640625|20|140
38.9830436706543|20|141
38.94371795654297|20|142
36.924434661865234|20|143
35.037086486816406|20|144
32.29250717163086|31|145
30.136804580688477|31|146
28.91752052307129|31|147
57.79171371459961|244|148
95.20124816894531|244|149
94.69798278808594|243|150
77.3587875366211|243|151
75.69252014160156|49|152
69.26703643798828|49|153
67.35782623291016|244|154
77.12635040283203|244|155
67.2884521484375|243|156
53.99650573730469|243|157
54.61286544799805|49|158
56.94136047363281|49|159
59.358524322509766|54|160
56.918270111083984|54|161
55.90650939941406|54|162
59.78805160522461|54|163
57.03092956542969|54|164
56.25151443481445|55|165
59.123416900634766|55|166
56.33848190307617|54|167
47.026981353759766|20|168
40.66019821166992|20|169
38.0880126953125|20|170
36.72905731201172|21|171
38.69408416748047|49|172
42.51368713378906|49|173
42.715370178222656|49|174
34.57558822631836|20|175
32.891082763671875|20|176
37.08111572265625|49|177
40.3118896484375|49|178
48.63805389404297|41|179
71.66671752929688|41|180
71.41789245605469|41|181
63.36430740356445|41|182
60.215965270996094|41|183
58.12874221801758|41|184
58.001834869384766|82|185
60.63913345336914|82|186
59.001930236816406|82|187
53.38018798828125|82|188
48.56169509887695|82|189
49.60784912109375|13|190
60.41653060913086|14|191
63.39087677001953|14|192
55.41212844848633|14|193
48.85557174682617|14|194
45.32803726196289|41|195
45.40160369873047|41|196
50.21165466308594|41|197
55.93635940551758|41|198
56.33824920654297|41|199
54.996070861816406|41|200
57.111820220947266|41|201
61.28751754760742|14|202
61.23722839355469|14|203
58.70708465576172|14|204
54.88589096069336|14|205
50.790809631347656|14|206
46.5306510925293|14|207
45.450531005859375|14|208
43.37983322143555|14|209
33.338104248046875|14|210
28.5809326171875|27|211
31.256643295288086|27|212
28.992874145507812|27|213
28.237321853637695|32|214
29.614147186279297|82|215
26.081424713134766|82|216
24.749174118041992|32|217
25.37320899963379|32|218
25.068498611450195|41|219
23.849214553833008|41|220
45.58926010131836|14|221
65.229736328125|14|222
65.8079605102539|14|223
57.610755920410156|14|224
50.76053237915039|14|225
46.347068786621094|14|226
42.65510940551758|14|227
39.01713943481445|14|228
36.565284729003906|14|229
29.892908096313477|14|230
35.972557067871094|13|231
51.35734558105469|14|232
57.006011962890625|14|233
61.73349380493164|41|234
66.17036437988281|41|235
60.98249816894531|41|236
47.39529037475586|41|237
42.35108184814453|14|238
50.49856185913086|14|239
58.758548736572266|14|240
84.11138916015625|33|241
78.49618530273438|33|242
62.436214447021484|33|243
62.84840393066406|33|244
77.48020935058594|33|245
85.90886688232422|33|246
86.08654022216797|33|247
63.50861740112305|34|248
43.687435150146484|39|249
54.63445281982422|40|250
45.12449645996094|47|251
68.13516235351562|53|252
91.64470672607422|54|253
105.65708923339844|54|254
109.77705383300781|54|255
111.33877563476562|54|256
117.4359359741211|54|257
125.54150390625|54|258
119.47008514404297|54|259
112.34971618652344|54|260
104.72492980957031|54|261
86.2303466796875|54|262
76.86741638183594|54|263
85.53723907470703|54|264
81.98861694335938|54|265
70.28623962402344|54|266
66.57182312011719|54|267
77.71512603759766|54|268
76.67495727539062|54|269
76.3702163696289|54|270
77.42471313476562|54|271
73.93352508544922|54|272
72.84611511230469|54|273
65.27616882324219|54|274
70.5291748046875|54|275
68.7817153930664|54|276
62.66376495361328|54|277
66.43687438964844|54|278
68.33418273925781|54|279
76.40119171142578|54|280
76.5813217163086|54|281
74.10298156738281|54|282
75.59892272949219|54|283
85.496826171875|54|284
92.69329071044922|54|285
88.33255004882812|54|286
86.7455062866211|54|287
80.37572479248047|54|288
66.98700714111328|54|289
67.14176177978516|22|290
57.24712371826172|22|291
51.450111389160156|21|292
60.66498565673828|22|293
66.65277099609375|22|294
60.50217819213867|22|295
62.7249641418457|22|296
66.04093933105469|22|297
65.546875|22|298
63.75019073486328|22|299
62.123046875|22|300
62.295082092285156|22|301
44.265769958496094|21|302
44.379825592041016|55|303
47.3840446472168|55|304
59.609901428222656|55|305
63.48435592651367|55|306
57.91196060180664|55|307
56.41973876953125|55|308
57.96598815917969|55|309
55.65192794799805|55|310
45.06436538696289|55|311
32.596065521240234|32|312
31.7220458984375|33|313
59.003170013427734|22|314
70.16767120361328|22|315
59.560970306396484|22|316
47.22560501098633|22|317
40.12351608276367|55|318
41.51043701171875|55|319
38.28831100463867|55|320
28.902366638183594|55|321
20.36727523803711|11|322
22.104400634765625|11|323
28.25225067138672|22|324
41.98379135131836|22|325
42.756126403808594|21|326
40.79145812988281|21|327
42.06950378417969|21|328
43.960018157958984|21|329
46.91301727294922|22|330
47.03095626831055|22|331
45.7998046875|22|332
38.30455017089844|22|333
36.74845504760742|22|334
46.97760009765625|22|335
55.37352752685547|21|336
51.48625564575195|21|337
25.366106033325195|22|338
19.278539657592773|22|339
33.44095993041992|21|340
34.787132263183594|21|341
31.115264892578125|20|342
33.21721649169922|33|343
48.91320037841797|82|344
47.29066467285156|82|345
42.69037628173828|82|346
41.88022994995117|328|347
40.22030258178711|41|348
42.65309524536133|41|349
45.11349105834961|41|350
46.238502502441406|41|351
46.767818450927734|41|352
44.83491897583008|41|353
40.2553825378418|41|354
39.88414001464844|41|355
46.83849334716797|41|356
51.663818359375|41|357
51.898555755615234|41|358
53.207645416259766|41|359
53.66205596923828|41|360
50.906517028808594|41|361
47.90904998779297|41|362
45.73120880126953|41|363
42.3740348815918|41|364
37.097415924072266|41|365
32.04411315917969|24|366
33.65403366088867|24|367
35.542232513427734|24|368
37.23239517211914|24|369
39.14502716064453|32|370
40.45383834838867|32|371
39.36210632324219|32|372
36.72734832763672|24|373
80.54502868652344|39|374
78.80707550048828|38|375
47.95486068725586|32|376
47.842918395996094|32|377
47.332828521728516|32|378
66.69549560546875|39|379
80.64454650878906|80|380
110.63412475585938|80|381
105.48812103271484|77|382
56.65897750854492|37|383
56.191810607910156|112|384
58.98164367675781|78|385
94.8897705078125|80|386
103.1380615234375|81|387
108.67735290527344|122|388
116.6722183227539|122|389
115.17742156982422|122|390
105.04107666015625|81|391
91.70610046386719|80|392
101.46990203857422|77|393
70.55975341796875|36|394
123.26200866699219|36|395
150.35992431640625|36|396
144.2947540283203|36|397
132.40480041503906|36|398
120.78207397460938|36|399
124.41987609863281|37|400
132.9283447265625|36|401
138.23573303222656|36|402
122.37906646728516|73|403
116.70364379882812|73|404
126.98406219482422|73|405
169.99884033203125|73|406
223.2578887939453|73|407
256.613525390625|73|408
259.809814453125|73|409
236.9109344482422|73|410
188.0231475830078|73|411
134.5920867919922|73|412
91.86531829833984|73|413
94.00740051269531|36|414
111.70160675048828|36|415
116.89944458007812|36|416
119.48948669433594|36|417
161.00827026367188|36|418
230.24261474609375|36|419
267.706298828125|36|420
237.47305297851562|36|421
98.41983795166016|36|422
26.614870071411133|30|423
28.79901695251465|31|424
56.43193054199219|37|425
104.7251205444336|73|426
186.0058135986328|72|427
232.0723876953125|72|428
221.7830047607422|72|429
205.1110382080078|72|430
206.17593383789062|72|431
200.49339294433594|72|432
184.5305633544922|72|433
193.28042602539062|73|434
217.3226776123047|73|435
226.1419219970703|73|436
226.077392578125|73|437
227.78868103027344|73|438
225.83717346191406|73|439
203.5334014892578|73|440
123.23353576660156|73|441
114.16641235351562|37|442
144.73016357421875|37|443
173.78036499023438|37|444
178.53512573242188|37|445
171.02293395996094|37|446
180.84268188476562|37|447
156.09288024902344|37|448
105.55183410644531|38|449
43.95656967163086|41|450
31.84799575805664|21|451
37.71271514892578|20|452
41.60839080810547|20|453
64.09036254882812|31|454
135.1790313720703|31|455
130.316162109375|31|456
135.03074645996094|64|457
120.89752197265625|64|458
99.325927734375|97|459
132.9395294189453|98|460
150.4431915283203|98|461
154.60946655273438|98|462
150.64849853515625|98|463
141.84739685058594|97|464
144.40859985351562|97|465
131.04908752441406|97|466
118.47318267822266|97|467
108.45289611816406|97|468
95.599365234375|97|469
111.44254302978516|64|470
142.5375518798828|64|471
158.7724151611328|64|472
182.31866455078125|65|473
193.70932006835938|65|474
196.81329345703125|64|475
186.9488067626953|64|476
161.7660369873047|64|477
117.44293975830078|64|478
112.03582000732422|65|479
98.86546325683594|32|480
96.80240631103516|32|481
99.06610870361328|33|482
103.72059631347656|33|483
102.8457260131836|33|484
96.81552124023438|32|485
90.1861572265625|33|486
95.56082916259766|32|487
122.8084945678711|32|488
118.31600952148438|33|489
142.45314025878906|33|490
150.50570678710938|33|491
148.02320861816406|33|492
154.86766052246094|32|493
153.4810333251953|32|494
162.2503662109375|31|495
201.77760314941406|32|496
198.05136108398438|33|497
192.89300537109375|33|498
157.9297332763672|32|499
99.82577514648438|32|500
70.91240692138672|32|501
53.566184997558594|31|502
39.665260314941406|31|503
36.19071578979492|31|504
41.915523529052734|31|505
59.81315612792969|31|506
48.031517028808594|31|507
41.80522155761719|41|508
43.42829513549805|41|509
45.379669189453125|33|510
47.80854415893555|32|511
43.60612869262695|32|512
39.22333526611328|27|513
40.13273239135742|41|514
39.876502990722656|41|515
37.97315979003906|41|516
41.864112854003906|32|517
49.6905517578125|32|518
60.80162048339844|14|519
65.75032043457031|14|520
59.32805252075195|14|521
53.61757278442383|14|522
48.96001052856445|14|523
43.432395935058594|14|524
39.46538543701172|14|525
36.86420440673828|14|526
33.743221282958984|32|527
36.638545989990234|14|528
53.045589447021484|14|529
62.991493225097656|14|530
64.66116333007812|14|531
61.35831069946289|14|532
54.905235290527344|14|533
48.46385192871094|14|534
44.04316711425781|14|535
42.63090515136719|14|536
48.57929992675781|27|537
88.57369232177734|33|538
112.539306640625|32|539
100.69490814208984|32|540
118.72403717041016|38|541
109.7988052368164|39|542
110.34589385986328|41|543
163.44554138183594|41|544
182.8630828857422|41|545
179.66473388671875|41|546
125.71670532226562|41|547
119.24586486816406|81|548
97.96540069580078|81|549
116.72605895996094|163|550
115.91691589355469|164|551
145.75421142578125|41|552
180.5800323486328|41|553
182.9609832763672|41|554
150.6402587890625|40|555
140.93751525878906|39|556
148.11204528808594|36|557
99.7938461303711|37|558
90.1882095336914|37|559
59.9820556640625|41|560
62.93797302246094|41|561
61.88883590698242|41|562
62.61119079589844|41|563
53.84109115600586|41|564
45.657447814941406|32|565
42.26382064819336|32|566
41.95913314819336|14|567
82.5699234008789|36|568
121.6073989868164|73|569
149.5314178466797|73|570
142.97265625|72|571
135.9906463623047|72|572
132.69378662109375|72|573
144.34976196289062|73|574
132.31631469726562|73|575
68.03082275390625|73|576
62.25617599487305|32|577
50.87092590332031|32|578
61.8531494140625|37|579
100.48817443847656|109|580
123.12332153320312|108|581
116.98200988769531|108|582
109.365234375|37|583
116.64409637451172|37|584
118.57933807373047|35|585
100.87444305419922|33|586
104.54839324951172|33|587
82.53934478759766|33|588
101.150146484375|37|589
117.81403350830078|76|590
102.27775573730469|77|591
72.62757873535156|80|592
74.9217529296875|42|593
77.99100494384766|85|594
96.18412780761719|86|595
138.53695678710938|216|596
139.92367553710938|216|597
91.95947265625|215|598
82.39801025390625|213|599
87.03902435302734|211|600
125.86231994628906|83|601
145.21836853027344|83|602
159.56832885742188|82|603
140.14678955078125|82|604
80.97508239746094|82|605
58.035850524902344|21|606
62.14460372924805|21|607
62.93002700805664|21|608
48.28492736816406|22|609
97.67964172363281|37|610
92.85916137695312|37|611
43.18257141113281|54|612
53.569610595703125|54|613
61.34249496459961|22|614
70.4317626953125|22|615
74.3927230834961|22|616
77.8115463256836|22|617
82.27324676513672|22|618
68.45246124267578|22|619
59.272743225097656|21|620
96.9199447631836|66|621
84.7520751953125|65|622
89.0863037109375|65|623
86.93311309814453|65|624
83.1659927368164|64|625
82.0139389038086|65|626
86.14743041992188|65|627
89.0764389038086|65|628
88.82630157470703|65|629
88.00398254394531|65|630
88.17310333251953|65|631
91.3438720703125|65|632
83.3331298828125|64|633
83.02625274658203|32|634
94.12714385986328|161|635
109.06649780273438|161|636
120.40628051757812|162|637
127.6537094116211|162|638
122.29435729980469|162|639
131.68882751464844|65|640
130.950439453125|65|641
105.18549346923828|65|642
107.16021728515625|32|643
137.9588165283203|32|644
181.04638671875|32|645
206.48768615722656|32|646
255.8602752685547|33|647
248.2802734375|33|648
228.22073364257812|33|649
211.12240600585938|33|650
216.48500061035156|32|651
226.81898498535156|32|652
220.13641357421875|32|653
251.7357177734375|33|654
230.42068481445312|33|655
206.46014404296875|32|656
159.14712524414062|32|657
134.0096435546875|31|658
153.14639282226562|32|659
135.10867309570312|33|660
81.16650390625|33|661
32.809730529785156|22|662
40.520599365234375|22|663
52.464508056640625|21|664
53.36817169189453|21|665
29.427480697631836|33|666
29.79702377319336|33|667
25.043428421020508|21|668
34.75544738769531|33|669
42.597232818603516|33|670
64.3495864868164|33|671
74.17009735107422|33|672
48.14008331298828|33|673
35.12864685058594|82|674
33.6580924987793|82|675
33.80216598510742|82|676
33.61503982543945|24|677
33.86034393310547|24|678
33.59212875366211|32|679
43.48174285888672|32|680
43.6977424621582|32|681
38.56694793701172|32|682
37.15990447998047|16|683
36.22631072998047|16|684
37.47224044799805|33|685
48.44667434692383|32|686
56.070133209228516|32|687
57.51120376586914|32|688
52.690025329589844|32|689
45.33066940307617|32|690
36.984130859375|32|691
38.43769836425781|33|692
43.22584533691406|33|693
48.76325607299805|32|694
43.43113708496094|32|695
42.338531494140625|32|696
48.28683853149414|32|697
52.316001892089844|32|698
52.17367935180664|32|699
54.67709732055664|32|700
79.93588256835938|32|701
89.15495300292969|32|702
93.31193542480469|33|703
82.89205169677734|33|704
87.59745788574219|38|705
77.63188171386719|39|706
50.932491302490234|32|707
48.448883056640625|33|708
44.140419006347656|32|709
39.399192810058594|32|710
50.05992889404297|41|711
119.50352478027344|41|712
153.7109375|41|713
144.71937561035156|41|714
141.5944061279297|40|715
94.05254364013672|41|716
47.32600021362305|41|717
42.876136779785156|16|718
44.31249237060547|16|719
45.44428634643555|16|720
63.301719665527344|36|721
149.66943359375|36|722
140.38674926757812|36|723
59.34992599487305|36|724
51.76573944091797|32|725
46.338462829589844|41|726
49.11642837524414|41|727
48.979217529296875|41|728
45.4718132019043|41|729
32.45174026489258|41|730
29.894681930541992|786|731
24.48831558227539|37|732
62.539756774902344|73|733
133.27879333496094|73|734
119.42711639404297|73|735
125.25241088867188|180|736
116.90575408935547|181|737
116.86138153076172|182|738
123.53966522216797|182|739
123.36177825927734|183|740
86.32524871826172|72|741
79.42922973632812|72|742
72.5797119140625|183|743
97.2822036743164|36|744
114.46766662597656|36|745
158.88539123535156|36|746
173.0802001953125|36|747
101.45416259765625|36|748
29.796173095703125|35|749
21.136104583740234|108|750
28.0792293548584|20|751
40.718528747558594|315|752
103.41044616699219|36|753
140.06568908691406|36|754
115.42256927490234|73|755
212.1798858642578|73|756
216.37269592285156|73|757
178.44090270996094|72|758
171.93321228027344|72|759
159.99594116210938|72|760
146.6034393310547|72|761
141.83006286621094|72|762
139.42196655273438|72|763
144.74537658691406|72|764
152.04486083984375|72|765
157.77691650390625|72|766
164.10984802246094|72|767
156.27188110351562|73|768
154.98410034179688|73|769
142.56008911132812|74|770
128.30328369140625|74|771
118.84671020507812|37|772
130.9573516845703|36|773
147.2753143310547|36|774
149.63270568847656|37|775
178.90237426757812|37|776
194.23179626464844|37|777
155.95074462890625|37|778
65.88604736328125|36|779
51.99159622192383|20|780
54.242271423339844|20|781
55.10968017578125|20|782
56.226131439208984|20|783
41.51738739013672|20|784
85.54527282714844|32|785
116.11346435546875|65|786
122.00885772705078|65|787
96.63050842285156|97|788
111.2663803100586|96|789
120.65910339355469|96|790
106.42520141601562|97|791
123.00753021240234|97|792
135.30409240722656|97|793
139.47459411621094|97|794
132.9512481689453|97|795
124.21566772460938|97|796
116.84807586669922|97|797
114.29703521728516|97|798
106.21651458740234|97|799
97.01879119873047|195|800
96.24063873291016|195|801
99.08446502685547|65|802
121.10980987548828|65|803
130.64337158203125|65|804
135.305908203125|65|805
144.75286865234375|65|806
156.6124267578125|65|807
163.54708862304688|65|808
152.4538116455078|65|809
126.6460189819336|65|810
111.45455169677734|65|811
98.6788101196289|33|812
97.1694107055664|33|813
99.85769653320312|32|814
95.66815185546875|32|815
138.2369384765625|32|816
152.7025146484375|32|817
162.1559295654297|33|818
161.989990234375|33|819
159.40374755859375|33|820
153.54464721679688|32|821
189.1870574951172|32|822
212.13352966308594|32|823
209.0076141357422|32|824
216.40492248535156|33|825
170.31739807128906|33|826
146.65081787109375|32|827
100.42230224609375|32|828
84.45091247558594|32|829
63.1578483581543|31|830
50.685874938964844|31|831
51.52360153198242|31|832
52.27081298828125|31|833
67.95433044433594|31|834
66.64313507080078|31|835
37.281978607177734|41|836
38.29758834838867|41|837
48.023475646972656|33|838
61.02297592163086|33|839
61.57855987548828|32|840
44.44874954223633|33|841
39.1475944519043|27|842
41.3333740234375|27|843
39.12068176269531|27|844
48.62904357910156|33|845
59.246822357177734|32|846
58.80073547363281|13|847
68.6399154663086|14|848
62.830230712890625|14|849
56.308624267578125|14|850
48.24236297607422|14|851
51.94017028808594|32|852
44.82504653930664|32|853
38.56451416015625|32|854
37.724849700927734|32|855
34.934791564941406|41|856
48.956607818603516|14|857
57.03480911254883|14|858
56.28997802734375|14|859
54.25297546386719|14|860
54.69097137451172|27|861
56.5029411315918|27|862
57.48553466796875|27|863
57.96610641479492|27|864
54.269107818603516|27|865
63.56743240356445|30|866
61.960296630859375|28|867
44.02776336669922|27|868
74.1223373413086|40|869
117.43559265136719|40|870
80.36126708984375|40|871
35.660125732421875|32|872
33.35791778564453|33|873
45.31842041015625|769|874
39.506919860839844|769|875
39.67848205566406|1081|876
108.01422119140625|41|877
190.8529815673828|41|878
168.43685913085938|42|879
124.7640151977539|41|880
124.97694396972656|41|881
108.01943969726562|41|882
52.41542053222656|41|883
38.99116516113281|14|884
36.31996536254883|14|885
32.738094329833984|32|886
40.159706115722656|33|887
43.04703140258789|27|888
115.20764923095703|37|889
137.40158081054688|37|890
113.11886596679688|145|891
165.03878784179688|145|892
199.38526916503906|146|893
188.17054748535156|145|894
169.6753692626953|144|895
154.1336669921875|144|896
123.77550506591797|145|897
102.96797943115234|181|898
109.86170959472656|180|899
85.50227355957031|72|900
71.73326873779297|36|901
131.67742919921875|36|902
163.43385314941406|36|903
139.35032653808594|36|904
70.19473266601562|35|905
39.17049789428711|32|906
29.89164161682129|32|907
84.69097137451172|36|908
117.6023178100586|37|909
142.9315948486328|220|910
108.38650512695312|37|911
131.55458068847656|295|912
116.333984375|295|913
83.60176086425781|217|914
78.84815216064453|217|915
60.102195739746094|54|916
64.67450714111328|39|917
65.73811340332031|81|918
108.01705932617188|82|919
78.27181243896484|82|920
43.98383712768555|171|921
41.63735580444336|22|922
48.78334045410156|22|923
54.70397186279297|22|924
61.82553482055664|22|925
66.24837493896484|21|926
70.57994079589844|39|927
133.33815002441406|41|928
149.13136291503906|41|929
131.44570922851562|166|930
84.78689575195312|82|931
99.79953002929688|82|932
109.48112487792969|81|933
114.5743408203125|82|934
93.9902572631836|81|935
84.38255310058594|40|936
69.45962524414062|38|937
132.7471923828125|37|938
137.14816284179688|37|939
106.80236053466797|37|940
88.46765899658203|36|941
115.68658447265625|36|942
117.2686996459961|36|943
111.73857116699219|37|944
124.96826934814453|36|945
105.76113891601562|35|946
71.49049377441406|22|947
103.8837661743164|29|948
86.142822265625|32|949
92.96782684326172|32|950
85.23741149902344|32|951
94.7635269165039|32|952
88.86640167236328|32|953
84.74349975585938|128|954
69.74100494384766|22|955
78.93820190429688|65|956
88.0284652709961|65|957
95.87386322021484|65|958
105.64995574951172|65|959
109.80683135986328|65|960
110.72079467773438|65|961
109.34795379638672|65|962
120.43220520019531|65|963
139.77133178710938|65|964
152.28839111328125|33|965
156.57080078125|33|966
136.9304962158203|33|967
112.00594329833984|32|968
143.58587646484375|32|969
187.11782836914062|32|970
188.30580139160156|32|971
187.01327514648438|33|972
192.7444305419922|33|973
178.81668090820312|33|974
166.1571044921875|32|975
166.14553833007812|32|976
143.20217895507812|32|977
119.8428726196289|33|978
127.04882049560547|33|979
92.50846862792969|33|980
59.8207893371582|32|981
54.89086151123047|21|982
55.5806999206543|22|983
54.376468658447266|22|984
56.285518646240234|22|985
58.608089447021484|22|986
58.5875358581543|22|987
61.86228561401367|32|988
48.715476989746094|32|989
47.38389587402344|769|990
50.55517578125|769|991
45.6340446472168|22|992
55.52244567871094|21|993
36.1636962890625|21|994
25.70241928100586|364|995
21.84050178527832|20|996
30.999267578125|21|997
56.38639831542969|74|998
114.8763656616211|8|999
228.5593719482422|6|1000
310.90704345703125|6|1001
157.86801147460938|6|1002
109.26982116699219|82|1003
106.87603759765625|83|1004
95.376220703125|85|1005
88.35416412353516|171|1006
82.41165924072266|171|1007
40.02568054199219|41|1008
43.03058624267578|41|1009
78.5240707397461|41|1010
118.99586486816406|42|1011
102.26029205322266|42|1012
103.43494415283203|42|1013
134.15396118164062|41|1014
144.53759765625|41|1015
140.97608947753906|41|1016
123.83732604980469|41|1017
82.88236999511719|41|1018
56.907718658447266|33|1019
172.65061950683594|8|1020
301.1954345703125|6|1021
249.51564025878906|6|1022
127.03760528564453|32|1023
72.67534637451172|32|1024
54.85230255126953|32|1025
58.67359924316406|32|1026
57.643795013427734|32|1027
54.336647033691406|32|1028
48.409873962402344|33|1029
58.66790008544922|40|1030
121.35968017578125|40|1031
98.16206359863281|40|1032
75.45899963378906|242|1033
69.65158081054688|32|1034
66.08651733398438|250|1035
78.91731262207031|42|1036
92.72789001464844|256|1037
91.49312591552734|43|1038
103.521728515625|302|1039
123.560546875|9|1040
232.30238342285156|6|1041
318.51123046875|6|1042
162.27597045898438|6|1043
112.77791595458984|302|1044
94.234619140625|302|1045
55.587032318115234|302|1046
62.82536697387695|41|1047
54.48439025878906|41|1048
39.277976989746094|16|1049
35.63275909423828|16|1050
42.595741271972656|123|1051
113.8582534790039|123|1052
151.6129608154297|123|1053
116.6530532836914|122|1054
98.73039245605469|122|1055
85.04918670654297|81|1056
69.7531509399414|82|1057
40.95109939575195|40|1058
27.53687858581543|33|1059
49.75485610961914|9|1060
180.4404296875|8|1061
315.0825500488281|6|1062
259.5237121582031|6|1063
131.29898071289062|33|1064
122.3338394165039|33|1065
129.07595825195312|32|1066
126.30477142333984|31|1067
122.03943634033203|31|1068
138.61190795898438|33|1069
153.81739807128906|33|1070
130.8510284423828|33|1071
164.99490356445312|32|1072
146.0981903076172|32|1073
83.88238525390625|32|1074
47.214027404785156|49|1075
33.821346282958984|49|1076
21.129638671875|49|1077
32.60825729370117|31|1078
49.70326614379883|31|1079
49.6735725402832|78|1080
131.7430877685547|9|1081
239.5330810546875|6|1082
328.1585388183594|6|1083
164.77923583984375|6|1084
150.60215759277344|79|1085
140.1198272705078|80|1086
125.4170150756836|81|1087
68.99806213378906|83|1088
95.91096496582031|169|1089
52.411865234375|169|1090
59.07872772216797|41|1091
102.06105041503906|41|1092
147.7744903564453|42|1093
122.42424774169922|42|1094
74.55423736572266|42|1095
78.24618530273438|247|1096
119.68540954589844|246|1097
113.76564025878906|246|1098
62.48199462890625|245|1099
30.432830810546875|49|1100
60.65434646606445|9|1101
194.11659240722656|8|1102
323.3075866699219|6|1103
271.9053039550781|6|1104
110.61595916748047|31|1105
53.21236038208008|20|1106
57.42387008666992|20|1107
63.39778137207031|20|1108
66.05863952636719|20|1109
65.00279235839844|20|1110
63.07621765136719|20|1111
49.60783767700195|20|1112
77.03612518310547|40|1113
94.20989990234375|39|1114
86.63617706298828|80|1115
70.76467895507812|80|1116
69.056640625|42|1117
68.34952545166016|43|1118
90.58342742919922|261|1119
106.39046478271484|261|1120
95.63996124267578|43|1121
132.19725036621094|9|1122
245.53187561035156|6|1123
340.3422546386719|6|1124
172.6983184814453|6|1125
98.12609100341797|44|1126
69.03628540039062|31|1127
56.852115631103516|31|1128
49.1245002746582|31|1129
49.10890197753906|31|1130
52.27627182006836|31|1131
51.11971664428711|30|1132
56.219722747802734|30|1133
88.1031723022461|163|1134
132.1417999267578|163|1135
130.508544921875|163|1136
110.167236328125|81|1137
134.38975524902344|82|1138
145.9824676513672|82|1139
123.24156951904297|81|1140
77.48831939697266|80|1141
61.815494537353516|31|1142
204.8898162841797|8|1143
332.34356689453125|6|1144
279.96563720703125|6|1145
92.33333587646484|96|1146
118.89019012451172|96|1147
141.03250122070312|96|1148
147.77053833007812|96|1149
138.8049774169922|96|1150
119.85628509521484|96|1151
118.82267761230469|97|1152
118.04716491699219|97|1153
111.57183074951172|97|1154
107.55537414550781|97|1155
101.54964447021484|64|1156
128.10365295410156|64|1157
121.32347106933594|64|1158
91.93509674072266|64|1159
101.17320251464844|32|1160
99.47171020507812|32|1161
125.0234375|33|1162
143.02967834472656|33|1163
261.8371887207031|6|1164
355.5259704589844|6|1165
184.15032958984375|6|1166
97.30018615722656|31|1167
60.57717514038086|32|1168
55.924137115478516|32|1169
53.042606353759766|32|1170
46.350860595703125|32|1171
48.75928497314453|32|1172
53.181636810302734|32|1173
62.187931060791016|32|1174
54.28215789794922|32|1175
61.210357666015625|14|1176
57.91921615600586|14|1177
50.55609893798828|14|1178
49.67129898071289|33|1179
51.72777557373047|32|1180
65.86019134521484|32|1181
57.85287857055664|32|1182
62.97865295410156|9|1183
205.60174560546875|8|1184
331.4216003417969|6|1185
280.8814392089844|6|1186
115.34078216552734|32|1187
145.29006958007812|32|1188
172.4495086669922|32|1189
119.96098327636719|31|1190
49.22868347167969|29|1191
45.08975601196289|41|1192
59.471839904785156|27|1193
129.55653381347656|27|1194
188.6197967529297|27|1195
192.6379852294922|27|1196
194.19276428222656|27|1197
193.96707153320312|27|1198
175.22406005859375|27|1199
148.4520721435547|28|1200
126.19400024414062|28|1201
92.35802459716797|27|1202
93.18301391601562|27|1203
138.05030822753906|9|1204
259.450927734375|6|1205
363.6805725097656|6|1206
186.74465942382812|6|1207
86.00919342041016|128|1208
110.09981536865234|128|1209
114.36783599853516|129|1210
106.95288848876953|129|1211
86.20866394042969|163|1212
70.49751281738281|163|1213
56.434539794921875|34|1214
68.956298828125|36|1215
79.673828125|183|1216
68.55934143066406|32|1217
72.47608184814453|32|1218
71.45085144042969|32|1219
66.96297454833984|32|1220
54.443363189697266|33|1221
52.47820281982422|33|1222
57.764278411865234|32|1223
60.80570602416992|9|1224
216.01556396484375|8|1225
342.9954833984375|6|1226
284.4523010253906|6|1227
156.69644165039062|73|1228
141.4180145263672|73|1229
145.75563049316406|73|1230
154.7862548828125|73|1231
165.17141723632812|73|1232
180.21058654785156|73|1233
188.8660430908203|73|1234
186.61264038085938|73|1235
173.63404846191406|73|1236
151.78955078125|73|1237
136.00848388671875|73|1238
134.42535400390625|73|1239
136.01573181152344|73|1240
143.2547149658203|73|1241
157.67454528808594|73|1242
171.8944091796875|73|1243
185.25111389160156|73|1244
198.45826721191406|73|1245
254.4563751220703|6|1246
356.9979553222656|6|1247
183.24586486816406|6|1248
125.59204864501953|73|1249
118.28446960449219|73|1250
112.3805160522461|73|1251
111.26676177978516|73|1252
105.26236724853516|73|1253
95.77017974853516|73|1254
104.20340728759766|36|1255
125.92855834960938|36|1256
156.21405029296875|36|1257
157.67361450195312|37|1258
159.64837646484375|37|1259
147.3268585205078|37|1260
144.03392028808594|36|1261
160.03903198242188|36|1262
157.54232788085938|36|1263
157.74093627929688|37|1264
176.86032104492188|37|1265
216.08200073242188|8|1266
345.3780517578125|6|1267
294.0995788574219|6|1268
97.66069793701172|7|1269
79.51411437988281|22|1270
84.16914367675781|22|1271
90.3515625|22|1272
92.08137512207031|22|1273
87.81824493408203|22|1274
76.93061065673828|22|1275
66.2890853881836|21|1276
77.3309326171875|21|1277
90.12577056884766|22|1278
86.8867416381836|22|1279
84.32438659667969|22|1280
81.16818237304688|22|1281
73.80028533935547|22|1282
66.55603790283203|22|1283
60.94086837768555|22|1284
57.67061233520508|22|1285
144.896484375|9|1286
256.6714172363281|6|1287
366.6859130859375|6|1288
194.49380493164062|6|1289
39.8046760559082|22|1290
36.719730377197266|22|1291
36.37940216064453|21|1292
39.22877883911133|32|1293
44.42361068725586|32|1294
45.92030715942383|32|1295
51.84421920776367|32|1296
49.668643951416016|33|1297
43.91615676879883|33|1298
34.57623291015625|32|1299
33.294551849365234|55|1300
35.90744400024414|55|1301
31.432043075561523|55|1302
28.630695343017578|55|1303
27.02171516418457|55|1304
29.7362060546875|22|1305
69.56397247314453|11|1306
222.34498596191406|8|1307
350.1867370605469|6|1308
300.6920471191406|6|1309
93.34806060791016|6|1310
51.92719650268555|22|1311
53.51993179321289|22|1312
52.9598274230957|22|1313
51.84453582763672|32|1314
53.54199981689453|32|1315
54.40623092651367|32|1316
47.83964157104492|32|1317
34.53768539428711|32|1318
23.885269165039062|65|1319
21.792591094970703|32|1320
38.37267303466797|21|1321
39.12810516357422|21|1322
34.31477355957031|32|1323
39.4760627746582|32|1324
39.01613235473633|80|1325
47.731163024902344|21|1326
140.00706481933594|9|1327
253.4790802001953|6|1328
366.93994140625|6|1329
198.2136993408203|6|1330
54.13460159301758|38|1331
90.90161895751953|40|1332
90.48522186279297|40|1333
97.03804016113281|42|1334
127.03282928466797|42|1335
134.78111267089844|43|1336
132.2180938720703|43|1337
102.6603012084961|43|1338
82.63704681396484|169|1339
85.06658172607422|42|1340
100.61616516113281|41|1341
116.2055435180664|122|1342
123.13871765136719|122|1343
107.34892272949219|41|1344
105.21293640136719|40|1345
103.12396240234375|38|1346
111.35311889648438|35|1347
217.50953674316406|8|1348
348.1261901855469|6|1349
305.552734375|6|1350
98.67682647705078|7|1351
72.18827819824219|32|1352
63.88591384887695|32|1353
60.48330307006836|32|1354
57.315731048583984|32|1355
57.42670822143555|32|1356
56.935482025146484|32|1357
63.75409698486328|32|1358
75.87918090820312|33|1359
104.25135040283203|228|1360
83.41117858886719|32|1361
73.98278045654297|32|1362
59.692874908447266|250|1363
65.9959716796875|42|1364
72.61615753173828|216|1365
103.38057708740234|217|1366
102.20782470703125|217|1367
145.89161682128906|9|1368
253.36920166015625|7|1369
363.3223876953125|6|1370
191.57406616210938|6|1371
93.41552734375|216|1372
106.52767181396484|216|1373
117.0558090209961|216|1374
103.09828186035156|304|1375
54.89631652832031|304|1376
66.00231170654297|42|1377
110.63036346435547|41|1378
118.28719329833984|41|1379
83.60897827148438|41|1380
145.96681213378906|243|1381
165.9947052001953|243|1382
110.30684661865234|244|1383
70.69776916503906|245|1384
103.42637634277344|40|1385
103.65058135986328|39|1386
129.42056274414062|35|1387
148.95169067382812|33|1388
217.15415954589844|8|1389
351.42681884765625|6|1390
305.903076171875|6|1391
97.76463317871094|6|1392
77.89392852783203|191|1393
67.45350646972656|159|1394
45.2772331237793|32|1395
70.86473083496094|167|1396
74.62699890136719|134|1397
42.473976135253906|32|1398
64.42535400390625|63|1399
61.98257064819336|64|1400
69.30854034423828|65|1401
104.6751480102539|66|1402
99.0274429321289|66|1403
75.08727264404297|33|1404
56.66151809692383|32|1405
54.254634857177734|31|1406
64.95967102050781|31|1407
67.50112915039062|31|1408
145.908447265625|9|1409
257.330322265625|7|1410
367.1282653808594|6|1411
200.3831024169922|6|1412
76.97354888916016|40|1413
75.17326354980469|41|1414
95.4863052368164|42|1415
97.95110321044922|43|1416
102.23743438720703|301|1417
89.45591735839844|257|1418
68.67933654785156|43|1419
76.20475769042969|84|1420
106.49398040771484|83|1421
122.33171844482422|82|1422
132.48947143554688|81|1423
179.94337463378906|81|1424
191.71661376953125|82|1425
190.59109497070312|82|1426
134.4179229736328|81|1427
59.21562194824219|80|1428
77.60040283203125|31|1429
221.06324768066406|9|1430
339.7702331542969|6|1431
303.7599792480469|6|1432
103.23904418945312|7|1433
67.19188690185547|20|1434
69.1738510131836|20|1435
73.24236297607422|20|1436
74.15465545654297|20|1437
71.04022216796875|20|1438
65.2071304321289|20|1439
59.75972366333008|21|1440
77.33513641357422|39|1441
113.3825912475586|39|1442
98.84452056884766|39|1443
79.76195526123047|40|1444
76.02488708496094|41|1445
62.008480072021484|212|1446
77.69319152832031|214|1447
128.39889526367188|216|1448
157.5359344482422|217|1449
139.2081756591797|9|1450
255.21652221679688|7|1451
363.5893249511719|6|1452
197.4481658935547|6|1453
73.32152557373047|31|1454
72.06670379638672|31|1455
71.1312484741211|31|1456
59.52867889404297|31|1457
49.79840850830078|31|1458
47.35417938232422|31|1459
41.805091857910156|31|1460
73.26457977294922|164|1461
89.75321960449219|164|1462
84.69566345214844|82|1463
112.1610336303711|41|1464
126.15587615966797|40|1465
79.9624252319336|41|1466
71.62384033203125|31|1467
71.9666976928711|31|1468
78.2328109741211|31|1469
85.93930053710938|31|1470
220.96011352539062|8|1471
343.3841552734375|6|1472
309.70849609375|6|1473
104.83362579345703|6|1474
76.32136535644531|20|1475
88.09465026855469|154|1476
82.57836151123047|20|1477
81.62783813476562|20|1478
76.2001953125|20|1479
70.55597686767578|20|1480
65.69889068603516|20|1481
73.9049301147461|31|1482
145.04368591308594|31|1483
145.04920959472656|31|1484
129.73558044433594|32|1485
84.36360931396484|32|1486
78.54254150390625|29|1487
92.13243865966797|30|1488
86.55170440673828|31|1489
96.67033386230469|30|1490
140.12185668945312|30|1491
268.4580078125|7|1492
372.9975280761719|6|1493
199.89263916015625|6|1494
117.13741302490234|32|1495
127.52281951904297|32|1496
148.8574676513672|32|1497
173.71519470214844|32|1498
145.5586700439453|32|1499
113.65665435791016|31|1500
123.13519287109375|31|1501
127.12109375|30|1502
119.37091827392578|29|1503
89.38842010498047|29|1504
72.2559814453125|29|1505
53.0250244140625|30|1506
55.66849899291992|32|1507
53.23594284057617|32|1508
57.610782623291016|32|1509
68.40335845947266|32|1510
70.94226837158203|32|1511
214.0900115966797|8|1512
338.71832275390625|6|1513
310.4903869628906|6|1514
124.9892578125|32|1515
127.36203002929688|32|1516
158.30398559570312|32|1517
170.3632354736328|32|1518
157.54885864257812|32|1519
188.85955810546875|32|1520
173.7592315673828|31|1521
167.66233825683594|27|1522
193.92446899414062|27|1523
183.37631225585938|27|1524
182.60186767578125|27|1525
195.40081787109375|27|1526
198.32420349121094|27|1527
183.29736328125|27|1528
161.19329833984375|27|1529
158.92893981933594|27|1530
166.1439666748047|27|1531
136.8691864013672|9|1532
258.56756591796875|7|1533
378.7348327636719|6|1534
214.84580993652344|6|1535
124.94895935058594|63|1536
138.33663940429688|64|1537
111.86343383789062|64|1538
116.3893814086914|65|1539
126.36207580566406|65|1540
138.79220581054688|65|1541
94.82455444335938|65|1542
101.41683197021484|33|1543
97.8705825805664|36|1544
102.14218139648438|36|1545
84.51348114013672|37|1546
65.4822769165039|27|1547
61.298309326171875|27|1548
55.5550422668457|27|1549
50.326969146728516|32|1550
53.45111846923828|33|1551
66.091796875|32|1552
220.31838989257812|8|1553
339.8243713378906|6|1554
305.9459228515625|6|1555
113.08511352539062|7|1556
78.22770690917969|72|1557
92.11158752441406|216|1558
111.98961639404297|216|1559
134.4883575439453|216|1560
143.9901885986328|217|1561
133.02528381347656|218|1562
113.7811279296875|218|1563
115.92501831054688|218|1564
129.11117553710938|218|1565
165.7617950439453|219|1566
142.3258819580078|218|1567
162.9032745361328|218|1568
162.37803649902344|218|1569
144.4941864013672|217|1570
153.86029052734375|217|1571
111.0862808227539|218|1572
136.5745849609375|9|1573
249.23973083496094|9|1574
364.2735595703125|6|1575
207.62969970703125|6|1576
77.14392852783203|73|1577
88.15131378173828|36|1578
99.85985565185547|36|1579
105.55377197265625|36|1580
98.33555603027344|37|1581
109.705322265625|37|1582
118.49462127685547|37|1583
133.61337280273438|37|1584
175.35055541992188|36|1585
195.36061096191406|36|1586
187.31024169921875|37|1587
189.8588409423828|37|1588
179.32473754882812|37|1589
182.69064331054688|36|1590
177.1156005859375|36|1591
181.95692443847656|35|1592
117.30689239501953|35|1593
217.10137939453125|8|1594
338.25531005859375|6|1595
317.6189270019531|6|1596
111.56680297851562|6|1597
91.1661148071289|22|1598
89.76376342773438|22|1599
88.92691802978516|22|1600
87.78604888916016|22|1601
80.42910766601562|22|1602
69.73902893066406|22|1603
59.46686553955078|21|1604
77.03742218017578|21|1605
90.30054473876953|22|1606
90.6998291015625|22|1607
83.4184799194336|22|1608
75.2093505859375|22|1609
89.4988784790039|21|1610
121.99542236328125|21|1611
123.9779281616211|22|1612
93.25701904296875|22|1613
95.40690612792969|9|1614
193.7477264404297|7|1615
274.77642822265625|6|1616
154.1785888671875|6|1617
88.00374603271484|38|1618
86.07609558105469|40|1619
96.38045501708984|41|1620
120.6966781616211|41|1621
189.00096130371094|246|1622
179.5876922607422|246|1623
87.64028930664062|41|1624
41.7016487121582|33|1625
32.44046401977539|33|1626
31.827098846435547|36|1627
22.35256576538086|37|1628
28.319272994995117|54|1629
91.48902130126953|40|1630
91.89971160888672|40|1631
75.74524688720703|162|1632
79.89727783203125|158|1633
91.95143127441406|147|1634
159.7403106689453|8|1635
245.5341033935547|6|1636
236.8990020751953|6|1637
139.4821319580078|145|1638
144.5376434326172|145|1639
85.42159271240234|145|1640
59.01924133300781|32|1641
53.97111129760742|32|1642
59.130069732666016|22|1643
61.93730545043945|21|1644
45.43858337402344|29|1645
113.51197814941406|31|1646
193.9177703857422|32|1647
181.354248046875|32|1648
147.6128692626953|32|1649
138.60081481933594|32|1650
121.55160522460938|32|1651
104.66475677490234|32|1652
118.88085174560547|32|1653
132.54478454589844|32|1654
89.42333984375|31|1655
195.134765625|8|1656
206.7001495361328|9|1657
181.01220703125|5|1658
171.74676513671875|8|1659
170.88108825683594|8|1660
119.57099151611328|11|1661
130.02398681640625|7|1662
201.68435668945312|8|1663
164.07493591308594|8|1664
122.5301742553711|216|1665
177.85226440429688|8|1666
218.51678466796875|8|1667
162.51022338867188|217|1668
144.16143798828125|5|1669
153.68861389160156|8|1670
195.8682403564453|8|1671
243.52932739257812|8|1672
225.74114990234375|8|1673
198.8425750732422|8|1674
189.27703857421875|8|1675
257.0313415527344|9|1676
298.051025390625|6|1677
258.9604797363281|5|1678
135.24122619628906|5|1679
104.27252197265625|304|1680
122.75715637207031|175|1681
125.66352081298828|5|1682
121.51919555664062|8|1683
135.40582275390625|43|1684
147.26329040527344|43|1685
116.08109283447266|43|1686
122.94063568115234|5|1687
147.6361846923828|82|1688
251.3544921875|8|1689
300.5716247558594|8|1690
288.9488830566406|8|1691
322.4713439941406|8|1692
338.15240478515625|8|1693
307.88873291015625|8|1694
293.5375671386719|8|1695
214.57894897460938|7|1696
258.9325866699219|6|1697
194.38450622558594|6|1698
119.68653869628906|7|1699
131.864990234375|124|1700
172.6928253173828|124|1701
223.8357696533203|123|1702
268.58746337890625|123|1703
236.4651641845703|122|1704
183.00868225097656|122|1705
179.7260284423828|122|1706
193.9278106689453|122|1707
193.23159790039062|123|1708
219.87132263183594|123|1709
248.66159057617188|122|1710
296.2225036621094|122|1711
257.2587890625|122|1712
229.9336395263672|8|1713
240.12315368652344|8|1714
256.49371337890625|8|1715
240.017578125|8|1716
250.6616973876953|9|1717
251.99594116210938|6|1718
259.763671875|123|1719
243.44915771484375|123|1720
179.44371032714844|123|1721
131.7490692138672|122|1722
125.12686920166016|9|1723
148.17974853515625|9|1724
174.23614501953125|9|1725
208.18765258789062|9|1726
243.74533081054688|9|1727
226.45639038085938|9|1728
231.14849853515625|9|1729
252.01654052734375|10|1730
263.3697204589844|10|1731
269.0952453613281|10|1732
270.3974609375|10|1733
259.9576110839844|10|1734
275.8441162109375|10|1735
290.8625793457031|10|1736
308.0993957519531|10|1737
237.08721923828125|6|1738
256.9788513183594|6|1739
147.4058074951172|110|1740
139.38037109375|110|1741
156.80908203125|110|1742
142.7161407470703|109|1743
114.98249816894531|10|1744
145.19387817382812|10|1745
178.1878662109375|10|1746
204.9430694580078|10|1747
224.96697998046875|111|1748
279.422607421875|110|1749
258.8113708496094|10|1750
281.90765380859375|10|1751
279.5809020996094|10|1752
286.76226806640625|10|1753
289.1241455078125|10|1754
293.18524169921875|10|1755
292.33782958984375|10|1756
303.90924072265625|109|1757
228.04884338378906|9|1758
263.1683349609375|6|1759
259.8104248046875|6|1760
113.56946563720703|109|1761
217.20420837402344|109|1762
272.22637939453125|109|1763
250.55374145507812|109|1764
230.82264709472656|110|1765
241.04238891601562|110|1766
184.78439331054688|109|1767
208.1249237060547|10|1768
209.24148559570312|10|1769
226.8555145263672|10|1770
281.6105041503906|10|1771
278.4942932128906|10|1772
275.66314697265625|10|1773
266.7542419433594|10|1774
270.96319580078125|10|1775
285.2330017089844|10|1776
286.7126770019531|10|1777
209.20782470703125|9|1778
210.6550750732422|8|1779
257.5231628417969|6|1780
250.7410125732422|45|1781
276.1111755371094|44|1782
317.54266357421875|44|1783
261.5816955566406|44|1784
128.18768310546875|45|1785
173.38436889648438|48|1786
248.5784149169922|49|1787
315.0106506347656|49|1788
389.1896057128906|49|1789
386.6302795410156|49|1790
275.6832275390625|49|1791
321.33026123046875|48|1792
288.481689453125|48|1793
237.13279724121094|48|1794
242.1541290283203|10|1795
256.6633605957031|10|1796
255.2407684326172|10|1797
232.60121154785156|49|1798
213.05621337890625|9|1799
240.7291259765625|6|1800
230.91026306152344|6|1801
102.65776062011719|5|1802
111.52601623535156|97|1803
112.79489135742188|41|1804
138.96383666992188|49|1805
158.61119079589844|49|1806
165.04637145996094|10|1807
194.33714294433594|10|1808
202.01571655273438|10|1809
173.18002319335938|98|1810
153.40066528320312|98|1811
213.12368774414062|6|1812
235.83509826660156|6|1813
251.12728881835938|6|1814
277.83380126953125|51|1815
275.8067321777344|52|1816
264.61224365234375|6|1817
266.5975341796875|6|1818
213.6991424560547|7|1819
256.836669921875|55|1820
281.9799499511719|55|1821
270.2484436035156|54|1822
306.03961181640625|54|1823
300.6126403808594|54|1824
218.47686767578125|54|1825
135.37269592285156|54|1826
150.5884246826172|7|1827
224.42404174804688|54|1828
272.9755554199219|54|1829
329.4918212890625|53|1830
253.4986572265625|51|1831
279.154052734375|49|1832
394.6702575683594|49|1833
356.9529724121094|49|1834
364.91943359375|49|1835
379.3896789550781|49|1836
324.9377136230469|49|1837
341.12646484375|48|1838
274.10284423828125|7|1839
242.2130584716797|45|1840
279.1348571777344|43|1841
292.2974853515625|42|1842
238.78407287597656|42|1843
215.49388122558594|41|1844
200.73587036132812|41|1845
196.8216094970703|41|1846
198.37998962402344|41|1847
231.73312377929688|41|1848
272.2989501953125|41|1849
278.3895263671875|41|1850
235.81954956054688|41|1851
215.7747039794922|41|1852
234.68092346191406|41|1853
241.52952575683594|41|1854
264.164794921875|7|1855
282.4335021972656|7|1856
292.4543151855469|7|1857
299.83233642578125|7|1858
303.0286560058594|7|1859
269.24554443359375|41|1860
289.2942810058594|41|1861
330.5338439941406|41|1862
368.3801574707031|41|1863
383.4798889160156|41|1864
383.22125244140625|41|1865
373.08184814453125|41|1866
349.1301574707031|41|1867
322.4330139160156|41|1868
312.0731506347656|41|1869
327.8775634765625|41|1870
361.2243957519531|41|1871
369.2168884277344|41|1872
322.1262512207031|41|1873
251.704833984375|41|1874
210.5014190673828|40|1875
222.90719604492188|14|1876
244.3297119140625|14|1877
258.88641357421875|14|1878
264.7545166015625|14|1879
258.3043212890625|14|1880
156.9574737548828|14|1881
233.3190155029297|6|1882
228.87037658691406|6|1883
190.8558349609375|41|1884
227.85028076171875|41|1885
284.13934326171875|41|1886
262.51641845703125|41|1887
215.9996795654297|40|1888
175.52285766601562|40|1889
232.08836364746094|41|1890
237.7462921142578|41|1891
227.19134521484375|41|1892
210.67312622070312|41|1893
239.18617248535156|11|1894
270.3320617675781|11|1895
281.1110534667969|11|1896
282.7079162597656|11|1897
291.27197265625|11|1898
302.821044921875|11|1899
308.06494140625|11|1900
268.6654968261719|11|1901
175.2431640625|8|1902
261.1907043457031|6|1903
154.87539672851562|42|1904
161.5218048095703|41|1905
146.46922302246094|41|1906
87.39221954345703|11|1907
106.8847885131836|11|1908
131.8108367919922|11|1909
161.62147521972656|11|1910
178.93597412109375|11|1911
151.3708953857422|6|1912
178.61244201660156|11|1913
241.76025390625|11|1914
276.6837158203125|11|1915
277.5712890625|11|1916
281.38348388671875|11|1917
288.48199462890625|11|1918
295.3582458496094|11|1919
305.0061950683594|11|1920
315.5257873535156|11|1921
258.9118957519531|11|1922
240.84385681152344|6|1923
220.69703674316406|6|1924
95.35691833496094|7|1925
64.21473693847656|22|1926
63.278892517089844|22|1927
80.85814666748047|11|1928
104.4395980834961|11|1929
131.57403564453125|11|1930
158.16358947753906|11|1931
148.8171844482422|11|1932
156.6094207763672|6|1933
197.38934326171875|10|1934
251.9032745361328|11|1935
267.8078918457031|11|1936
270.85882568359375|11|1937
270.3786926269531|11|1938
272.31976318359375|11|1939
277.30181884765625|11|1940
282.8455810546875|11|1941
276.97760009765625|11|1942
199.48016357421875|6|1943
259.1830139160156|6|1944
154.0745086669922|6|1945
102.8150863647461|227|1946
86.2542953491211|39|1947
128.5890350341797|241|1948
137.96534729003906|245|1949
154.0554962158203|246|1950
157.77969360351562|11|1951
183.5800323486328|11|1952
165.58453369140625|11|1953
122.72702026367188|5|1954
111.90357971191406|11|1955
141.63832092285156|11|1956
169.68028259277344|11|1957
199.5975799560547|11|1958
226.1707763671875|11|1959
234.3994598388672|11|1960
235.05067443847656|11|1961
232.72415161132812|11|1962
197.5190887451172|11|1963
218.0809326171875|6|1964
236.45831298828125|6|1965
195.22315979003906|145|1966
106.1900634765625|144|1967
81.19608306884766|11|1968
101.89093017578125|11|1969
125.78890991210938|11|1970
152.74847412109375|11|1971
176.17959594726562|11|1972
200.28880310058594|11|1973
223.5789794921875|11|1974
287.8117980957031|10|1975
291.2946472167969|10|1976
274.6723937988281|10|1977
268.9078063964844|10|1978
256.9434814453125|10|1979
263.7881164550781|10|1980
280.1772766113281|10|1981
278.1930847167969|10|1982
222.20289611816406|11|1983
184.82762145996094|8|1984
260.0004577636719|6|1985
157.5196075439453|6|1986
114.48638153076172|242|1987
128.1982879638672|246|1988
96.09309387207031|33|1989
97.07427215576172|300|1990
94.0538558959961|258|1991
111.43207550048828|216|1992
148.7200469970703|216|1993
151.06561279296875|8|1994
191.7462921142578|8|1995
143.69500732421875|8|1996
135.86167907714844|8|1997
187.74383544921875|8|1998
205.54396057128906|8|1999
223.08120727539062|8|2000
228.84637451171875|8|2001
237.1343231201172|8|2002
226.55078125|8|2003
237.65896606445312|9|2004
226.85952758789062|6|2005
247.80908203125|6|2006
118.02092742919922|7|2007
109.59803771972656|49|2008
102.48461151123047|173|2009
129.2704620361328|173|2010
139.4960479736328|172|2011
110.26168060302734|172|2012
96.9620590209961|12|2013
100.25344848632812|12|2014
133.92449951171875|32|2015
165.92214965820312|32|2016
222.7103729248047|8|2017
289.3282165527344|8|2018
311.6112060546875|8|2019
333.4472961425781|8|2020
335.5975646972656|8|2021
334.0189514160156|8|2022
332.91754150390625|8|2023
221.0068817138672|8|2024
230.77565002441406|7|2025
265.943603515625|6|2026
194.71414184570312|121|2027
267.3863830566406|122|2028
219.316650390625|123|2029
111.6003646850586|123|2030
95.02545166015625|122|2031
171.6576690673828|123|2032
211.8072967529297|123|2033
225.6694793701172|123|2034
235.5806427001953|122|2035
239.85195922851562|122|2036
231.3184814453125|123|2037
208.28016662597656|123|2038
192.8048858642578|8|2039
217.49563598632812|8|2040
240.24412536621094|8|2041
241.74853515625|8|2042
238.69557189941406|8|2043
223.72743225097656|8|2044
232.3733673095703|9|2045
234.67071533203125|6|2046
248.3856964111328|6|2047
189.5894012451172|122|2048
218.7117462158203|122|2049
208.88916015625|122|2050
211.53921508789062|122|2051
210.61090087890625|123|2052
203.5105438232422|123|2053
196.48553466796875|9|2054
230.31741333007812|9|2055
221.06361389160156|9|2056
227.80348205566406|9|2057
223.28509521484375|10|2058
239.1553192138672|10|2059
244.34100341796875|10|2060
254.62283325195312|10|2061
262.2467956542969|122|2062
296.08062744140625|122|2063
280.2119140625|10|2064
311.43280029296875|10|2065
232.63009643554688|10|2066
251.546142578125|6|2067
173.15585327148438|73|2068
170.7255401611328|73|2069
180.89659118652344|72|2070
208.25601196289062|72|2071
217.89329528808594|73|2072
192.7666015625|73|2073
201.5428466796875|111|2074
225.97279357910156|111|2075
200.22406005859375|10|2076
190.74514770507812|10|2077
229.21163940429688|10|2078
254.87709045410156|10|2079
252.3770294189453|10|2080
259.54083251953125|10|2081
267.1643981933594|10|2082
270.7477722167969|10|2083
270.0938415527344|10|2084
242.58905029296875|10|2085
204.85841369628906|9|2086
215.01470947265625|6|2087
234.7454071044922|6|2088
106.1922607421875|6|2089
109.8163833618164|110|2090
118.5627670288086|110|2091
110.48783874511719|110|2092
105.81034851074219|10|2093
132.4030303955078|10|2094
162.89259338378906|10|2095
190.95462036132812|10|2096
198.161865234375|10|2097
208.9763946533203|10|2098
263.2212219238281|10|2099
266.7275695800781|10|2100
270.65142822265625|10|2101
268.3677978515625|10|2102
266.494873046875|10|2103
273.1854553222656|10|2104
279.7717590332031|10|2105
197.11756896972656|10|2106
200.6441650390625|9|2107
257.1213684082031|6|2108
176.0368194580078|6|2109
164.9178924560547|48|2110
132.8813934326172|48|2111
155.11865234375|254|2112
135.4622802734375|254|2113
135.97544860839844|10|2114
167.98590087890625|10|2115
197.63755798339844|10|2116
189.02015686035156|10|2117
146.74000549316406|43|2118
140.92189025878906|10|2119
168.9987335205078|10|2120
168.6110382080078|10|2121
191.649658203125|10|2122
225.66725158691406|10|2123
238.23397827148438|10|2124
238.43704223632812|10|2125
222.82872009277344|10|2126
199.61390686035156|9|2127
202.82064819335938|6|2128
234.28073120117188|6|2129
160.04190063476562|49|2130
187.18023681640625|49|2131
181.6702117919922|49|2132
189.02696228027344|48|2133
200.31460571289062|48|2134
155.15867614746094|10|2135
182.46591186523438|10|2136
191.17819213867188|10|2137
153.21095275878906|10|2138
130.7415313720703|7|2139
195.75453186035156|6|2140
221.5718231201172|6|2141
244.99530029296875|6|2142
243.4349365234375|6|2143
236.94851684570312|6|2144
320.3830261230469|54|2145
300.9737854003906|54|2146
315.68182373046875|55|2147
324.8252868652344|55|2148
314.6094055175781|54|2149
273.1225280761719|54|2150
255.4826202392578|54|2151
317.6851501464844|54|2152
375.7147216796875|55|2153
376.23828125|55|2154
355.07244873046875|55|2155
410.7940368652344|54|2156
452.5457458496094|54|2157
338.3399658203125|53|2158
228.41058349609375|51|2159
217.15304565429688|49|2160
231.67030334472656|7|2161
242.84144592285156|7|2162
253.828857421875|7|2163
260.7951354980469|7|2164
264.7906494140625|7|2165
272.9049377441406|7|2166
273.50665283203125|7|2167
233.25436401367188|8|2168
183.6591339111328|7|2169
221.62521362304688|6|2170
253.23304748535156|42|2171
300.8308410644531|41|2172
334.84259033203125|41|2173
331.61431884765625|41|2174
317.2630310058594|41|2175
330.4750061035156|41|2176
375.4661560058594|41|2177
430.78717041015625|41|2178
433.4765930175781|41|2179
408.4820556640625|41|2180
374.4903869628906|41|2181
311.8780212402344|41|2182
271.5046081542969|41|2183
266.94256591796875|41|2184
295.1877136230469|41|2185
322.8497314453125|41|2186
317.4332275390625|41|2187
292.6471862792969|41|2188
297.51629638671875|41|2189
316.4124450683594|41|2190
309.6908874511719|41|2191
303.5398254394531|41|2192
333.3823547363281|41|2193
359.5014343261719|41|2194
356.7611999511719|41|2195
368.636474609375|41|2196
410.7129821777344|41|2197
440.4954528808594|41|2198
426.906982421875|41|2199
379.09832763671875|41|2200
292.4322204589844|41|2201
168.29617309570312|41|2202
185.32496643066406|14|2203
207.8031463623047|14|2204
271.9836120605469|41|2205
307.8658752441406|41|2206
277.26513671875|41|2207
257.9225769042969|14|2208
167.2289276123047|14|2209
209.35133361816406|6|2210
234.27578735351562|6|2211
265.39251708984375|41|2212
296.8445739746094|41|2213
215.7212371826172|41|2214
142.715087890625|32|2215
157.52334594726562|32|2216
147.740478515625|7|2217
190.2118377685547|41|2218
230.45741271972656|41|2219
184.89718627929688|7|2220
225.97152709960938|40|2221
362.9896240234375|41|2222
347.92041015625|41|2223
249.21339416503906|11|2224
262.9420166015625|11|2225
275.2469482421875|11|2226
283.2810974121094|11|2227
285.2586669921875|11|2228
286.7581481933594|41|2229
188.43516540527344|42|2230
251.26162719726562|6|2231
166.10812377929688|6|2232
91.97193145751953|41|2233
94.1183853149414|41|2234
82.57386016845703|11|2235
100.36017608642578|11|2236
124.95455169677734|11|2237
153.33746337890625|11|2238
169.47427368164062|11|2239
139.63299560546875|11|2240
153.7071990966797|11|2241
211.48948669433594|11|2242
261.85302734375|11|2243
271.3232116699219|11|2244
273.3145446777344|11|2245
275.0644836425781|11|2246
278.37164306640625|11|2247
285.3232727050781|11|2248
295.1244812011719|11|2249
256.81622314453125|11|2250
226.14071655273438|6|2251
238.10366821289062|6|2252
105.04478454589844|7|2253
57.69915008544922|22|2254
58.91205596923828|22|2255
65.77703857421875|11|2256
89.07587432861328|11|2257
121.90234375|11|2258
155.87405395507812|11|2259
158.81922912597656|11|2260
154.58534240722656|6|2261
178.26983642578125|10|2262
231.5367431640625|11|2263
246.06544494628906|11|2264
248.51055908203125|11|2265
252.9398651123047|11|2266
259.2979736328125|11|2267
267.15753173828125|11|2268
275.3656921386719|11|2269
268.6190490722656|11|2270
172.67630004882812|11|2271
235.55421447753906|6|2272
164.44029235839844|6|2273
59.82190704345703|7|2274
59.75832748413086|11|2275
96.34555053710938|245|2276
131.88180541992188|246|2277
154.33316040039062|247|2278
147.9551239013672|11|2279
172.404541015625|11|2280
162.09725952148438|11|2281
108.58599090576172|5|2282
101.4343032836914|11|2283
139.4719696044922|10|2284
160.35206604003906|11|2285
183.4817657470703|11|2286
210.72145080566406|11|2287
225.3260955810547|11|2288
232.6049041748047|11|2289
231.1261444091797|11|2290
199.4969024658203|11|2291
187.2378692626953|6|2292
225.21591186523438|6|2293
141.35415649414062|145|2294
95.57807159423828|145|2295
74.60448455810547|11|2296
89.53455352783203|11|2297
114.23757934570312|11|2298
138.93821716308594|11|2299
158.9847869873047|11|2300
185.79067993164062|11|2301
208.61865234375|11|2302
250.2589111328125|10|2303
266.63421630859375|10|2304
259.85968017578125|10|2305
254.906005859375|10|2306
239.70333862304688|10|2307
235.8075408935547|10|2308
251.14511108398438|10|2309
275.6815185546875|10|2310
221.9538116455078|11|2311
189.65724182128906|8|2312
252.7723846435547|6|2313
234.88255310058594|6|2314
187.96128845214844|6|2315
157.4578857421875|6|2316
161.71104431152344|6|2317
153.25782775878906|6|2318
145.61569213867188|6|2319
133.7757110595703|6|2320
149.13455200195312|5|2321
155.043212890625|217|2322
226.8836212158203|217|2323
219.35177612304688|217|2324
179.3806610107422|5|2325
202.7374267578125|5|2326
193.12005615234375|5|2327
213.47274780273438|8|2328
226.09519958496094|8|2329
216.08348083496094|8|2330
190.93209838867188|8|2331
195.5898895263672|9|2332
200.7684326171875|9|2333
219.74517822265625|6|2334
231.14187622070312|5|2335
151.7953643798828|5|2336
126.99235534667969|49|2337
144.99835205078125|49|2338
187.18988037109375|49|2339
196.85638427734375|49|2340
172.6636199951172|43|2341
143.9907684326172|43|2342
106.5111083984375|33|2343
137.44406127929688|33|2344
191.59014892578125|8|2345
266.57965087890625|8|2346
272.8010559082031|8|2347
276.33050537109375|8|2348
277.2342834472656|8|2349
281.2122802734375|8|2350
282.11968994140625|8|2351
218.03543090820312|8|2352
238.85093688964844|7|2353
205.65127563476562|6|2354
172.19862365722656|6|2355
106.40247344970703|124|2356
104.50825500488281|123|2357
80.29165649414062|123|2358
68.15001678466797|36|2359
74.03134155273438|285|2360
100.67494201660156|122|2361
137.3330078125|122|2362
136.26333618164062|122|2363
166.57215881347656|9|2364
146.12802124023438|123|2365
126.94115447998047|7|2366
179.18531799316406|8|2367
199.40264892578125|8|2368
214.89547729492188|8|2369
214.09336853027344|8|2370
204.59136962890625|8|2371
192.44224548339844|8|2372
200.91737365722656|9|2373
207.45999145507812|9|2374
188.13455200195312|6|2375
128.67247009277344|82|2376
133.43844604492188|82|2377
182.92002868652344|122|2378
277.0310363769531|122|2379
320.57696533203125|122|2380
344.33447265625|122|2381
327.6333923339844|122|2382
202.22523498535156|9|2383
206.75527954101562|9|2384
211.57431030273438|9|2385
199.5852508544922|10|2386
233.4202423095703|10|2387
230.7779998779297|10|2388
221.50946044921875|123|2389
212.16746520996094|10|2390
217.590576171875|10|2391
232.1295623779297|10|2392
239.7161407470703|10|2393
199.98536682128906|9|2394
181.5621337890625|6|2395
181.3223876953125|110|2396
137.0486297607422|110|2397
116.22489166259766|109|2398
148.09234619140625|109|2399
187.68833923339844|109|2400
175.4703369140625|109|2401
147.85948181152344|10|2402
172.08522033691406|10|2403
197.21693420410156|10|2404
193.78919982910156|10|2405
220.08753967285156|10|2406
239.67047119140625|10|2407
245.5634002685547|109|2408
224.5004119873047|10|2409
227.6614227294922|110|2410
255.44815063476562|110|2411
269.631591796875|110|2412
300.8280944824219|109|2413
292.01727294921875|109|2414
335.0514831542969|109|2415
390.0353698730469|109|2416
410.54302978515625|109|2417
375.7426452636719|109|2418
298.9984130859375|109|2419
214.05157470703125|109|2420
168.92343139648438|109|2421
215.64138793945312|110|2422
270.1681213378906|110|2423
213.33718872070312|110|2424
190.76109313964844|10|2425
194.5258026123047|10|2426
244.1996307373047|10|2427
256.5176696777344|10|2428
264.1792297363281|10|2429
261.02880859375|10|2430
256.3257141113281|10|2431
265.638427734375|10|2432
272.96368408203125|10|2433
226.53594970703125|10|2434
190.6886749267578|9|2435
189.0829315185547|6|2436
252.72694396972656|45|2437
290.07464599609375|44|2438
373.9696960449219|44|2439
358.60906982421875|44|2440
183.1659393310547|45|2441
157.26905822753906|47|2442
148.59744262695312|48|2443
174.26927185058594|10|2444
222.25250244140625|49|2445
352.332763671875|49|2446
295.275390625|49|2447
170.68557739257812|49|2448
161.87681579589844|10|2449
180.88047790527344|10|2450
217.09034729003906|10|2451
236.1083221435547|10|2452
232.671630859375|10|2453
226.84259033203125|10|2454
180.66668701171875|9|2455
198.7424774169922|8|2456
191.2605743408203|49|2457
232.5366668701172|49|2458
294.37750244140625|48|2459
341.3310241699219|49|2460
348.9245910644531|48|2461
348.66510009765625|49|2462
328.44873046875|48|2463
339.5857849121094|48|2464
397.8626403808594|49|2465
374.5860900878906|49|2466
217.03057861328125|49|2467
161.5023651123047|12|2468
175.464599609375|6|2469
190.5260009765625|6|2470
219.92117309570312|51|2471
321.04571533203125|52|2472
276.2986145019531|54|2473
209.52293395996094|6|2474
174.30654907226562|6|2475
190.1839599609375|8|2476
168.8902130126953|6|2477
138.88394165039062|6|2478
167.67726135253906|54|2479
197.46878051757812|54|2480
194.90866088867188|54|2481
192.26315307617188|54|2482
206.31634521484375|55|2483
240.3952178955078|55|2484
313.9369812011719|54|2485
305.0057678222656|53|2486
218.4350128173828|52|2487
155.9477081298828|14|2488
211.5955047607422|49|2489
277.72027587890625|49|2490
305.735107421875|49|2491
357.6148376464844|49|2492
367.80902099609375|49|2493
379.8770446777344|48|2494
262.88690185546875|48|2495
162.44163513183594|8|2496
167.3750762939453|8|2497
235.6368865966797|42|2498
261.81805419921875|42|2499
247.34828186035156|41|2500
246.21011352539062|41|2501
242.83551025390625|41|2502
224.3871307373047|41|2503
238.93814086914062|41|2504
262.4563903808594|41|2505
272.28192138671875|41|2506
247.2335662841797|41|2507
184.1118927001953|41|2508
181.13644409179688|41|2509
224.9071807861328|41|2510
245.14793395996094|41|2511
237.60728454589844|41|2512
227.8448028564453|41|2513
211.9228515625|41|2514
236.507568359375|41|2515
272.31243896484375|41|2516
283.80615234375|41|2517
292.7699279785156|41|2518
317.7817077636719|41|2519
346.9950866699219|41|2520
359.3099670410156|41|2521
350.2945251464844|41|2522
290.36114501953125|41|2523
216.55270385742188|41|2524
190.31143188476562|41|2525
229.49765014648438|41|2526
310.044677734375|41|2527
371.0072021484375|41|2528
367.69915771484375|41|2529
309.9468994140625|41|2530
229.72024536132812|41|2531
195.35011291503906|14|2532
215.86605834960938|14|2533
296.2724304199219|41|2534
298.9557189941406|41|2535
233.310791015625|14|2536
164.91397094726562|15|2537
229.9929656982422|41|2538
289.9200439453125|41|2539
339.9277038574219|41|2540
297.1224670410156|41|2541
230.28562927246094|42|2542
254.8910675048828|41|2543
221.48768615722656|40|2544
200.55357360839844|40|2545
284.437744140625|41|2546
285.28106689453125|41|2547
250.81813049316406|41|2548
235.137451171875|41|2549
188.33770751953125|11|2550
208.08465576171875|11|2551
218.7910614013672|11|2552
232.73666381835938|11|2553
244.3216094970703|11|2554
249.3739013671875|11|2555
246.8311767578125|11|2556
196.5245819091797|11|2557
234.6207733154297|41|2558
264.197998046875|41|2559
179.0332489013672|42|2560
101.64246368408203|42|2561
144.24887084960938|41|2562
110.83043670654297|41|2563
93.84745788574219|11|2564
107.62936401367188|11|2565
128.67884826660156|11|2566
147.01104736328125|11|2567
136.61912536621094|11|2568
147.0963592529297|11|2569
190.3137969970703|11|2570
229.24981689453125|11|2571
232.18931579589844|11|2572
230.51351928710938|11|2573
236.48558044433594|11|2574
242.01431274414062|11|2575
245.06895446777344|11|2576
238.13433837890625|11|2577
149.1891326904297|11|2578
132.819091796875|7|2579
109.21452331542969|7|2580
74.25491333007812|18|2581
81.51565551757812|22|2582
78.13316345214844|22|2583