In the name of Love
DJ Snake
Bebe Rhexa
EDM
in_the_name_of_love
2049x2584
2584

1.3104854588164017e-05|1049|0
0.00011476280633360147|1150|1
0.00019860619795508683|1248|2
0.00018437567632645369|1248|3
0.0002026732690865174|792|4
0.00023758248426020145|1128|5
0.00027656008023768663|1384|6
0.00026071781758219004|988|7
0.0002901530242525041|872|8
0.0002986234612762928|1128|9
0.0002921665145549923|1384|10
0.00027636141749098897|988|11
0.00029593368526548147|872|12
0.00029904558323323727|1128|13
0.00028585843392647803|1384|14
0.0002640023594722152|988|15
0.00028241914696991444|872|16
0.00030125354533083737|1128|17
0.0002921008563134819|1384|18
0.00026379263726994395|988|19
0.00028645043494179845|872|20
0.00030147514189593494|1128|21
0.00029397389153018594|1384|22
0.00026204620371572673|988|23
0.00028076875605620444|872|24
0.0003027946804650128|1128|25
0.0002909282629843801|1384|26
0.00026291777612641454|988|27
0.0002842060348484665|872|28
0.00030739911017008126|1128|29
0.00047348166117444634|1337|30
0.0009122564806602895|1249|31
0.05649653822183609|15|32
0.6989859938621521|10|33
3.785168170928955|4|34
9.458334922790527|3|35
8.1585111618042|3|36
3.8741464614868164|3|37
8.259201049804688|1|38
11.793922424316406|1|39
7.558087348937988|1|40
4.363717079162598|1|41
6.176440238952637|1|42
7.9277215003967285|2|43
7.000487327575684|2|44
4.692471027374268|4|45
5.610352516174316|4|46
4.756070137023926|4|47
5.246591091156006|3|48
5.042651653289795|3|49
3.711383581161499|0|50
3.851827621459961|7|51
8.607502937316895|2|52
9.923006057739258|2|53
6.362982273101807|2|54
9.61605453491211|2|55
10.988028526306152|1|56
12.775617599487305|1|57
12.750571250915527|1|58
10.627729415893555|1|59
9.85664176940918|1|60
10.052002906799316|1|61
8.96796703338623|2|62
7.300416469573975|2|63
6.339432716369629|7|64
7.797813415527344|3|65
8.355365753173828|3|66
8.202680587768555|3|67
7.41179084777832|2|68
4.763326644897461|7|69
4.586048126220703|5|70
5.7474799156188965|6|71
5.6444573402404785|6|72
4.889604568481445|1|73
7.161235332489014|0|74
6.469906330108643|2|75
6.495953559875488|3|76
5.892768383026123|0|77
8.420126914978027|1|78
8.886191368103027|0|79
7.612183570861816|5|80
7.824436664581299|2|81
7.428953647613525|2|82
7.398772239685059|1|83
8.244592666625977|1|84
7.203284740447998|5|85
5.061178207397461|5|86
4.183719635009766|5|87
8.739673614501953|5|88
10.064810752868652|5|89
7.041593074798584|2|90
5.19089937210083|1|91
5.945089340209961|2|92
8.141828536987305|2|93
7.423064708709717|1|94
6.212364196777344|1|95
4.8663201332092285|0|96
3.902022361755371|3|97
7.203632831573486|3|98
8.417871475219727|2|99
5.271360397338867|5|100
8.064205169677734|4|101
7.849148273468018|2|102
6.798949718475342|6|103
6.808121681213379|8|104
8.679570198059082|4|105
6.049919128417969|8|106
6.921323776245117|7|107
7.140435218811035|7|108
4.905292510986328|7|109
5.689597129821777|5|110
5.033226013183594|9|111
5.782845497131348|8|112
4.577106475830078|3|113
8.037109375|5|114
5.832651138305664|5|115
5.173871994018555|3|116
6.8924689292907715|3|117
5.533326625823975|2|118
5.785637855529785|2|119
6.343661785125732|2|120
7.196449279785156|3|121
6.956209659576416|6|122
6.0323872566223145|2|123
7.366321563720703|3|124
5.1443023681640625|2|125
5.408984184265137|8|126
6.871212959289551|4|127
9.198054313659668|4|128
8.132796287536621|4|129
6.738048076629639|6|130
3.7599005699157715|2|131
3.247100353240967|3|132
3.536236047744751|10|133
5.076172351837158|9|134
4.869547367095947|5|135
4.33463716506958|2|136
10.172179222106934|2|137
14.475580215454102|2|138
10.281318664550781|2|139
8.519303321838379|5|140
5.868925094604492|6|141
5.242125988006592|4|142
5.809868812561035|0|143
7.039396286010742|1|144
6.360722541809082|1|145
4.903377532958984|7|146
4.267756462097168|3|147
6.649183750152588|3|148
6.15072774887085|6|149
10.345756530761719|2|150
11.018770217895508|2|151
8.028343200683594|3|152
8.551817893981934|2|153
6.044743537902832|2|154
4.377214431762695|4|155
8.264719009399414|4|156
6.189321041107178|4|157
5.153172492980957|8|158
5.260438919067383|6|159
7.683084964752197|1|160
9.730238914489746|1|161
9.068734169006348|2|162
8.030810356140137|3|163
6.604217052459717|2|164
5.160115718841553|3|165
8.070537567138672|3|166
8.571294784545898|3|167
7.549445152282715|2|168
5.012636184692383|1|169
4.45495080947876|5|170
4.234410762786865|1|171
7.156230449676514|4|172
9.109766960144043|5|173
9.431434631347656|2|174
8.284509658813477|3|175
6.309208393096924|3|176
8.741006851196289|14|177
10.64183235168457|14|178
9.794404983520508|1|179
9.703901290893555|0|180
8.185707092285156|1|181
10.013689994812012|2|182
6.581225872039795|2|183
5.952535152435303|2|184
7.290146350860596|2|185
8.608979225158691|2|186
5.9048919677734375|3|187
7.6579718589782715|6|188
6.308003902435303|6|189
20.319692611694336|49|190
49.21794891357422|49|191
60.971099853515625|49|192
56.84857177734375|48|193
57.114864349365234|48|194
58.60393142700195|49|195
61.66489791870117|49|196
73.73666381835938|49|197
76.93513488769531|49|198
67.72885131835938|49|199
62.49100875854492|49|200
58.08100509643555|49|201
53.58237838745117|49|202
61.481536865234375|49|203
68.71908569335938|49|204
68.55477905273438|49|205
64.6402359008789|49|206
61.704917907714844|49|207
64.38873291015625|49|208
69.37877655029297|49|209
68.42581939697266|49|210
62.57305908203125|49|211
59.991512298583984|49|212
58.97794723510742|49|213
59.93730163574219|49|214
60.195369720458984|49|215
63.37797164916992|49|216
63.6624641418457|49|217
58.60701370239258|49|218
54.62015151977539|48|219
53.101200103759766|49|220
55.12530517578125|49|221
53.316444396972656|49|222
52.98747634887695|49|223
56.067665100097656|62|224
52.127994537353516|49|225
55.282840728759766|49|226
52.05858612060547|49|227
49.49419021606445|49|228
50.28955078125|49|229
42.81019973754883|49|230
39.83547592163086|48|231
52.218482971191406|49|232
58.387794494628906|49|233
47.25804901123047|49|234
39.68953323364258|49|235
39.78150177001953|49|236
45.25359344482422|110|237
37.53190994262695|49|238
38.567779541015625|111|239
34.47921371459961|49|240
38.9426383972168|49|241
42.02432632446289|49|242
41.69855499267578|49|243
39.93667984008789|49|244
51.766929626464844|109|245
44.65818786621094|109|246
36.8885383605957|49|247
35.842857360839844|49|248
32.08766174316406|49|249
30.281219482421875|49|250
37.47905349731445|91|251
40.97642135620117|91|252
46.8167839050293|91|253
46.68040466308594|91|254
49.96653747558594|92|255
56.349464416503906|92|256
46.6304931640625|92|257
38.976905822753906|91|258
28.252525329589844|91|259
22.100276947021484|49|260
20.52645492553711|49|261
19.440738677978516|49|262
23.780189514160156|90|263
32.08879852294922|91|264
25.330368041992188|91|265
16.222021102905273|49|266
14.971588134765625|49|267
16.05434799194336|49|268
15.46234130859375|49|269
13.96192455291748|49|270
12.728209495544434|49|271
12.048638343811035|49|272
11.43575668334961|49|273
10.261847496032715|49|274
10.07717227935791|49|275
10.665623664855957|49|276
19.98575782775879|92|277
30.405696868896484|97|278
56.70603561401367|98|279
63.82023620605469|99|280
44.17798614501953|99|281
25.831106185913086|101|282
30.275672912597656|111|283
51.880611419677734|111|284
48.2734489440918|110|285
38.744686126708984|110|286
26.617340087890625|111|287
17.430030822753906|112|288
26.103408813476562|109|289
22.675168991088867|110|290
28.900726318359375|114|291
26.145179748535156|110|292
45.73957824707031|109|293
50.169090270996094|109|294
24.24628257751465|55|295
29.453880310058594|92|296
55.470760345458984|92|297
52.425025939941406|92|298
53.811683654785156|91|299
61.704734802246094|91|300
52.89563751220703|91|301
44.86845397949219|92|302
52.84917449951172|92|303
60.35814666748047|92|304
34.01011276245117|91|305
42.48038864135742|82|306
63.36122512817383|82|307
71.60125732421875|82|308
88.60810852050781|82|309
102.45657348632812|82|310
114.93650817871094|82|311
100.86293029785156|82|312
63.69575881958008|82|313
73.9656982421875|86|314
80.59256744384766|87|315
89.81314849853516|90|316
127.88945007324219|91|317
136.16920471191406|91|318
129.97166442871094|91|319
122.66915893554688|91|320
120.5556411743164|92|321
139.32061767578125|92|322
111.88577270507812|92|323
68.8907699584961|92|324
38.52292251586914|92|325
28.223451614379883|99|326
27.910961151123047|100|327
18.84981346130371|101|328
21.50098419189453|93|329
40.2482795715332|112|330
49.4832649230957|111|331
45.20719909667969|110|332
37.572303771972656|111|333
42.21664047241211|111|334
43.351871490478516|111|335
46.89719772338867|112|336
38.046077728271484|111|337
39.46323776245117|110|338
38.80579376220703|111|339
40.49403381347656|111|340
25.552249908447266|109|341
13.860153198242188|112|342
23.2177791595459|111|343
26.067462921142578|70|344
53.52477264404297|74|345
92.05020904541016|73|346
95.66674041748047|73|347
78.307861328125|73|348
73.5354995727539|73|349
80.37793731689453|73|350
76.34012603759766|73|351
80.6255111694336|111|352
75.49710845947266|110|353
66.38135528564453|73|354
67.8494644165039|73|355
67.65379333496094|73|356
57.477699279785156|73|357
62.41597366333008|114|358
68.79226684570312|115|359
54.115787506103516|109|360
65.273681640625|109|361
47.30582809448242|92|362
47.524539947509766|92|363
53.297454833984375|92|364
54.731651306152344|92|365
48.52848815917969|46|366
50.735748291015625|46|367
52.70209884643555|46|368
64.70884704589844|92|369
42.64723587036133|46|370
55.0782356262207|91|371
61.89836883544922|91|372
58.669830322265625|46|373
53.939002990722656|46|374
60.685951232910156|92|375
76.47235107421875|92|376
70.8730697631836|92|377
54.514312744140625|125|378
67.00553131103516|125|379
61.012996673583984|124|380
53.709922790527344|123|381
36.42715072631836|126|382
32.77400588989258|46|383
31.833532333374023|46|384
31.967172622680664|46|385
40.30095291137695|99|386
34.085296630859375|92|387
29.359424591064453|46|388
31.395166397094727|112|389
60.53592300415039|112|390
60.9229850769043|111|391
70.77711486816406|111|392
95.51165008544922|112|393
77.9116439819336|112|394
69.67608642578125|110|395
35.84893035888672|109|396
59.73963165283203|114|397
50.141788482666016|114|398
74.83377838134766|109|399
87.59741973876953|110|400
68.86522674560547|110|401
30.582792282104492|110|402
51.5473518371582|54|403
83.97146606445312|69|404
95.37208557128906|69|405
88.89093017578125|69|406
79.64557647705078|69|407
81.50984191894531|69|408
80.79619598388672|69|409
68.5130615234375|69|410
57.609466552734375|91|411
52.26704788208008|94|412
54.22748565673828|69|413
56.12798309326172|69|414
57.91252136230469|69|415
60.821311950683594|69|416
60.93220520019531|69|417
57.7585563659668|69|418
53.18762969970703|69|419
46.446983337402344|69|420
42.9072380065918|69|421
46.52143096923828|69|422
53.215965270996094|69|423
55.99347686767578|69|424
53.302860260009766|69|425
50.960330963134766|69|426
50.253082275390625|69|427
48.98793411254883|69|428
47.574363708496094|69|429
50.22398376464844|69|430
52.131587982177734|69|431
52.904808044433594|92|432
65.02572631835938|98|433
99.39627838134766|99|434
92.53302764892578|99|435
50.305240631103516|100|436
40.88578414916992|69|437
96.64886474609375|112|438
116.12704467773438|111|439
106.31452178955078|110|440
67.04016876220703|111|441
48.485721588134766|111|442
43.49287414550781|41|443
49.477783203125|109|444
60.00857162475586|114|445
81.86334228515625|114|446
61.55309295654297|108|447
77.41958618164062|109|448
50.895626068115234|55|449
45.64848327636719|111|450
60.04676055908203|91|451
82.76071166992188|92|452
50.534934997558594|93|453
54.905418395996094|55|454
67.13362884521484|55|455
64.4346923828125|55|456
84.16393280029297|92|457
112.77061462402344|92|458
69.21009826660156|92|459
57.557674407958984|54|460
61.4130973815918|54|461
60.08567810058594|54|462
54.882789611816406|53|463
48.560821533203125|52|464
42.753150939941406|51|465
42.582725524902344|49|466
38.45943069458008|47|467
32.01795196533203|45|468
28.23640251159668|42|469
29.900848388671875|40|470
29.87030601501465|37|471
23.560606002807617|33|472
17.703683853149414|31|473
13.874003410339355|19|474
12.271134376525879|18|475
13.596632957458496|16|476
9.595541954040527|11|477
16.28022575378418|34|478
60.51403045654297|31|479
114.13719177246094|30|480
127.35877990722656|30|481
129.44947814941406|31|482
128.42730712890625|31|483
128.44650268554688|62|484
88.53401184082031|62|485
32.19180679321289|28|486
25.17013168334961|24|487
13.159790992736816|62|488
29.11427879333496|68|489
130.6972198486328|67|490
167.7224578857422|67|491
179.94805908203125|102|492
130.93309020996094|103|493
101.75199890136719|68|494
48.861106872558594|67|495
19.300630569458008|103|496
20.722871780395508|102|497
27.73130226135254|61|498
73.18803405761719|15|499
126.73957061767578|31|500
129.03192138671875|34|501
169.46376037597656|68|502
172.03822326660156|68|503
153.58294677734375|68|504
161.35836791992188|68|505
174.7879638671875|69|506
167.51614379882812|70|507
138.19578552246094|71|508
118.44953918457031|73|509
104.21415710449219|73|510
119.6402816772461|36|511
145.28553771972656|36|512
161.2447509765625|36|513
142.1786346435547|36|514
83.56649017333984|15|515
80.71829986572266|15|516
78.38155364990234|15|517
80.34999084472656|15|518
78.97068786621094|15|519
111.05792999267578|31|520
155.92190551757812|32|521
131.31793212890625|35|522
131.66836547851562|35|523
139.55398559570312|35|524
130.85775756835938|35|525
124.72168731689453|35|526
142.22540283203125|35|527
121.75543212890625|34|528
134.53770446777344|34|529
124.16726684570312|34|530
149.00350952148438|35|531
140.20611572265625|34|532
121.00862884521484|34|533
105.09835052490234|34|534
82.10981750488281|15|535
82.7851333618164|31|536
78.04857635498047|15|537
77.9789810180664|15|538
78.47219848632812|15|539
79.28355407714844|15|540
76.56100463867188|15|541
71.41095733642578|15|542
66.55823516845703|15|543
67.36907196044922|15|544
70.62425994873047|15|545
70.09026336669922|15|546
67.75393676757812|15|547
65.08264923095703|15|548
64.61050415039062|15|549
62.54633331298828|15|550
57.47815704345703|15|551
55.703125|15|552
53.67763137817383|15|553
58.9779167175293|31|554
80.44055938720703|19|555
64.24523162841797|19|556
69.65530395507812|30|557
93.98878479003906|30|558
121.25511932373047|31|559
152.5776824951172|31|560
178.10630798339844|31|561
135.19305419921875|31|562
75.42819213867188|31|563
45.35533142089844|31|564
46.48556900024414|36|565
44.420021057128906|36|566
50.357444763183594|27|567
86.97807312011719|34|568
128.73451232910156|69|569
123.5044937133789|69|570
61.28633117675781|34|571
44.56239318847656|36|572
44.52111053466797|36|573
45.778751373291016|36|574
44.19374465942383|31|575
46.317474365234375|30|576
88.1932373046875|68|577
191.38165283203125|68|578
189.7338104248047|68|579
144.81565856933594|68|580
107.74851989746094|70|581
171.56541442871094|71|582
158.4725341796875|72|583
158.54347229003906|73|584
165.2440643310547|73|585
174.74583435058594|73|586
145.60084533691406|73|587
111.17479705810547|73|588
86.05648803710938|36|589
85.8227310180664|35|590
103.84776306152344|35|591
118.97372436523438|68|592
103.65043640136719|69|593
90.61556243896484|34|594
49.692283630371094|34|595
44.379886627197266|23|596
41.44533920288086|24|597
98.68266296386719|63|598
174.1585235595703|63|599
168.7452392578125|62|600
118.31897735595703|61|601
111.69721984863281|60|602
77.43573760986328|29|603
86.04876708984375|28|604
116.55229187011719|55|605
123.05609893798828|55|606
101.77130889892578|54|607
87.61188507080078|54|608
53.67036056518555|54|609
38.051597595214844|74|610
61.5115852355957|69|611
88.86311340332031|68|612
91.33990478515625|68|613
97.41160583496094|91|614
97.37683868408203|92|615
128.80401611328125|69|616
122.96484375|68|617
118.45271301269531|69|618
123.93378448486328|70|619
140.82884216308594|71|620
105.2325439453125|68|621
126.93866729736328|68|622
97.39215850830078|68|623
95.4278335571289|47|624
121.7148208618164|47|625
138.19317626953125|46|626
162.22596740722656|46|627
132.7307586669922|46|628
69.90009307861328|46|629
50.97414779663086|46|630
44.0088005065918|47|631
14.36641788482666|40|632
17.092514038085938|265|633
24.571590423583984|40|634
45.91143035888672|29|635
93.48981475830078|29|636
87.91236877441406|58|637
48.301509857177734|27|638
21.50014877319336|23|639
15.720251083374023|46|640
10.56733226776123|46|641
9.264690399169922|1127|642
32.469783782958984|70|643
148.87681579589844|69|644
164.11410522460938|68|645
161.97560119628906|103|646
176.8464813232422|103|647
112.4713134765625|103|648
91.96504974365234|67|649
50.175567626953125|67|650
46.7481575012207|26|651
95.1854019165039|15|652
104.6275634765625|15|653
101.13348388671875|15|654
102.75021362304688|15|655
198.24505615234375|68|656
161.48223876953125|101|657
205.58477783203125|102|658
186.26316833496094|103|659
157.7366485595703|104|660
121.1348876953125|106|661
161.64901733398438|110|662
155.89939880371094|110|663
160.91387939453125|108|664
161.6017303466797|108|665
140.11441040039062|109|666
122.22071075439453|110|667
106.5213851928711|147|668
99.82811737060547|15|669
100.91798400878906|15|670
100.79012298583984|15|671
94.98328399658203|15|672
89.43379211425781|15|673
86.95993041992188|15|674
87.55809783935547|15|675
85.16475677490234|15|676
89.31780242919922|34|677
104.14070129394531|34|678
88.67610931396484|34|679
87.21696472167969|69|680
99.03121185302734|70|681
97.89962768554688|70|682
98.9093017578125|69|683
93.39805603027344|69|684
89.90473175048828|69|685
104.75078582763672|104|686
125.2498550415039|103|687
100.60572052001953|40|688
133.04547119140625|40|689
94.5900650024414|81|690
94.3565444946289|82|691
65.19528198242188|15|692
67.73422241210938|15|693
71.94124603271484|15|694
74.21128845214844|15|695
75.34544372558594|15|696
70.91730499267578|15|697
44.50144577026367|15|698
19.8743839263916|30|699
18.307540893554688|30|700
20.86724090576172|31|701
21.81361961364746|31|702
24.200246810913086|31|703
24.410438537597656|31|704
23.904687881469727|31|705
22.90918731689453|31|706
22.387727737426758|31|707
20.8774356842041|31|708
36.60617446899414|21|709
108.01303100585938|20|710
120.93334197998047|20|711
135.83535766601562|57|712
141.6693572998047|57|713
169.3282012939453|92|714
155.25245666503906|92|715
176.8209686279297|91|716
140.10086059570312|27|717
142.57485961914062|27|718
134.82437133789062|27|719
124.53857421875|27|720
114.998046875|27|721
99.5417251586914|27|722
161.52894592285156|69|723
109.26018524169922|69|724
52.946327209472656|14|725
58.42730712890625|14|726
54.78361511230469|14|727
66.77024841308594|54|728
63.8968391418457|14|729
63.45627212524414|14|730
95.72418212890625|68|731
168.47427368164062|69|732
114.58528137207031|102|733
183.03640747070312|102|734
117.09336853027344|102|735
120.35677337646484|106|736
156.15130615234375|109|737
183.2573699951172|109|738
177.00901794433594|109|739
176.17669677734375|109|740
144.4076690673828|110|741
74.40029907226562|110|742
108.83212280273438|70|743
186.6405792236328|68|744
207.3394317626953|67|745
192.1935272216797|68|746
182.41371154785156|69|747
147.28890991210938|69|748
72.21743774414062|68|749
60.525150299072266|14|750
58.15378189086914|27|751
61.25479507446289|21|752
74.01058959960938|21|753
68.38542938232422|20|754
60.24221420288086|28|755
116.88390350341797|60|756
182.3114776611328|61|757
164.84556579589844|61|758
134.2333984375|61|759
81.7844467163086|60|760
67.705322265625|30|761
98.63038635253906|55|762
138.32864379882812|54|763
125.63800048828125|54|764
74.11553192138672|27|765
63.74677276611328|23|766
79.4666976928711|21|767
83.4731674194336|21|768
55.56573486328125|21|769
77.27720642089844|44|770
139.24435424804688|46|771
134.02972412109375|46|772
111.97887420654297|70|773
111.17769622802734|68|774
112.48490142822266|68|775
79.80741882324219|69|776
79.14984130859375|46|777
97.40460968017578|46|778
106.27908325195312|46|779
122.51737976074219|46|780
138.42918395996094|46|781
118.1859130859375|45|782
79.4749526977539|45|783
67.69650268554688|24|784
71.61626434326172|24|785
52.625125885009766|21|786
46.93181228637695|14|787
44.34297180175781|14|788
43.89993667602539|14|789
41.33799362182617|14|790
34.026241302490234|14|791
28.05704116821289|92|792
28.41794204711914|107|793
24.443513870239258|20|794
40.8594970703125|22|795
69.190185546875|22|796
79.50871276855469|49|797
104.92169189453125|30|798
90.03228759765625|31|799
60.72358322143555|23|800
54.84575271606445|22|801
66.51940155029297|33|802
137.5399932861328|34|803
151.62098693847656|35|804
119.94420623779297|34|805
126.07730102539062|101|806
100.6860122680664|69|807
140.78648376464844|69|808
184.901123046875|69|809
186.4167022705078|69|810
204.19737243652344|69|811
167.19911193847656|70|812
151.24053955078125|104|813
182.72125244140625|104|814
143.29550170898438|104|815
109.14672088623047|111|816
182.8185577392578|111|817
187.07542419433594|111|818
166.00106811523438|110|819
178.27731323242188|110|820
205.20523071289062|111|821
196.7506561279297|110|822
133.5521697998047|110|823
92.58834075927734|15|824
91.4284896850586|15|825
88.27191162109375|15|826
88.35313415527344|15|827
92.83271026611328|15|828
91.57188415527344|15|829
89.47630310058594|15|830
106.67922973632812|36|831
133.1958465576172|36|832
97.23493957519531|36|833
96.32062530517578|37|834
94.86923217773438|74|835
87.52783203125|75|836
72.22149658203125|15|837
81.84534454345703|81|838
99.94697570800781|82|839
122.90838623046875|82|840
134.5585479736328|82|841
144.82296752929688|82|842
160.4420928955078|82|843
157.66122436523438|82|844
156.3869171142578|81|845
109.3246078491211|80|846
83.55817413330078|15|847
101.28539276123047|73|848
105.24174499511719|72|849
99.50582885742188|73|850
92.96566009521484|73|851
89.06150817871094|182|852
86.53167724609375|15|853
86.88009643554688|36|854
84.81532287597656|15|855
84.80927276611328|15|856
88.24722290039062|15|857
88.31927490234375|15|858
88.70368194580078|15|859
86.13556671142578|15|860
81.99853515625|15|861
85.94538879394531|15|862
87.91757202148438|15|863
87.84490203857422|15|864
85.28560638427734|15|865
83.05646514892578|15|866
82.96837615966797|15|867
83.6210708618164|15|868
81.55492401123047|15|869
78.25595092773438|15|870
77.09785461425781|15|871
78.76594543457031|15|872
79.3792495727539|15|873
73.85441589355469|15|874
112.59110260009766|23|875
71.18172454833984|15|876
68.34052276611328|73|877
87.61217498779297|37|878
70.09741973876953|37|879
71.3743896484375|15|880
67.74325561523438|15|881
103.1029281616211|41|882
128.40924072265625|41|883
91.18740844726562|41|884
87.73641204833984|164|885
93.78643798828125|41|886
96.25337982177734|41|887
86.06407165527344|41|888
72.66133117675781|163|889
75.55209350585938|81|890
120.52339172363281|81|891
219.42869567871094|82|892
265.1441345214844|82|893
235.8634033203125|82|894
210.5406494140625|82|895
182.73023986816406|82|896
192.12142944335938|83|897
117.29342651367188|84|898
177.32557678222656|91|899
236.91770935058594|92|900
225.14459228515625|92|901
232.29205322265625|91|902
149.6369171142578|91|903
92.37679290771484|183|904
51.5633430480957|15|905
52.12762451171875|15|906
50.450889587402344|15|907
48.41561508178711|15|908
60.386539459228516|284|909
81.78462982177734|284|910
107.36762237548828|285|911
85.36134338378906|285|912
48.82901382446289|39|913
45.362300872802734|15|914
46.102176666259766|15|915
66.21998596191406|39|916
135.6337890625|38|917
117.40541076660156|37|918
82.93209075927734|37|919
100.3723373413086|108|920
87.11956024169922|36|921
90.31453704833984|36|922
78.87042236328125|109|923
94.29552459716797|69|924
112.54773712158203|69|925
88.34034729003906|69|926
41.153194427490234|70|927
38.84906768798828|15|928
39.14267349243164|15|929
39.111637115478516|15|930
39.16472625732422|15|931
37.344688415527344|15|932
120.71704864501953|60|933
197.41094970703125|61|934
137.21844482421875|90|935
202.96530151367188|90|936
154.7019500732422|91|937
166.334716796875|93|938
142.43821716308594|93|939
119.27909851074219|92|940
114.745849609375|61|941
67.03863525390625|61|942
80.17225646972656|49|943
86.0710220336914|48|944
69.3606185913086|46|945
27.741512298583984|42|946
13.131669998168945|62|947
14.513640403747559|61|948
10.893827438354492|90|949
10.80384349822998|91|950
9.897040367126465|91|951
11.978592872619629|60|952
14.752066612243652|60|953
42.88222122192383|32|954
134.46998596191406|33|955
163.07081604003906|34|956
129.68731689453125|34|957
124.82710266113281|33|958
81.82096862792969|34|959
95.76274108886719|36|960
116.51383209228516|15|961
111.36176300048828|36|962
99.51274871826172|36|963
101.97830963134766|31|964
97.90082550048828|36|965
129.7742919921875|73|966
203.92019653320312|73|967
176.46429443359375|73|968
152.9210968017578|73|969
133.34442138671875|73|970
121.20147705078125|109|971
150.60809326171875|109|972
152.6273193359375|109|973
177.1602783203125|109|974
179.27882385253906|109|975
133.3152313232422|110|976
84.47537231445312|31|977
89.2413330078125|31|978
96.45841979980469|31|979
99.14425659179688|31|980
97.45922088623047|78|981
88.99954223632812|31|982
82.11482238769531|31|983
80.58139038085938|15|984
86.36062622070312|15|985
92.31243133544922|15|986
96.51908111572266|15|987
99.41228485107422|15|988
101.88807678222656|15|989
100.8518295288086|15|990
100.60055541992188|15|991
114.70238494873047|22|992
100.21389770507812|15|993
115.9717025756836|23|994
138.44769287109375|23|995
153.1238555908203|23|996
182.2440948486328|23|997
180.55279541015625|23|998
162.1997833251953|23|999
147.88848876953125|23|1000
113.14522552490234|23|1001
125.79517364501953|46|1002
119.62356567382812|46|1003
114.9091796875|45|1004
107.39608764648438|45|1005
134.05862426757812|46|1006
153.17848205566406|46|1007
130.75579833984375|45|1008
108.48097229003906|45|1009
83.38676452636719|23|1010
87.42514038085938|24|1011
97.5721206665039|26|1012
121.47566223144531|27|1013
124.97187805175781|27|1014
120.44126892089844|27|1015
106.46699523925781|27|1016
88.53880310058594|27|1017
83.68988800048828|14|1018
63.21038818359375|14|1019
60.05589294433594|54|1020
84.93367004394531|54|1021
81.7677993774414|54|1022
66.642333984375|54|1023
53.121891021728516|20|1024
55.40021514892578|20|1025
53.554317474365234|20|1026
71.64737701416016|54|1027
84.61009216308594|54|1028
86.4399642944336|54|1029
100.25666809082031|41|1030
136.80224609375|41|1031
154.34580993652344|41|1032
134.66673278808594|41|1033
79.29847717285156|40|1034
47.9939079284668|14|1035
74.22049713134766|42|1036
129.02890014648438|42|1037
189.92544555664062|41|1038
196.109130859375|41|1039
177.98834228515625|41|1040
182.91065979003906|41|1041
136.38900756835938|42|1042
101.38060760498047|68|1043
142.64723205566406|68|1044
124.84090423583984|68|1045
112.52577209472656|69|1046
96.96263885498047|68|1047
59.93621063232422|64|1048
98.46753692626953|60|1049
122.41612243652344|61|1050
156.45986938476562|61|1051
164.60182189941406|61|1052
174.13522338867188|61|1053
175.9892578125|61|1054
155.80397033691406|61|1055
122.50553894042969|61|1056
95.53753662109375|62|1057
77.29483795166016|62|1058
66.5835952758789|41|1059
73.7196273803711|41|1060
63.96061706542969|14|1061
61.66450881958008|27|1062
58.316585540771484|27|1063
57.749752044677734|27|1064
57.90541458129883|27|1065
52.875083923339844|27|1066
50.12397003173828|21|1067
54.722564697265625|14|1068
53.52715301513672|14|1069
47.766475677490234|20|1070
48.91058349609375|14|1071
52.74383544921875|14|1072
54.521366119384766|14|1073
53.36118698120117|14|1074
48.29580307006836|14|1075
50.12447738647461|14|1076
47.609981536865234|14|1077
46.78458786010742|7|1078
57.28588104248047|7|1079
61.19009017944336|7|1080
44.11454772949219|7|1081
40.32957077026367|14|1082
50.8170051574707|14|1083
49.91291427612305|5|1084
61.142356872558594|5|1085
50.311153411865234|5|1086
47.178016662597656|3|1087
44.061668395996094|3|1088
57.525882720947266|3|1089
69.68392944335938|3|1090
60.51490020751953|3|1091
66.06450653076172|8|1092
44.594783782958984|3|1093
50.93229293823242|3|1094
67.54402923583984|6|1095
63.08903503417969|3|1096
90.3150863647461|41|1097
92.36692810058594|42|1098
77.15093994140625|5|1099
71.45884704589844|5|1100
99.50769805908203|29|1101
108.9621353149414|30|1102
116.15409088134766|30|1103
153.1271209716797|7|1104
142.26046752929688|7|1105
124.34889221191406|5|1106
133.5662384033203|6|1107
111.42424774169922|5|1108
122.39501190185547|33|1109
156.78465270996094|34|1110
155.60670471191406|34|1111
161.670654296875|34|1112
152.1837158203125|34|1113
146.1697998046875|35|1114
122.18522644042969|35|1115
150.1820831298828|13|1116
208.5885772705078|6|1117
405.0723571777344|7|1118
405.4151306152344|7|1119
446.9571838378906|6|1120
509.29180908203125|5|1121
418.3278503417969|4|1122
388.11944580078125|4|1123
329.0461730957031|4|1124
281.66351318359375|4|1125
316.3516845703125|4|1126
270.4461669921875|3|1127
262.7290954589844|6|1128
191.85658264160156|6|1129
195.7990264892578|4|1130
224.05386352539062|4|1131
162.76393127441406|3|1132
139.50672912597656|9|1133
127.70307922363281|8|1134
137.04666137695312|7|1135
168.47140502929688|7|1136
187.76876831054688|7|1137
198.6862335205078|4|1138
140.8507843017578|7|1139
119.05438232421875|4|1140
118.08399200439453|5|1141
149.79763793945312|7|1142
219.14404296875|7|1143
233.2827911376953|6|1144
167.6329345703125|5|1145
154.2013397216797|6|1146
167.73617553710938|6|1147
163.6287841796875|6|1148
190.56739807128906|6|1149
294.9522399902344|6|1150
285.96484375|6|1151
184.79795837402344|6|1152
142.96621704101562|4|1153
96.98613739013672|3|1154
105.89513397216797|3|1155
114.16875457763672|3|1156
140.29537963867188|8|1157
97.51702880859375|9|1158
156.7625274658203|5|1159
215.25018310546875|5|1160
163.38648986816406|8|1161
126.42430877685547|7|1162
92.31301879882812|36|1163
135.21847534179688|7|1164
119.97660064697266|4|1165
99.12386322021484|6|1166
90.40484619140625|36|1167
92.07567596435547|36|1168
87.02012634277344|36|1169
88.05838775634766|7|1170
101.03688049316406|7|1171
89.7441177368164|42|1172
109.05049133300781|42|1173
70.73733520507812|12|1174
114.3563461303711|6|1175
137.24917602539062|6|1176
128.19964599609375|31|1177
139.04388427734375|31|1178
130.616455078125|31|1179
118.13701629638672|31|1180
110.35249328613281|8|1181
113.61299896240234|8|1182
76.80842590332031|36|1183
74.3869400024414|36|1184
79.26974487304688|10|1185
111.30607604980469|34|1186
156.46058654785156|34|1187
148.3492431640625|34|1188
137.33377075195312|34|1189
124.95795440673828|34|1190
113.82598876953125|103|1191
121.9633560180664|104|1192
102.28192138671875|6|1193
94.69776153564453|6|1194
79.96794891357422|34|1195
94.72528839111328|242|1196
76.58140563964844|12|1197
79.8399658203125|37|1198
87.62214660644531|260|1199
112.9330825805664|6|1200
118.12269592285156|6|1201
140.61180114746094|253|1202
123.9698715209961|253|1203
108.28730773925781|254|1204
94.2055435180664|6|1205
63.459815979003906|36|1206
59.30415725708008|36|1207
78.52823638916016|6|1208
91.61787414550781|68|1209
150.2898712158203|69|1210
131.73199462890625|69|1211
96.83747100830078|69|1212
73.78601837158203|68|1213
76.66053009033203|32|1214
120.80458068847656|61|1215
172.21826171875|61|1216
187.20994567871094|61|1217
182.91204833984375|61|1218
151.20872497558594|61|1219
105.19590759277344|61|1220
61.994380950927734|61|1221
104.42333221435547|28|1222
119.5342025756836|27|1223
111.2275619506836|27|1224
104.03606414794922|28|1225
134.4434051513672|55|1226
153.5653533935547|55|1227
132.9529571533203|54|1228
62.03614044189453|54|1229
54.7511100769043|6|1230
64.244140625|5|1231
63.79734420776367|42|1232
75.8709945678711|22|1233
96.70728302001953|46|1234
110.65807342529297|47|1235
111.39787292480469|91|1236
96.25055694580078|91|1237
88.10659790039062|115|1238
103.243408203125|114|1239
111.1905517578125|114|1240
110.44246673583984|114|1241
81.49188995361328|114|1242
69.66899871826172|184|1243
55.321624755859375|69|1244
53.15946578979492|49|1245
69.34950256347656|49|1246
65.65695190429688|45|1247
81.72603607177734|45|1248
68.5143051147461|25|1249
85.72704315185547|25|1250
107.3677978515625|23|1251
116.3514633178711|23|1252
73.13151550292969|23|1253
79.2181625366211|28|1254
72.8106918334961|29|1255
90.42888641357422|62|1256
96.27806091308594|30|1257
137.19004821777344|30|1258
130.07176208496094|30|1259
129.7353515625|31|1260
127.89266204833984|31|1261
67.3199462890625|31|1262
130.6702117919922|69|1263
145.6602783203125|69|1264
105.24246978759766|68|1265
64.28387451171875|15|1266
94.14512634277344|15|1267
80.77035522460938|15|1268
67.140625|15|1269
68.38162231445312|15|1270
92.4464111328125|61|1271
161.21153259277344|68|1272
197.2288055419922|68|1273
135.30929565429688|100|1274
155.22683715820312|101|1275
102.65599060058594|105|1276
123.50466918945312|106|1277
173.2795867919922|110|1278
242.16770935058594|110|1279
234.92784118652344|110|1280
204.43287658691406|110|1281
164.68040466308594|110|1282
122.61299896240234|109|1283
66.697509765625|109|1284
67.66072082519531|31|1285
67.29337310791016|31|1286
64.29728698730469|31|1287
56.650535583496094|31|1288
66.80033874511719|30|1289
87.30111694335938|31|1290
142.71458435058594|31|1291
115.10340118408203|31|1292
87.992431640625|66|1293
123.92241668701172|67|1294
154.0865020751953|68|1295
162.89927673339844|69|1296
162.82464599609375|69|1297
146.0753631591797|70|1298
144.39691162109375|69|1299
154.2184295654297|68|1300
170.35752868652344|68|1301
151.47325134277344|69|1302
134.67742919921875|69|1303
131.38865661621094|69|1304
78.75473022460938|69|1305
136.00865173339844|44|1306
115.92786407470703|45|1307
72.59104919433594|49|1308
73.84227752685547|15|1309
89.29088592529297|15|1310
85.36837768554688|15|1311
83.18690490722656|15|1312
83.07759094238281|15|1313
83.32814025878906|15|1314
81.65361022949219|15|1315
68.87708282470703|15|1316
46.79623794555664|15|1317
38.531761169433594|15|1318
38.51846694946289|15|1319
33.68703079223633|15|1320
34.4504508972168|15|1321
35.03264617919922|15|1322
30.973129272460938|15|1323
40.472877502441406|15|1324
64.00276184082031|14|1325
71.29380798339844|13|1326
80.03030395507812|14|1327
87.3072509765625|27|1328
86.32170867919922|14|1329
93.1351089477539|14|1330
83.621337890625|14|1331
106.10331726074219|62|1332
87.02774047851562|30|1333
115.24697875976562|30|1334
125.60091400146484|31|1335
135.20272827148438|31|1336
126.04798126220703|31|1337
89.02792358398438|31|1338
123.78964233398438|67|1339
138.2863311767578|68|1340
104.00621032714844|69|1341
74.74781036376953|27|1342
68.46078491210938|34|1343
74.96482849121094|34|1344
86.87947082519531|34|1345
102.85822296142578|34|1346
114.72303009033203|34|1347
104.07347106933594|34|1348
132.2169952392578|68|1349
153.83615112304688|68|1350
126.96170043945312|68|1351
80.40800476074219|13|1352
69.437744140625|36|1353
85.30194091796875|73|1354
101.43477630615234|73|1355
112.07344818115234|73|1356
111.95466613769531|73|1357
103.91521453857422|73|1358
107.89405822753906|73|1359
88.14788818359375|73|1360
66.03137969970703|35|1361
91.01777648925781|70|1362
105.30012512207031|69|1363
89.9638442993164|69|1364
100.9254150390625|68|1365
128.74749755859375|67|1366
158.26995849609375|66|1367
110.30607604980469|65|1368
138.9804229736328|93|1369
159.30430603027344|92|1370
152.8097381591797|93|1371
141.6052703857422|93|1372
92.83238983154297|61|1373
87.73358917236328|61|1374
55.97990798950195|27|1375
48.52385711669922|27|1376
60.39118957519531|27|1377
106.0248031616211|55|1378
183.45291137695312|55|1379
156.63906860351562|55|1380
121.63391876220703|54|1381
111.3376235961914|27|1382
123.9215087890625|27|1383
150.5557861328125|27|1384
160.1331024169922|27|1385
109.28010559082031|26|1386
107.73619842529297|25|1387
86.74468994140625|24|1388
114.26935577392578|69|1389
130.12611389160156|69|1390
110.40857696533203|137|1391
119.08470916748047|137|1392
122.86893463134766|136|1393
99.23595428466797|136|1394
79.70024108886719|138|1395
80.8669662475586|139|1396
92.91048431396484|140|1397
67.60877990722656|14|1398
68.33308410644531|14|1399
71.41856384277344|14|1400
80.59210968017578|69|1401
70.4694595336914|69|1402
82.48709106445312|45|1403
104.22084045410156|46|1404
90.55561065673828|47|1405
47.91561508178711|27|1406
51.981483459472656|27|1407
52.69519805908203|27|1408
46.040950775146484|41|1409
61.651424407958984|61|1410
87.59134674072266|62|1411
103.29164123535156|30|1412
111.21993255615234|31|1413
119.67711639404297|31|1414
133.50518798828125|31|1415
141.99307250976562|31|1416
113.51510620117188|31|1417
95.90928649902344|71|1418
113.70348358154297|70|1419
61.0344123840332|70|1420
30.33067512512207|14|1421
29.2040958404541|14|1422
29.2562255859375|14|1423
41.972023010253906|20|1424
62.6607780456543|48|1425
82.68018341064453|36|1426
97.86003112792969|36|1427
90.16307067871094|36|1428
150.2694549560547|70|1429
141.50157165527344|104|1430
168.05322265625|102|1431
150.3998565673828|102|1432
109.23779296875|104|1433
127.38582611083984|111|1434
126.43448638916016|110|1435
128.7216033935547|108|1436
114.68167877197266|108|1437
76.42921447753906|36|1438
81.0267105102539|257|1439
84.24412536621094|257|1440
88.44307708740234|255|1441
78.8756103515625|254|1442
101.3647232055664|72|1443
132.06460571289062|72|1444
119.52372741699219|72|1445
143.8681640625|36|1446
173.94735717773438|36|1447
158.09613037109375|36|1448
185.8956756591797|73|1449
218.82290649414062|73|1450
212.07298278808594|73|1451
183.1931915283203|73|1452
179.2692108154297|74|1453
139.42221069335938|76|1454
148.62181091308594|82|1455
212.7532501220703|82|1456
231.66217041015625|82|1457
218.28085327148438|82|1458
213.46923828125|82|1459
220.7315216064453|82|1460
231.1322479248047|82|1461
249.8644256591797|82|1462
212.03797912597656|82|1463
188.24314880371094|81|1464
117.42515563964844|79|1465
146.31979370117188|74|1466
182.2025909423828|73|1467
112.48657989501953|73|1468
76.57859802246094|36|1469
80.1480941772461|37|1470
94.57211303710938|46|1471
89.3407974243164|47|1472
69.78431701660156|18|1473
86.24052429199219|18|1474
83.79435729980469|18|1475
79.86067962646484|18|1476
74.82844543457031|18|1477
69.47221374511719|18|1478
62.771705627441406|18|1479
58.037696838378906|12|1480
56.43552017211914|18|1481
63.73154830932617|18|1482
61.05699157714844|18|1483
52.61399459838867|12|1484
53.664180755615234|36|1485
48.08597946166992|12|1486
60.99477005004883|32|1487
114.60808563232422|36|1488
127.09862518310547|36|1489
101.94119262695312|36|1490
94.462158203125|36|1491
93.01240539550781|37|1492
67.26084899902344|41|1493
96.13330078125|81|1494
103.4862060546875|81|1495
93.28985595703125|81|1496
51.7750244140625|81|1497
43.93506622314453|12|1498
43.294578552246094|12|1499
68.7137680053711|41|1500
100.62306213378906|41|1501
116.36058807373047|165|1502
91.84832000732422|162|1503
164.70506286621094|122|1504
179.38504028320312|123|1505
101.23267364501953|124|1506
121.29076385498047|91|1507
206.35980224609375|92|1508
215.96759033203125|92|1509
211.40072631835938|92|1510
195.15008544921875|92|1511
202.0273895263672|92|1512
191.78721618652344|92|1513
156.7847137451172|91|1514
104.93447875976562|85|1515
117.54524993896484|82|1516
141.53933715820312|81|1517
179.4131317138672|122|1518
202.06036376953125|122|1519
167.4957275390625|122|1520
79.09383392333984|122|1521
72.74250793457031|18|1522
70.0185775756836|18|1523
71.77164459228516|73|1524
168.7008514404297|73|1525
138.87750244140625|73|1526
155.43365478515625|109|1527
183.6995391845703|109|1528
189.7202911376953|109|1529
113.861328125|109|1530
90.33560180664062|70|1531
74.89651489257812|70|1532
83.39842224121094|68|1533
110.77873229980469|68|1534
102.83122253417969|69|1535
71.86439514160156|70|1536
46.112674713134766|18|1537
41.56401062011719|18|1538
43.628753662109375|18|1539
53.16375732421875|18|1540
57.05340576171875|18|1541
49.64499282836914|18|1542
159.37564086914062|62|1543
164.56985473632812|61|1544
195.80538940429688|91|1545
158.65553283691406|92|1546
158.33877563476562|92|1547
142.19554138183594|92|1548
118.41413116455078|92|1549
106.03349304199219|153|1550
108.68631744384766|151|1551
106.57958221435547|151|1552
81.93577575683594|92|1553
118.40946960449219|92|1554
144.45281982421875|91|1555
115.73461151123047|91|1556
66.89409637451172|63|1557
61.39429473876953|37|1558
89.96379852294922|36|1559
64.0555191040039|36|1560
68.23160552978516|44|1561
113.97907257080078|46|1562
111.140380859375|46|1563
52.8157958984375|46|1564
48.684356689453125|40|1565
63.85164260864258|40|1566
56.52225112915039|35|1567
57.69051742553711|32|1568
61.32125473022461|31|1569
54.139610290527344|18|1570
64.6574935913086|18|1571
58.52204895019531|18|1572
53.04825210571289|18|1573
68.22064971923828|35|1574
57.290950775146484|35|1575
81.3467025756836|15|1576
98.12677001953125|15|1577
72.45894622802734|15|1578
79.0386734008789|60|1579
112.48809814453125|61|1580
122.87337493896484|61|1581
141.06214904785156|75|1582
176.31863403320312|74|1583
138.09056091308594|74|1584
145.69960021972656|110|1585
170.83848571777344|109|1586
165.2206573486328|109|1587
150.95010375976562|109|1588
134.8430633544922|109|1589
145.7083740234375|109|1590
165.34510803222656|109|1591
197.49537658691406|109|1592
175.38011169433594|109|1593
107.32132720947266|107|1594
75.41046142578125|102|1595
80.19214630126953|61|1596
73.11189270019531|61|1597
86.78065490722656|78|1598
71.78337860107422|72|1599
55.93660354614258|23|1600
57.67023849487305|23|1601
58.986087799072266|31|1602
71.3559799194336|61|1603
59.98723602294922|31|1604
57.93998718261719|23|1605
67.42334747314453|45|1606
80.37577056884766|45|1607
95.9923324584961|23|1608
119.94902038574219|23|1609
125.49776458740234|23|1610
111.9542465209961|24|1611
115.63838195800781|24|1612
110.23382568359375|24|1613
136.0272674560547|23|1614
158.1820068359375|23|1615
165.48330688476562|23|1616
166.1266632080078|23|1617
138.34085083007812|23|1618
128.40603637695312|47|1619
108.7587890625|46|1620
95.94890594482422|46|1621
85.90947723388672|23|1622
86.3017578125|46|1623
104.98014068603516|46|1624
125.55402374267578|46|1625
129.1319122314453|46|1626
121.68128204345703|45|1627
92.01995086669922|45|1628
55.09783172607422|46|1629
81.06533813476562|24|1630
84.22953033447266|24|1631
102.73226928710938|23|1632
111.91996002197266|23|1633
107.64811706542969|23|1634
91.8551025390625|24|1635
103.50106811523438|25|1636
101.5486068725586|28|1637
98.651123046875|54|1638
109.19633483886719|54|1639
89.85337829589844|54|1640
72.58712768554688|30|1641
92.76673126220703|25|1642
142.7979278564453|24|1643
114.78649139404297|23|1644
128.20587158203125|41|1645
160.7078399658203|41|1646
162.26763916015625|41|1647
139.8849334716797|41|1648
129.7828369140625|20|1649
144.0078125|20|1650
127.81989288330078|20|1651
210.42884826660156|41|1652
240.22756958007812|41|1653
192.46157836914062|41|1654
187.57786560058594|41|1655
144.03155517578125|41|1656
91.79259490966797|46|1657
131.03652954101562|71|1658
107.13800048828125|71|1659
90.69485473632812|68|1660
100.83349609375|91|1661
97.16033172607422|91|1662
96.1136703491211|68|1663
62.48566818237305|82|1664
105.8597640991211|82|1665
115.8177261352539|82|1666
91.21289825439453|82|1667
105.05915832519531|81|1668
105.91825103759766|81|1669
95.89732360839844|81|1670
84.66568756103516|81|1671
94.47408294677734|82|1672
96.0627212524414|62|1673
114.50364685058594|62|1674
124.3410415649414|61|1675
135.6747589111328|61|1676
147.10398864746094|61|1677
114.03240203857422|62|1678
110.25193786621094|63|1679
97.80123901367188|61|1680
70.78095245361328|20|1681
71.90435028076172|20|1682
76.9415512084961|20|1683
72.41349029541016|20|1684
48.7602653503418|55|1685
53.571075439453125|36|1686
69.89274597167969|39|1687
93.19720458984375|41|1688
100.34619140625|167|1689
98.07856750488281|168|1690
63.315982818603516|164|1691
54.96900177001953|40|1692
66.36396026611328|41|1693
92.76217651367188|41|1694
109.03594970703125|41|1695
101.86137390136719|41|1696
84.17366027832031|82|1697
106.73081970214844|204|1698
123.80316162109375|204|1699
100.11734771728516|204|1700
89.87110900878906|82|1701
78.62116241455078|82|1702
87.9472885131836|204|1703
72.19186401367188|81|1704
48.239383697509766|80|1705
42.859676361083984|20|1706
55.376564025878906|36|1707
68.4284439086914|36|1708
61.19257736206055|37|1709
60.751441955566406|37|1710
51.58827209472656|37|1711
48.34049987792969|14|1712
46.117549896240234|14|1713
61.0478515625|108|1714
105.28273010253906|108|1715
136.34222412109375|108|1716
133.0869903564453|109|1717
103.31576538085938|109|1718
112.6829605102539|73|1719
108.8803482055664|73|1720
95.87530517578125|73|1721
94.32991790771484|73|1722
87.42704010009766|73|1723
90.16686248779297|146|1724
75.80338287353516|146|1725
35.30133819580078|14|1726
41.15323257446289|37|1727
63.95748519897461|36|1728
83.7983169555664|36|1729
76.95701599121094|36|1730
95.12223052978516|35|1731
107.2284927368164|35|1732
239.16485595703125|6|1733
363.36016845703125|6|1734
360.52935791015625|6|1735
365.20941162109375|6|1736
384.7248229980469|6|1737
375.1735534667969|6|1738
349.2595520019531|6|1739
339.7992248535156|6|1740
349.4851379394531|6|1741
357.80279541015625|6|1742
362.9302978515625|6|1743
363.02728271484375|6|1744
352.57769775390625|6|1745
344.6601867675781|6|1746
332.95587158203125|6|1747
327.4626770019531|6|1748
340.7946472167969|6|1749
344.6320495605469|6|1750
334.6944274902344|6|1751
336.7198181152344|6|1752
337.6930236816406|6|1753
330.03167724609375|6|1754
326.55572509765625|6|1755
320.6427307128906|6|1756
320.37139892578125|6|1757
314.4268798828125|6|1758
309.5908203125|6|1759
317.79144287109375|6|1760
317.2153015136719|6|1761
301.6172180175781|6|1762
286.6951599121094|6|1763
293.306640625|6|1764
287.6887512207031|6|1765
267.8331604003906|6|1766
260.9261474609375|6|1767
267.7945861816406|6|1768
275.8984069824219|6|1769
267.5445861816406|6|1770
257.3868408203125|6|1771
253.9848175048828|6|1772
255.11099243164062|6|1773
260.3778076171875|6|1774
250.2379150390625|6|1775
239.58047485351562|6|1776
241.2262725830078|6|1777
239.12904357910156|6|1778
237.48008728027344|6|1779
231.63804626464844|6|1780
213.28726196289062|6|1781
201.5294952392578|6|1782
199.09556579589844|6|1783
203.1639404296875|6|1784
210.1417694091797|6|1785
211.13511657714844|6|1786
202.52365112304688|6|1787
194.5906524658203|6|1788
192.82882690429688|6|1789
191.05210876464844|6|1790
182.82034301757812|6|1791
169.3081817626953|6|1792
165.950439453125|6|1793
172.57777404785156|6|1794
171.90184020996094|6|1795
176.06324768066406|92|1796
205.7265167236328|92|1797
234.01144409179688|92|1798
239.23760986328125|92|1799
192.0263671875|91|1800
142.0715789794922|91|1801
150.53396606445312|92|1802
177.52952575683594|92|1803
153.60638427734375|92|1804
141.5332794189453|91|1805
172.2568359375|92|1806
209.3039093017578|92|1807
194.92547607421875|92|1808
141.1710205078125|92|1809
134.04742431640625|91|1810
174.83203125|92|1811
234.2606658935547|92|1812
249.84556579589844|92|1813
224.92584228515625|92|1814
228.0240478515625|92|1815
256.0344543457031|92|1816
268.2342529296875|92|1817
250.86805725097656|92|1818
212.33663940429688|92|1819
203.21070861816406|92|1820
213.20053100585938|92|1821
217.6735382080078|92|1822
215.50466918945312|92|1823
187.23341369628906|92|1824
163.07008361816406|91|1825
151.2606201171875|91|1826
159.1383819580078|91|1827
184.0435028076172|91|1828
116.03606414794922|92|1829
104.03162384033203|83|1830
139.6258087158203|82|1831
116.50926971435547|81|1832
106.11128997802734|61|1833
99.00595092773438|61|1834
84.0093765258789|3|1835
85.6864242553711|73|1836
99.83879089355469|6|1837
106.57770538330078|6|1838
107.8396987915039|6|1839
114.08354187011719|6|1840
126.05427551269531|6|1841
128.83897399902344|6|1842
129.70616149902344|6|1843
135.97897338867188|6|1844
141.71022033691406|6|1845
145.40040588378906|6|1846
153.7525634765625|6|1847
161.60067749023438|6|1848
166.42266845703125|6|1849
173.8931121826172|6|1850
177.1124267578125|6|1851
183.1945343017578|6|1852
194.49285888671875|6|1853
196.71749877929688|6|1854
203.58474731445312|6|1855
213.6395263671875|6|1856
217.85488891601562|6|1857
220.59234619140625|6|1858
222.56439208984375|6|1859
226.51287841796875|6|1860
221.53074645996094|6|1861
218.0941162109375|6|1862
230.3370819091797|6|1863
246.0809326171875|6|1864
255.8725128173828|6|1865
257.52008056640625|6|1866
246.93954467773438|6|1867
243.8021240234375|6|1868
258.81781005859375|6|1869
273.9011535644531|6|1870
280.6569519042969|6|1871
276.93505859375|6|1872
270.6103210449219|6|1873
270.5127868652344|6|1874
253.0699920654297|6|1875
197.8425750732422|6|1876
146.3646697998047|73|1877
140.6639862060547|73|1878
146.9488983154297|72|1879
234.30006408691406|6|1880
315.2339172363281|6|1881
353.2807922363281|6|1882
333.0751037597656|6|1883
233.9164276123047|6|1884
105.57768249511719|3|1885
170.68637084960938|6|1886
287.4521789550781|7|1887
314.51544189453125|7|1888
246.5134735107422|7|1889
149.61758422851562|7|1890
139.34156799316406|4|1891
163.5701141357422|92|1892
149.38946533203125|4|1893
153.32945251464844|4|1894
157.49342346191406|4|1895
161.7653045654297|4|1896
179.1246337890625|4|1897
168.76205444335938|4|1898
155.0389862060547|4|1899
169.9540557861328|4|1900
175.29457092285156|4|1901
177.25927734375|4|1902
204.4892120361328|97|1903
205.9441375732422|97|1904
189.4813995361328|97|1905
176.72265625|97|1906
175.90145874023438|97|1907
177.3196563720703|97|1908
171.81100463867188|97|1909
173.77651977539062|97|1910
194.61135864257812|97|1911
209.804931640625|97|1912
213.07785034179688|97|1913
200.03050231933594|97|1914
188.7407684326172|61|1915
172.99053955078125|61|1916
169.44052124023438|4|1917
183.00856018066406|4|1918
181.29798889160156|4|1919
178.6099853515625|4|1920
177.68377685546875|4|1921
178.05133056640625|4|1922
199.5973663330078|92|1923
202.9271697998047|92|1924
188.91644287109375|92|1925
184.8324737548828|92|1926
184.3564453125|92|1927
180.23204040527344|92|1928
186.9237518310547|92|1929
199.2722930908203|92|1930
208.2062530517578|92|1931
211.87017822265625|91|1932
190.2786865234375|91|1933
177.26123046875|4|1934
178.4645538330078|8|1935
213.92083740234375|8|1936
263.31744384765625|8|1937
293.4840393066406|8|1938
298.7547302246094|8|1939
299.6622619628906|7|1940
302.7876892089844|7|1941
283.5381774902344|7|1942
229.2923126220703|7|1943
126.45783996582031|4|1944
121.00993347167969|4|1945
140.7130584716797|7|1946
234.27694702148438|7|1947
280.4777526855469|7|1948
295.2794494628906|7|1949
304.5082702636719|7|1950
313.94659423828125|7|1951
319.0564270019531|7|1952
322.5412292480469|7|1953
324.00701904296875|7|1954
327.4340515136719|7|1955
333.93914794921875|7|1956
330.3691711425781|7|1957
319.2273254394531|7|1958
324.63555908203125|7|1959
347.58404541015625|7|1960
356.1701354980469|7|1961
351.2716369628906|7|1962
343.6410217285156|7|1963
335.5014343261719|7|1964
326.5293884277344|7|1965
328.4557800292969|7|1966
332.6807556152344|7|1967
337.2939758300781|7|1968
342.497802734375|7|1969
341.6730651855469|7|1970
348.8572998046875|7|1971
360.52435302734375|7|1972
350.4268798828125|7|1973
337.6595764160156|7|1974
349.5262756347656|7|1975
362.01666259765625|7|1976
356.3546142578125|7|1977
354.1778564453125|7|1978
352.720703125|7|1979
348.8076477050781|7|1980
349.02679443359375|7|1981
350.3386535644531|7|1982
358.6015930175781|7|1983
370.9233093261719|7|1984
377.71295166015625|7|1985
377.36773681640625|7|1986
375.4648132324219|7|1987
369.7347412109375|7|1988
367.3328857421875|7|1989
378.3861389160156|7|1990
376.9920959472656|7|1991
365.43719482421875|7|1992
371.9332580566406|7|1993
378.72515869140625|7|1994
365.224609375|7|1995
355.07330322265625|7|1996
356.7825927734375|7|1997
366.7384948730469|7|1998
373.94464111328125|7|1999
381.9858703613281|7|2000
397.18475341796875|7|2001
397.96295166015625|7|2002
382.947509765625|7|2003
374.0005798339844|7|2004
383.4369812011719|7|2005
374.0860595703125|7|2006
338.3790588378906|7|2007
328.599365234375|7|2008
346.0606994628906|7|2009
363.0361022949219|7|2010
374.97564697265625|7|2011
385.2747802734375|7|2012
377.18621826171875|7|2013
362.9058532714844|7|2014
367.8467102050781|7|2015
364.4173889160156|7|2016
365.9646301269531|7|2017
384.4146423339844|7|2018
399.2162170410156|7|2019
405.96636962890625|7|2020
400.23907470703125|7|2021
381.6560363769531|7|2022
375.12255859375|7|2023
375.50689697265625|7|2024
367.1469421386719|7|2025
374.3551330566406|7|2026
386.77520751953125|7|2027
383.3748779296875|7|2028
380.078369140625|7|2029
367.34503173828125|7|2030
337.4550476074219|7|2031
322.2654724121094|7|2032
292.290283203125|7|2033
238.63299560546875|7|2034
183.26734924316406|7|2035
125.35772705078125|7|2036
99.50745391845703|3|2037
125.928466796875|7|2038
197.58932495117188|7|2039
269.8125305175781|7|2040
346.095947265625|7|2041
329.8668212890625|6|2042
282.025634765625|6|2043
337.71466064453125|7|2044
305.3033142089844|6|2045
213.56533813476562|5|2046
255.0590057373047|4|2047
326.5727233886719|3|2048
375.4920654296875|6|2049
426.245361328125|6|2050
391.0299072265625|6|2051
288.49822998046875|6|2052
256.1884765625|6|2053
303.3664855957031|6|2054
318.3249206542969|6|2055
298.404296875|6|2056
253.6145782470703|6|2057
245.48110961914062|6|2058
224.9395294189453|6|2059
265.12713623046875|6|2060
341.3773498535156|6|2061
367.9447937011719|6|2062
328.74798583984375|6|2063
285.9002685546875|6|2064
257.1985168457031|6|2065
278.71832275390625|6|2066
343.1847229003906|6|2067
379.8829650878906|6|2068
385.430908203125|6|2069
388.2398986816406|6|2070
383.7123718261719|6|2071
377.5874938964844|6|2072
373.0614013671875|6|2073
379.42901611328125|6|2074
394.3819274902344|6|2075
398.5537109375|6|2076
397.7802734375|6|2077
400.4410095214844|6|2078
412.778076171875|6|2079
401.884521484375|6|2080
338.6683044433594|6|2081
341.5422668457031|6|2082
402.83575439453125|6|2083
465.56695556640625|6|2084
485.9864196777344|6|2085
432.7984619140625|6|2086
359.955810546875|6|2087
287.7129211425781|6|2088
317.9211120605469|6|2089
368.9954528808594|6|2090
372.17608642578125|6|2091
357.6736755371094|6|2092
373.6838073730469|6|2093
429.0643615722656|6|2094
465.499267578125|6|2095
459.821533203125|6|2096
444.61199951171875|6|2097
404.4201354980469|6|2098
356.88800048828125|6|2099
370.781005859375|6|2100
410.3609313964844|6|2101
430.3180236816406|6|2102
425.87835693359375|6|2103
392.60223388671875|6|2104
357.10369873046875|6|2105
339.1081848144531|6|2106
346.39453125|6|2107
351.17913818359375|6|2108
330.5805358886719|6|2109
308.412353515625|6|2110
297.8581237792969|6|2111
292.0184020996094|6|2112
289.7987365722656|6|2113
279.3917236328125|6|2114
268.01904296875|6|2115
257.071533203125|6|2116
239.3207244873047|6|2117
201.69717407226562|6|2118
279.34210205078125|10|2119
329.0231018066406|9|2120
153.19512939453125|92|2121
156.32125854492188|92|2122
193.36595153808594|6|2123
209.30410766601562|92|2124
191.61859130859375|92|2125
212.40830993652344|6|2126
254.1327667236328|6|2127
192.2063751220703|6|2128
160.79110717773438|92|2129
169.8384552001953|92|2130
196.48802185058594|92|2131
228.32589721679688|92|2132
250.27874755859375|92|2133
250.82972717285156|92|2134
214.59088134765625|91|2135
203.82115173339844|91|2136
180.8707733154297|91|2137
215.85726928710938|6|2138
256.17987060546875|6|2139
242.1911163330078|6|2140
218.70135498046875|6|2141
178.3396759033203|6|2142
155.89842224121094|6|2143
203.34176635742188|6|2144
262.986083984375|6|2145
301.48870849609375|6|2146
323.1892395019531|6|2147
329.5701599121094|6|2148
327.5059814453125|6|2149
323.1007385253906|6|2150
324.88104248046875|6|2151
333.7621765136719|6|2152
350.9277648925781|6|2153
371.7508544921875|6|2154
372.1984558105469|6|2155
349.65191650390625|6|2156
359.2587890625|6|2157
343.9254150390625|9|2158
362.21826171875|6|2159
403.7186584472656|6|2160
414.6961364746094|6|2161
387.2559814453125|6|2162
276.7197265625|6|2163
276.5764465332031|6|2164
257.1541748046875|6|2165
280.2362976074219|6|2166
365.7645263671875|6|2167
395.84442138671875|6|2168
351.8330993652344|6|2169
302.8943786621094|6|2170
273.0167236328125|6|2171
329.03082275390625|6|2172
454.2539978027344|6|2173
517.1515502929688|6|2174
480.7455749511719|6|2175
404.4174499511719|6|2176
334.7023010253906|6|2177
319.2280578613281|6|2178
382.3851623535156|6|2179
410.6112060546875|6|2180
401.4264221191406|6|2181
430.6508483886719|6|2182
425.04534912109375|6|2183
397.3414306640625|6|2184
383.9632263183594|6|2185
357.3087463378906|6|2186
306.26904296875|6|2187
217.911376953125|6|2188
162.31272888183594|3|2189
172.6812286376953|6|2190
306.6132507324219|6|2191
369.4870300292969|6|2192
319.94879150390625|6|2193
212.13331604003906|6|2194
204.31930541992188|6|2195
261.311279296875|6|2196
266.0833740234375|7|2197
318.2106018066406|7|2198
306.2651062011719|7|2199
340.0481262207031|6|2200
247.98025512695312|6|2201
228.2762451171875|4|2202
307.8411865234375|4|2203
341.7679138183594|4|2204
291.5596008300781|4|2205
279.5938415527344|4|2206
281.4941101074219|4|2207
279.68853759765625|4|2208
273.0348205566406|4|2209
264.131103515625|4|2210
234.3608856201172|4|2211
217.8748321533203|4|2212
239.8372039794922|4|2213
254.29470825195312|4|2214
263.8173522949219|10|2215
290.5699462890625|10|2216
281.60638427734375|4|2217
214.38314819335938|4|2218
296.1396484375|6|2219
352.9146423339844|4|2220
354.9493713378906|4|2221
346.37945556640625|4|2222
314.0483703613281|4|2223
268.42730712890625|4|2224
224.85159301757812|4|2225
264.3341064453125|4|2226
286.8379821777344|4|2227
254.16114807128906|4|2228
229.66421508789062|4|2229
256.9404296875|4|2230
286.92877197265625|4|2231
261.73577880859375|4|2232
222.1752166748047|4|2233
224.55699157714844|10|2234
342.8752136230469|10|2235
218.2315673828125|9|2236
232.7139892578125|92|2237
281.22357177734375|6|2238
304.2045593261719|6|2239
216.75616455078125|7|2240
220.39256286621094|7|2241
247.72247314453125|7|2242
244.1586456298828|8|2243
235.34146118164062|8|2244
266.7742919921875|8|2245
334.7533874511719|8|2246
422.7312927246094|7|2247
349.68701171875|7|2248
232.9386749267578|8|2249
197.37144470214844|4|2250
221.0282745361328|4|2251
196.0285186767578|4|2252
189.47512817382812|10|2253
311.5014953613281|10|2254
330.1252746582031|8|2255
381.6644592285156|7|2256
400.095947265625|7|2257
417.1813049316406|7|2258
386.2192077636719|7|2259
374.029541015625|7|2260
404.18682861328125|7|2261
400.10357666015625|7|2262
401.0390319824219|7|2263
416.0809326171875|7|2264
449.2784423828125|7|2265
465.1448059082031|7|2266
441.50189208984375|7|2267
437.3997802734375|7|2268
462.4914245605469|7|2269
482.7400207519531|7|2270
469.2117614746094|7|2271
448.5504150390625|7|2272
380.2063903808594|7|2273
311.7158508300781|7|2274
397.3975830078125|7|2275
454.5211486816406|7|2276
418.37652587890625|7|2277
414.0436096191406|7|2278
415.2776794433594|7|2279
305.4483947753906|7|2280
327.6585388183594|7|2281
406.5174560546875|7|2282
440.60162353515625|7|2283
419.65789794921875|6|2284
438.8440856933594|7|2285
340.0740966796875|7|2286
358.36322021484375|7|2287
438.1036071777344|7|2288
418.1891174316406|7|2289
433.2908935546875|7|2290
480.09844970703125|7|2291
394.7479248046875|7|2292
311.2708740234375|7|2293
384.7749328613281|7|2294
356.8704528808594|7|2295
335.89434814453125|7|2296
398.3141784667969|6|2297
409.13043212890625|7|2298
308.89727783203125|7|2299
374.36859130859375|7|2300
382.6265869140625|7|2301
292.0185241699219|7|2302
328.6197204589844|6|2303
408.4727478027344|7|2304
333.790283203125|7|2305
365.7575988769531|7|2306
426.7276306152344|7|2307
305.9674072265625|7|2308
232.53602600097656|7|2309
363.0830078125|6|2310
376.3151550292969|7|2311
231.5335693359375|7|2312
89.44686889648438|7|2313
75.0471420288086|83|2314
109.3148193359375|82|2315
142.20205688476562|82|2316
142.6264190673828|82|2317
125.74319458007812|82|2318
107.6861343383789|81|2319
102.56632995605469|81|2320
92.06832122802734|80|2321
50.881256103515625|79|2322
35.05638122558594|39|2323
45.91176986694336|37|2324
66.9284439086914|36|2325
71.70532989501953|36|2326
66.28851318359375|36|2327
68.90342712402344|36|2328
76.66853332519531|36|2329
82.33843994140625|36|2330
86.66071319580078|25|2331
121.25775146484375|72|2332
131.86050415039062|145|2333
136.02696228027344|145|2334
145.20071411132812|146|2335
131.69113159179688|146|2336
113.48302459716797|146|2337
115.74425506591797|147|2338
121.68449401855469|147|2339
79.37329864501953|145|2340
97.67694091796875|143|2341
73.4727783203125|144|2342
105.81635284423828|147|2343
108.05640411376953|147|2344
81.00224304199219|146|2345
81.70228576660156|69|2346
59.59723663330078|67|2347
92.91268920898438|62|2348
116.12016296386719|17|2349
330.7408447265625|10|2350
436.12115478515625|9|2351
442.1764221191406|6|2352
488.6449279785156|6|2353
517.4899291992188|5|2354
381.8552551269531|5|2355
345.3881530761719|5|2356
266.56744384765625|6|2357
273.862060546875|111|2358
263.2177734375|111|2359
291.0782470703125|112|2360
251.00209045410156|6|2361
244.65576171875|6|2362
237.04690551757812|6|2363
236.31982421875|6|2364
250.09432983398438|6|2365
268.3970642089844|109|2366
261.88873291015625|6|2367
239.6903839111328|6|2368
154.80850219726562|6|2369
80.6541748046875|6|2370
110.16055297851562|92|2371
130.0517120361328|6|2372
177.7173614501953|6|2373
222.16720581054688|6|2374
262.0669860839844|6|2375
287.78448486328125|6|2376
283.14715576171875|6|2377
267.064208984375|6|2378
278.8808288574219|6|2379
291.611083984375|6|2380
280.1980285644531|6|2381
280.8361511230469|6|2382
273.0037536621094|6|2383
244.44961547851562|6|2384
261.0562744140625|6|2385
273.4480895996094|6|2386
248.75782775878906|6|2387
175.82717895507812|126|2388
133.1039581298828|46|2389
108.06409454345703|98|2390
135.7473602294922|99|2391
139.0923309326172|100|2392
119.55054473876953|100|2393
131.69515991210938|109|2394
241.31614685058594|112|2395
290.1044616699219|111|2396
276.771484375|111|2397
212.5607147216797|111|2398
274.3052978515625|112|2399
206.75389099121094|109|2400
224.14744567871094|109|2401
214.19940185546875|115|2402
267.3080139160156|115|2403
211.97532653808594|109|2404
281.220458984375|109|2405
203.14071655273438|109|2406
135.94227600097656|16|2407
345.9247741699219|10|2408
470.01556396484375|8|2409
449.059814453125|6|2410
533.69091796875|5|2411
583.1217651367188|5|2412
479.2567443847656|5|2413
296.9916687011719|5|2414
293.8240966796875|4|2415
303.7868957519531|6|2416
285.0324401855469|6|2417
273.20465087890625|6|2418
274.0820007324219|6|2419
265.40509033203125|6|2420
271.2702331542969|6|2421
272.6120300292969|6|2422
265.9930725097656|6|2423
277.43145751953125|6|2424
279.1580810546875|6|2425
237.152587890625|6|2426
143.31640625|6|2427
79.44424438476562|6|2428
84.42692565917969|6|2429
120.16663360595703|6|2430
167.14686584472656|6|2431
209.1226043701172|6|2432
235.4933624267578|6|2433
246.28982543945312|6|2434
254.2301483154297|6|2435
261.7825927734375|6|2436
262.7982177734375|6|2437
263.93646240234375|6|2438
270.5333557128906|6|2439
283.2922058105469|6|2440
279.6346130371094|6|2441
266.64654541015625|6|2442
265.9828186035156|6|2443
268.60662841796875|6|2444
247.57492065429688|6|2445
202.0538330078125|10|2446
447.0849609375|9|2447
465.82366943359375|7|2448
538.9039306640625|6|2449
554.9385375976562|5|2450
467.21453857421875|5|2451
431.02886962890625|5|2452
328.7815246582031|5|2453
207.6599884033203|6|2454
230.8164520263672|6|2455
265.70184326171875|6|2456
268.3135986328125|6|2457
287.7198181152344|6|2458
294.2547607421875|6|2459
287.6629943847656|6|2460
284.1196594238281|6|2461
288.9813232421875|6|2462
292.6907043457031|6|2463
280.2208557128906|6|2464
205.63047790527344|6|2465
119.62940979003906|46|2466
200.21905517578125|83|2467
223.345703125|83|2468
169.61090087890625|83|2469
116.85770416259766|82|2470
97.00308990478516|41|2471
222.56558227539062|83|2472
292.1490478515625|83|2473
199.59689331054688|86|2474
217.62388610839844|88|2475
237.5236358642578|90|2476
312.22174072265625|91|2477
340.2432556152344|91|2478
350.9599914550781|91|2479
248.6907958984375|91|2480
306.97064208984375|92|2481
303.6709289550781|92|2482
272.59014892578125|92|2483
218.99127197265625|92|2484
137.26202392578125|8|2485
167.478515625|8|2486
110.68516540527344|83|2487
137.7127227783203|82|2488
148.1505889892578|111|2489
251.76016235351562|112|2490
206.29286193847656|111|2491
201.70730590820312|111|2492
191.34352111816406|112|2493
162.04173278808594|111|2494
148.0883026123047|110|2495
131.59959411621094|109|2496
126.87239837646484|115|2497
97.496337890625|115|2498
96.68852233886719|110|2499
125.1410903930664|111|2500
121.31517791748047|112|2501
131.84310913085938|112|2502
81.81387329101562|19|2503
253.5308380126953|10|2504
463.17864990234375|9|2505
485.9809265136719|7|2506
522.3367309570312|6|2507
593.9471435546875|5|2508
515.8473510742188|5|2509
350.24658203125|5|2510
251.38812255859375|112|2511
259.7716369628906|111|2512
284.5469055175781|4|2513
237.0420379638672|4|2514
242.0453643798828|4|2515
271.62030029296875|4|2516
264.4103698730469|4|2517
251.35289001464844|4|2518
283.3630676269531|4|2519
315.3060302734375|4|2520
315.2691650390625|4|2521
308.290283203125|4|2522
235.66567993164062|4|2523
126.72433471679688|4|2524
117.03030395507812|92|2525
139.33624267578125|4|2526
188.2926788330078|4|2527
238.7229766845703|4|2528
284.1556091308594|4|2529
322.9054870605469|4|2530
339.9539489746094|4|2531
334.3758544921875|4|2532
327.63934326171875|4|2533
323.4866638183594|4|2534
295.5814514160156|4|2535
262.218994140625|4|2536
244.79151916503906|4|2537
239.20053100585938|4|2538
247.88307189941406|4|2539
260.978759765625|4|2540
282.5155944824219|4|2541
234.4571075439453|4|2542
146.22923278808594|45|2543
92.85082244873047|98|2544
117.70197296142578|99|2545
61.748111724853516|200|2546
64.0556411743164|104|2547
100.93194580078125|109|2548
160.00657653808594|112|2549
211.84146118164062|113|2550
192.8555145263672|111|2551
254.3682098388672|112|2552
353.50537109375|113|2553
237.73594665527344|112|2554
239.2481231689453|110|2555
164.90463256835938|115|2556
247.3625946044922|116|2557
167.22914123535156|111|2558
278.6792907714844|110|2559
261.3313903808594|110|2560
127.35810089111328|111|2561
311.6374816894531|10|2562
468.5904846191406|9|2563
480.07049560546875|7|2564
531.6649169921875|6|2565
544.074951171875|5|2566
462.95233154296875|5|2567
369.9172668457031|5|2568
253.7642059326172|4|2569
287.373291015625|7|2570
285.811767578125|7|2571
298.9811706542969|7|2572
300.3552551269531|7|2573
291.64385986328125|7|2574
290.1214599609375|7|2575
295.7814025878906|7|2576
295.28851318359375|7|2577
293.6541748046875|7|2578
300.9891357421875|7|2579
296.2563171386719|7|2580
212.69140625|7|2581
112.13733673095703|7|2582
84.9434585571289|7|2583