Lean On
DJ Snake, Major Lazer
MØ
EDM
lean_on
2049x2584
2584

18.654447555541992|18|0
84.99944305419922|18|1
129.62171936035156|18|2
117.4694595336914|18|3
101.73834991455078|18|4
92.08824157714844|18|5
80.78294372558594|18|6
65.99219512939453|18|7
57.798702239990234|18|8
58.839481353759766|18|9
55.669864654541016|18|10
52.64386749267578|18|11
51.69041061401367|18|12
59.60038375854492|18|13
60.35783767700195|18|14
54.207061767578125|18|15
46.6496467590332|18|16
38.168277740478516|18|17
29.76400375366211|18|18
32.2831916809082|18|19
79.58380889892578|18|20
112.32454681396484|18|21
105.05819702148438|18|22
99.51493072509766|18|23
99.49855041503906|18|24
98.31143951416016|18|25
93.25254821777344|18|26
83.56639862060547|18|27
73.92424011230469|18|28
70.25621795654297|18|29
62.97449493408203|18|30
52.02273941040039|18|31
47.44008255004883|18|32
47.176368713378906|18|33
46.926795959472656|18|34
43.75730895996094|18|35
36.009029388427734|18|36
31.047473907470703|18|37
27.362628936767578|18|38
27.847415924072266|21|39
71.16130828857422|19|40
115.47480010986328|18|41
108.1713638305664|18|42
97.57759857177734|18|43
92.0502700805664|18|44
79.28688049316406|18|45
60.66469955444336|18|46
46.689327239990234|18|47
43.9865608215332|11|48
42.4703254699707|18|49
40.995582580566406|18|50
35.805572509765625|18|51
36.34889602661133|18|52
40.123050689697266|18|53
41.99539566040039|18|54
41.13624572753906|18|55
33.584781646728516|18|56
24.580493927001953|18|57
18.38544273376465|18|58
51.3422737121582|18|59
129.718017578125|18|60
162.68226623535156|18|61
138.64308166503906|18|62
121.51280212402344|18|63
112.3780288696289|18|64
99.55415344238281|18|65
85.779541015625|18|66
70.9912109375|18|67
58.362327575683594|18|68
49.473567962646484|18|69
39.19278335571289|18|70
33.6872673034668|18|71
39.23863220214844|18|72
46.942378997802734|18|73
51.7462043762207|18|74
51.23173522949219|18|75
43.6190299987793|18|76
37.03654479980469|18|77
29.192317962646484|18|78
52.31613540649414|21|79
74.4485092163086|22|80
66.89984130859375|18|81
57.89270782470703|18|82
57.76020050048828|18|83
60.4075927734375|18|84
59.346553802490234|18|85
59.189517974853516|18|86
63.528236389160156|18|87
65.78817749023438|18|88
65.1320571899414|18|89
63.8770751953125|18|90
61.42454528808594|18|91
57.645164489746094|18|92
52.592193603515625|18|93
47.55730438232422|18|94
43.25716018676758|18|95
39.92229080200195|18|96
36.45219421386719|18|97
33.04822540283203|18|98
33.20156478881836|18|99
32.319305419921875|18|100
27.98678207397461|18|101
26.402606964111328|18|102
25.607223510742188|18|103
21.003570556640625|18|104
32.224056243896484|17|105
77.18333435058594|18|106
95.89505004882812|18|107
80.09204864501953|18|108
69.65924835205078|18|109
64.21910095214844|18|110
55.02504348754883|18|111
42.27223587036133|18|112
39.45328140258789|22|113
39.12067794799805|22|114
35.094512939453125|18|115
33.5098991394043|18|116
36.119693756103516|18|117
37.51632308959961|18|118
39.536827087402344|18|119
38.04220199584961|18|120
29.131370544433594|18|121
20.1179256439209|18|122
15.591140747070312|18|123
14.490484237670898|18|124
37.2349967956543|17|125
73.01702117919922|14|126
77.49132537841797|14|127
64.21293640136719|14|128
58.822017669677734|9|129
52.721614837646484|9|130
45.98644256591797|9|131
41.33733367919922|14|132
37.558494567871094|14|133
33.148841857910156|9|134
31.980812072753906|18|135
31.178007125854492|9|136
28.777326583862305|9|137
29.262287139892578|18|138
29.63596534729004|18|139
28.11466407775879|18|140
23.897714614868164|18|141
29.73142433166504|43|142
30.063968658447266|43|143
23.80646324157715|44|144
65.42684173583984|17|145
137.70152282714844|18|146
146.6168212890625|18|147
123.29442596435547|18|148
106.9234848022461|18|149
97.79219818115234|18|150
87.7776107788086|18|151
72.35975646972656|18|152
62.681400299072266|18|153
62.49633026123047|18|154
58.698020935058594|18|155
54.233097076416016|18|156
52.79035949707031|18|157
55.5882682800293|18|158
55.15803909301758|18|159
48.86361312866211|18|160
40.134002685546875|18|161
32.10105895996094|18|162
23.987648010253906|18|163
18.712461471557617|19|164
70.19527435302734|18|165
147.13966369628906|18|166
152.6524658203125|18|167
126.26286315917969|18|168
109.89907836914062|18|169
100.2670669555664|18|170
89.72051239013672|18|171
73.23519897460938|18|172
64.69116973876953|18|173
68.81697082519531|18|174
66.47212219238281|18|175
62.46918869018555|18|176
66.48989868164062|18|177
72.31005096435547|18|178
67.58895874023438|18|179
56.78145217895508|18|180
45.6165885925293|18|181
36.118045806884766|18|182
28.182640075683594|18|183
41.758907318115234|18|184
99.377197265625|18|185
136.9845428466797|18|186
122.00215911865234|18|187
104.11614990234375|18|188
94.30513000488281|18|189
85.78666687011719|18|190
76.4338607788086|18|191
68.69734954833984|18|192
68.13542938232422|18|193
67.29210662841797|18|194
59.89859390258789|18|195
53.63392639160156|18|196
52.669158935546875|18|197
53.74637985229492|18|198
51.16304397583008|18|199
42.52238845825195|18|200
32.41822052001953|18|201
26.026357650756836|18|202
20.701725006103516|18|203
17.99934196472168|18|204
19.18506622314453|18|205
18.400840759277344|18|206
16.462875366210938|18|207
17.00909996032715|18|208
17.069807052612305|18|209
24.410076141357422|18|210
72.52484130859375|18|211
134.74398803710938|18|212
135.64715576171875|18|213
106.95561218261719|18|214
87.61689758300781|18|215
70.05352020263672|18|216
52.30786895751953|18|217
37.72339630126953|18|218
36.213741302490234|18|219
40.90750503540039|18|220
42.74724197387695|18|221
46.55805969238281|18|222
53.870819091796875|18|223
59.7406120300293|18|224
58.207149505615234|18|225
52.04693603515625|18|226
44.440460205078125|18|227
37.51698684692383|18|228
28.385587692260742|18|229
28.01130485534668|18|230
88.00382232666016|18|231
137.97628784179688|18|232
120.14250183105469|18|233
100.39066314697266|18|234
89.93154907226562|18|235
78.87430572509766|18|236
67.4167709350586|18|237
57.54646682739258|18|238
54.95123291015625|18|239
55.22539520263672|18|240
52.025455474853516|18|241
47.931034088134766|18|242
48.3878173828125|18|243
50.431785583496094|18|244
49.6424674987793|18|245
45.41246795654297|18|246
36.25326919555664|18|247
28.389053344726562|18|248
22.163375854492188|43|249
43.68548583984375|19|250
118.24468994140625|18|251
158.89016723632812|18|252
141.8571319580078|18|253
124.83429718017578|18|254
115.84123992919922|18|255
111.47764587402344|18|256
101.77532958984375|18|257
89.77278900146484|18|258
83.3025131225586|18|259
77.75743103027344|18|260
66.60419464111328|18|261
58.972835540771484|18|262
59.24665451049805|18|263
62.79555892944336|18|264
61.09556579589844|18|265
52.41518783569336|18|266
42.81829833984375|18|267
37.10654830932617|18|268
31.45704460144043|18|269
44.751182556152344|18|270
82.9901123046875|18|271
96.94824981689453|18|272
81.97267150878906|18|273
68.17160034179688|18|274
58.594947814941406|18|275
46.10395431518555|18|276
31.88513946533203|18|277
25.29630470275879|22|278
25.830242156982422|18|279
28.58350944519043|18|280
30.124187469482422|18|281
30.949520111083984|18|282
32.33727264404297|18|283
30.59635353088379|18|284
29.090351104736328|18|285
26.729429244995117|18|286
22.67277717590332|18|287
19.120861053466797|18|288
15.218059539794922|18|289
40.467315673828125|22|290
94.27285766601562|18|291
120.51177978515625|18|292
94.82278442382812|18|293
73.0202407836914|18|294
58.48717498779297|18|295
44.134151458740234|18|296
37.58782958984375|22|297
32.07787322998047|22|298
26.501840591430664|22|299
23.173707962036133|22|300
20.979597091674805|22|301
21.76573944091797|18|302
25.159040451049805|18|303
25.601520538330078|18|304
24.3549747467041|18|305
20.679481506347656|18|306
15.507715225219727|18|307
11.997895240783691|92|308
11.752734184265137|18|309
15.337087631225586|18|310
15.426255226135254|18|311
14.2593994140625|18|312
14.45720386505127|18|313
13.682304382324219|18|314
13.058341026306152|18|315
44.636287689208984|18|316
111.40010070800781|18|317
134.30641174316406|18|318
108.56104278564453|18|319
90.42976379394531|18|320
83.34613037109375|18|321
73.80130004882812|18|322
59.87900924682617|18|323
52.132022857666016|18|324
51.433990478515625|18|325
49.63251495361328|18|326
45.92605972290039|18|327
43.52227020263672|18|328
45.99440383911133|18|329
47.45656967163086|18|330
43.810794830322266|18|331
37.05918884277344|18|332
29.427682876586914|18|333
22.438133239746094|18|334
19.07845115661621|18|335
52.4356803894043|18|336
105.60777282714844|18|337
117.68913269042969|18|338
96.26405334472656|18|339
84.01099395751953|18|340
78.8173828125|18|341
70.43925476074219|18|342
60.853816986083984|18|343
56.23051834106445|18|344
55.14234161376953|18|345
50.47347640991211|18|346
44.9280891418457|18|347
44.93327713012695|18|348
47.59666061401367|18|349
47.236724853515625|18|350
44.97065734863281|18|351
39.279266357421875|18|352
33.82990264892578|18|353
28.61367416381836|18|354
23.29768180847168|18|355
51.784080505371094|18|356
102.9780044555664|18|357
112.18157958984375|18|358
93.29564666748047|18|359
85.14506530761719|18|360
81.89900207519531|18|361
77.68230438232422|18|362
70.751220703125|18|363
64.4753189086914|18|364
59.837684631347656|18|365
55.08968734741211|18|366
49.37519836425781|18|367
46.83232879638672|18|368
48.922367095947266|18|369
50.98096466064453|18|370
48.25653839111328|18|371
41.304813385009766|18|372
35.22575759887695|18|373
29.745702743530273|18|374
23.766101837158203|19|375
49.823360443115234|17|376
88.55746459960938|18|377
84.82231140136719|18|378
71.39350128173828|18|379
65.96469116210938|18|380
63.792198181152344|18|381
55.95207214355469|18|382
41.93282699584961|18|383
38.52260208129883|9|384
35.11785125732422|9|385
31.803955078125|9|386
28.84374237060547|9|387
31.132450103759766|18|388
37.017494201660156|18|389
38.74565505981445|18|390
33.999229431152344|18|391
26.67945098876953|18|392
18.877525329589844|18|393
13.231709480285645|152|394
30.836402893066406|18|395
99.4602279663086|18|396
143.3818817138672|18|397
119.25667572021484|18|398
92.51837921142578|18|399
83.79520416259766|18|400
79.07874298095703|18|401
67.40032958984375|18|402
55.81150817871094|18|403
53.01460266113281|18|404
53.29713821411133|18|405
51.016693115234375|18|406
48.67558670043945|18|407
51.04773712158203|18|408
54.43724060058594|18|409
52.46323013305664|18|410
44.846004486083984|18|411
34.71766662597656|18|412
26.475576400756836|18|413
18.578725814819336|18|414
16.447772979736328|18|415
18.599651336669922|18|416
15.966839790344238|18|417
14.802722930908203|18|418
17.57380485534668|18|419
17.880224227905273|18|420
21.815834045410156|18|421
65.59967041015625|18|422
116.70095825195312|18|423
114.03462219238281|18|424
94.54297637939453|18|425
87.45600891113281|18|426
83.662109375|18|427
77.91486358642578|18|428
73.18285369873047|18|429
72.30474090576172|18|430
69.84066772460938|18|431
63.32789611816406|18|432
58.23421859741211|18|433
56.95252227783203|18|434
58.21112823486328|18|435
56.199546813964844|18|436
48.99494552612305|18|437
39.62763977050781|18|438
31.934974670410156|18|439
25.128145217895508|18|440
24.70270538330078|18|441
64.12037658691406|17|442
102.8777847290039|18|443
101.51775360107422|32|444
110.92240905761719|33|445
117.26041412353516|33|446
126.70574951171875|33|447
127.32907104492188|32|448
105.76184844970703|32|449
81.96251678466797|34|450
117.010498046875|36|451
126.38900756835938|37|452
132.83914184570312|37|453
132.38392639160156|36|454
113.86294555664062|37|455
84.21050262451172|37|456
99.21855163574219|43|457
92.19381713867188|43|458
35.019195556640625|44|459
21.016748428344727|37|460
26.022153854370117|17|461
56.87432861328125|18|462
72.60735321044922|18|463
84.83575439453125|90|464
96.57676696777344|90|465
115.57254791259766|86|466
133.90768432617188|86|467
152.79571533203125|87|468
170.17466735839844|87|469
119.47531127929688|87|470
85.5220947265625|85|471
88.02326965332031|76|472
125.02283477783203|75|473
118.82268524169922|74|474
127.5213851928711|109|475
144.4147186279297|109|476
175.55691528320312|107|477
176.5583953857422|107|478
89.28277587890625|107|479
75.94402313232422|36|480
83.87871551513672|36|481
99.28196716308594|16|482
119.58168029785156|16|483
100.64769744873047|16|484
120.64317321777344|32|485
106.38020324707031|32|486
82.73941040039062|33|487
70.63163757324219|16|488
70.0291976928711|16|489
66.3141098022461|16|490
59.40084457397461|16|491
50.890079498291016|16|492
42.430049896240234|16|493
58.17732238769531|30|494
71.29882049560547|31|495
105.34140014648438|32|496
114.78585815429688|65|497
63.23353576660156|65|498
61.65170669555664|29|499
88.97371673583984|32|500
117.68658447265625|32|501
84.11959838867188|16|502
94.09903717041016|16|503
117.05094146728516|97|504
158.8926239013672|97|505
164.0463409423828|97|506
123.71195983886719|98|507
95.41022491455078|98|508
65.1755142211914|33|509
62.80534362792969|34|510
69.84001922607422|36|511
62.681556701660156|37|512
36.55562973022461|16|513
33.63720703125|16|514
32.485328674316406|16|515
53.13915252685547|173|516
67.05172729492188|44|517
102.16332244873047|86|518
156.02578735351562|85|519
168.20899963378906|86|520
164.32052612304688|87|521
174.62646484375|86|522
148.66310119628906|86|523
100.24254608154297|84|524
99.27433013916016|75|525
154.71551513671875|74|526
178.5265350341797|73|527
145.6050567626953|72|528
113.3509750366211|71|529
94.26879119873047|70|530
93.50952911376953|104|531
69.20091247558594|108|532
85.18878173828125|75|533
79.90045166015625|75|534
46.00156021118164|37|535
74.98527526855469|97|536
85.88585662841797|97|537
46.979061126708984|33|538
35.2740478515625|18|539
38.110633850097656|74|540
39.91033935546875|18|541
37.95393753051758|18|542
32.65324401855469|18|543
35.39902114868164|104|544
20.682844161987305|18|545
23.111595153808594|74|546
20.695964813232422|22|547
54.67044448852539|22|548
73.87651062011719|18|549
67.20630645751953|82|550
50.48183822631836|18|551
49.36952590942383|18|552
54.83377456665039|28|553
94.99520874023438|32|554
123.75867462158203|33|555
110.62660217285156|33|556
105.11970520019531|33|557
104.83740234375|33|558
98.30225372314453|35|559
114.39557647705078|36|560
131.34764099121094|37|561
131.7545623779297|37|562
128.5579071044922|37|563
118.31367492675781|37|564
99.37432861328125|37|565
103.8995361328125|36|566
92.94031524658203|36|567
76.79350280761719|36|568
75.62899780273438|82|569
96.66114807128906|36|570
86.46977996826172|36|571
45.04945755004883|34|572
40.77475357055664|18|573
45.94363784790039|61|574
84.56077575683594|66|575
106.78571319580078|66|576
112.06982421875|97|577
144.06398010253906|96|578
174.2172088623047|96|579
168.08436584472656|96|580
166.95535278320312|95|581
160.25010681152344|96|582
151.61224365234375|97|583
89.60511779785156|98|584
35.27156448364258|98|585
34.00690460205078|97|586
63.2834587097168|16|587
112.72675323486328|16|588
107.1335220336914|16|589
88.2200698852539|16|590
97.04936981201172|56|591
91.33721160888672|55|592
104.68744659423828|108|593
98.69535064697266|108|594
80.13701629638672|55|595
79.40841674804688|55|596
76.42976379394531|27|597
72.71686553955078|26|598
94.28870391845703|26|599
85.76128387451172|25|600
92.73825073242188|25|601
87.8174057006836|25|602
82.90921020507812|25|603
54.43556594848633|25|604
34.24258804321289|16|605
53.030128479003906|16|606
118.59983825683594|16|607
150.01922607421875|16|608
121.62785339355469|16|609
97.38407897949219|16|610
91.1054458618164|16|611
119.88825225830078|75|612
124.10343933105469|75|613
138.3966064453125|74|614
117.25801086425781|74|615
136.3341064453125|73|616
148.22293090820312|73|617
126.37403106689453|73|618
66.10382843017578|16|619
99.94408416748047|16|620
118.22552490234375|16|621
101.6928939819336|16|622
84.24755859375|16|623
78.67041015625|44|624
67.62464141845703|16|625
87.05061340332031|65|626
96.59591674804688|65|627
95.7084732055664|64|628
95.56216430664062|64|629
96.144287109375|64|630
88.38158416748047|64|631
100.68252563476562|65|632
108.81055450439453|66|633
120.22660064697266|66|634
93.58563232421875|65|635
73.81755065917969|65|636
75.56622314453125|65|637
73.85047912597656|65|638
57.39543914794922|18|639
52.45888900756836|18|640
45.71449279785156|18|641
41.718284606933594|18|642
37.33447265625|73|643
33.3383674621582|73|644
34.669498443603516|65|645
31.625490188598633|18|646
30.305286407470703|18|647
28.891803741455078|18|648
22.801300048828125|18|649
20.792369842529297|86|650
18.103416442871094|44|651
21.768024444580078|75|652
42.369728088378906|28|653
57.833953857421875|18|654
55.80789566040039|18|655
55.893470764160156|82|656
51.36750030517578|18|657
50.620323181152344|18|658
49.13296127319336|18|659
45.397029876708984|18|660
47.8325080871582|35|661
81.18047332763672|36|662
105.12665557861328|36|663
100.63259887695312|36|664
90.16567993164062|37|665
93.48924255371094|37|666
79.02149200439453|37|667
50.82343673706055|43|668
74.08100891113281|43|669
56.295326232910156|44|670
19.096721649169922|839|671
23.71870994567871|18|672
64.1473159790039|18|673
71.72623443603516|18|674
52.816871643066406|82|675
48.352630615234375|82|676
66.51386260986328|44|677
64.66767120361328|43|678
85.19901275634766|86|679
86.01817321777344|86|680
83.82820892333984|43|681
72.34041595458984|85|682
53.606353759765625|42|683
47.4196662902832|40|684
44.93891525268555|189|685
75.18115997314453|182|686
95.72412109375|181|687
101.18636322021484|180|688
89.93074035644531|180|689
70.97933959960938|181|690
62.85391616821289|37|691
65.2137222290039|37|692
111.88248443603516|16|693
132.72923278808594|16|694
106.1983642578125|16|695
91.4358901977539|16|696
84.9471664428711|16|697
81.5763931274414|16|698
81.27267456054688|16|699
78.98667907714844|16|700
75.27935791015625|16|701
69.21006774902344|16|702
58.85912322998047|16|703
51.46677017211914|16|704
49.06465148925781|16|705
46.217979431152344|31|706
74.24223327636719|31|707
92.50289916992188|32|708
86.14276885986328|32|709
95.06222534179688|32|710
102.79704284667969|32|711
73.94961547851562|32|712
95.3404312133789|16|713
106.61585235595703|16|714
92.09313201904297|16|715
115.25743103027344|126|716
123.10406494140625|126|717
89.760498046875|127|718
101.11447143554688|130|719
73.74930572509766|131|720
52.039127349853516|16|721
44.281227111816406|16|722
33.15252685546875|16|723
24.678781509399414|16|724
23.24988555908203|16|725
75.81864929199219|128|726
127.96031951904297|128|727
103.60427856445312|85|728
139.4001007080078|85|729
146.77281188964844|86|730
132.9636688232422|86|731
97.49580383300781|85|732
84.26319885253906|82|733
79.2079086303711|76|734
103.05514526367188|74|735
134.9014129638672|73|736
145.79444885253906|73|737
145.6737060546875|73|738
123.990966796875|73|739
90.95503997802734|72|740
91.71607208251953|71|741
93.94684600830078|70|742
103.80875396728516|70|743
87.93402862548828|69|744
65.32245635986328|72|745
81.12995910644531|73|746
83.55177307128906|74|747
66.55073547363281|37|748
53.40769577026367|73|749
40.504676818847656|36|750
28.834205627441406|18|751
29.916893005371094|18|752
28.380868911743164|18|753
25.688148498535156|18|754
20.603805541992188|18|755
16.621112823486328|37|756
14.846508979797363|69|757
29.923309326171875|20|758
50.243045806884766|18|759
54.13472366333008|82|760
55.53477478027344|82|761
37.908912658691406|82|762
28.27097511291504|27|763
25.415067672729492|22|764
35.164852142333984|22|765
43.27481460571289|60|766
81.94493865966797|64|767
104.45355987548828|65|768
129.57998657226562|65|769
114.56208801269531|65|770
85.33356475830078|66|771
62.965858459472656|104|772
75.0224838256836|109|773
102.28089141845703|110|774
104.82296752929688|109|775
108.73048400878906|72|776
96.9536361694336|109|777
111.89593505859375|109|778
103.88172912597656|18|779
93.6039810180664|18|780
71.06466674804688|18|781
60.52008819580078|18|782
56.44398498535156|18|783
53.14376449584961|18|784
46.934814453125|18|785
43.01222229003906|18|786
41.13546371459961|18|787
75.61895751953125|197|788
103.93639373779297|197|789
85.73885345458984|195|790
83.98075103759766|64|791
92.98448944091797|64|792
81.48240661621094|64|793
79.32763671875|65|794
74.12378692626953|197|795
85.36613464355469|65|796
98.5332260131836|64|797
77.92202758789062|64|798
102.36186218261719|18|799
91.31267547607422|18|800
75.10990142822266|18|801
70.74829864501953|18|802
68.05579376220703|18|803
61.71796417236328|18|804
70.31355285644531|27|805
109.64800262451172|109|806
85.16516876220703|109|807
79.38388061523438|54|808
87.53247833251953|54|809
76.2105484008789|54|810
60.93053436279297|27|811
45.466148376464844|18|812
43.88663101196289|18|813
37.03277587890625|18|814
29.998647689819336|18|815
22.707592010498047|18|816
27.500873565673828|19|817
64.68190002441406|18|818
83.62727355957031|18|819
70.89749908447266|18|820
61.35441589355469|18|821
56.36809158325195|18|822
53.723175048828125|18|823
85.12865447998047|82|824
99.43678283691406|82|825
97.60729217529297|82|826
78.37068939208984|82|827
45.30356979370117|83|828
27.4215087890625|18|829
26.20600128173828|17|830
50.96888732910156|17|831
66.99897003173828|18|832
78.2303466796875|73|833
86.65917205810547|73|834
100.52449035644531|72|835
66.53390502929688|71|836
41.35265350341797|49|837
34.92161560058594|28|838
61.72553634643555|27|839
45.011775970458984|27|840
29.287996292114258|18|841
26.290388107299805|18|842
29.23053550720215|18|843
50.56582260131836|18|844
72.7538070678711|18|845
69.0248031616211|74|846
88.95413208007812|74|847
122.56865692138672|73|848
125.0850830078125|72|849
91.48885345458984|72|850
48.98703384399414|71|851
53.78462600708008|22|852
47.474693298339844|22|853
61.21533203125|64|854
85.23574829101562|65|855
94.0797348022461|65|856
97.0738296508789|65|857
78.03722381591797|63|858
92.34642028808594|63|859
67.04764556884766|64|860
36.35139846801758|65|861
47.133087158203125|73|862
30.757095336914062|24|863
57.14282989501953|21|864
85.72175598144531|18|865
69.49407196044922|18|866
44.910709381103516|18|867
40.10677719116211|18|868
36.09413146972656|18|869
30.787837982177734|18|870
27.047788619995117|22|871
25.31728744506836|18|872
26.549253463745117|18|873
29.7192440032959|73|874
34.3902702331543|72|875
32.16728973388672|18|876
33.05410385131836|18|877
33.3162956237793|18|878
28.98577880859375|18|879
20.313976287841797|18|880
15.068758964538574|18|881
14.987131118774414|22|882
28.369163513183594|18|883
58.177364349365234|18|884
58.229671478271484|66|885
63.08026123046875|65|886
37.21040344238281|82|887
29.783456802368164|18|888
33.79256057739258|18|889
33.83815002441406|18|890
29.003307342529297|18|891
49.20084762573242|42|892
49.67796325683594|43|893
45.52443313598633|22|894
46.013389587402344|21|895
55.719398498535156|22|896
61.14653015136719|23|897
62.77390670776367|23|898
110.89683532714844|97|899
136.65182495117188|97|900
106.30939483642578|97|901
64.19937896728516|98|902
62.44408416748047|106|903
98.05057525634766|16|904
103.68914031982422|16|905
81.0074234008789|16|906
70.80780029296875|16|907
67.26136016845703|16|908
66.6662368774414|16|909
67.47914123535156|16|910
63.93779373168945|16|911
81.87134552001953|50|912
76.2847900390625|50|913
57.31084442138672|52|914
46.87240982055664|54|915
60.90599822998047|82|916
70.78016662597656|55|917
65.49138641357422|54|918
34.5917854309082|26|919
24.99738883972168|16|920
21.17282485961914|22|921
24.790302276611328|22|922
42.856685638427734|24|923
72.94693756103516|16|924
77.11770629882812|16|925
68.87830352783203|95|926
83.79632568359375|96|927
83.68212890625|99|928
78.43641662597656|99|929
73.75041198730469|79|930
101.28813171386719|82|931
117.85990905761719|82|932
122.35627746582031|109|933
105.87467956542969|109|934
127.1140365600586|81|935
145.5174560546875|81|936
138.65457153320312|82|937
124.33219909667969|82|938
128.09449768066406|84|939
134.74656677246094|84|940
82.20453643798828|81|941
83.82598876953125|81|942
67.5798568725586|27|943
82.32093048095703|27|944
82.54499816894531|27|945
96.12832641601562|27|946
91.64871215820312|27|947
46.694114685058594|27|948
33.40290832519531|109|949
68.82685089111328|18|950
75.14722442626953|18|951
58.90733337402344|18|952
41.00383758544922|18|953
32.207820892333984|17|954
40.273136138916016|18|955
38.82854461669922|18|956
46.99710464477539|226|957
60.51857376098633|226|958
72.80121612548828|226|959
62.042964935302734|226|960
58.52246856689453|229|961
65.64641571044922|229|962
55.33510971069336|227|963
59.5483512878418|226|964
61.822086334228516|224|965
73.87104034423828|224|966
56.50912857055664|32|967
67.31593322753906|33|968
63.08678436279297|33|969
77.45332336425781|18|970
80.70266723632812|18|971
64.77623748779297|18|972
59.16899871826172|18|973
56.74254608154297|18|974
51.872989654541016|18|975
52.53838348388672|40|976
68.17937469482422|40|977
88.35662841796875|54|978
102.87308502197266|54|979
92.16525268554688|54|980
87.5309829711914|54|981
87.80711364746094|108|982
82.9167709350586|108|983
71.94730377197266|55|984
76.86434173583984|111|985
80.09066009521484|56|986
73.81307220458984|140|987
60.91797637939453|83|988
54.983848571777344|78|989
80.5067138671875|18|990
72.2366943359375|18|991
57.09949493408203|18|992
77.99254608154297|57|993
69.59856414794922|57|994
56.141605377197266|54|995
41.02504348754883|53|996
34.31377410888672|18|997
36.62799072265625|18|998
34.17805862426758|18|999
32.01144790649414|18|1000
32.7086296081543|18|1001
33.99700927734375|18|1002
48.20616912841797|49|1003
69.22891998291016|50|1004
78.95648956298828|104|1005
78.44709777832031|104|1006
117.28964233398438|109|1007
101.29850769042969|109|1008
58.107242584228516|105|1009
85.686767578125|16|1010
76.2884292602539|16|1011
66.2987289428711|16|1012
73.06040954589844|49|1013
70.53370666503906|49|1014
59.15449142456055|16|1015
58.462120056152344|24|1016
55.595680236816406|16|1017
55.15713882446289|16|1018
53.13023376464844|24|1019
62.23524475097656|24|1020
73.79642486572266|24|1021
74.60211181640625|24|1022
92.5289077758789|25|1023
95.84324645996094|25|1024
84.0402603149414|25|1025
88.81023406982422|24|1026
78.30799102783203|24|1027
60.5088996887207|25|1028
93.6875|16|1029
117.52184295654297|16|1030
94.6866455078125|16|1031
85.13377380371094|96|1032
98.7027359008789|96|1033
108.52776336669922|97|1034
114.4685287475586|97|1035
104.97708129882812|121|1036
98.97207641601562|121|1037
88.69647979736328|120|1038
100.3272933959961|96|1039
93.12258911132812|96|1040
93.06653594970703|97|1041
80.38414001464844|98|1042
99.15363311767578|16|1043
88.58504486083984|16|1044
76.19281005859375|16|1045
71.55741119384766|16|1046
68.85958862304688|16|1047
66.63937377929688|16|1048
65.09040832519531|16|1049
60.967926025390625|16|1050
54.88270950317383|16|1051
49.997703552246094|144|1052
41.27571487426758|120|1053
52.84305191040039|121|1054
59.26007080078125|16|1055
75.14356231689453|18|1056
70.35912322998047|18|1057
59.075191497802734|18|1058
46.52081298828125|120|1059
43.23790740966797|18|1060
34.78428268432617|121|1061
38.41451644897461|98|1062
46.258365631103516|98|1063
38.03982925415039|97|1064
29.70259666442871|18|1065
32.571754455566406|18|1066
30.762357711791992|18|1067
34.15168380737305|18|1068
32.39641189575195|18|1069
32.44949722290039|18|1070
36.24980545043945|143|1071
33.33516311645508|144|1072
34.02718734741211|97|1073
41.603660583496094|97|1074
43.77890396118164|17|1075
49.14326858520508|18|1076
47.05336380004883|18|1077
48.88520431518555|82|1078
36.29513931274414|82|1079
34.55552673339844|120|1080
74.2091064453125|72|1081
122.96360778808594|72|1082
113.54515838623047|72|1083
115.17507934570312|73|1084
124.29371643066406|73|1085
89.10692596435547|73|1086
45.63115310668945|40|1087
51.709564208984375|42|1088
70.62657928466797|43|1089
83.20589447021484|43|1090
77.08509826660156|43|1091
77.8333969116211|44|1092
85.42440795898438|44|1093
81.36544799804688|44|1094
67.76104736328125|18|1095
81.40520477294922|86|1096
109.88188171386719|87|1097
86.92994689941406|86|1098
111.98458862304688|130|1099
107.68758392333984|130|1100
74.74127197265625|129|1101
59.037506103515625|128|1102
58.89609146118164|121|1103
80.8546371459961|120|1104
55.198402404785156|114|1105
59.13474655151367|111|1106
86.74087524414062|146|1107
105.08643341064453|145|1108
77.35216522216797|145|1109
39.28603744506836|145|1110
22.00698471069336|86|1111
23.564374923706055|87|1112
54.24921798706055|33|1113
70.6540756225586|33|1114
92.63878631591797|16|1115
111.93514251708984|16|1116
93.51052856445312|16|1117
80.95201110839844|16|1118
73.58599853515625|16|1119
71.54135131835938|16|1120
71.91786193847656|16|1121
70.85955810546875|16|1122
68.44142150878906|16|1123
62.07530212402344|16|1124
52.28329086303711|16|1125
45.0584602355957|16|1126
42.68855285644531|16|1127
42.759246826171875|16|1128
46.0119743347168|33|1129
87.83643341064453|33|1130
75.75241088867188|33|1131
45.17071533203125|32|1132
28.071395874023438|32|1133
48.75462341308594|16|1134
87.76997375488281|16|1135
78.1981201171875|16|1136
60.24414825439453|16|1137
63.76775360107422|214|1138
69.56458282470703|299|1139
60.188167572021484|16|1140
78.66703796386719|173|1141
62.308570861816406|16|1142
59.32634735107422|16|1143
53.315452575683594|16|1144
49.403656005859375|16|1145
47.055267333984375|16|1146
47.311500549316406|16|1147
45.66852951049805|16|1148
62.6452522277832|45|1149
55.10697555541992|175|1150
71.18978118896484|87|1151
110.53905487060547|86|1152
117.81672668457031|86|1153
114.19707489013672|86|1154
108.31475067138672|85|1155
88.50647735595703|84|1156
62.03237533569336|83|1157
100.54798889160156|75|1158
134.33892822265625|74|1159
124.51713562011719|74|1160
111.56681060791016|73|1161
96.86720275878906|72|1162
103.65446472167969|71|1163
109.27339935302734|71|1164
56.09765625|72|1165
59.501678466796875|75|1166
66.4555435180664|113|1167
41.69536590576172|36|1168
55.358177185058594|35|1169
52.91139221191406|35|1170
27.261938095092773|74|1171
38.797245025634766|74|1172
43.963104248046875|74|1173
39.3222770690918|73|1174
56.07817459106445|35|1175
79.70157623291016|35|1176
77.29456329345703|35|1177
74.07466888427734|36|1178
76.01625061035156|35|1179
68.17398071289062|35|1180
86.67801666259766|18|1181
82.285400390625|33|1182
88.71723175048828|33|1183
83.4056396484375|33|1184
82.40147399902344|33|1185
75.42811584472656|33|1186
66.78350067138672|33|1187
66.93572235107422|33|1188
66.69701385498047|67|1189
88.77923583984375|68|1190
78.62580108642578|101|1191
51.58256912231445|102|1192
78.40017700195312|143|1193
112.46365356445312|144|1194
113.20166778564453|144|1195
107.64846801757812|108|1196
107.08869171142578|108|1197
95.32276916503906|108|1198
88.68415832519531|107|1199
56.623897552490234|105|1200
79.08927154541016|18|1201
71.55303192138672|18|1202
58.81023025512695|33|1203
58.06047821044922|33|1204
47.36989212036133|18|1205
45.18087387084961|29|1206
32.27408218383789|18|1207
29.145803451538086|18|1208
57.66679763793945|98|1209
75.95857238769531|97|1210
93.66948699951172|95|1211
107.09622955322266|95|1212
80.09724426269531|96|1213
94.99323272705078|98|1214
109.3497543334961|99|1215
92.84099578857422|98|1216
83.2029037475586|97|1217
70.7501449584961|32|1218
96.06730651855469|33|1219
88.13469696044922|32|1220
90.1883316040039|18|1221
69.67195129394531|18|1222
60.19411087036133|18|1223
64.76363372802734|107|1224
77.10899353027344|108|1225
77.57947540283203|108|1226
72.35620880126953|108|1227
71.8567886352539|27|1228
81.04521179199219|27|1229
89.01380157470703|27|1230
86.60749816894531|27|1231
56.35343933105469|27|1232
36.988441467285156|18|1233
35.57537078857422|18|1234
40.289241790771484|24|1235
55.642486572265625|24|1236
64.22369384765625|24|1237
72.06354522705078|25|1238
71.103515625|25|1239
62.84507369995117|18|1240
73.51431274414062|18|1241
61.1435432434082|18|1242
54.2690544128418|18|1243
87.5446548461914|95|1244
105.4328384399414|96|1245
71.94578552246094|64|1246
65.58568572998047|64|1247
37.00291061401367|18|1248
34.091156005859375|18|1249
29.104761123657227|18|1250
26.246129989624023|18|1251
23.66474151611328|17|1252
39.794227600097656|17|1253
53.31014633178711|18|1254
51.94602584838867|82|1255
97.10335540771484|82|1256
128.39013671875|81|1257
123.8456802368164|81|1258
110.61434936523438|82|1259
110.03218841552734|82|1260
100.51451110839844|81|1261
97.48703002929688|81|1262
74.6594467163086|81|1263
67.15696716308594|54|1264
64.81832885742188|54|1265
73.23065948486328|19|1266
132.9656524658203|12|1267
212.42205810546875|10|1268
238.103759765625|7|1269
258.4633483886719|6|1270
170.02642822265625|5|1271
151.49441528320312|5|1272
92.4610595703125|5|1273
80.92096710205078|3|1274
111.5682601928711|4|1275
103.3568115234375|4|1276
113.30255889892578|4|1277
115.18812561035156|4|1278
115.82267761230469|4|1279
118.6989974975586|4|1280
119.34859466552734|4|1281
117.23043060302734|4|1282
114.95309448242188|4|1283
114.83316040039062|4|1284
113.5416259765625|4|1285
113.22505187988281|4|1286
114.55923461914062|4|1287
111.95570373535156|4|1288
113.78726959228516|4|1289
116.65995025634766|4|1290
100.43212127685547|4|1291
66.97394561767578|4|1292
83.80751037597656|12|1293
184.0535888671875|10|1294
205.74264526367188|7|1295
276.2818908691406|6|1296
219.59329223632812|6|1297
168.5494842529297|5|1298
102.80815887451172|5|1299
111.00572204589844|5|1300
136.8836212158203|4|1301
111.71513366699219|4|1302
121.41650390625|4|1303
119.26164245605469|4|1304
117.81265258789062|4|1305
118.22248840332031|4|1306
117.42237854003906|4|1307
116.9703140258789|4|1308
114.49037170410156|4|1309
109.72366333007812|4|1310
111.50768280029297|4|1311
110.94879913330078|4|1312
114.308837890625|4|1313
115.91361236572266|4|1314
113.08374786376953|4|1315
113.84632873535156|4|1316
109.84064483642578|4|1317
79.22623443603516|4|1318
57.98630905151367|13|1319
167.16397094726562|11|1320
199.37232971191406|10|1321
254.95225524902344|7|1322
272.5802307128906|6|1323
202.65451049804688|5|1324
85.39923858642578|4|1325
79.75553894042969|16|1326
132.6462860107422|4|1327
154.9744110107422|4|1328
145.00218200683594|4|1329
146.6526336669922|4|1330
155.2606964111328|4|1331
158.77276611328125|4|1332
159.4726104736328|4|1333
161.1502227783203|4|1334
162.1863555908203|4|1335
163.15643310546875|4|1336
165.7081298828125|4|1337
165.76483154296875|4|1338
165.77801513671875|4|1339
165.4391326904297|4|1340
165.67343139648438|4|1341
168.1013641357422|4|1342
161.00439453125|4|1343
127.4698257446289|4|1344
86.22968292236328|4|1345
143.0337677001953|13|1346
186.1061553955078|10|1347
232.406494140625|7|1348
278.0854187011719|6|1349
181.78466796875|6|1350
107.88554382324219|5|1351
158.43223571777344|5|1352
189.254150390625|4|1353
167.24635314941406|4|1354
151.62237548828125|4|1355
156.24676513671875|4|1356
154.780029296875|4|1357
155.20071411132812|4|1358
156.8053436279297|4|1359
155.40440368652344|4|1360
159.05972290039062|4|1361
160.556640625|4|1362
159.385009765625|4|1363
162.25946044921875|4|1364
164.210693359375|4|1365
164.89161682128906|4|1366
166.54771423339844|4|1367
169.8372344970703|4|1368
168.14303588867188|4|1369
140.5372314453125|4|1370
94.61103057861328|4|1371
90.59856414794922|12|1372
173.56678771972656|11|1373
185.1498565673828|7|1374
262.2444152832031|6|1375
210.62396240234375|6|1376
99.68028259277344|6|1377
116.60675811767578|5|1378
161.11209106445312|5|1379
182.37545776367188|5|1380
174.74864196777344|5|1381
166.9906768798828|5|1382
162.657470703125|5|1383
161.00738525390625|5|1384
159.83497619628906|5|1385
162.1662139892578|5|1386
162.7372589111328|5|1387
162.15924072265625|5|1388
165.55735778808594|5|1389
166.15597534179688|5|1390
162.08168029785156|5|1391
161.29861450195312|5|1392
162.67861938476562|5|1393
158.79400634765625|5|1394
158.5141143798828|5|1395
150.4029083251953|5|1396
109.19554901123047|5|1397
75.11280059814453|5|1398
129.23348999023438|11|1399
182.00234985351562|10|1400
220.22705078125|6|1401
243.9365997314453|6|1402
126.949462890625|6|1403
84.75991821289062|5|1404
131.00914001464844|5|1405
173.17567443847656|5|1406
177.28695678710938|5|1407
162.36331176757812|5|1408
159.1305694580078|5|1409
152.44540405273438|5|1410
152.2473907470703|5|1411
152.3347930908203|5|1412
155.2186279296875|5|1413
162.03163146972656|5|1414
160.94296264648438|5|1415
158.14035034179688|5|1416
158.91334533691406|5|1417
158.52883911132812|5|1418
163.40586853027344|5|1419
166.46177673339844|5|1420
167.21774291992188|5|1421
161.9074249267578|5|1422
131.27859497070312|5|1423
83.70556640625|5|1424
98.285888671875|12|1425
195.1840362548828|10|1426
229.9051971435547|7|1427
314.87445068359375|6|1428
248.27281188964844|5|1429
249.52037048339844|5|1430
253.08030700683594|5|1431
207.97972106933594|5|1432
166.6881866455078|6|1433
165.02281188964844|5|1434
161.35012817382812|5|1435
168.3797149658203|5|1436
173.78564453125|5|1437
173.5612030029297|5|1438
175.6602020263672|5|1439
176.7342071533203|5|1440
179.4647674560547|5|1441
179.63888549804688|5|1442
179.81768798828125|5|1443
183.95655822753906|5|1444
181.1059112548828|5|1445
180.00584411621094|5|1446
175.1882781982422|5|1447
168.32266235351562|5|1448
143.62901306152344|5|1449
97.69851684570312|5|1450
81.6192398071289|15|1451
163.8016357421875|10|1452
181.36944580078125|6|1453
233.62220764160156|6|1454
156.25149536132812|6|1455
104.69334411621094|5|1456
162.49375915527344|5|1457
226.33030700683594|5|1458
209.4975128173828|5|1459
184.3723602294922|5|1460
180.05419921875|5|1461
167.3377685546875|5|1462
165.57815551757812|5|1463
166.25648498535156|5|1464
164.2914581298828|5|1465
165.86053466796875|5|1466
165.99404907226562|5|1467
164.44908142089844|5|1468
162.72296142578125|5|1469
164.70294189453125|5|1470
165.28057861328125|5|1471
167.13162231445312|5|1472
171.79840087890625|5|1473
172.24159240722656|5|1474
158.0896453857422|5|1475
113.3946533203125|5|1476
70.47370147705078|5|1477
156.53713989257812|11|1478
188.49598693847656|10|1479
225.8307647705078|7|1480
267.5017395019531|6|1481
162.2342529296875|5|1482
118.67816162109375|5|1483
152.15521240234375|4|1484
120.6439437866211|4|1485
91.35087585449219|3|1486
106.39400482177734|4|1487
99.31017303466797|4|1488
98.14144134521484|4|1489
99.75877380371094|4|1490
100.67686462402344|4|1491
104.09211730957031|4|1492
107.94837951660156|4|1493
108.65678405761719|4|1494
108.74491119384766|4|1495
108.40626525878906|4|1496
105.92841339111328|4|1497
103.50653839111328|4|1498
106.89436340332031|4|1499
111.32263946533203|4|1500
111.01273345947266|4|1501
96.14232635498047|4|1502
61.621543884277344|4|1503
90.55706024169922|12|1504
169.38002014160156|10|1505
199.6594696044922|7|1506
254.8842010498047|6|1507
194.83924865722656|6|1508
143.18113708496094|5|1509
147.36216735839844|4|1510
90.7255630493164|4|1511
79.20619201660156|3|1512
99.77576446533203|4|1513
93.04133605957031|4|1514
100.92125701904297|4|1515
103.13716125488281|4|1516
99.71781158447266|4|1517
100.42255401611328|4|1518
102.97211456298828|4|1519
105.47310638427734|4|1520
104.65788269042969|4|1521
105.35086822509766|4|1522
105.09378051757812|4|1523
109.09417724609375|4|1524
111.16654968261719|4|1525
112.48236083984375|4|1526
110.54661560058594|4|1527
101.27932739257812|4|1528
73.16664123535156|4|1529
63.38587188720703|14|1530
169.4131622314453|11|1531
189.49658203125|10|1532
234.7655487060547|6|1533
233.26864624023438|6|1534
161.28512573242188|5|1535
176.68019104003906|5|1536
181.55751037597656|4|1537
148.32212829589844|4|1538
143.79685974121094|4|1539
161.80517578125|4|1540
162.0242156982422|4|1541
151.82310485839844|4|1542
146.9886932373047|4|1543
148.911376953125|4|1544
152.06143188476562|4|1545
153.15650939941406|4|1546
152.25494384765625|4|1547
152.35159301757812|4|1548
153.6414337158203|4|1549
152.78562927246094|4|1550
151.6703338623047|4|1551
150.71807861328125|4|1552
149.32359313964844|4|1553
144.87136840820312|4|1554
115.31233215332031|4|1555
77.14846801757812|4|1556
128.2880096435547|12|1557
175.20372009277344|10|1558
209.6843719482422|7|1559
253.0754852294922|6|1560
203.45779418945312|5|1561
165.0943145751953|5|1562
117.97212982177734|4|1563
94.47837829589844|4|1564
132.4108428955078|4|1565
149.0889434814453|4|1566
145.2369842529297|4|1567
146.2755889892578|4|1568
148.81825256347656|4|1569
151.02088928222656|4|1570
154.24249267578125|4|1571
153.41514587402344|4|1572
151.5908660888672|4|1573
151.14877319335938|4|1574
151.2030792236328|4|1575
152.21475219726562|4|1576
153.95448303222656|4|1577
153.60462951660156|4|1578
152.8435516357422|4|1579
152.26329040527344|4|1580
129.9071807861328|4|1581
89.06610107421875|4|1582
69.14102935791016|11|1583
164.07977294921875|10|1584
188.39784240722656|7|1585
246.7201385498047|6|1586
241.3639678955078|5|1587
222.4835662841797|5|1588
183.2045440673828|5|1589
156.17425537109375|4|1590
146.4132843017578|4|1591
142.48703002929688|4|1592
152.02980041503906|5|1593
157.1102752685547|5|1594
156.7877960205078|5|1595
159.05618286132812|5|1596
156.85923767089844|5|1597
157.17127990722656|5|1598
157.77427673339844|5|1599
161.02613830566406|5|1600
162.65426635742188|5|1601
157.50997924804688|5|1602
153.18466186523438|5|1603
152.4433135986328|5|1604
149.59254455566406|5|1605
151.78810119628906|5|1606
144.82667541503906|5|1607
103.7663345336914|5|1608
68.3093032836914|5|1609
121.8315200805664|11|1610
166.81185913085938|9|1611
214.10643005371094|7|1612
242.8201904296875|6|1613
243.58531188964844|5|1614
190.38912963867188|5|1615
163.3390350341797|5|1616
144.06573486328125|4|1617
138.0318603515625|4|1618
140.67056274414062|5|1619
149.2942657470703|5|1620
149.75064086914062|5|1621
152.06761169433594|5|1622
154.60714721679688|5|1623
151.24461364746094|5|1624
147.72970581054688|5|1625
152.5758514404297|5|1626
152.93724060058594|5|1627
149.40798950195312|5|1628
151.5096435546875|5|1629
149.66378784179688|5|1630
147.2582244873047|5|1631
146.9732666015625|5|1632
147.24835205078125|5|1633
115.77935791015625|5|1634
72.78340148925781|5|1635
92.2480239868164|12|1636
171.959716796875|10|1637
207.9217529296875|7|1638
253.03639221191406|6|1639
247.7820587158203|5|1640
177.65892028808594|5|1641
141.67486572265625|5|1642
134.86729431152344|4|1643
139.09988403320312|4|1644
141.7874755859375|5|1645
146.58160400390625|5|1646
142.90187072753906|5|1647
145.77574157714844|5|1648
147.35916137695312|5|1649
146.5699462890625|5|1650
145.82005310058594|5|1651
143.7103271484375|5|1652
144.64878845214844|5|1653
145.5007781982422|5|1654
150.94427490234375|5|1655
153.51646423339844|5|1656
149.57582092285156|5|1657
150.77197265625|5|1658
157.79872131347656|5|1659
139.0940399169922|5|1660
88.42115020751953|5|1661
70.94483947753906|18|1662
166.64036560058594|10|1663
162.54339599609375|7|1664
233.4673309326172|6|1665
245.4453125|5|1666
199.99412536621094|5|1667
149.4064178466797|5|1668
133.81130981445312|4|1669
135.87413024902344|4|1670
141.52078247070312|4|1671
145.8511199951172|5|1672
146.14259338378906|5|1673
144.20057678222656|5|1674
144.16029357910156|5|1675
147.57723999023438|5|1676
147.4207763671875|5|1677
145.06390380859375|5|1678
145.49465942382812|5|1679
147.78564453125|5|1680
146.77801513671875|5|1681
149.3865966796875|5|1682
149.77468872070312|5|1683
145.14353942871094|5|1684
146.29547119140625|5|1685
144.54257202148438|5|1686
106.16358184814453|5|1687
70.9148941040039|5|1688
64.07083892822266|5|1689
68.28496551513672|5|1690
65.81443786621094|4|1691
66.34502410888672|4|1692
68.21380615234375|4|1693
73.45382690429688|4|1694
86.74964141845703|4|1695
93.37212371826172|4|1696
94.37651062011719|4|1697
99.78740692138672|4|1698
100.33573913574219|4|1699
100.50920104980469|4|1700
101.16166687011719|4|1701
98.94268798828125|4|1702
98.04130554199219|4|1703
96.71114349365234|4|1704
98.57073211669922|4|1705
100.19517517089844|4|1706
102.25420379638672|4|1707
102.69514465332031|4|1708
101.03109741210938|4|1709
106.81912994384766|4|1710
109.03752899169922|4|1711
103.32337951660156|4|1712
84.08689880371094|4|1713
56.13570785522461|4|1714
45.709503173828125|4|1715
79.33567810058594|74|1716
72.69981384277344|73|1717
63.715023040771484|54|1718
61.03392791748047|4|1719
69.37310791015625|4|1720
80.6808090209961|4|1721
90.68821716308594|4|1722
93.41643524169922|4|1723
98.15509796142578|4|1724
101.65001678466797|4|1725
100.8077163696289|4|1726
98.3509521484375|4|1727
100.20093536376953|4|1728
101.726806640625|4|1729
100.80183410644531|4|1730
99.71839141845703|4|1731
97.70170593261719|4|1732
97.87108612060547|4|1733
104.34937286376953|4|1734
103.55219268798828|4|1735
99.13575744628906|4|1736
100.03008270263672|4|1737
101.78179168701172|4|1738
98.27599334716797|4|1739
69.34620666503906|4|1740
46.31283950805664|4|1741
43.97235870361328|4|1742
44.803340911865234|4|1743
55.69577407836914|4|1744
75.74370574951172|4|1745
99.98707580566406|4|1746
120.93336486816406|4|1747
134.47311401367188|4|1748
140.14794921875|4|1749
139.8286895751953|4|1750
137.932861328125|4|1751
141.17848205566406|4|1752
144.2269744873047|4|1753
143.7149200439453|4|1754
143.01824951171875|4|1755
142.40948486328125|4|1756
142.54098510742188|4|1757
143.7689971923828|4|1758
147.49708557128906|4|1759
150.53793334960938|4|1760
148.4046173095703|4|1761
144.4805450439453|4|1762
146.6900177001953|4|1763
149.4652099609375|4|1764
142.8586883544922|4|1765
109.0193099975586|4|1766
69.43521881103516|4|1767
60.05465316772461|4|1768
67.19303131103516|97|1769
75.67301177978516|97|1770
76.79910278320312|4|1771
90.75305938720703|4|1772
109.35377502441406|4|1773
126.46150970458984|4|1774
135.02552795410156|4|1775
139.08131408691406|4|1776
141.39071655273438|4|1777
142.65284729003906|4|1778
142.6688690185547|4|1779
141.8681640625|4|1780
142.9195556640625|4|1781
144.68972778320312|4|1782
145.7157440185547|4|1783
144.71792602539062|4|1784
146.49205017089844|4|1785
147.25726318359375|4|1786
145.44190979003906|4|1787
146.4329376220703|4|1788
148.40444946289062|4|1789
144.76495361328125|4|1790
136.2772674560547|4|1791
115.18191528320312|4|1792
79.50737762451172|4|1793
78.46280670166016|18|1794
82.40441131591797|18|1795
68.00131225585938|4|1796
78.91808319091797|4|1797
87.27241516113281|4|1798
107.35848999023438|5|1799
127.2366943359375|5|1800
138.1451873779297|5|1801
140.90965270996094|5|1802
143.3522491455078|5|1803
145.1363525390625|5|1804
143.64984130859375|5|1805
143.45091247558594|5|1806
144.5338134765625|5|1807
142.926513671875|5|1808
145.56883239746094|5|1809
148.0037384033203|5|1810
149.82911682128906|5|1811
148.49603271484375|5|1812
143.674560546875|5|1813
147.3917236328125|5|1814
145.85293579101562|5|1815
143.1832275390625|5|1816
144.84567260742188|5|1817
131.7234344482422|5|1818
91.56449890136719|5|1819
65.61383056640625|5|1820
61.41541290283203|5|1821
66.94157409667969|5|1822
75.13597869873047|5|1823
83.66307067871094|5|1824
95.74851989746094|5|1825
118.3774642944336|5|1826
134.09112548828125|5|1827
135.7628936767578|5|1828
136.6546173095703|5|1829
135.50155639648438|5|1830
141.95751953125|5|1831
145.69456481933594|5|1832
142.20115661621094|5|1833
133.23928833007812|5|1834
134.51544189453125|5|1835
142.36651611328125|5|1836
150.19825744628906|5|1837
150.40023803710938|5|1838
149.43858337402344|5|1839
146.2556610107422|5|1840
147.5326385498047|5|1841
145.85716247558594|5|1842
143.6951141357422|5|1843
143.26695251464844|5|1844
111.78530883789062|5|1845
69.34727478027344|5|1846
60.076507568359375|5|1847
66.11389923095703|5|1848
86.9775619506836|5|1849
95.84571838378906|5|1850
98.06458282470703|5|1851
120.40097045898438|5|1852
141.08580017089844|5|1853
152.0277862548828|5|1854
154.7721710205078|5|1855
154.48126220703125|5|1856
157.94776916503906|5|1857
161.45101928710938|5|1858
158.67971801757812|5|1859
156.991943359375|5|1860
162.1829071044922|5|1861
164.1314239501953|5|1862
162.61911010742188|5|1863
160.9869384765625|5|1864
157.5161895751953|5|1865
158.033203125|5|1866
164.853271484375|5|1867
167.2136688232422|5|1868
162.50038146972656|5|1869
159.71568298339844|5|1870
135.6000213623047|5|1871
88.11431121826172|5|1872
65.36127471923828|5|1873
67.25102233886719|16|1874
72.86296844482422|5|1875
82.1650161743164|5|1876
95.4985580444336|5|1877
110.71784973144531|5|1878
133.51019287109375|5|1879
147.55450439453125|5|1880
150.07945251464844|5|1881
153.59597778320312|5|1882
161.41636657714844|5|1883
160.34674072265625|5|1884
159.0318145751953|5|1885
154.06362915039062|5|1886
146.08132934570312|5|1887
142.39825439453125|5|1888
144.13011169433594|5|1889
149.8628692626953|5|1890
149.38522338867188|5|1891
149.0977325439453|5|1892
155.8418426513672|5|1893
155.4931640625|5|1894
148.89764404296875|5|1895
150.50558471679688|5|1896
139.53428649902344|5|1897
98.00828552246094|5|1898
64.84417724609375|5|1899
64.02865600585938|5|1900
64.5009536743164|5|1901
60.761234283447266|5|1902
65.07694244384766|4|1903
71.03816223144531|4|1904
73.56574249267578|4|1905
87.10287475585938|4|1906
93.29104614257812|4|1907
95.90747833251953|4|1908
95.8342514038086|4|1909
95.98988342285156|4|1910
96.60408020019531|4|1911
95.31352996826172|4|1912
96.9589614868164|4|1913
98.3614501953125|4|1914
96.19574737548828|4|1915
94.46568298339844|4|1916
95.01886749267578|4|1917
98.14753723144531|4|1918
96.56269836425781|4|1919
96.98077392578125|4|1920
99.95777893066406|4|1921
97.67034149169922|4|1922
96.2523193359375|4|1923
78.51353454589844|4|1924
52.95626449584961|4|1925
42.81559371948242|4|1926
63.08693313598633|79|1927
67.13851165771484|80|1928
88.40385437011719|109|1929
94.4090347290039|109|1930
81.75233459472656|110|1931
91.8100357055664|110|1932
92.7625732421875|110|1933
92.97196960449219|4|1934
94.73241424560547|4|1935
96.0630874633789|4|1936
96.09722900390625|4|1937
96.80571746826172|4|1938
94.751708984375|4|1939
94.60116577148438|4|1940
93.39299011230469|4|1941
92.6493911743164|4|1942
95.69921875|4|1943
100.82219696044922|4|1944
103.02465057373047|4|1945
100.97404479980469|4|1946
96.60202026367188|4|1947
96.133056640625|4|1948
96.61654663085938|4|1949
88.1509017944336|4|1950
58.95661544799805|4|1951
42.927974700927734|4|1952
44.77751159667969|4|1953
44.58555603027344|4|1954
53.87409210205078|4|1955
70.86184692382812|4|1956
92.78214263916016|4|1957
115.86760711669922|4|1958
128.2066650390625|4|1959
131.7102813720703|4|1960
134.62208557128906|4|1961
136.6627960205078|4|1962
138.31381225585938|4|1963
138.59266662597656|4|1964
138.32093811035156|4|1965
136.3582305908203|4|1966
134.11627197265625|4|1967
135.82237243652344|4|1968
136.09120178222656|4|1969
135.23193359375|4|1970
139.5694122314453|4|1971
140.85980224609375|4|1972
137.89602661132812|4|1973
139.08778381347656|4|1974
141.90354919433594|4|1975
134.93991088867188|4|1976
102.21590423583984|4|1977
66.54015350341797|4|1978
59.4460563659668|89|1979
65.90914154052734|4|1980
70.60444641113281|4|1981
76.3931884765625|4|1982
90.53547668457031|4|1983
109.70154571533203|4|1984
127.0213623046875|4|1985
134.98777770996094|4|1986
135.40582275390625|4|1987
136.91065979003906|4|1988
137.73585510253906|4|1989
136.15203857421875|4|1990
134.44757080078125|4|1991
131.49285888671875|4|1992
132.45777893066406|4|1993
140.0426483154297|4|1994
144.6453399658203|4|1995
145.36622619628906|4|1996
146.50364685058594|4|1997
145.87965393066406|4|1998
142.1854248046875|4|1999
139.9258575439453|4|2000
140.97105407714844|4|2001
139.5572052001953|4|2002
115.1929931640625|4|2003
77.93788146972656|4|2004
62.677703857421875|4|2005
74.73385620117188|146|2006
69.77619171142578|4|2007
73.07981872558594|4|2008
66.6555404663086|4|2009
48.081581115722656|4|2010
27.625240325927734|83|2011
42.08232879638672|109|2012
41.97066116333008|110|2013
19.603593826293945|111|2014
11.981084823608398|147|2015
11.45596694946289|147|2016
37.52025604248047|107|2017
48.337501525878906|109|2018
56.00055694580078|109|2019
62.67446517944336|109|2020
52.156280517578125|108|2021
35.850093841552734|108|2022
15.251444816589355|108|2023
23.09073257446289|33|2024
35.742496490478516|34|2025
32.66508102416992|66|2026
39.41490173339844|32|2027
48.78045654296875|32|2028
25.682077407836914|32|2029
33.229007720947266|34|2030
52.72682189941406|35|2031
67.42625427246094|36|2032
75.7393798828125|37|2033
65.11044311523438|37|2034
48.399410247802734|37|2035
34.83067321777344|36|2036
39.385440826416016|38|2037
43.402427673339844|38|2038
37.991085052490234|38|2039
45.035438537597656|37|2040
33.087337493896484|37|2041
13.714156150817871|37|2042
8.80827522277832|37|2043
7.823153495788574|37|2044
9.173812866210938|26|2045
22.76044464111328|65|2046
33.918792724609375|131|2047
43.15401077270508|32|2048
36.82036209106445|32|2049
13.638407707214355|31|2050
9.350894927978516|37|2051
20.728981018066406|40|2052
35.419124603271484|147|2053
50.11351776123047|74|2054
61.1087646484375|146|2055
50.369056701660156|110|2056
35.56321716308594|109|2057
54.53061294555664|109|2058
45.36524963378906|110|2059
58.04733657836914|110|2060
43.03459167480469|109|2061
37.94719314575195|184|2062
32.62382888793945|185|2063
33.57239532470703|107|2064
22.749305725097656|107|2065
24.5895938873291|36|2066
20.0209903717041|37|2067
23.88079833984375|71|2068
37.77293014526367|36|2069
25.834596633911133|70|2070
21.003650665283203|72|2071
29.6125431060791|38|2072
39.56145095825195|38|2073
53.651710510253906|38|2074
48.38230895996094|38|2075
33.088966369628906|37|2076
32.493045806884766|37|2077
32.65352249145508|34|2078
28.081783294677734|35|2079
26.576936721801758|199|2080
31.591087341308594|195|2081
38.29753875732422|66|2082
55.691871643066406|33|2083
59.742950439453125|34|2084
66.66055297851562|34|2085
62.789161682128906|35|2086
55.34278106689453|36|2087
45.91593933105469|37|2088
37.67849349975586|37|2089
39.768001556396484|38|2090
28.459115982055664|297|2091
33.94160461425781|297|2092
31.522672653198242|44|2093
42.20943832397461|44|2094
33.96440887451172|44|2095
30.084932327270508|43|2096
29.65811538696289|42|2097
31.177330017089844|42|2098
26.30333709716797|38|2099
49.343597412109375|142|2100
55.02668762207031|142|2101
37.2401008605957|143|2102
40.559749603271484|107|2103
36.98488235473633|106|2104
39.005348205566406|145|2105
48.39105224609375|145|2106
61.49604797363281|144|2107
70.14892578125|144|2108
53.34383773803711|143|2109
69.53196716308594|18|2110
160.8147735595703|11|2111
224.0433349609375|10|2112
263.3193359375|6|2113
262.8838195800781|6|2114
163.14764404296875|5|2115
158.0899200439453|5|2116
177.8057098388672|4|2117
106.93042755126953|3|2118
99.86075592041016|4|2119
111.94322204589844|4|2120
104.65740203857422|4|2121
107.59407043457031|4|2122
103.7732925415039|4|2123
104.8316650390625|4|2124
112.6740493774414|4|2125
124.55091857910156|4|2126
129.14199829101562|4|2127
113.9009017944336|4|2128
79.84774780273438|4|2129
67.20476531982422|81|2130
63.0356330871582|14|2131
70.14299011230469|5|2132
96.06800079345703|5|2133
114.36849975585938|4|2134
89.6946792602539|87|2135
91.06090545654297|87|2136
124.6243896484375|12|2137
183.77801513671875|10|2138
241.80117797851562|7|2139
281.4653625488281|6|2140
193.1417999267578|5|2141
171.38539123535156|5|2142
114.56947326660156|5|2143
92.70814514160156|5|2144
117.76395416259766|4|2145
107.97679138183594|4|2146
123.32628631591797|4|2147
124.75506591796875|4|2148
96.99173736572266|4|2149
63.237586975097656|18|2150
89.94094848632812|9|2151
109.07772827148438|5|2152
122.85356140136719|5|2153
124.46755981445312|4|2154
114.34237670898438|4|2155
115.36054992675781|4|2156
115.93253326416016|4|2157
113.62003326416016|4|2158
113.8104248046875|4|2159
117.48023223876953|4|2160
106.8163833618164|4|2161
67.78204345703125|4|2162
71.7248306274414|12|2163
166.13475036621094|11|2164
191.5005645751953|7|2165
278.2100830078125|6|2166
238.73487854003906|6|2167
175.23777770996094|5|2168
146.27947998046875|5|2169
122.0383529663086|5|2170
102.08467102050781|5|2171
125.01797485351562|5|2172
128.36582946777344|4|2173
154.6295928955078|4|2174
161.20375061035156|4|2175
165.6586151123047|4|2176
163.93954467773438|4|2177
164.219970703125|4|2178
164.01499938964844|4|2179
162.6248779296875|4|2180
160.70274353027344|4|2181
161.45240783691406|4|2182
161.09498596191406|4|2183
163.2848358154297|4|2184
165.7974090576172|4|2185
153.77377319335938|4|2186
120.80005645751953|4|2187
77.8745346069336|87|2188
72.93029022216797|88|2189
144.67198181152344|12|2190
167.3885955810547|10|2191
259.91217041015625|7|2192
266.85760498046875|6|2193
241.1434326171875|5|2194
177.68789672851562|4|2195
109.85408020019531|4|2196
91.65454864501953|4|2197
139.95950317382812|4|2198
156.69076538085938|4|2199
153.61839294433594|4|2200
156.14999389648438|4|2201
159.44027709960938|4|2202
158.2380828857422|4|2203
158.4998321533203|4|2204
159.72384643554688|4|2205
159.56124877929688|4|2206
156.37496948242188|4|2207
134.9991912841797|4|2208
94.5022201538086|4|2209
56.31777572631836|82|2210
54.766292572021484|82|2211
60.2366828918457|55|2212
59.06672668457031|55|2213
59.07732009887695|83|2214
49.50136184692383|32|2215
117.83573913574219|13|2216
190.0056915283203|11|2217
243.65817260742188|7|2218
266.7978515625|6|2219
232.9262237548828|5|2220
256.9920959472656|5|2221
255.3321075439453|5|2222
222.5696258544922|5|2223
173.64186096191406|4|2224
144.03619384765625|5|2225
140.1280517578125|5|2226
151.5718536376953|5|2227
161.77577209472656|5|2228
166.0070037841797|5|2229
164.9553680419922|5|2230
164.80172729492188|5|2231
145.80078125|5|2232
116.23162841796875|4|2233
77.34064483642578|81|2234
62.8261604309082|81|2235
78.31880950927734|9|2236
121.76741027832031|9|2237
135.07107543945312|5|2238
146.73744201660156|5|2239
139.34762573242188|5|2240
100.3512954711914|4|2241
81.1280288696289|13|2242
169.03500366210938|11|2243
187.23898315429688|10|2244
259.40692138671875|6|2245
246.4040985107422|6|2246
254.68218994140625|5|2247
262.3160095214844|5|2248
254.61190795898438|5|2249
196.21641540527344|5|2250
150.2884521484375|5|2251
138.34190368652344|5|2252
126.2793197631836|4|2253
109.75196838378906|4|2254
66.22246551513672|4|2255
59.6331672668457|14|2256
104.35922241210938|6|2257
130.78509521484375|5|2258
135.0364227294922|5|2259
153.65647888183594|4|2260
150.41204833984375|4|2261
151.33946228027344|5|2262
153.07211303710938|5|2263
160.40463256835938|5|2264
155.983154296875|5|2265
147.4066162109375|5|2266
107.56318664550781|5|2267
73.19378662109375|5|2268
128.68618774414062|12|2269
195.57171630859375|10|2270
222.71766662597656|7|2271
242.8369140625|6|2272
214.7842254638672|5|2273
171.28187561035156|5|2274
137.9426727294922|5|2275
84.48287200927734|6|2276
109.70309448242188|6|2277
152.43165588378906|5|2278
172.3672332763672|5|2279
164.28421020507812|5|2280
161.9318084716797|5|2281
163.2780303955078|5|2282
163.7472381591797|5|2283
161.91802978515625|5|2284
165.7867431640625|5|2285
168.59066772460938|5|2286
165.61758422851562|5|2287
161.5946502685547|5|2288
155.25405883789062|5|2289
146.97230529785156|5|2290
117.37074279785156|5|2291
73.19852447509766|86|2292
80.16609954833984|87|2293
90.87736511230469|87|2294
104.22203063964844|12|2295
187.3633270263672|11|2296
227.0630340576172|7|2297
271.6135559082031|6|2298
163.1026153564453|5|2299
159.9322509765625|5|2300
226.32029724121094|5|2301
250.25807189941406|5|2302
201.51466369628906|5|2303
176.84088134765625|5|2304
171.9866180419922|5|2305
164.68585205078125|5|2306
169.91213989257812|5|2307
156.12326049804688|5|2308
151.8839874267578|5|2309
158.65782165527344|5|2310
159.7582550048828|5|2311
152.4261016845703|5|2312
127.1168441772461|5|2313
61.004398345947266|5|2314
45.91771697998047|4|2315
58.019771575927734|5|2316
48.792884826660156|55|2317
46.26973342895508|111|2318
44.16188049316406|111|2319
43.23687744140625|111|2320
55.227027893066406|16|2321
164.40187072753906|11|2322
187.7061004638672|10|2323
237.65623474121094|6|2324
245.36453247070312|6|2325
149.53440856933594|5|2326
140.28338623046875|5|2327
165.7044219970703|4|2328
100.7409896850586|4|2329
91.1278305053711|4|2330
108.8875732421875|4|2331
101.13226318359375|4|2332
103.71411895751953|4|2333
102.95123291015625|4|2334
103.86104583740234|4|2335
108.4581527709961|4|2336
110.96560668945312|4|2337
117.23823547363281|4|2338
116.43287658691406|4|2339
92.67633819580078|4|2340
70.32852935791016|81|2341
64.94762420654297|18|2342
71.56776428222656|11|2343
100.83901977539062|5|2344
106.88382720947266|4|2345
81.17262268066406|87|2346
86.31114196777344|87|2347
117.9673843383789|12|2348
184.44187927246094|10|2349
227.4808349609375|7|2350
266.0550842285156|6|2351
202.45550537109375|5|2352
137.33261108398438|5|2353
143.05081176757812|5|2354
152.1593017578125|4|2355
103.53401947021484|4|2356
112.7052993774414|4|2357
113.49144744873047|4|2358
115.70561981201172|4|2359
107.73967742919922|4|2360
74.73326110839844|4|2361
62.50038146972656|10|2362
84.55770874023438|11|2363
98.67825317382812|4|2364
113.2200927734375|4|2365
98.35830688476562|4|2366
90.9027099609375|4|2367
98.32078552246094|4|2368
104.54398345947266|4|2369
108.4814224243164|4|2370
106.18428039550781|4|2371
95.15628814697266|4|2372
64.0252456665039|4|2373
73.22383880615234|11|2374
172.6243896484375|11|2375
202.71026611328125|7|2376
274.7292175292969|6|2377
219.47198486328125|6|2378
153.228515625|5|2379
134.82583618164062|5|2380
114.14163208007812|5|2381
91.52511596679688|5|2382
121.29324340820312|5|2383
120.63673400878906|4|2384
142.9162139892578|4|2385
149.28472900390625|4|2386
156.14437866210938|4|2387
155.06271362304688|4|2388
153.37132263183594|4|2389
152.62442016601562|4|2390
151.46295166015625|4|2391
155.8511199951172|4|2392
155.3591766357422|4|2393
146.82118225097656|4|2394
148.91273498535156|4|2395
156.51480102539062|4|2396
148.82998657226562|4|2397
120.2422103881836|4|2398
76.03555297851562|87|2399
73.14665222167969|87|2400
134.59544372558594|11|2401
184.2960205078125|10|2402
226.2616424560547|6|2403
257.0343933105469|6|2404
154.10484313964844|5|2405
117.3473892211914|5|2406
167.02276611328125|5|2407
179.85044860839844|4|2408
147.88485717773438|4|2409
133.74424743652344|4|2410
140.98379516601562|4|2411
143.0395050048828|4|2412
140.636962890625|4|2413
139.74472045898438|4|2414
141.64273071289062|4|2415
145.32638549804688|4|2416
152.27430725097656|4|2417
155.5431671142578|4|2418
141.72784423828125|4|2419
102.50311279296875|4|2420
50.46195983886719|4|2421
43.29701232910156|82|2422
53.611915588378906|55|2423
53.01753234863281|55|2424
50.39430236816406|111|2425
47.80730438232422|111|2426
128.5782928466797|13|2427
199.5521697998047|10|2428
179.26824951171875|7|2429
258.41156005859375|6|2430
232.6969757080078|5|2431
138.3324432373047|5|2432
88.23637390136719|4|2433
98.06791687011719|4|2434
124.60194396972656|4|2435
149.33119201660156|5|2436
156.2731475830078|5|2437
155.0366668701172|5|2438
150.47738647460938|5|2439
147.6180877685547|5|2440
146.6715545654297|5|2441
153.05072021484375|5|2442
159.15321350097656|5|2443
160.11361694335938|5|2444
148.65687561035156|5|2445
116.52510833740234|4|2446
78.05458068847656|5|2447
97.44940185546875|6|2448
125.66230773925781|5|2449
143.314208984375|5|2450
133.08084106445312|5|2451
94.64183044433594|4|2452
85.44578552246094|88|2453
167.9542236328125|11|2454
168.13648986816406|7|2455
243.3139190673828|6|2456
227.8152313232422|6|2457
240.96319580078125|5|2458
247.26329040527344|5|2459
238.0779266357422|5|2460
183.5557098388672|5|2461
143.1414337158203|5|2462
119.81433868408203|5|2463
105.35921478271484|4|2464
78.88829803466797|4|2465
73.23194885253906|17|2466
83.72264099121094|18|2467
104.81511688232422|6|2468
137.3150177001953|5|2469
134.0605926513672|4|2470
147.75814819335938|4|2471
145.05601501464844|4|2472
148.2713165283203|5|2473
149.68377685546875|5|2474
152.57455444335938|5|2475
150.81182861328125|5|2476
142.4368896484375|5|2477
104.02215576171875|5|2478
69.7752914428711|5|2479
138.7200927734375|11|2480
191.79331970214844|10|2481
203.5731658935547|7|2482
238.65396118164062|6|2483
128.6602020263672|5|2484
101.86165618896484|5|2485
97.20482635498047|5|2486
93.22218322753906|5|2487
126.44316101074219|6|2488
139.79360961914062|5|2489
137.71029663085938|5|2490
145.38328552246094|5|2491
144.90399169921875|5|2492
146.5184326171875|5|2493
150.9751739501953|5|2494
154.1879119873047|5|2495
147.8658447265625|5|2496
146.29261779785156|5|2497
148.84454345703125|5|2498
155.24453735351562|5|2499
138.57315063476562|5|2500
114.2663345336914|4|2501
81.79244995117188|4|2502
54.127750396728516|86|2503
60.52256393432617|87|2504
70.2837142944336|87|2505
99.38238525390625|11|2506
174.52847290039062|11|2507
223.42962646484375|7|2508
253.94146728515625|6|2509
213.42889404296875|5|2510
247.97303771972656|5|2511
247.65953063964844|5|2512
216.91488647460938|5|2513
155.83428955078125|4|2514
127.96278381347656|4|2515
133.45968627929688|5|2516
146.38357543945312|5|2517
153.34844970703125|5|2518
145.62229919433594|5|2519
137.3107147216797|5|2520
141.58151245117188|5|2521
146.8417510986328|5|2522
148.78106689453125|5|2523
149.22149658203125|5|2524
137.38551330566406|5|2525
113.78946685791016|4|2526
88.05738067626953|4|2527
43.67628479003906|5|2528
43.687530517578125|111|2529
44.039485931396484|83|2530
36.52246856689453|111|2531
56.299400329589844|14|2532
145.0480194091797|11|2533
160.3843536376953|10|2534
221.43394470214844|6|2535
232.3733673095703|6|2536
178.25318908691406|5|2537
124.90240478515625|5|2538
133.40066528320312|4|2539
129.19908142089844|4|2540
92.70722961425781|4|2541
107.08789825439453|4|2542
105.40911102294922|4|2543
101.6498794555664|4|2544
104.64018249511719|4|2545
102.38482666015625|4|2546
103.14312744140625|4|2547
106.40694427490234|4|2548
113.43437957763672|4|2549
103.26969909667969|4|2550
72.57046508789062|4|2551
54.806880950927734|18|2552
75.2333984375|9|2553
90.94837951660156|6|2554
107.7510757446289|5|2555
105.3718032836914|4|2556
77.30004119873047|87|2557
81.37244415283203|87|2558
136.32997131347656|11|2559
182.9525146484375|10|2560
211.78231811523438|7|2561
255.0045166015625|6|2562
171.44358825683594|5|2563
140.0559539794922|5|2564
164.22613525390625|4|2565
115.89067077636719|4|2566
85.13684844970703|4|2567
102.46219635009766|4|2568
101.63938903808594|4|2569
102.94525146484375|4|2570
83.06376647949219|4|2571
64.85285186767578|18|2572
78.5492172241211|9|2573
115.04159545898438|6|2574
102.52884674072266|5|2575
114.23320007324219|4|2576
105.36979675292969|4|2577
105.69334411621094|4|2578
103.33548736572266|4|2579
98.07928466796875|4|2580
99.82878875732422|4|2581
103.23705291748047|4|2582
87.34639739990234|4|2583