Renegades
X Ambassadors

Alternative-Rock
renegades
2049x2584
2584

1.3104853678669315e-05|1049|0
0.00011476280633360147|1150|1
0.00019860619795508683|1248|2
0.00018437391554471105|1248|3
0.0002031007461482659|792|4
0.0002371347218286246|1128|5
0.0002709886175580323|1248|6
0.00027773165493272245|1407|7
1.4859997034072876|15|8
39.59346389770508|12|9
132.39532470703125|12|10
193.72642517089844|11|11
201.10984802246094|11|12
199.6802215576172|11|13
191.9345245361328|11|14
190.81820678710938|11|15
189.3835906982422|11|16
188.6007537841797|11|17
189.1945343017578|11|18
185.24679565429688|11|19
179.21946716308594|11|20
176.25978088378906|11|21
163.56729125976562|11|22
146.7974853515625|11|23
159.88272094726562|11|24
163.10206604003906|11|25
161.5347442626953|11|26
159.85446166992188|11|27
160.58644104003906|11|28
157.51759338378906|11|29
156.99757385253906|11|30
157.59507751464844|11|31
158.45684814453125|11|32
158.30882263183594|11|33
155.83575439453125|11|34
153.701171875|11|35
152.251953125|11|36
154.0214080810547|11|37
152.82357788085938|11|38
150.7162322998047|11|39
132.12210083007812|11|40
77.17623901367188|12|41
37.34943389892578|27|42
37.6179084777832|27|43
38.4827766418457|27|44
60.17866134643555|10|45
145.74546813964844|11|46
156.97412109375|12|47
167.79409790039062|11|48
147.39305114746094|11|49
149.4667510986328|11|50
150.18971252441406|12|51
155.9781036376953|11|52
164.52207946777344|11|53
133.01675415039062|11|54
135.73336791992188|11|55
138.61802673339844|11|56
143.73207092285156|11|57
142.54986572265625|11|58
141.35736083984375|11|59
139.30374145507812|11|60
137.4287109375|11|61
133.32656860351562|11|62
113.69269561767578|11|63
55.510135650634766|12|64
39.82126998901367|9|65
41.10478973388672|9|66
165.03038024902344|14|67
265.52569580078125|14|68
243.86822509765625|14|69
219.65757751464844|14|70
200.48878479003906|14|71
186.41146850585938|14|72
175.81497192382812|14|73
168.99075317382812|14|74
163.59793090820312|14|75
159.6904754638672|14|76
154.4052734375|14|77
147.9553985595703|14|78
139.94784545898438|14|79
126.38778686523438|14|80
142.78627014160156|14|81
141.79202270507812|14|82
131.0831298828125|14|83
128.16058349609375|14|84
124.4521484375|14|85
123.63249206542969|14|86
123.85945129394531|14|87
124.04496002197266|14|88
123.26079559326172|14|89
121.87193298339844|14|90
118.16059112548828|14|91
113.93072509765625|14|92
114.13512420654297|14|93
114.66089630126953|14|94
114.66165924072266|14|95
113.9292221069336|14|96
87.35066986083984|14|97
36.08137893676758|27|98
35.86676025390625|27|99
35.82481002807617|27|100
36.240875244140625|27|101
37.241050720214844|28|102
143.98313903808594|13|103
247.80601501464844|14|104
243.90289306640625|14|105
221.1467742919922|14|106
202.9964141845703|14|107
192.4874267578125|14|108
208.07327270507812|14|109
216.11550903320312|14|110
180.06930541992188|14|111
168.04452514648438|14|112
165.73463439941406|14|113
163.07298278808594|14|114
157.29808044433594|14|115
152.05770874023438|14|116
151.46063232421875|14|117
150.57240295410156|14|118
144.333251953125|14|119
142.75062561035156|14|120
141.57278442382812|14|121
134.96665954589844|14|122
107.83098602294922|13|123
121.38384246826172|10|124
264.9222412109375|10|125
264.43084716796875|10|126
152.9970703125|10|127
169.3913116455078|10|128
208.29339599609375|10|129
177.0437774658203|10|130
162.3983154296875|10|131
179.8418426513672|10|132
174.56324768066406|10|133
162.34988403320312|10|134
165.05963134765625|10|135
167.43075561523438|10|136
157.7731170654297|10|137
147.5319061279297|10|138
153.866943359375|10|139
163.2227020263672|10|140
151.60401916503906|10|141
144.1018829345703|10|142
150.78025817871094|10|143
151.02688598632812|10|144
143.9418487548828|10|145
143.80445861816406|10|146
146.94216918945312|10|147
144.48773193359375|10|148
142.480712890625|10|149
143.38497924804688|10|150
140.63893127441406|10|151
139.0763702392578|10|152
141.4186248779297|10|153
138.06051635742188|10|154
118.29720306396484|10|155
74.58320617675781|9|156
58.566856384277344|9|157
44.26443099975586|9|158
29.899003982543945|9|159
57.106563568115234|10|160
150.05300903320312|10|161
194.19134521484375|10|162
133.90528869628906|10|163
110.9008560180664|10|164
154.78970336914062|10|165
149.718505859375|10|166
133.38497924804688|10|167
134.75794982910156|10|168
128.88771057128906|10|169
132.50367736816406|10|170
142.7052459716797|10|171
145.96311950683594|10|172
139.0521697998047|10|173
147.8861541748047|9|174
137.89279174804688|9|175
107.15372467041016|9|176
74.57079315185547|9|177
55.58040237426758|9|178
42.40861892700195|9|179
43.96229553222656|17|180
142.9980010986328|9|181
330.6739196777344|9|182
436.2974853515625|9|183
453.5821838378906|9|184
450.92584228515625|9|185
428.6489562988281|9|186
378.9587707519531|9|187
320.95147705078125|9|188
274.07611083984375|9|189
237.96859741210938|9|190
205.1426239013672|9|191
172.66799926757812|9|192
139.67868041992188|9|193
107.63243103027344|9|194
83.36363220214844|9|195
63.091148376464844|9|196
41.69621658325195|9|197
38.68442153930664|9|198
54.325401306152344|9|199
67.63431549072266|9|200
75.09858703613281|9|201
76.30226135253906|9|202
72.20112609863281|9|203
65.61227416992188|9|204
57.6418342590332|9|205
47.276519775390625|9|206
39.08552932739258|18|207
37.830177307128906|18|208
34.85095977783203|18|209
34.201602935791016|18|210
34.50471496582031|18|211
33.59096145629883|18|212
33.31549072265625|18|213
33.497093200683594|18|214
33.23530960083008|18|215
29.631040573120117|18|216
47.04719924926758|17|217
166.09518432617188|9|218
325.8844909667969|9|219
403.03179931640625|9|220
412.1215515136719|9|221
389.4124755859375|9|222
341.7755126953125|9|223
282.7315368652344|9|224
235.90853881835938|9|225
206.46693420410156|9|226
180.27723693847656|9|227
151.64854431152344|9|228
120.97557830810547|9|229
88.16053771972656|9|230
65.93668365478516|18|231
58.21552658081055|17|232
33.56956481933594|18|233
32.81988525390625|9|234
26.99014663696289|9|235
20.942224502563477|9|236
63.27876663208008|16|237
138.22694396972656|16|238
163.72703552246094|15|239
212.2583770751953|11|240
203.94488525390625|11|241
209.81507873535156|11|242
202.0499725341797|11|243
198.30621337890625|11|244
189.90403747558594|11|245
185.03163146972656|11|246
176.91683959960938|11|247
174.44171142578125|11|248
170.0399627685547|11|249
165.3685760498047|11|250
161.1981201171875|11|251
160.21437072753906|12|252
156.4309844970703|11|253
153.0177764892578|11|254
124.62055969238281|11|255
125.0585708618164|11|256
118.52057647705078|11|257
117.65742492675781|11|258
117.9019546508789|11|259
119.6761245727539|11|260
119.26265716552734|11|261
118.65596771240234|11|262
122.0114974975586|11|263
123.5360107421875|11|264
121.18619537353516|11|265
116.88787078857422|11|266
108.36912536621094|12|267
94.79594421386719|12|268
60.70885467529297|12|269
28.464189529418945|27|270
30.447099685668945|27|271
32.6520881652832|27|272
33.766300201416016|27|273
33.00405502319336|27|274
104.6642074584961|11|275
148.474609375|11|276
140.19447326660156|11|277
143.28392028808594|11|278
143.6948699951172|11|279
151.23455810546875|11|280
137.51622009277344|12|281
143.24362182617188|11|282
142.93495178222656|11|283
143.0408935546875|11|284
143.18971252441406|11|285
143.710205078125|11|286
141.3328399658203|11|287
140.08050537109375|11|288
138.3004150390625|11|289
138.5689239501953|11|290
135.7749481201172|11|291
127.89893341064453|11|292
89.0211410522461|11|293
31.003740310668945|12|294
20.92021369934082|27|295
113.55963134765625|13|296
264.32427978515625|14|297
315.8364562988281|14|298
273.822998046875|14|299
258.2501220703125|14|300
234.57289123535156|14|301
219.7652587890625|14|302
210.57669067382812|14|303
202.41879272460938|14|304
194.3884735107422|14|305
187.3270263671875|14|306
181.03721618652344|14|307
177.302001953125|14|308
173.05142211914062|14|309
148.33633422851562|14|310
157.98927307128906|14|311
169.41082763671875|14|312
158.7755126953125|14|313
155.17315673828125|14|314
149.1213836669922|14|315
148.81015014648438|14|316
148.01654052734375|14|317
145.56814575195312|14|318
141.87298583984375|14|319
139.4825897216797|14|320
139.2635955810547|14|321
138.8041229248047|14|322
133.81202697753906|14|323
129.19168090820312|14|324
128.0550079345703|14|325
127.92132568359375|14|326
118.70127868652344|14|327
68.33769989013672|14|328
36.07447814941406|27|329
38.24668502807617|27|330
39.301795959472656|27|331
70.92753601074219|13|332
202.50888061523438|13|333
253.98318481445312|14|334
229.7803497314453|14|335
220.10276794433594|14|336
206.29881286621094|14|337
216.08226013183594|14|338
203.7398223876953|14|339
183.85044860839844|14|340
186.8288116455078|14|341
176.9021453857422|14|342
168.94564819335938|14|343
162.8173065185547|14|344
160.19998168945312|14|345
158.02496337890625|14|346
152.8651885986328|14|347
147.7903594970703|14|348
145.76397705078125|14|349
136.3070831298828|14|350
130.5947723388672|14|351
106.97501373291016|14|352
123.05106353759766|10|353
265.19952392578125|10|354
262.0696105957031|10|355
183.1309051513672|10|356
214.44985961914062|10|357
231.96728515625|10|358
193.52996826171875|10|359
185.7349090576172|10|360
202.73248291015625|10|361
192.683837890625|10|362
180.03475952148438|10|363
184.98199462890625|10|364
184.27488708496094|10|365
171.4319610595703|10|366
151.44161987304688|10|367
164.6929168701172|10|368
179.06187438964844|10|369
160.92974853515625|10|370
151.6558074951172|10|371
160.8450164794922|10|372
161.39120483398438|10|373
153.37522888183594|10|374
153.065673828125|10|375
155.75823974609375|10|376
153.18894958496094|10|377
152.44912719726562|10|378
154.05410766601562|10|379
152.566162109375|10|380
151.05950927734375|10|381
148.3282928466797|10|382
126.79118347167969|10|383
82.19662475585938|9|384
66.99881744384766|9|385
54.21552658081055|9|386
43.58790588378906|9|387
37.60660171508789|9|388
106.21104431152344|10|389
241.0185546875|10|390
281.4442138671875|10|391
189.2983856201172|10|392
138.8972625732422|11|393
191.20565795898438|10|394
227.7140350341797|10|395
235.97874450683594|10|396
204.7057342529297|10|397
134.76466369628906|10|398
127.64698791503906|11|399
174.2042236328125|10|400
198.13670349121094|10|401
179.6067657470703|10|402
171.3306427001953|10|403
165.32908630371094|9|404
182.96768188476562|9|405
162.14149475097656|9|406
128.9242706298828|9|407
101.6214370727539|9|408
81.93392944335938|9|409
63.81837463378906|10|410
139.6781463623047|11|411
302.1430358886719|10|412
409.685302734375|9|413
443.8492736816406|9|414
447.5971374511719|9|415
418.06011962890625|9|416
352.6404113769531|9|417
288.0417175292969|9|418
242.85275268554688|9|419
210.86781311035156|9|420
177.17758178710938|9|421
137.3868408203125|9|422
96.15033721923828|9|423
50.0590705871582|9|424
39.14004135131836|9|425
63.96891784667969|9|426
75.21769714355469|9|427
79.02409362792969|9|428
76.87176513671875|9|429
68.9249267578125|9|430
57.65322494506836|9|431
45.870731353759766|18|432
47.58338165283203|18|433
49.60636520385742|18|434
50.72416305541992|18|435
51.09774398803711|18|436
50.918827056884766|18|437
49.9864616394043|18|438
49.5211067199707|18|439
46.8428840637207|18|440
51.17668914794922|9|441
50.07448196411133|9|442
39.104000091552734|9|443
37.914363861083984|18|444
35.29429244995117|18|445
33.997501373291016|19|446
89.70771026611328|9|447
176.0762939453125|9|448
228.73207092285156|9|449
242.0813446044922|9|450
234.52195739746094|9|451
214.91302490234375|9|452
190.48626708984375|9|453
170.2542724609375|9|454
153.32623291015625|9|455
138.31378173828125|9|456
118.7386245727539|9|457
95.80418395996094|9|458
71.04454040527344|9|459
37.64742660522461|9|460
28.41836929321289|23|461
22.06211280822754|18|462
33.52275848388672|9|463
49.14675521850586|9|464
40.910823822021484|9|465
28.636857986450195|9|466
33.65485382080078|15|467
55.75168991088867|15|468
213.42959594726562|11|469
268.1043701171875|11|470
235.1293182373047|11|471
232.3425750732422|11|472
223.24261474609375|11|473
211.12478637695312|11|474
203.74241638183594|11|475
195.4910888671875|11|476
188.36265563964844|11|477
179.55357360839844|11|478
172.92166137695312|11|479
167.3289794921875|11|480
162.3553466796875|11|481
180.8472442626953|11|482
233.4990997314453|11|483
219.13510131835938|11|484
194.45394897460938|11|485
202.11227416992188|11|486
203.82386779785156|11|487
205.02891540527344|11|488
208.43690490722656|11|489
206.33729553222656|11|490
207.44235229492188|11|491
206.68804931640625|11|492
206.73394775390625|11|493
208.64979553222656|11|494
208.84423828125|11|495
208.36550903320312|11|496
208.1906280517578|11|497
208.2901611328125|11|498
197.3924102783203|11|499
155.0550079345703|11|500
107.25347900390625|11|501
87.75240325927734|11|502
85.84024047851562|11|503
82.67069244384766|12|504
85.14471435546875|10|505
104.96891784667969|10|506
83.5177230834961|12|507
107.29776763916016|11|508
100.62828063964844|12|509
124.40071868896484|11|510
136.4694366455078|11|511
139.27084350585938|11|512
132.27645874023438|11|513
121.47563934326172|12|514
155.55531311035156|11|515
163.4897918701172|11|516
170.1673583984375|11|517
166.80894470214844|11|518
172.98095703125|12|519
198.0457305908203|11|520
192.3984375|11|521
187.74737548828125|11|522
113.8608169555664|12|523
61.279727935791016|17|524
55.92719650268555|8|525
159.3767852783203|14|526
344.3338928222656|14|527
379.61566162109375|14|528
352.4667053222656|14|529
309.2035827636719|14|530
284.9761962890625|14|531
272.2969055175781|14|532
257.258544921875|14|533
245.90328979492188|14|534
240.78216552734375|14|535
233.83082580566406|14|536
225.88792419433594|14|537
221.23219299316406|14|538
210.3690185546875|14|539
185.31515502929688|14|540
167.01531982421875|13|541
123.09102630615234|14|542
88.33142852783203|14|543
82.43195343017578|17|544
96.53797149658203|17|545
97.93897247314453|17|546
92.47757720947266|17|547
89.63231658935547|17|548
89.1686782836914|17|549
87.8962173461914|17|550
88.94223022460938|17|551
88.53855895996094|17|552
86.30623626708984|17|553
85.31999969482422|17|554
83.76045989990234|17|555
81.43346405029297|17|556
82.04759979248047|17|557
72.32186126708984|17|558
77.06039428710938|17|559
81.90262603759766|17|560
85.82978057861328|17|561
129.39805603027344|13|562
238.48635864257812|14|563
265.4598388671875|14|564
260.3929138183594|14|565
255.58929443359375|14|566
251.36849975585938|14|567
245.61553955078125|14|568
243.6572265625|14|569
238.29713439941406|14|570
234.46302795410156|14|571
228.1030731201172|14|572
219.80873107910156|14|573
209.07711791992188|14|574
176.11328125|14|575
143.72238159179688|14|576
167.9599609375|14|577
144.09759521484375|14|578
98.60169219970703|13|579
157.74832153320312|14|580
108.48149108886719|14|581
97.66344451904297|14|582
141.1488037109375|15|583
331.6730041503906|10|584
436.17462158203125|10|585
284.347900390625|10|586
223.74234008789062|11|587
336.76788330078125|10|588
332.6390380859375|10|589
249.9007110595703|10|590
253.1781005859375|10|591
298.03271484375|10|592
278.89910888671875|10|593
242.6511688232422|10|594
255.19921875|10|595
271.7283020019531|10|596
234.50096130371094|10|597
196.7056884765625|10|598
219.91477966308594|15|599
216.47576904296875|10|600
196.00440979003906|10|601
192.87464904785156|10|602
207.09423828125|10|603
203.77566528320312|10|604
200.904296875|10|605
204.32749938964844|10|606
209.24832153320312|10|607
209.77426147460938|10|608
207.32052612304688|10|609
207.9378204345703|10|610
203.5993194580078|10|611
163.64739990234375|10|612
78.30147552490234|10|613
80.43627166748047|13|614
88.05139923095703|13|615
91.42587280273438|13|616
89.7327880859375|13|617
95.22438049316406|13|618
157.38357543945312|10|619
272.41094970703125|10|620
266.86712646484375|10|621
150.7669219970703|15|622
161.3637237548828|10|623
232.74917602539062|10|624
210.85069274902344|10|625
175.30918884277344|10|626
181.2572479248047|10|627
188.24542236328125|10|628
170.5166015625|10|629
150.4539031982422|10|630
166.09861755371094|10|631
183.85279846191406|10|632
183.35818481445312|10|633
167.52053833007812|10|634
191.50917053222656|16|635
205.9003143310547|16|636
159.5063934326172|16|637
110.91537475585938|16|638
100.17313385009766|9|639
77.91886138916016|16|640
103.47100067138672|17|641
129.7001953125|8|642
218.11444091796875|9|643
287.1673278808594|9|644
303.9343566894531|9|645
294.0887145996094|9|646
263.87567138671875|9|647
227.05638122558594|9|648
197.87940979003906|9|649
176.91261291503906|9|650
159.16175842285156|9|651
143.6287384033203|9|652
130.6856689453125|9|653
121.75568389892578|9|654
125.57743072509766|14|655
121.49134826660156|9|656
119.72725677490234|9|657
114.9376449584961|18|658
112.68438720703125|18|659
112.36198425292969|18|660
110.90473937988281|18|661
108.88990020751953|18|662
108.78007507324219|18|663
105.5810317993164|18|664
99.84209442138672|18|665
95.9364013671875|18|666
91.10148620605469|18|667
85.97390747070312|18|668
82.88595581054688|18|669
78.4067611694336|18|670
67.31587219238281|18|671
62.486454010009766|18|672
60.37595748901367|18|673
57.9365119934082|18|674
53.62812805175781|18|675
54.65925216674805|14|676
65.6421127319336|16|677
93.41797637939453|17|678
166.1282958984375|9|679
252.50738525390625|9|680
292.9070739746094|9|681
292.2183837890625|9|682
278.3430480957031|9|683
271.2333068847656|9|684
263.7268981933594|9|685
238.97552490234375|9|686
203.9532470703125|9|687
169.165283203125|9|688
132.6421661376953|9|689
79.99015045166016|10|690
68.24024200439453|10|691
62.1192512512207|16|692
81.23812103271484|15|693
91.41091918945312|15|694
83.20828247070312|15|695
87.3675765991211|16|696
88.15895080566406|16|697
85.87962341308594|17|698
123.10440063476562|12|699
141.41233825683594|11|700
145.0628204345703|11|701
153.78298950195312|11|702
156.59266662597656|11|703
157.9503936767578|11|704
155.5614776611328|11|705
162.54244995117188|11|706
153.13674926757812|11|707
149.81753540039062|11|708
155.4217529296875|11|709
154.0108642578125|11|710
154.5203399658203|11|711
146.7220458984375|11|712
128.98350524902344|11|713
153.5894775390625|12|714
156.37757873535156|11|715
163.66189575195312|11|716
161.07406616210938|11|717
169.2880859375|11|718
160.06141662597656|11|719
160.73390197753906|11|720
159.7030792236328|11|721
162.27659606933594|11|722
167.07151794433594|11|723
163.14283752441406|11|724
165.26547241210938|11|725
165.56056213378906|11|726
164.4739227294922|11|727
160.0422821044922|11|728
139.4973602294922|11|729
107.04898071289062|11|730
76.71543884277344|11|731
65.4947738647461|11|732
63.78265380859375|12|733
99.51509094238281|12|734
145.7649688720703|12|735
164.78704833984375|11|736
184.52439880371094|11|737
183.15892028808594|11|738
186.26406860351562|11|739
166.898681640625|12|740
154.0768280029297|11|741
135.6111297607422|11|742
107.93055725097656|11|743
138.86782836914062|11|744
137.3959197998047|11|745
138.1158447265625|11|746
136.06150817871094|11|747
148.16531372070312|11|748
124.62606811523438|12|749
132.05410766601562|11|750
138.6529083251953|12|751
135.56915283203125|12|752
101.7672119140625|17|753
108.6811294555664|17|754
95.55427551269531|17|755
236.8650665283203|14|756
302.77288818359375|14|757
253.6744842529297|14|758
245.27906799316406|14|759
232.66859436035156|14|760
225.5412139892578|14|761
216.23561096191406|14|762
211.8308868408203|14|763
206.52305603027344|14|764
203.36573791503906|14|765
199.607666015625|14|766
197.70553588867188|14|767
202.77383422851562|14|768
214.76898193359375|14|769
214.83958435058594|13|770
178.54498291015625|13|771
172.2758026123047|14|772
163.86483764648438|14|773
169.3145751953125|14|774
168.4915313720703|14|775
171.47976684570312|14|776
174.5508575439453|14|777
179.04249572753906|14|778
179.0824737548828|14|779
180.5859832763672|14|780
181.0665740966797|14|781
180.76919555664062|14|782
181.9832000732422|14|783
182.631103515625|14|784
171.5321807861328|14|785
106.5521469116211|14|786
97.09847259521484|17|787
104.68445587158203|17|788
96.74800109863281|17|789
93.74839782714844|17|790
95.76866912841797|17|791
164.49359130859375|13|792
196.8756561279297|13|793
179.90521240234375|14|794
163.35797119140625|14|795
156.43435668945312|14|796
150.78402709960938|14|797
134.50730895996094|14|798
81.5147705078125|13|799
113.0645751953125|20|800
131.08596801757812|14|801
125.60348510742188|20|802
137.00071716308594|14|803
142.16262817382812|14|804
143.6355438232422|14|805
135.134765625|14|806
136.0199737548828|20|807
183.1775665283203|14|808
167.32540893554688|14|809
120.33616638183594|13|810
147.7257843017578|14|811
90.32034301757812|13|812
117.73133850097656|16|813
234.9313201904297|10|814
261.5439758300781|10|815
182.93710327148438|10|816
150.33592224121094|10|817
154.3902587890625|10|818
137.23199462890625|10|819
123.3529052734375|10|820
134.8775177001953|10|821
132.5924072265625|10|822
117.9656982421875|10|823
119.99366760253906|10|824
133.60958862304688|10|825
135.85858154296875|10|826
172.2577362060547|11|827
208.95140075683594|10|828
251.13192749023438|10|829
183.83584594726562|10|830
182.62957763671875|10|831
240.28953552246094|10|832
228.61679077148438|10|833
197.9927978515625|10|834
216.1739959716797|10|835
222.2021026611328|10|836
202.98265075683594|10|837
202.59275817871094|10|838
214.48170471191406|10|839
211.7516326904297|10|840
208.17477416992188|10|841
217.46298217773438|10|842
218.89303588867188|10|843
201.73377990722656|10|844
150.6206512451172|10|845
74.59723663330078|10|846
55.67461013793945|10|847
83.56759643554688|10|848
84.05409240722656|9|849
171.1190643310547|9|850
283.5425720214844|10|851
263.6669006347656|10|852
161.2256622314453|11|853
192.51507568359375|10|854
204.2689666748047|10|855
152.0740966796875|10|856
150.1212921142578|11|857
193.31301879882812|10|858
194.066650390625|10|859
193.3721466064453|10|860
202.89706420898438|10|861
210.37673950195312|9|862
220.87960815429688|9|863
182.1766815185547|9|864
140.90789794921875|9|865
131.44577026367188|9|866
126.96636199951172|9|867
113.54637145996094|9|868
108.60577392578125|15|869
100.79291534423828|16|870
172.5758514404297|17|871
282.1302795410156|9|872
424.52593994140625|9|873
486.91387939453125|9|874
488.77117919921875|9|875
459.6639404296875|9|876
414.7862854003906|9|877
366.6379089355469|9|878
322.0323791503906|9|879
276.9307861328125|9|880
232.0553436279297|9|881
191.63705444335938|9|882
155.62428283691406|9|883
123.4659652709961|9|884
106.90921020507812|9|885
117.79696655273438|18|886
116.21185302734375|18|887
102.62673950195312|18|888
97.01518249511719|18|889
89.5999526977539|18|890
82.5821762084961|18|891
80.26776123046875|14|892
78.51641082763672|14|893
77.57781982421875|14|894
76.93999481201172|14|895
78.63973236083984|14|896
78.9743881225586|14|897
78.37166595458984|14|898
76.1192626953125|14|899
73.89323425292969|14|900
72.3394775390625|14|901
73.19164276123047|18|902
78.90252685546875|18|903
80.1216049194336|18|904
80.14844512939453|18|905
81.87828826904297|18|906
79.86766815185547|9|907
190.45997619628906|9|908
272.0508728027344|9|909
306.896484375|9|910
299.6314392089844|9|911
273.85772705078125|9|912
240.08340454101562|9|913
206.87501525878906|9|914
183.76507568359375|9|915
161.5171356201172|9|916
138.00881958007812|9|917
115.92279052734375|9|918
92.357666015625|9|919
70.41608428955078|9|920
51.72749328613281|10|921
73.1898193359375|16|922
99.16056823730469|16|923
108.14633178710938|15|924
91.89016723632812|15|925
160.10418701171875|12|926
300.80609130859375|7|927
391.6956481933594|7|928
558.2283935546875|5|929
531.9627075195312|5|930
451.1959533691406|5|931
451.9958801269531|4|932
431.1886291503906|4|933
380.10772705078125|5|934
357.3946838378906|5|935
329.83709716796875|4|936
315.4791259765625|4|937
293.4598083496094|4|938
275.3946228027344|4|939
248.9633331298828|4|940
217.979248046875|4|941
205.12008666992188|4|942
180.32469177246094|4|943
164.47543334960938|8|944
129.59376525878906|12|945
173.85543823242188|12|946
203.0937957763672|11|947
186.77084350585938|11|948
199.1547088623047|11|949
202.99676513671875|11|950
205.10992431640625|11|951
213.81158447265625|11|952
208.9269561767578|11|953
204.7930908203125|11|954
274.7484130859375|11|955
320.016845703125|8|956
480.2025146484375|6|957
385.6257629394531|6|958
225.85011291503906|11|959
191.58729553222656|47|960
159.02545166015625|46|961
149.67303466796875|46|962
141.94329833984375|46|963
146.43907165527344|46|964
170.88233947753906|46|965
189.9430694580078|46|966
158.97239685058594|46|967
180.05807495117188|46|968
210.38742065429688|46|969
161.74746704101562|47|970
188.62551879882812|12|971
222.80514526367188|11|972
176.6077423095703|12|973
197.00650024414062|11|974
152.93443298339844|11|975
163.5227508544922|11|976
177.12124633789062|11|977
165.544921875|12|978
193.2245635986328|11|979
181.01553344726562|11|980
176.0276336669922|11|981
135.27487182617188|12|982
138.01083374023438|20|983
232.8899688720703|20|984
361.83673095703125|14|985
439.8384094238281|14|986
448.5600891113281|14|987
393.9880065917969|14|988
306.54656982421875|14|989
216.6282958984375|14|990
185.2306671142578|14|991
214.40902709960938|14|992
234.03128051757812|14|993
219.2781219482422|14|994
211.44818115234375|14|995
206.70379638671875|14|996
205.1497039794922|14|997
211.865234375|14|998
203.1392822265625|13|999
177.42926025390625|13|1000
148.4975128173828|8|1001
136.03475952148438|4|1002
96.17298126220703|7|1003
127.71703338623047|7|1004
112.47745513916016|7|1005
96.69384002685547|17|1006
94.37532043457031|17|1007
97.48028564453125|17|1008
93.11398315429688|17|1009
85.98099517822266|17|1010
80.2506332397461|17|1011
142.43536376953125|18|1012
283.1622009277344|9|1013
446.3347473144531|7|1014
499.4202575683594|6|1015
202.2670135498047|5|1016
69.09901428222656|25|1017
76.80227661132812|18|1018
77.94100952148438|17|1019
71.98048400878906|17|1020
102.94137573242188|13|1021
186.2830352783203|14|1022
254.6624298095703|14|1023
252.98406982421875|14|1024
250.7270965576172|14|1025
256.7737731933594|14|1026
274.74578857421875|14|1027
277.2469177246094|14|1028
250.87081909179688|14|1029
232.98719787597656|14|1030
226.9823760986328|14|1031
225.89987182617188|14|1032
201.5144500732422|13|1033
187.4060821533203|13|1034
161.89454650878906|14|1035
180.5822296142578|9|1036
236.47549438476562|5|1037
190.8336181640625|9|1038
163.66580200195312|14|1039
146.6159210205078|15|1040
174.1697235107422|17|1041
289.8574523925781|14|1042
455.11639404296875|6|1043
395.5931701660156|9|1044
348.66253662109375|9|1045
169.12643432617188|13|1046
215.6398162841797|10|1047
267.28326416015625|10|1048
222.5811309814453|10|1049
209.6127471923828|10|1050
263.8007507324219|10|1051
264.074951171875|10|1052
227.7239227294922|10|1053
228.05227661132812|10|1054
260.807861328125|10|1055
285.35791015625|10|1056
304.5754089355469|10|1057
224.2586669921875|10|1058
195.41925048828125|10|1059
156.42086791992188|10|1060
120.78564453125|11|1061
167.77493286132812|10|1062
187.25662231445312|10|1063
195.78521728515625|10|1064
205.8166961669922|10|1065
212.47604370117188|10|1066
211.723388671875|10|1067
210.24966430664062|10|1068
210.575927734375|10|1069
346.091796875|10|1070
381.98095703125|10|1071
527.89306640625|6|1072
347.41986083984375|6|1073
130.66090393066406|10|1074
85.83194732666016|10|1075
70.33931732177734|13|1076
84.64028930664062|13|1077
96.51262664794922|10|1078
227.75770568847656|9|1079
274.6291809082031|10|1080
187.1996307373047|10|1081
154.7842559814453|15|1082
197.514892578125|10|1083
188.8192596435547|10|1084
99.45953369140625|15|1085
144.75718688964844|9|1086
189.3039093017578|10|1087
190.67433166503906|10|1088
222.41783142089844|10|1089
201.27587890625|10|1090
198.6007843017578|10|1091
201.77496337890625|10|1092
187.7952880859375|10|1093
184.73388671875|10|1094
199.6156463623047|16|1095
177.78651428222656|16|1096
120.87207794189453|16|1097
131.3042755126953|17|1098
233.30491638183594|10|1099
395.22332763671875|6|1100
482.998291015625|6|1101
350.25042724609375|8|1102
351.8489074707031|9|1103
283.79931640625|9|1104
225.80018615722656|9|1105
199.52191162109375|9|1106
213.28164672851562|9|1107
188.8641815185547|9|1108
166.34400939941406|9|1109
149.6718292236328|9|1110
137.94261169433594|9|1111
125.5029296875|9|1112
115.56404876708984|9|1113
192.3414306640625|9|1114
246.88063049316406|9|1115
154.69216918945312|8|1116
139.3941650390625|4|1117
103.3615493774414|7|1118
132.281494140625|7|1119
114.77190399169922|18|1120
104.7219467163086|18|1121
110.7037124633789|18|1122
103.27641296386719|18|1123
98.88385009765625|18|1124
97.27786254882812|18|1125
99.36852264404297|18|1126
176.2877197265625|17|1127
336.015869140625|9|1128
469.1724853515625|7|1129
476.30853271484375|6|1130
164.8887481689453|5|1131
86.90862274169922|18|1132
64.10987091064453|18|1133
63.11601257324219|4|1134
60.66548538208008|7|1135
68.06367492675781|10|1136
90.77156066894531|16|1137
133.02967834472656|9|1138
219.1443328857422|9|1139
280.5726318359375|9|1140
289.57427978515625|9|1141
302.2318115234375|9|1142
374.55340576171875|9|1143
357.73651123046875|9|1144
203.75027465820312|9|1145
171.54417419433594|9|1146
168.298583984375|9|1147
158.4228057861328|9|1148
117.65123748779297|9|1149
79.08458709716797|10|1150
63.3900146484375|10|1151
74.9571762084961|15|1152
90.27497863769531|15|1153
84.42378997802734|15|1154
69.65206909179688|16|1155
209.5293426513672|11|1156
341.9879150390625|7|1157
361.6133117675781|5|1158
578.8919677734375|5|1159
486.8535461425781|5|1160
419.55743408203125|4|1161
417.2916259765625|4|1162
389.78131103515625|4|1163
353.31158447265625|5|1164
331.9921875|5|1165
314.9858703613281|4|1166
305.0513916015625|4|1167
285.32952880859375|4|1168
263.7480163574219|4|1169
224.26515197753906|4|1170
203.52874755859375|4|1171
196.11231994628906|4|1172
166.252685546875|4|1173
125.17642211914062|7|1174
131.22396850585938|5|1175
155.2163543701172|11|1176
164.47030639648438|4|1177
150.279541015625|4|1178
149.81704711914062|11|1179
150.56060791015625|12|1180
154.2028350830078|11|1181
167.03378295898438|11|1182
162.748291015625|11|1183
164.61688232421875|11|1184
240.34678649902344|10|1185
366.19091796875|7|1186
495.7157287597656|6|1187
309.7707214355469|5|1188
153.34320068359375|11|1189
161.10745239257812|46|1190
186.26670837402344|46|1191
179.73045349121094|46|1192
152.02474975585938|46|1193
148.01751708984375|46|1194
158.008544921875|11|1195
178.00558471679688|11|1196
181.8557891845703|11|1197
185.35369873046875|11|1198
213.4969024658203|11|1199
208.24928283691406|12|1200
171.9641571044922|9|1201
181.38409423828125|8|1202
158.0269012451172|4|1203
162.03317260742188|11|1204
176.0643310546875|11|1205
137.35671997070312|12|1206
136.1857147216797|11|1207
113.63519287109375|12|1208
122.1283187866211|12|1209
154.05093383789062|11|1210
145.92391967773438|12|1211
119.73192596435547|40|1212
203.3124542236328|17|1213
265.05267333984375|14|1214
436.18548583984375|14|1215
439.1175537109375|14|1216
385.8594665527344|14|1217
304.30859375|14|1218
222.01451110839844|14|1219
146.357666015625|13|1220
143.7365264892578|14|1221
179.9042510986328|14|1222
187.90658569335938|14|1223
179.07363891601562|14|1224
176.75332641601562|14|1225
176.64447021484375|14|1226
176.03744506835938|14|1227
204.69219970703125|14|1228
226.73255920410156|13|1229
183.2041015625|13|1230
153.54544067382812|8|1231
152.6173095703125|14|1232
146.6980438232422|17|1233
157.15615844726562|14|1234
178.89947509765625|14|1235
164.4323272705078|14|1236
161.33840942382812|14|1237
172.20523071289062|14|1238
175.94093322753906|14|1239
176.9387664794922|14|1240
166.6507568359375|14|1241
252.842529296875|13|1242
304.7867736816406|14|1243
421.87835693359375|6|1244
384.8681945800781|6|1245
119.01280212402344|5|1246
106.27230072021484|17|1247
87.13658142089844|17|1248
81.73091888427734|14|1249
84.52849578857422|17|1250
121.48417663574219|13|1251
183.0195770263672|13|1252
170.108154296875|14|1253
159.1930694580078|14|1254
148.57589721679688|14|1255
159.74581909179688|14|1256
157.5057830810547|14|1257
229.86788940429688|9|1258
248.41461181640625|9|1259
178.45147705078125|8|1260
132.9989013671875|14|1261
148.00877380371094|14|1262
130.4916534423828|7|1263
119.27984619140625|14|1264
135.20631408691406|14|1265
152.42727661132812|20|1266
161.0260009765625|14|1267
183.07467651367188|14|1268
115.92498779296875|13|1269
135.97381591796875|13|1270
252.6724395751953|15|1271
353.85089111328125|7|1272
495.0195617675781|6|1273
312.4471130371094|9|1274
217.4154510498047|8|1275
151.81561279296875|13|1276
163.4703369140625|15|1277
124.22494506835938|10|1278
125.29788208007812|10|1279
126.61894989013672|10|1280
129.41270446777344|10|1281
116.86791229248047|10|1282
110.47637939453125|10|1283
129.03436279296875|10|1284
157.14236450195312|10|1285
220.8076629638672|10|1286
194.76463317871094|10|1287
196.59559631347656|10|1288
176.86929321289062|10|1289
119.9969253540039|16|1290
197.88088989257812|10|1291
222.62010192871094|10|1292
202.22515869140625|10|1293
216.1192169189453|10|1294
237.13656616210938|10|1295
221.32342529296875|10|1296
205.96383666992188|10|1297
211.83619689941406|10|1298
229.50540161132812|10|1299
331.3726501464844|10|1300
446.89483642578125|7|1301
546.4816284179688|6|1302
273.9226379394531|10|1303
187.50253295898438|10|1304
79.60321807861328|10|1305
63.495330810546875|6|1306
89.19132995605469|10|1307
75.15647888183594|10|1308
135.7908477783203|9|1309
225.4345245361328|10|1310
267.7730407714844|10|1311
182.96487426757812|10|1312
168.11936950683594|10|1313
235.07676696777344|10|1314
228.11981201171875|10|1315
186.41781616210938|9|1316
177.45118713378906|8|1317
188.15968322753906|11|1318
208.25906372070312|10|1319
216.19386291503906|10|1320
195.650634765625|9|1321
229.8449249267578|9|1322
198.459228515625|9|1323
152.04917907714844|9|1324
141.4462890625|9|1325
139.7298126220703|9|1326
128.09295654296875|9|1327
171.6189727783203|15|1328
327.315673828125|9|1329
454.4818115234375|6|1330
397.48797607421875|6|1331
425.7686462402344|9|1332
462.1379699707031|9|1333
417.12908935546875|9|1334
425.53594970703125|9|1335
399.169189453125|9|1336
359.9775695800781|9|1337
313.8667907714844|9|1338
272.72979736328125|9|1339
236.261474609375|9|1340
194.4438934326172|9|1341
163.95774841308594|9|1342
171.6822052001953|9|1343
212.70761108398438|9|1344
219.35862731933594|9|1345
196.5150146484375|8|1346
118.14244079589844|4|1347
112.388671875|7|1348
133.12832641601562|7|1349
94.3915786743164|14|1350
80.81193542480469|14|1351
79.369384765625|18|1352
80.02201843261719|14|1353
78.36212158203125|27|1354
75.9571304321289|14|1355
72.85942077636719|13|1356
192.9244384765625|13|1357
349.962158203125|8|1358
516.701416015625|6|1359
391.6053466796875|6|1360
113.74674224853516|9|1361
68.18658447265625|13|1362
62.04665756225586|6|1363
92.07583618164062|14|1364
88.48291015625|8|1365
167.85159301757812|9|1366
268.3462219238281|9|1367
360.9006042480469|9|1368
392.1145324707031|9|1369
356.1969909667969|9|1370
285.83935546875|9|1371
248.649658203125|9|1372
277.8108215332031|9|1373
282.281005859375|9|1374
232.990478515625|9|1375
184.2421417236328|9|1376
134.4828643798828|10|1377
134.23826599121094|7|1378
89.71355438232422|6|1379
122.20519256591797|6|1380
217.89395141601562|5|1381
216.40956115722656|5|1382
140.4844207763672|9|1383
99.78560638427734|16|1384
110.90838623046875|11|1385
244.07623291015625|11|1386
362.289306640625|7|1387
466.8684387207031|5|1388
567.9682006835938|5|1389
450.494384765625|5|1390
431.51513671875|4|1391
415.6147155761719|4|1392
374.5622863769531|4|1393
350.01580810546875|5|1394
320.77618408203125|5|1395
311.9722595214844|4|1396
299.7156066894531|4|1397
281.2071228027344|4|1398
257.3889465332031|4|1399
218.90599060058594|11|1400
194.5843505859375|4|1401
188.2477264404297|4|1402
165.8295135498047|4|1403
141.28341674804688|8|1404
140.59024047851562|5|1405
144.4801025390625|4|1406
163.87437438964844|4|1407
151.03164672851562|4|1408
161.73756408691406|19|1409
153.4879150390625|20|1410
173.56674194335938|20|1411
163.1131134033203|20|1412
147.90711975097656|20|1413
204.5247344970703|20|1414
294.2569274902344|9|1415
450.30609130859375|7|1416
493.8161315917969|6|1417
225.5904998779297|5|1418
120.70890808105469|11|1419
96.45535278320312|72|1420
118.89964294433594|4|1421
110.13219451904297|4|1422
103.43611145019531|12|1423
173.74356079101562|11|1424
187.80870056152344|12|1425
202.33291625976562|11|1426
197.6857147216797|11|1427
221.6086883544922|11|1428
231.61419677734375|11|1429
260.72503662109375|12|1430
287.779296875|11|1431
261.34002685546875|12|1432
281.2921447753906|11|1433
286.4302062988281|11|1434
244.3032989501953|12|1435
244.1027069091797|11|1436
232.68914794921875|11|1437
210.80636596679688|11|1438
236.32676696777344|11|1439
210.2340545654297|11|1440
188.03338623046875|12|1441
143.8292236328125|21|1442
258.86297607421875|21|1443
299.8567810058594|9|1444
480.79071044921875|6|1445
340.7897644042969|6|1446
234.4922637939453|8|1447
119.04255676269531|14|1448
162.60330200195312|14|1449
207.64297485351562|14|1450
192.66201782226562|14|1451
157.7884979248047|14|1452
137.15692138671875|14|1453
138.26181030273438|14|1454
138.33091735839844|14|1455
132.0099639892578|14|1456
147.2834014892578|13|1457
134.51380920410156|13|1458
179.9073944091797|9|1459
189.9931182861328|14|1460
212.42074584960938|14|1461
244.04750061035156|13|1462
265.53509521484375|14|1463
243.15176391601562|14|1464
233.08326721191406|14|1465
247.7710418701172|14|1466
244.51771545410156|14|1467
239.06385803222656|14|1468
239.39675903320312|14|1469
234.17108154296875|14|1470
243.98654174804688|14|1471
255.46482849121094|15|1472
357.27484130859375|8|1473
501.558837890625|6|1474
312.5628356933594|6|1475
153.05335998535156|14|1476
113.01943969726562|14|1477
86.37034606933594|17|1478
80.28443908691406|17|1479
98.61648559570312|13|1480
211.179443359375|13|1481
308.95477294921875|14|1482
309.76251220703125|14|1483
299.2088928222656|14|1484
299.9969482421875|14|1485
301.5963439941406|14|1486
319.2489929199219|13|1487
298.25909423828125|14|1488
235.20489501953125|14|1489
233.65353393554688|14|1490
246.90347290039062|14|1491
236.92604064941406|14|1492
256.6202087402344|13|1493
234.20864868164062|14|1494
193.2050323486328|14|1495
219.4986114501953|5|1496
210.7655029296875|9|1497
189.4215545654297|14|1498
141.0319366455078|13|1499
149.8415069580078|20|1500
302.83441162109375|14|1501
393.1725769042969|7|1502
453.2406921386719|6|1503
287.95892333984375|8|1504
231.13624572753906|15|1505
214.49627685546875|10|1506
194.92259216308594|10|1507
166.0977783203125|21|1508
178.78480529785156|20|1509
180.5559844970703|20|1510
163.01327514648438|20|1511
151.14625549316406|20|1512
162.31216430664062|10|1513
164.65284729003906|10|1514
176.7147979736328|10|1515
171.68386840820312|20|1516
195.03123474121094|15|1517
196.9313507080078|15|1518
184.56947326660156|10|1519
198.37086486816406|10|1520
190.01344299316406|10|1521
185.6116180419922|10|1522
176.39683532714844|10|1523
160.0674285888672|10|1524
152.9608917236328|10|1525
153.53233337402344|10|1526
148.88204956054688|10|1527
139.75791931152344|10|1528
186.21273803710938|16|1529
334.2449645996094|9|1530
490.5980529785156|6|1531
482.86663818359375|6|1532
173.0872802734375|10|1533
137.6534423828125|10|1534
117.20579528808594|10|1535
63.54643249511719|4|1536
71.19481658935547|13|1537
123.26202392578125|10|1538
221.20970153808594|10|1539
249.20834350585938|10|1540
192.13006591796875|10|1541
166.8572998046875|10|1542
185.8286590576172|10|1543
169.28341674804688|10|1544
246.38534545898438|10|1545
231.3143310546875|10|1546
202.60028076171875|15|1547
221.66424560546875|15|1548
217.76145935058594|15|1549
222.0124969482422|15|1550
223.66665649414062|15|1551
233.86212158203125|15|1552
261.58502197265625|15|1553
258.33154296875|15|1554
232.37396240234375|16|1555
178.9733123779297|15|1556
107.04177856445312|15|1557
210.89620971679688|18|1558
308.687744140625|14|1559
476.8217468261719|6|1560
277.9826965332031|5|1561
300.66668701171875|9|1562
447.6543884277344|9|1563
512.581787109375|9|1564
511.99163818359375|9|1565
420.48211669921875|9|1566
346.50213623046875|9|1567
296.2295837402344|9|1568
245.97068786621094|9|1569
198.80223083496094|9|1570
151.4179229736328|9|1571
115.2898178100586|9|1572
165.71018981933594|13|1573
181.07003784179688|14|1574
142.15487670898438|4|1575
149.7426300048828|8|1576
130.81004333496094|14|1577
124.03187561035156|7|1578
123.36312866210938|7|1579
125.47246551513672|14|1580
121.89192199707031|14|1581
116.13765716552734|14|1582
120.80648803710938|14|1583
118.74864959716797|14|1584
114.57127380371094|14|1585
130.08267211914062|18|1586
245.3842010498047|9|1587
392.71697998046875|7|1588
504.6678771972656|6|1589
264.20526123046875|6|1590
101.10116577148438|18|1591
76.388671875|27|1592
60.88974380493164|27|1593
62.19054412841797|7|1594
70.53591918945312|17|1595
182.06671142578125|10|1596
348.61370849609375|9|1597
437.3613586425781|9|1598
441.39422607421875|9|1599
408.2727966308594|9|1600
321.67431640625|9|1601
183.5906982421875|9|1602
130.80104064941406|19|1603
146.39511108398438|4|1604
184.30276489257812|9|1605
192.95608520507812|9|1606
138.48878479003906|18|1607
144.14231872558594|18|1608
108.22149658203125|18|1609
77.10648345947266|18|1610
80.73356628417969|16|1611
83.02782440185547|15|1612
73.50223541259766|15|1613
56.496952056884766|16|1614
157.49891662597656|20|1615
298.26324462890625|7|1616
389.3600158691406|7|1617
579.5361938476562|5|1618
578.7919311523438|5|1619
453.4313049316406|5|1620
441.2984313964844|4|1621
421.4183044433594|4|1622
367.29754638671875|5|1623
349.03619384765625|5|1624
320.62396240234375|4|1625
307.3553771972656|4|1626
289.6559753417969|4|1627
280.8538513183594|4|1628
250.2703857421875|4|1629
214.5391845703125|4|1630
206.56625366210938|12|1631
211.5823974609375|11|1632
156.46795654296875|12|1633
178.65000915527344|11|1634
159.32029724121094|17|1635
154.63543701171875|4|1636
172.49020385742188|23|1637
149.22398376464844|23|1638
133.44219970703125|4|1639
125.21311950683594|4|1640
117.70713806152344|4|1641
112.2881088256836|4|1642
104.59133911132812|4|1643
199.37606811523438|18|1644
320.8831481933594|8|1645
467.58148193359375|6|1646
407.58154296875|6|1647
172.24761962890625|22|1648
157.3076171875|23|1649
127.05560302734375|23|1650
114.27252197265625|4|1651
105.4091567993164|4|1652
140.23036193847656|11|1653
168.21128845214844|11|1654
153.74688720703125|12|1655
150.50730895996094|11|1656
144.9398651123047|11|1657
144.9977569580078|12|1658
141.7210235595703|11|1659
144.11843872070312|5|1660
149.7528076171875|4|1661
160.18667602539062|4|1662
148.53390502929688|12|1663
179.7645263671875|11|1664
202.11695861816406|11|1665
173.00657653808594|11|1666
193.76443481445312|11|1667
161.0432891845703|11|1668
155.26901245117188|12|1669
160.0150604248047|11|1670
108.41161346435547|17|1671
176.69094848632812|17|1672
269.69305419921875|18|1673
360.4140625|14|1674
431.94537353515625|6|1675
250.65869140625|13|1676
176.80091857910156|8|1677
162.2818603515625|13|1678
198.0725555419922|13|1679
232.6515350341797|14|1680
229.2493438720703|14|1681
198.51458740234375|14|1682
177.2650604248047|14|1683
165.29827880859375|14|1684
157.72091674804688|14|1685
145.25315856933594|14|1686
118.18541717529297|26|1687
122.80923461914062|9|1688
193.4771270751953|9|1689
167.3284454345703|14|1690
178.05731201171875|14|1691
189.66763305664062|17|1692
185.58790588378906|17|1693
184.86399841308594|14|1694
178.13262939453125|14|1695
180.66757202148438|14|1696
186.1144256591797|14|1697
179.73773193359375|14|1698
177.73580932617188|14|1699
178.67735290527344|14|1700
218.13523864746094|14|1701
340.7311096191406|14|1702
373.4482421875|7|1703
471.82476806640625|6|1704
210.07925415039062|6|1705
113.97696685791016|14|1706
91.61310577392578|14|1707
94.89881896972656|14|1708
87.59493255615234|14|1709
123.37529754638672|14|1710
232.315673828125|13|1711
246.6470947265625|13|1712
223.38352966308594|14|1713
201.59246826171875|14|1714
178.36746215820312|14|1715
178.5052490234375|14|1716
183.53392028808594|14|1717
186.6282501220703|13|1718
210.12815856933594|14|1719
184.9105682373047|13|1720
181.4821014404297|14|1721
174.5843505859375|14|1722
152.3274688720703|14|1723
150.03721618652344|14|1724
152.0706787109375|14|1725
131.36819458007812|13|1726
160.02841186523438|14|1727
167.49072265625|14|1728
128.4139862060547|13|1729
152.49948120117188|14|1730
140.57212829589844|10|1731
304.13873291015625|10|1732
303.5656433105469|10|1733
185.5788116455078|10|1734
196.21690368652344|10|1735
197.8477020263672|10|1736
134.45407104492188|10|1737
130.28118896484375|10|1738
160.50868225097656|10|1739
145.6414031982422|10|1740
117.60411834716797|10|1741
123.8169937133789|10|1742
138.05230712890625|10|1743
136.12466430664062|10|1744
113.20878601074219|10|1745
158.21865844726562|11|1746
213.95635986328125|10|1747
220.09410095214844|10|1748
179.18075561523438|10|1749
202.25889587402344|10|1750
230.80722045898438|10|1751
209.75677490234375|10|1752
195.98814392089844|10|1753
211.32984924316406|10|1754
208.0616912841797|10|1755
193.06382751464844|10|1756
193.58743286132812|10|1757
197.03636169433594|10|1758
193.2509307861328|10|1759
187.1542510986328|10|1760
167.41079711914062|10|1761
91.15748596191406|10|1762
67.45355224609375|13|1763
93.46965789794922|10|1764
94.13238525390625|10|1765
62.734413146972656|13|1766
95.76531219482422|11|1767
215.1185760498047|10|1768
273.0794372558594|10|1769
212.97015380859375|10|1770
181.50013732910156|10|1771
218.152587890625|10|1772
244.0799102783203|10|1773
266.34393310546875|10|1774
251.2708282470703|10|1775
142.46388244628906|10|1776
133.78567504882812|20|1777
175.107177734375|10|1778
197.25135803222656|10|1779
163.4537353515625|10|1780
157.0308074951172|10|1781
153.30723571777344|9|1782
170.26258850097656|9|1783
125.18083190917969|9|1784
78.10932922363281|9|1785
75.5142593383789|9|1786
81.12155151367188|15|1787
102.95357513427734|15|1788
121.0541763305664|9|1789
276.98406982421875|10|1790
362.01043701171875|9|1791
345.2900085449219|9|1792
311.65289306640625|9|1793
271.1679992675781|9|1794
214.54360961914062|9|1795
166.7738494873047|9|1796
135.9317169189453|9|1797
114.52593994140625|9|1798
92.37272644042969|9|1799
66.02871704101562|9|1800
57.365562438964844|14|1801
73.0906982421875|14|1802
79.86717224121094|17|1803
108.22100830078125|18|1804
115.55408477783203|18|1805
118.71558380126953|9|1806
128.62852478027344|9|1807
127.77152252197266|9|1808
116.39056396484375|9|1809
100.07440948486328|9|1810
92.38068389892578|18|1811
90.51995849609375|18|1812
96.08185577392578|18|1813
90.49606323242188|19|1814
94.73188018798828|18|1815
111.32373046875|18|1816
93.57746887207031|19|1817
81.96196746826172|18|1818
82.25718688964844|18|1819
86.0128173828125|18|1820
82.69752502441406|18|1821
92.59595489501953|18|1822
91.61416625976562|18|1823
99.07353210449219|19|1824
85.08292388916016|18|1825
176.52145385742188|9|1826
237.53372192382812|9|1827
248.6107940673828|9|1828
232.84698486328125|9|1829
204.67288208007812|9|1830
164.4081573486328|9|1831
143.05221557617188|9|1832
134.8955841064453|9|1833
173.14453125|51|1834
194.9132843017578|51|1835
177.13232421875|51|1836
166.151123046875|51|1837
134.52528381347656|51|1838
61.53947830200195|52|1839
57.73580551147461|55|1840
70.43024444580078|22|1841
99.23761749267578|15|1842
119.14041900634766|53|1843
93.6750259399414|53|1844
205.5247344970703|11|1845
367.3341979980469|7|1846
416.42864990234375|7|1847
548.9750366210938|5|1848
447.82745361328125|5|1849
427.9844970703125|4|1850
452.0210876464844|4|1851
428.21612548828125|4|1852
383.0262145996094|5|1853
381.4621276855469|5|1854
337.6513977050781|4|1855
335.11956787109375|4|1856
402.5461730957031|5|1857
270.16546630859375|4|1858
239.2571258544922|4|1859
328.0205078125|5|1860
210.9087677001953|4|1861
175.63331604003906|4|1862
276.7715759277344|5|1863
241.7412567138672|5|1864
163.32286071777344|12|1865
186.3541259765625|6|1866
251.4697265625|5|1867
196.5904083251953|11|1868
209.479248046875|12|1869
183.971435546875|12|1870
179.08831787109375|11|1871
185.81478881835938|11|1872
203.7813262939453|11|1873
290.1572265625|11|1874
360.3471984863281|8|1875
484.0615539550781|6|1876
309.4928894042969|6|1877
281.785888671875|55|1878
259.9195861816406|55|1879
227.19580078125|55|1880
178.8542938232422|55|1881
134.7843017578125|5|1882
100.55664825439453|53|1883
142.56593322753906|55|1884
151.0411834716797|57|1885
110.82390594482422|6|1886
217.1453399658203|61|1887
243.8096160888672|60|1888
155.5513458251953|61|1889
181.2205810546875|61|1890
212.4778594970703|61|1891
267.8419189453125|17|1892
306.9405517578125|17|1893
302.2887268066406|17|1894
247.38717651367188|17|1895
248.5928955078125|11|1896
233.2377166748047|12|1897
240.7229766845703|11|1898
212.9405975341797|68|1899
215.10789489746094|68|1900
173.76339721679688|68|1901
189.98532104492188|68|1902
264.46282958984375|10|1903
396.419189453125|6|1904
418.1206359863281|6|1905
392.4225158691406|14|1906
331.2142639160156|14|1907
247.13868713378906|13|1908
173.56724548339844|13|1909
169.9090576171875|14|1910
199.81820678710938|14|1911
205.47726440429688|14|1912
190.45326232910156|7|1913
311.6059875488281|7|1914
368.90380859375|7|1915
380.70782470703125|7|1916
335.44671630859375|7|1917
236.02862548828125|7|1918
200.16046142578125|7|1919
203.33441162109375|17|1920
142.70950317382812|4|1921
113.9781494140625|6|1922
134.9983673095703|7|1923
129.3425750732422|7|1924
79.82401275634766|7|1925
66.39226531982422|27|1926
86.7490234375|27|1927
124.89495086669922|55|1928
137.29893493652344|55|1929
131.48863220214844|55|1930
182.79664611816406|18|1931
316.02996826171875|9|1932
430.64312744140625|6|1933
398.15911865234375|6|1934
140.96116638183594|34|1935
115.49918365478516|34|1936
111.40483856201172|34|1937
112.83104705810547|34|1938
137.33848571777344|7|1939
154.15403747558594|13|1940
237.20008850097656|14|1941
258.58404541015625|14|1942
254.25405883789062|14|1943
238.84188842773438|14|1944
246.35565185546875|14|1945
268.13897705078125|14|1946
290.3885498046875|7|1947
206.7791748046875|14|1948
192.36557006835938|14|1949
202.27777099609375|14|1950
199.16085815429688|14|1951
158.6329803466797|13|1952
123.52664184570312|14|1953
99.50740814208984|9|1954
209.13934326171875|9|1955
235.8965301513672|9|1956
180.62249755859375|9|1957
147.14390563964844|15|1958
159.76693725585938|15|1959
210.37384033203125|11|1960
366.75762939453125|7|1961
466.1590576171875|6|1962
345.1917724609375|9|1963
292.0340576171875|15|1964
142.89901733398438|16|1965
185.55410766601562|10|1966
184.50009155273438|10|1967
166.4751434326172|25|1968
150.2046661376953|10|1969
188.31411743164062|10|1970
167.33535766601562|10|1971
144.3848419189453|5|1972
189.5414581298828|5|1973
218.86233520507812|10|1974
267.5450744628906|10|1975
255.51219177246094|10|1976
188.908203125|15|1977
175.669189453125|15|1978
137.07838439941406|15|1979
131.77186584472656|7|1980
175.0821533203125|10|1981
197.77149963378906|10|1982
209.80848693847656|10|1983
226.87628173828125|10|1984
242.8822479248047|10|1985
250.76333618164062|10|1986
245.43112182617188|10|1987
257.0115661621094|10|1988
395.6899719238281|10|1989
389.9657287597656|7|1990
488.5097351074219|6|1991
238.10154724121094|6|1992
153.50228881835938|10|1993
133.5560760498047|68|1994
132.75042724609375|5|1995
102.77803039550781|5|1996
139.96563720703125|10|1997
252.45933532714844|10|1998
240.49972534179688|10|1999
268.86676025390625|5|2000
296.2062683105469|5|2001
338.3810729980469|5|2002
397.59930419921875|5|2003
451.9110107421875|5|2004
388.8626708984375|5|2005
299.0824279785156|15|2006
323.1846008300781|15|2007
311.4313659667969|15|2008
293.6965637207031|15|2009
264.715087890625|15|2010
248.92822265625|15|2011
251.17153930664062|15|2012
247.7582550048828|15|2013
231.9203643798828|16|2014
194.45208740234375|54|2015
240.60635375976562|55|2016
224.9806365966797|55|2017
278.0320129394531|14|2018
462.4797058105469|6|2019
426.4330749511719|6|2020
308.6995849609375|9|2021
291.7300720214844|9|2022
218.2498016357422|9|2023
123.03614044189453|9|2024
104.0026626586914|4|2025
123.17304229736328|9|2026
107.21182250976562|9|2027
100.07887268066406|9|2028
149.77291870117188|4|2029
184.67977905273438|4|2030
192.2080841064453|5|2031
197.60568237304688|13|2032
213.5276336669922|9|2033
233.23255920410156|9|2034
145.44544982910156|8|2035
139.23992919921875|14|2036
138.6079864501953|14|2037
140.69874572753906|7|2038
131.12135314941406|14|2039
148.1836700439453|14|2040
135.36135864257812|14|2041
152.92926025390625|35|2042
132.0160675048828|14|2043
125.45057678222656|17|2044
110.88756561279297|14|2045
188.8526153564453|16|2046
344.20001220703125|8|2047
481.8690185546875|6|2048
378.75335693359375|6|2049
112.70968627929688|14|2050
114.28864288330078|46|2051
171.87037658691406|45|2052
110.98055267333984|46|2053
157.8635711669922|5|2054
184.58489990234375|47|2055
279.1200256347656|47|2056
219.3162078857422|5|2057
279.072265625|5|2058
310.406494140625|5|2059
307.89569091796875|5|2060
275.1120300292969|5|2061
299.6127014160156|9|2062
224.7821807861328|5|2063
223.42535400390625|52|2064
191.79898071289062|52|2065
183.67788696289062|5|2066
147.1999053955078|4|2067
111.04522705078125|5|2068
108.61431884765625|23|2069
152.2858428955078|53|2070
130.8697509765625|53|2071
162.08566284179688|55|2072
126.84121704101562|54|2073
107.58525085449219|11|2074
254.3113555908203|6|2075
392.58697509765625|7|2076
474.6681823730469|5|2077
579.9318237304688|5|2078
483.6658020019531|5|2079
469.52197265625|4|2080
458.9746398925781|4|2081
434.8282470703125|5|2082
378.0666809082031|5|2083
348.163818359375|5|2084
328.25140380859375|4|2085
330.2645263671875|4|2086
445.7850036621094|5|2087
349.0826721191406|5|2088
221.25856018066406|4|2089
251.8151092529297|5|2090
248.3348846435547|5|2091
164.7436065673828|8|2092
172.0686492919922|5|2093
208.27760314941406|5|2094
158.69815063476562|17|2095
176.43475341796875|4|2096
183.48529052734375|5|2097
160.09349060058594|4|2098
144.4187469482422|4|2099
142.29632568359375|5|2100
129.64515686035156|11|2101
127.75779724121094|4|2102
227.78631591796875|19|2103
283.8125915527344|10|2104
433.03790283203125|7|2105
535.5921630859375|6|2106
257.86737060546875|6|2107
194.1802520751953|55|2108
174.87823486328125|55|2109
179.44888305664062|54|2110
203.57040405273438|6|2111
221.6443634033203|6|2112
218.28285217285156|6|2113
267.8230285644531|6|2114
302.4474182128906|6|2115
324.5668029785156|6|2116
338.5355529785156|6|2117
320.1766662597656|6|2118
302.5706787109375|6|2119
262.62603759765625|5|2120
217.8961944580078|17|2121
239.0575714111328|17|2122
237.78359985351562|61|2123
190.5070037841797|11|2124
145.06216430664062|11|2125
159.46875|11|2126
147.37130737304688|29|2127
153.35621643066406|12|2128
179.6123504638672|68|2129
270.9088439941406|68|2130
204.11679077148438|68|2131
267.9620361328125|17|2132
341.2047119140625|14|2133
476.1576232910156|6|2134
375.975830078125|6|2135
287.6449279785156|14|2136
259.2601013183594|13|2137
167.79043579101562|14|2138
119.5184326171875|7|2139
119.35523986816406|7|2140
109.78497314453125|20|2141
146.46856689453125|20|2142
144.79624938964844|20|2143
133.66140747070312|7|2144
182.3174285888672|7|2145
225.69752502441406|7|2146
222.92601013183594|7|2147
248.7584686279297|13|2148
174.67984008789062|17|2149
170.09942626953125|17|2150
207.36619567871094|17|2151
221.34408569335938|17|2152
211.4054718017578|7|2153
199.68592834472656|14|2154
179.2341766357422|14|2155
193.5586700439453|14|2156
204.15731811523438|14|2157
209.7396697998047|14|2158
221.05801391601562|14|2159
197.06671142578125|13|2160
297.44219970703125|13|2161
351.94793701171875|8|2162
482.8182678222656|6|2163
353.14593505859375|6|2164
117.13624572753906|18|2165
107.50240325927734|17|2166
126.16513061523438|14|2167
125.150634765625|14|2168
120.0654296875|7|2169
153.7602081298828|13|2170
171.07122802734375|13|2171
164.24441528320312|7|2172
196.13430786132812|7|2173
234.7889862060547|7|2174
265.907470703125|7|2175
248.17613220214844|7|2176
267.6244812011719|9|2177
287.57025146484375|7|2178
264.58062744140625|7|2179
200.2693634033203|7|2180
199.16383361816406|7|2181
164.85006713867188|7|2182
143.90101623535156|14|2183
149.087646484375|14|2184
157.03208923339844|14|2185
216.5020294189453|14|2186
180.77230834960938|14|2187
141.41407775878906|14|2188
213.044921875|15|2189
280.81219482421875|15|2190
417.3010559082031|7|2191
517.9481811523438|6|2192
329.45025634765625|9|2193
210.05697631835938|9|2194
158.10948181152344|15|2195
198.39593505859375|15|2196
176.8751983642578|15|2197
157.19815063476562|15|2198
150.49566650390625|15|2199
170.13304138183594|5|2200
277.3184814453125|5|2201
319.94775390625|5|2202
310.01324462890625|5|2203
248.38465881347656|5|2204
178.994140625|20|2205
139.2476806640625|11|2206
193.6566619873047|5|2207
233.22845458984375|5|2208
200.0729217529297|15|2209
203.48252868652344|10|2210
208.6109619140625|10|2211
215.4918975830078|10|2212
247.45033264160156|10|2213
261.5182800292969|10|2214
250.8197021484375|10|2215
244.4574432373047|10|2216
248.10125732421875|10|2217
276.0797119140625|10|2218
340.2772216796875|10|2219
465.4815979003906|7|2220
489.180419921875|6|2221
249.56446838378906|10|2222
172.1761932373047|10|2223
116.14344024658203|67|2224
183.66612243652344|68|2225
146.12448120117188|68|2226
133.58163452148438|5|2227
157.3131103515625|9|2228
205.2290496826172|10|2229
200.77731323242188|10|2230
175.19210815429688|30|2231
153.86660766601562|5|2232
198.18846130371094|10|2233
227.7216796875|5|2234
248.6173095703125|5|2235
199.085205078125|20|2236
212.89703369140625|20|2237
203.1988983154297|10|2238
178.9272918701172|10|2239
168.84066772460938|9|2240
165.15939331054688|9|2241
151.4257354736328|9|2242
161.1046600341797|55|2243
140.7509307861328|5|2244
142.41976928710938|5|2245
139.59718322753906|5|2246
244.89437866210938|15|2247
328.88458251953125|9|2248
512.9357299804688|6|2249
422.8744201660156|6|2250
334.4789733886719|9|2251
284.4058532714844|9|2252
264.026123046875|9|2253
300.7438659667969|9|2254
296.8331298828125|9|2255
287.4855041503906|9|2256
260.9378356933594|9|2257
237.17735290527344|9|2258
210.7235565185547|4|2259
232.69146728515625|4|2260
237.52938842773438|4|2261
241.4635467529297|5|2262
233.21737670898438|9|2263
210.95285034179688|9|2264
170.14271545410156|8|2265
125.35619354248047|4|2266
135.76829528808594|7|2267
142.33494567871094|7|2268
142.70504760742188|27|2269
102.05636596679688|27|2270
101.36516571044922|28|2271
101.0842056274414|55|2272
109.03607177734375|55|2273
107.48873138427734|55|2274
109.68925476074219|17|2275
241.0437469482422|9|2276
392.1910705566406|7|2277
535.5612182617188|6|2278
322.28802490234375|5|2279
127.01318359375|5|2280
114.80988311767578|45|2281
173.67990112304688|45|2282
198.00213623046875|45|2283
212.68081665039062|46|2284
191.35086059570312|9|2285
286.4587707519531|5|2286
330.5283203125|9|2287
348.6340026855469|9|2288
308.4276123046875|9|2289
235.67515563964844|9|2290
236.36708068847656|5|2291
240.2348175048828|9|2292
198.021240234375|5|2293
146.56353759765625|4|2294
132.95870971679688|18|2295
149.04678344726562|7|2296
145.57553100585938|7|2297
129.50558471679688|18|2298
144.93124389648438|27|2299
245.5454559326172|5|2300
248.62147521972656|5|2301
185.8152313232422|9|2302
158.45510864257812|5|2303
207.04690551757812|22|2304
298.56842041015625|7|2305
409.759521484375|7|2306
515.9932861328125|5|2307
512.8624877929688|5|2308
393.9821472167969|4|2309
436.1463928222656|4|2310
428.28533935546875|4|2311
379.34039306640625|4|2312
380.62335205078125|5|2313
343.3625793457031|4|2314
343.8626403808594|4|2315
393.7213439941406|5|2316
336.7897033691406|5|2317
246.0285186767578|4|2318
291.9200439453125|5|2319
282.638671875|5|2320
177.51126098632812|4|2321
221.2001495361328|5|2322
256.3878479003906|5|2323
156.3629608154297|12|2324
184.5846710205078|11|2325
248.8025360107422|5|2326
173.54347229003906|11|2327
175.2951202392578|12|2328
176.12841796875|5|2329
188.7664031982422|11|2330
193.9346466064453|11|2331
185.26869201660156|11|2332
256.1491394042969|11|2333
345.2221984863281|8|2334
500.15460205078125|6|2335
490.8748779296875|6|2336
219.94680786132812|11|2337
108.69310760498047|12|2338
108.26104736328125|4|2339
125.4055404663086|4|2340
142.9470672607422|5|2341
98.5557861328125|6|2342
91.7332992553711|46|2343
109.26994323730469|5|2344
107.16258239746094|5|2345
143.40853881835938|6|2346
191.3688201904297|6|2347
188.19676208496094|5|2348
196.08811950683594|12|2349
242.89161682128906|11|2350
272.0637512207031|17|2351
341.18328857421875|17|2352
329.1318054199219|17|2353
294.3866271972656|17|2354
289.4589538574219|11|2355
257.93048095703125|11|2356
254.20591735839844|11|2357
234.79373168945312|11|2358
210.51824951171875|11|2359
174.27304077148438|11|2360
100.72904968261719|29|2361
232.6184539794922|10|2362
357.5681457519531|7|2363
485.6524353027344|6|2364
426.266357421875|14|2365
386.2342834472656|14|2366
317.4459228515625|13|2367
207.18075561523438|14|2368
168.0154266357422|14|2369
186.76837158203125|14|2370
203.6177215576172|14|2371
194.1898193359375|14|2372
281.5799255371094|7|2373
359.0789794921875|7|2374
388.1243591308594|7|2375
376.28338623046875|7|2376
270.6806640625|7|2377
228.8147735595703|7|2378
216.0381622314453|17|2379
167.6023406982422|17|2380
113.57376098632812|4|2381
114.7302474975586|7|2382
143.6350860595703|7|2383
97.60961151123047|7|2384
75.85509490966797|34|2385
83.97833251953125|34|2386
108.29065704345703|55|2387
133.57240295410156|55|2388
131.67796325683594|55|2389
143.6834716796875|18|2390
289.5023193359375|9|2391
435.1358642578125|7|2392
538.0157470703125|6|2393
268.8483581542969|6|2394
95.55464935302734|34|2395
94.1391372680664|34|2396
108.38758087158203|7|2397
136.7057342529297|7|2398
135.44171142578125|13|2399
225.10491943359375|14|2400
284.01556396484375|14|2401
274.8164367675781|14|2402
270.54156494140625|14|2403
270.8021240234375|14|2404
274.5000915527344|14|2405
320.6509704589844|7|2406
251.697998046875|7|2407
222.18832397460938|14|2408
213.74468994140625|14|2409
223.97625732421875|14|2410
191.3727264404297|14|2411
156.80406188964844|13|2412
103.86357879638672|34|2413
186.5648651123047|9|2414
259.83880615234375|5|2415
216.63604736328125|9|2416
134.04461669921875|9|2417
171.0037841796875|15|2418
195.66534423828125|20|2419
289.10357666015625|7|2420
450.58013916015625|6|2421
407.96246337890625|6|2422
358.7627258300781|9|2423
214.13841247558594|15|2424
169.6851043701172|10|2425
203.0701904296875|10|2426
159.33204650878906|10|2427
144.24954223632812|20|2428
182.91905212402344|10|2429
192.1349334716797|10|2430
151.6300811767578|10|2431
172.59800720214844|5|2432
202.7611083984375|10|2433
237.6465606689453|10|2434
275.9285583496094|10|2435
192.39590454101562|15|2436
183.6408233642578|15|2437
156.4735565185547|15|2438
127.19020080566406|4|2439
161.0422821044922|10|2440
189.20228576660156|10|2441
199.21034240722656|10|2442
215.41346740722656|10|2443
232.6423797607422|10|2444
243.0061492919922|10|2445
246.58584594726562|10|2446
241.7971649169922|10|2447
369.4786071777344|10|2448
431.9454040527344|10|2449
527.6286010742188|6|2450
385.92681884765625|6|2451
181.8380126953125|10|2452
135.99734497070312|10|2453
121.0206298828125|5|2454
127.45294952392578|6|2455
114.39411926269531|5|2456
227.3719024658203|10|2457
275.5306396484375|10|2458
267.8147277832031|5|2459
310.2286682128906|5|2460
348.9871520996094|5|2461
398.61224365234375|5|2462
452.86431884765625|5|2463
447.5121154785156|5|2464
270.8272399902344|5|2465
321.0749816894531|15|2466
319.9251708984375|15|2467
302.4873046875|15|2468
282.7142639160156|15|2469
266.9715881347656|15|2470
250.89791870117188|15|2471
251.17202758789062|15|2472
242.2413330078125|16|2473
221.9832000732422|16|2474
160.01004028320312|15|2475
125.2299575805664|17|2476
252.75363159179688|11|2477
398.52996826171875|7|2478
526.82080078125|6|2479
299.9707946777344|8|2480
315.509521484375|9|2481
226.09124755859375|9|2482
139.22381591796875|27|2483
113.2302474975586|4|2484
104.58576202392578|9|2485
106.1506118774414|9|2486
96.0746078491211|9|2487
126.04655456542969|4|2488
180.58795166015625|4|2489
196.36538696289062|4|2490
185.8079376220703|5|2491
208.24961853027344|13|2492
248.8734893798828|9|2493
174.75875854492188|8|2494
135.10513305664062|7|2495
143.11737060546875|14|2496
146.47232055664062|7|2497
130.28053283691406|14|2498
132.8373260498047|14|2499
140.62754821777344|18|2500
140.3076934814453|18|2501
136.7236785888672|14|2502
135.37269592285156|13|2503
118.67133331298828|14|2504
194.3523406982422|17|2505
303.7942810058594|9|2506
444.9103088378906|7|2507
483.17718505859375|6|2508
191.04840087890625|6|2509
97.98951721191406|34|2510
126.43190002441406|34|2511
126.58768463134766|34|2512
136.3042755126953|4|2513
167.14134216308594|4|2514
186.49209594726562|5|2515
219.43336486816406|5|2516
255.50392150878906|5|2517
302.63616943359375|5|2518
325.4923095703125|5|2519
295.2536315917969|5|2520
285.63104248046875|5|2521
285.54522705078125|9|2522
179.13525390625|5|2523
132.810546875|5|2524
171.10739135742188|5|2525
174.6592254638672|5|2526
119.71038055419922|4|2527
119.85147094726562|23|2528
117.13118743896484|23|2529
114.14027404785156|23|2530
108.61823272705078|55|2531
120.71078491210938|55|2532
122.30611419677734|54|2533
216.4896240234375|11|2534
358.12603759765625|7|2535
383.97802734375|7|2536
595.968017578125|5|2537
505.3304748535156|5|2538
425.8646545410156|4|2539
449.7729187011719|4|2540
431.9132385253906|5|2541
390.9326171875|5|2542
349.8406066894531|5|2543
324.5325927734375|4|2544
319.300537109375|4|2545
401.9802551269531|5|2546
423.884765625|5|2547
233.3958740234375|4|2548
222.67498779296875|4|2549
281.5342712402344|5|2550
187.4536590576172|4|2551
171.4071502685547|7|2552
213.1152801513672|5|2553
173.33509826660156|5|2554
173.88209533691406|4|2555
196.52464294433594|5|2556
170.04335021972656|4|2557
148.67201232910156|4|2558
139.38565063476562|4|2559
134.36228942871094|11|2560
131.49205017089844|11|2561
130.68112182617188|11|2562
233.9669189453125|10|2563
401.2510681152344|8|2564
567.92578125|6|2565
395.1842041015625|6|2566
148.79380798339844|11|2567
134.53366088867188|5|2568
131.78170776367188|6|2569
194.3764190673828|6|2570
237.14085388183594|6|2571
218.57257080078125|6|2572
247.7567596435547|6|2573
301.4260559082031|6|2574
327.8672790527344|6|2575
358.1729736328125|6|2576
354.3616943359375|6|2577
330.04791259765625|6|2578
315.28857421875|6|2579
228.8874053955078|5|2580
271.7619934082031|17|2581
219.50540161132812|17|2582
203.5050506591797|11|2583