Beautiful Now
Zedd
Jon Bellion
EDM
beautiful_now
2049x2584
3312

2|2409|68.97001647949219
2|2427|63.336822509765625
3|851|62.02313232421875
3|2399|168.59022521972656
4|1058|236.2757568359375
4|1064|145.40379333496094
4|1069|101.07376861572266
4|1077|96.55020904541016
4|1084|122.40151977539062
4|1091|68.79517364501953
4|1094|81.1152572631836
4|2144|81.4465103149414
4|2156|61.646793365478516
4|2396|301.9812316894531
4|2401|272.85888671875
4|2408|66.54866790771484
4|2434|357.34674072265625
5|822|271.7877197265625
5|828|224.81060791015625
5|842|292.2000427246094
5|852|79.5145034790039
5|858|62.5261344909668
5|862|284.8053283691406
5|869|219.82557678222656
5|872|87.07311248779297
5|876|64.91618347167969
5|883|278.2796325683594
5|887|220.78245544433594
5|889|221.4206085205078
5|893|162.58668518066406
5|900|104.18624114990234
5|904|268.33355712890625
5|913|89.57345581054688
5|924|273.3572692871094
5|929|253.3324432373047
5|934|88.3000717163086
5|944|282.6954650878906
5|954|93.3771743774414
5|964|269.0523681640625
5|974|161.2606658935547
5|2137|86.96560668945312
5|2145|87.40188598632812
5|2397|296.2574157714844
5|2404|248.2195281982422
5|2431|195.3330535888672
5|2438|628.90625
5|2447|267.60540771484375
5|2459|650.4727783203125
5|2467|317.7333068847656
5|2479|661.3829345703125
5|2487|321.1832275390625
5|2499|668.9118041992188
5|2508|221.79440307617188
5|2520|644.19482421875
5|2539|640.6353759765625
5|2560|657.5355834960938
5|2580|645.6048583984375
6|821|247.2279052734375
6|841|245.5854034423828
6|891|160.83865356445312
6|902|249.4168243408203
6|923|261.5472412109375
6|943|288.1763610839844
6|963|282.338623046875
6|972|175.5199432373047
6|984|281.7279968261719
6|988|227.56419372558594
6|1004|280.191650390625
6|1008|241.45506286621094
6|1010|241.2940216064453
6|1024|316.6408386230469
6|1029|236.22824096679688
6|1038|103.04046630859375
6|2130|112.81440734863281
6|2400|148.93692016601562
6|2405|222.51295471191406
6|2408|64.17202758789062
6|2430|216.63088989257812
6|2437|664.0638427734375
6|2445|131.57077026367188
6|2457|662.40478515625
6|2477|663.106689453125
6|2497|625.7255859375
6|2506|133.2590789794922
6|2518|639.6603393554688
6|2538|658.0267333984375
6|2558|697.8673706054688
6|2578|674.7345581054688
7|861|230.2263641357422
7|881|206.26907348632812
7|942|249.88717651367188
7|962|203.9327392578125
7|983|265.9389953613281
7|1003|277.9329833984375
7|1023|293.1640625
7|1032|141.91619873046875
7|1045|274.38232421875
7|1047|262.8077087402344
7|1067|60.92839813232422
7|2122|120.71517944335938
7|2125|140.38377380371094
7|2200|148.28379821777344
7|2204|126.55843353271484
7|2398|229.0814666748047
7|2402|127.53057098388672
7|2433|125.81028747558594
7|2436|537.4223022460938
7|2456|466.607421875
7|2465|76.90249633789062
7|2528|354.23590087890625
7|2537|527.7651977539062
7|2548|413.61383056640625
7|2557|520.4600219726562
7|2568|361.71319580078125
8|1055|313.9960021972656
8|1060|280.4984436035156
8|1064|81.37484741210938
8|2033|114.29430389404297
8|2044|72.99987030029297
8|2047|65.89447021484375
8|2084|67.77076721191406
8|2121|171.2451934814453
8|2396|193.6947479248047
8|2466|92.67866516113281
8|2516|320.7386779785156
9|871|69.5879898071289
9|884|92.82769012451172
9|888|94.35208892822266
9|892|71.85794067382812
9|894|78.4948959350586
9|897|73.78409576416016
9|901|175.64691162109375
9|921|173.71217346191406
9|1043|171.6395721435547
9|1794|127.22742462158203
9|1801|104.68223571777344
9|1804|113.3115234375
9|1809|125.98058319091797
9|1817|120.56431579589844
9|1821|123.2971420288086
9|1824|120.88124084472656
9|1831|116.61433410644531
9|1835|116.48709869384766
9|1842|99.23296356201172
9|1851|90.05389404296875
9|1857|79.06021118164062
9|1859|79.34136199951172
9|1864|72.35983276367188
9|1868|69.25270080566406
9|1870|79.25495147705078
9|2034|112.66130065917969
9|2036|110.66539001464844
9|2039|105.8414535522461
9|2048|65.61540985107422
9|2074|124.90283966064453
9|2087|65.45433807373047
9|2090|56.14607620239258
9|2118|298.5185852050781
9|2125|141.13816833496094
9|2129|149.0816192626953
9|2137|110.33320617675781
9|2140|96.29092407226562
9|2143|87.0915756225586
9|2145|86.18206024169922
9|2151|94.2279052734375
9|2154|92.013671875
9|2158|78.76360321044922
9|2163|72.54410552978516
9|2169|101.85456848144531
9|2172|82.08935546875
9|2176|85.05691528320312
9|2179|84.04922485351562
9|2182|72.13322448730469
9|2188|70.65913391113281
9|2191|65.62491607666016
9|2442|76.22307586669922
9|2447|89.93901062011719
9|2467|90.44972229003906
9|2487|154.9766845703125
9|2493|119.20270538330078
9|2502|59.10258102416992
9|2508|161.24276733398438
9|2513|122.56060028076172
9|2556|253.81134033203125
10|820|176.95787048339844
10|890|62.39442825317383
10|968|91.28604888916016
10|971|118.70016479492188
10|974|91.38558197021484
10|979|84.81768035888672
10|982|235.9410858154297
10|1610|58.30437469482422
10|1618|77.42588806152344
10|1621|81.45523834228516
10|2196|72.78225708007812
10|2199|56.100250244140625
10|2201|56.41042709350586
10|2251|57.38754653930664
10|2255|123.25563049316406
10|2261|90.99417114257812
10|2265|135.93760681152344
10|2397|163.79888916015625
10|2402|84.23734283447266
10|2436|240.72242736816406
10|2446|64.2016830444336
10|2459|58.7282600402832
10|2481|73.4579849243164
10|2530|85.55577087402344
10|2534|101.25196838378906
10|2537|230.51258850097656
10|2541|71.85692596435547
10|2548|56.12145233154297
10|2551|56.29617691040039
10|2554|68.84773254394531
10|2570|106.71611785888672
10|2573|110.28409576416016
11|126|134.13327026367188
11|137|166.80596923828125
11|141|137.2034454345703
11|144|140.97677612304688
11|157|133.657470703125
11|165|96.36190032958984
11|214|186.6982421875
11|237|125.46304321289062
11|240|123.50080871582031
11|298|96.38453674316406
11|374|60.5338020324707
11|451|93.05561828613281
11|455|113.9964828491211
11|457|128.3031005859375
11|461|111.58258819580078
11|464|60.018951416015625
11|480|125.49012756347656
11|484|103.4063491821289
11|536|119.4324951171875
11|538|117.90145111083984
11|559|121.86500549316406
11|564|108.9505386352539
11|621|117.00370025634766
11|642|121.92240905761719
11|645|110.99552154541016
11|921|167.9650421142578
11|988|60.10395431518555
11|997|81.3363037109375
11|999|81.23828887939453
11|1004|122.94279479980469
11|1008|137.7234344482422
11|1010|137.69981384277344
11|1020|105.87541961669922
11|1026|126.94803619384766
11|1031|125.28338623046875
11|1056|72.2865982055664
11|1058|63.388668060302734
11|1306|98.5082015991211
11|1316|104.83930969238281
11|1319|104.69451141357422
11|1321|103.24732971191406
11|1328|105.10041809082031
11|1331|103.00284576416016
11|1336|107.1144027709961
11|1341|111.60250854492188
11|1346|121.55319213867188
11|1352|111.03263092041016
11|1356|81.54739379882812
11|1362|77.41085052490234
11|1367|74.36042022705078
11|1371|76.84750366210938
11|1377|99.0252685546875
11|1380|98.57708740234375
11|1617|59.825172424316406
11|1629|125.18914031982422
11|1635|100.07391357421875
11|1640|99.87496948242188
11|1644|95.8219985961914
11|1652|102.43156433105469
11|1659|95.98316192626953
11|1668|123.98451232910156
11|1678|132.15371704101562
11|1684|125.48384857177734
11|1688|118.75016021728516
11|1693|118.39132690429688
11|1699|112.77679443359375
11|1704|107.46326446533203
11|1952|136.18667602539062
11|1969|182.9117431640625
11|1978|253.98045349121094
11|1982|253.52957153320312
11|1985|245.9702911376953
11|2002|184.4416046142578
11|2015|118.56632232666016
11|2023|122.96404266357422
11|2113|136.7337188720703
11|2250|70.22462463378906
11|2263|117.02050018310547
11|2287|60.04887390136719
11|2398|182.96826171875
11|2456|272.54840087890625
11|2476|277.3679504394531
11|2496|275.95916748046875
11|2516|259.1369934082031
11|2528|70.30941772460938
11|2536|243.95657348632812
11|2577|271.2410888671875
12|136|158.88253784179688
12|139|141.59519958496094
12|161|100.82429504394531
12|166|104.251220703125
12|213|181.01693725585938
12|217|146.1468505859375
12|239|126.28132629394531
12|247|127.18157196044922
12|287|74.54064178466797
12|297|110.88323974609375
12|301|103.85005187988281
12|304|189.4367218017578
12|317|100.40830993652344
12|456|104.1059341430664
12|462|83.21160888671875
12|479|108.97322845458984
12|558|128.3299102783203
12|561|97.75242614746094
12|641|134.7495574951172
12|649|107.51810455322266
12|696|84.06240844726562
12|941|164.63314819335938
12|961|139.1329345703125
12|990|77.67837524414062
12|1014|94.78713989257812
12|1022|264.8990173339844
12|1033|135.24705505371094
12|1036|126.13508605957031
12|1042|206.6278076171875
12|1057|87.16346740722656
12|1315|89.4840316772461
12|1325|91.77783203125
12|1366|67.96524810791016
12|1603|60.93489456176758
12|1667|101.50511932373047
12|1696|97.43181610107422
12|1706|90.09832000732422
12|1953|133.0830078125
12|1971|182.74917602539062
12|2011|114.79491424560547
12|2249|111.75943756103516
12|2275|167.981689453125
12|2284|89.26531982421875
12|2466|79.08246612548828
13|146|158.52957153320312
13|227|160.8673095703125
13|233|139.42791748046875
13|305|182.7211151123047
13|372|71.32087707519531
13|378|160.3081817626953
13|382|159.56007385253906
13|386|192.64532470703125
13|391|140.90640258789062
13|398|152.9555206298828
13|403|78.673828125
13|408|63.11223602294922
13|468|134.18055725097656
13|547|133.16012573242188
13|690|76.58490753173828
13|695|69.57955932617188
13|701|149.72866821289062
13|704|156.2371826171875
13|707|149.6797332763672
13|711|149.76316833496094
13|722|138.58001708984375
13|725|166.76092529296875
13|728|167.00193786621094
13|1002|150.10916137695312
13|1034|129.88475036621094
13|1039|130.79409790039062
13|1043|193.68890380859375
13|1049|188.70745849609375
13|1225|111.4429931640625
13|1234|121.2630386352539
13|1238|103.25060272216797
13|1246|89.51371002197266
13|1250|80.58773803710938
13|1255|83.66449737548828
13|1265|103.3896484375
13|1271|90.06395721435547
13|1276|106.4564437866211
13|1285|110.70088195800781
13|1288|108.09711456298828
13|1303|59.91826248168945
13|1548|94.30365753173828
13|1555|66.96930694580078
13|1559|56.99968719482422
13|1565|57.089351654052734
13|1569|105.13432312011719
13|1578|95.7110824584961
13|1584|65.53133392333984
13|1589|71.00043487548828
13|1871|136.58883666992188
13|1895|91.5819320678711
13|1900|112.75745391845703
13|1911|119.0182876586914
13|1916|101.90747833251953
13|1921|122.56673431396484
13|1931|128.88876342773438
13|1949|71.44779968261719
13|2033|91.12003326416016
13|2074|100.0708236694336
13|2114|74.42587280273438
13|2194|100.11868286132812
13|2196|83.21088409423828
13|2200|73.29203796386719
13|2204|104.9847412109375
13|2209|62.762718200683594
13|2214|132.91009521484375
13|2218|100.8169174194336
13|2221|80.91324615478516
13|2224|99.8123779296875
13|2231|95.82015991210938
13|2244|169.72415161132812
13|2253|76.08751678466797
13|2400|148.6916046142578
13|2462|57.78659439086914
13|2528|96.12187194824219
13|2536|243.3185272216797
13|2556|229.52886962890625
13|2567|108.61302947998047
13|2569|106.1092300415039
13|2576|248.288330078125
14|167|103.14189910888672
14|228|176.07049560546875
14|248|85.32755279541016
14|307|148.4249725341797
14|309|146.6336669921875
14|389|142.4317626953125
14|471|110.55035400390625
14|490|83.96353912353516
14|551|109.29291534423828
14|630|113.49993133544922
14|651|66.42829895019531
14|713|131.081298828125
14|731|110.71984100341797
14|1274|101.92435455322266
14|1279|105.5892105102539
14|1284|112.80814361572266
14|1581|74.14430236816406
14|1598|100.09095001220703
14|1791|75.86165618896484
14|1803|58.3677978515625
14|1809|84.0903091430664
14|1885|131.45925903320312
14|1898|89.21715545654297
14|1920|115.24102020263672
14|1933|122.92223358154297
14|1948|63.385459899902344
14|2117|76.93093872070312
14|2143|63.24279022216797
14|2227|76.18700408935547
14|2236|82.02957916259766
14|2402|83.35897827148438
14|2435|254.14981079101562
14|2438|66.35955047607422
14|2450|210.89524841308594
14|2455|229.00782775878906
14|2458|62.30840301513672
14|2470|175.86447143554688
14|2475|201.56097412109375
14|2479|87.82794189453125
14|2483|82.36943817138672
14|2487|210.63259887695312
14|2499|77.80597686767578
14|2511|176.58555603027344
14|2520|82.23196411132812
14|2524|72.44027709960938
14|2527|94.84278106689453
14|2544|166.3672637939453
14|2548|86.85547637939453
14|2552|102.96763610839844
14|2560|57.84429168701172
14|2566|95.99143981933594
14|2579|58.39309310913086
14|2582|65.06342315673828
15|249|121.79845428466797
15|409|63.392398834228516
15|530|55.84513854980469
15|732|82.20637512207031
15|861|83.1500473022461
15|934|139.36932373046875
15|1042|97.3985595703125
15|1053|201.93045043945312
15|1056|71.12051391601562
15|1061|77.1980209350586
15|1063|61.84939193725586
15|1065|64.79093933105469
15|1077|94.0360107421875
15|1081|93.3191909790039
15|1092|124.81501770019531
15|1096|105.51101684570312
15|1101|98.40494537353516
15|1106|85.95594787597656
15|1109|85.9159927368164
15|1115|71.3123550415039
15|1120|69.4168701171875
15|1126|64.81706237792969
15|2395|158.53453063964844
15|2476|200.4679412841797
15|2496|185.83543395996094
15|2526|75.7856674194336
16|168|90.10044860839844
16|410|57.58695983886719
16|428|169.44688415527344
16|491|78.63209533691406
16|569|119.14456939697266
16|773|178.25161743164062
16|935|197.6693878173828
16|941|90.38435363769531
16|1001|88.17153930664062
16|1058|92.95457458496094
16|1582|80.63285064697266
16|2264|59.035865783691406
16|2527|81.5277099609375
16|2576|157.64471435546875
17|169|102.9986572265625
17|172|95.44658660888672
17|187|98.67928314208984
17|250|119.44893646240234
17|267|222.9678955078125
17|346|150.10011291503906
17|351|154.19781494140625
17|429|169.14236450195312
17|433|173.79432678222656
17|493|88.1866226196289
17|510|133.65699768066406
17|513|122.20548248291016
17|570|152.35848999023438
17|574|119.66089630126953
17|592|120.33482360839844
17|652|62.265411376953125
17|672|127.83847045898438
17|675|130.43048095703125
17|733|56.042781829833984
17|752|129.0830078125
17|755|115.87120056152344
17|800|63.212467193603516
17|881|99.13986206054688
17|936|148.97933959960938
17|982|149.24530029296875
17|992|83.82133483886719
17|997|68.86241149902344
17|1026|75.02864837646484
17|1032|81.85372161865234
17|1052|88.00759887695312
17|1064|123.6744613647461
17|1068|129.03594970703125
17|1071|159.84066772460938
17|1076|122.86405181884766
17|1173|152.75054931640625
17|1386|87.88445281982422
17|1397|102.7638931274414
17|1407|93.59135437011719
17|1416|88.49303436279297
17|1427|89.91252899169922
17|1436|75.31922149658203
17|1447|97.31317901611328
17|1457|81.62959289550781
17|1585|200.77919006347656
17|1656|84.03289794921875
17|1709|87.45220184326172
17|1720|93.1241683959961
17|1730|68.6039810180664
17|1740|81.92703247070312
17|1750|80.13983917236328
17|1760|90.18746948242188
17|1770|85.32772064208984
17|1781|85.8424301147461
17|1968|97.07489776611328
17|1972|94.83624267578125
17|1979|93.25299072265625
17|1983|92.47056579589844
17|2040|95.42332458496094
17|2065|86.3363037109375
17|2072|106.68163299560547
17|2082|147.6332244873047
17|2092|129.71827697753906
17|2159|57.26228332519531
17|2194|81.38809204101562
17|2202|64.778564453125
17|2208|56.579559326171875
17|2211|58.1258430480957
17|2285|57.430419921875
17|2396|159.20541381835938
17|2525|56.06183624267578
17|2529|111.56218719482422
17|2533|106.56798553466797
17|2536|178.2047882080078
17|2544|63.61017990112305
17|2546|67.79612731933594
17|2549|70.66022491455078
17|2552|73.81133270263672
17|2570|85.37442016601562
18|174|90.19842529296875
18|179|91.1690902709961
18|183|89.80432891845703
18|252|162.90513610839844
18|254|160.4049530029297
18|258|177.16371154785156
18|328|109.23025512695312
18|330|116.69226837158203
18|344|109.12928009033203
18|426|105.6767349243164
18|495|94.66326141357422
18|502|73.2873764038086
18|507|83.90125274658203
18|580|130.99290466308594
18|583|112.2344970703125
18|588|97.95515441894531
18|653|71.94990539550781
18|670|100.17578125
18|756|81.1304931640625
18|824|108.62107849121094
18|843|68.78389739990234
18|884|114.6199722290039
18|892|105.27497863769531
18|899|69.5995864868164
18|1022|65.87722778320312
18|1042|85.76657104492188
18|1056|67.18321228027344
18|1059|151.7923126220703
18|1063|148.14463806152344
18|1067|135.57296752929688
18|1080|72.39950561523438
18|1084|77.74365234375
18|1145|115.90006256103516
18|1155|71.27741241455078
18|1159|57.49140167236328
18|1165|130.64720153808594
18|1176|69.39071655273438
18|1185|106.08174133300781
18|1195|101.68033599853516
18|1205|107.40731811523438
18|1211|84.71522521972656
18|1214|85.33235168457031
18|1217|84.91526794433594
18|1334|76.95315551757812
18|1468|100.69026184082031
18|1478|98.89356994628906
18|1482|60.1776123046875
18|1488|120.21674346923828
18|1498|111.54395294189453
18|1508|111.63297271728516
18|1517|124.47003173828125
18|1528|103.72577667236328
18|1532|86.27690887451172
18|1540|78.22616577148438
18|1544|65.95560455322266
18|1584|231.33670043945312
18|1739|61.580020904541016
18|1792|119.58089447021484
18|1802|79.44033813476562
18|1807|57.23044204711914
18|1811|126.520751953125
18|1820|111.7437744140625
18|1825|73.28441619873047
18|1831|126.6121826171875
18|1841|81.1247329711914
18|1852|118.45526123046875
18|1861|102.2046890258789
18|2127|114.17833709716797
18|2157|118.11769104003906
18|2167|113.31370544433594
18|2395|89.49988555908203
18|2442|165.38751220703125
18|2452|177.0622100830078
18|2458|91.00186920166016
18|2467|181.8296356201172
18|2483|92.79005432128906
18|2486|74.70613861083984
18|2493|130.80325317382812
18|2495|154.4888916015625
18|2505|176.81707763671875
18|2509|238.92239379882812
18|2514|205.5207061767578
18|2556|134.73829650878906
19|332|122.75140380859375
19|530|74.33555603027344
19|611|57.45082473754883
19|654|75.98129272460938
19|669|95.44183349609375
19|734|61.013179779052734
19|775|133.5224609375
19|900|88.5611343383789
19|1062|73.85607147216797
19|1191|62.249019622802734
19|1210|93.43505096435547
19|1258|267.3523254394531
19|1514|56.1059455871582
19|1527|77.5739974975586
19|1583|200.29502868652344
19|1799|87.47199249267578
19|2133|214.8809051513672
19|2155|116.26077270507812
19|2160|135.73858642578125
19|2163|204.02072143554688
19|2177|64.5237808227539
19|2455|165.26251220703125
19|2475|158.5242156982422
19|2485|74.88957214355469
19|2576|166.3450469970703
20|289|69.12491607666016
20|333|122.87226867675781
20|343|97.37120819091797
20|416|204.96310424804688
20|418|201.25392150878906
20|423|185.86077880859375
20|610|80.10095977783203
20|655|85.01097106933594
20|664|96.13153076171875
20|668|104.9104232788086
20|736|71.26835632324219
20|742|111.38230895996094
20|747|117.7796859741211
20|780|106.43463134765625
20|802|164.9490966796875
20|808|322.9820861816406
20|820|79.40470886230469
20|909|56.82887268066406
20|922|81.27655029296875
20|926|84.7346420288086
20|929|81.30221557617188
20|931|88.44944763183594
20|935|107.14248657226562
20|938|90.6656723022461
20|943|88.04764556884766
20|947|79.74534606933594
20|963|199.3814239501953
20|969|349.5060729980469
20|976|72.096923828125
20|980|80.58075714111328
20|983|56.166595458984375
20|1013|89.48321533203125
20|1017|78.0628662109375
20|1019|79.67436218261719
20|1033|58.02891540527344
20|1036|70.74880981445312
20|1039|78.88446044921875
20|1044|132.82127380371094
20|1046|174.4400634765625
20|1050|156.80010986328125
20|1261|64.61078643798828
20|1264|73.96067810058594
20|1274|112.36476135253906
20|1299|60.36814880371094
20|1304|60.91776657104492
20|1342|118.78627014160156
20|1419|57.85912322998047
20|1597|140.44969177246094
20|1667|64.41151428222656
20|1741|78.70309448242188
20|1901|70.68777465820312
20|1905|73.32022857666016
20|1927|59.219459533691406
20|2113|268.470458984375
20|2118|274.87603759765625
20|2123|222.9473419189453
20|2128|180.16307067871094
20|2139|219.480224609375
20|2144|274.54534912109375
20|2149|257.5626525878906
20|2159|203.8699188232422
20|2164|224.99581909179688
20|2169|249.77114868164062
20|2174|220.380126953125
20|2179|241.37559509277344
20|2184|243.76087951660156
20|2189|231.8899688720703
20|2194|240.49594116210938
20|2199|247.2660675048828
20|2204|206.4024658203125
20|2209|224.3790740966797
20|2214|225.04147338867188
20|2219|251.43011474609375
20|2224|239.5487823486328
20|2230|176.83316040039062
20|2234|198.77069091796875
20|2239|269.8736572265625
20|2245|239.4453125
20|2250|179.033447265625
20|2255|250.19998168945312
20|2260|236.4880828857422
20|2265|196.27719116210938
20|2270|239.9991455078125
20|2275|241.85594177246094
20|2280|244.63038635253906
20|2285|241.2969207763672
20|2290|215.72119140625
20|2295|167.45977783203125
20|2300|179.476318359375
20|2305|238.18450927734375
20|2310|276.1002502441406
20|2315|251.5751495361328
20|2320|236.86563110351562
20|2325|214.4829559326172
20|2330|223.0387725830078
20|2335|227.30406188964844
20|2340|220.08718872070312
20|2345|208.50164794921875
20|2350|217.84384155273438
20|2355|216.85948181152344
20|2388|162.9198760986328
20|2435|105.11576080322266
20|2496|128.73121643066406
20|2529|106.38745880126953
20|2568|75.8675537109375
20|2573|88.56282806396484
20|2579|65.61865997314453
21|335|100.11627960205078
21|414|194.30288696289062
21|421|187.89797973632812
21|464|62.996681213378906
21|609|76.73265075683594
21|617|126.44924926757812
21|658|97.24107360839844
21|661|91.11170959472656
21|779|97.91839599609375
21|800|120.53511047363281
21|809|345.8437805175781
21|901|85.42481994628906
21|918|61.42705535888672
21|932|78.65048217773438
21|937|76.7484130859375
21|942|95.74370574951172
21|962|165.5532684326172
21|970|356.10333251953125
21|1031|68.0326919555664
21|1043|128.52188110351562
21|1045|134.88983154296875
21|1052|122.46476745605469
21|1204|141.46575927734375
21|1210|97.95231628417969
21|1248|57.02576446533203
21|1281|69.36466979980469
21|1303|58.957916259765625
21|1341|141.8478240966797
21|1362|63.6723518371582
21|1364|56.579280853271484
21|1420|73.60125732421875
21|1530|62.575157165527344
21|1586|70.23001861572266
21|1658|71.2500991821289
21|1747|60.93016815185547
21|1890|59.59291458129883
21|2105|57.94261932373047
21|2148|251.3062286376953
21|2153|202.09420776367188
21|2158|178.6669464111328
21|2249|156.0399627685547
21|2259|213.8653564453125
21|2279|206.56263732910156
21|2289|165.31314086914062
21|2358|157.95640563964844
21|2547|160.82464599609375
21|2572|77.12604522705078
21|2577|91.396728515625
22|225|57.74353790283203
22|237|116.00786590576172
22|626|63.489463806152344
22|810|240.02427673339844
22|1053|105.83565521240234
22|1095|229.4576873779297
22|1110|161.37640380859375
22|1122|142.6385955810547
22|1132|189.5163116455078
22|1175|268.27313232421875
22|1355|57.73685836791992
22|1360|76.00110626220703
22|1448|172.2340087890625
22|1603|106.60643005371094
22|1610|237.4693145751953
22|1664|122.30491638183594
22|1748|60.42365264892578
22|1824|62.840782165527344
22|2112|146.21641540527344
22|2140|62.87224197387695
22|2167|76.88225555419922
22|2294|146.95921325683594
22|2395|159.71885681152344
22|2416|98.05638122558594
22|2434|86.24188232421875
22|2451|89.99691009521484
22|2455|101.181396484375
22|2471|74.20689392089844
22|2495|101.87036895751953
22|2576|87.59730529785156
23|125|86.07650756835938
23|139|171.45472717285156
23|156|165.73695373535156
23|162|148.01766967773438
23|167|82.25020599365234
23|171|93.6685562133789
23|205|102.8873062133789
23|214|172.3009796142578
23|235|57.71231460571289
23|238|159.02455139160156
23|245|157.98147583007812
23|264|57.51903533935547
23|282|57.909637451171875
23|287|99.83479309082031
23|291|80.91273498535156
23|297|175.28457641601562
23|303|112.07337188720703
23|314|56.483131408691406
23|325|63.2308464050293
23|331|94.95470428466797
23|359|65.12174987792969
23|368|91.87469482421875
23|372|68.99773406982422
23|376|59.62575912475586
23|400|66.13642120361328
23|407|100.25022888183594
23|410|69.03939819335938
23|412|75.5915298461914
23|415|75.99788665771484
23|417|70.30165100097656
23|420|68.31262969970703
23|446|59.606998443603516
23|452|223.01853942871094
23|462|168.3899688720703
23|481|181.274169921875
23|488|58.68980026245117
23|509|60.7909049987793
23|528|87.21728515625
23|533|181.7024383544922
23|539|138.0637969970703
23|542|121.2847671508789
23|546|86.31572723388672
23|559|181.51956176757812
23|561|180.46083068847656
23|569|71.6889877319336
23|612|61.67621612548828
23|615|62.547149658203125
23|624|101.90518951416016
23|642|199.80038452148438
23|681|62.34953689575195
23|811|177.8995361328125
23|817|129.4198455810547
23|822|122.3894271850586
23|830|81.98373413085938
23|834|94.29804992675781
23|839|120.88890075683594
23|893|152.33853149414062
23|898|153.4467010498047
23|905|66.48284912109375
23|912|129.8316650390625
23|917|68.79515075683594
23|956|98.05352020263672
23|966|83.37077331542969
23|968|85.05266571044922
23|972|178.0379180908203
23|977|147.80311584472656
23|981|113.41876983642578
23|993|174.13587951660156
23|1002|91.25471496582031
23|1018|110.31816101074219
23|1021|90.52120971679688
23|1025|66.5886001586914
23|1028|60.2608757019043
23|1033|88.76537322998047
23|1052|117.66459655761719
23|1092|66.7679672241211
23|1101|350.8218994140625
23|1111|161.99249267578125
23|1155|60.164772033691406
23|1177|309.9369812011719
23|1182|355.52252197265625
23|1188|116.01615905761719
23|1192|172.29324340820312
23|1196|65.54468536376953
23|1217|66.40957641601562
23|1255|116.16800689697266
23|1280|128.05715942382812
23|1292|368.3069763183594
23|1344|152.6482696533203
23|1361|61.01576232910156
23|1424|266.677001953125
23|1433|72.45945739746094
23|1447|192.52667236328125
23|1505|219.93655395507812
23|1523|77.08790588378906
23|1527|147.36837768554688
23|1545|68.28128814697266
23|1579|202.30328369140625
23|1615|348.39874267578125
23|1658|66.5055923461914
23|1682|117.98383331298828
23|1749|71.54210662841797
23|1791|67.85308074951172
23|1794|69.11863708496094
23|1800|125.93147277832031
23|1807|80.06658172607422
23|1811|65.03299713134766
23|1816|88.75054168701172
23|1825|67.8888931274414
23|1827|71.27666473388672
23|1844|126.32772064208984
23|1865|81.60877990722656
23|1867|83.6324462890625
23|2120|68.5571060180664
23|2170|106.42063903808594
23|2184|124.99678039550781
23|2188|135.2526092529297
23|2314|90.09829711914062
23|2360|140.45828247070312
23|2418|90.86468505859375
23|2422|89.12055969238281
23|2432|152.19509887695312
23|2440|117.98968505859375
23|2446|137.3675994873047
23|2454|104.82929229736328
23|2463|78.67289733886719
23|2467|97.6059341430664
23|2472|56.273704528808594
23|2475|92.47966766357422
23|2479|76.51138305664062
23|2487|216.4636688232422
23|2493|65.3665542602539
23|2496|85.99395751953125
23|2507|133.07928466796875
23|2515|161.74264526367188
24|449|102.51641082763672
24|529|61.942325592041016
24|780|94.75022888183594
24|941|116.90546417236328
24|1003|80.64035034179688
24|1202|75.4698715209961
24|1209|78.89615631103516
24|1264|104.95764923095703
24|1293|289.1656188964844
24|1359|72.23210906982422
24|1587|135.9506072998047
24|1616|286.9683532714844
24|1666|123.15972137451172
24|2363|143.42515563964844
24|2396|179.1094207763672
24|2410|111.8548583984375
24|2435|88.6786880493164
25|304|91.31257629394531
25|382|68.66090393066406
25|451|64.30487060546875
25|479|77.67662048339844
25|486|57.498321533203125
25|650|66.45486450195312
25|692|96.29795837402344
25|723|66.29209899902344
25|779|93.0756607055664
25|793|127.85700225830078
25|820|67.52896881103516
25|842|85.40084838867188
25|940|95.10120391845703
25|955|107.4175033569336
25|1004|91.1552734375
25|1012|77.55066680908203
25|1112|179.29330444335938
25|1132|68.76731872558594
25|1294|192.75689697265625
25|1342|109.99754333496094
25|1368|166.3343505859375
25|1495|81.00257110595703
25|1617|172.6252899169922
25|1665|130.76654052734375
25|1677|134.06430053710938
25|1695|268.27313232421875
25|2168|92.29167938232422
25|2194|63.87255859375
25|2199|64.63789367675781
25|2365|128.8123779296875
25|2409|133.6079559326172
25|2495|69.56929779052734
26|305|85.58480834960938
26|337|70.89324951171875
26|339|68.90898895263672
26|350|63.7326545715332
26|352|74.75579833984375
26|360|55.87828826904297
26|371|175.31028747558594
26|377|100.65966033935547
26|380|101.15534210205078
26|386|125.40132904052734
26|389|110.23446655273438
26|392|106.6924819946289
26|398|145.39962768554688
26|409|58.952171325683594
26|416|87.78936767578125
26|420|81.88441467285156
26|427|71.81295776367188
26|438|83.43921661376953
26|443|70.14946746826172
26|448|90.33491516113281
26|462|68.49109649658203
26|466|100.80313110351562
26|469|90.80644226074219
26|472|92.51493835449219
26|482|72.17949676513672
26|484|73.7325439453125
26|488|69.00093078613281
26|493|62.314918518066406
26|546|86.87924194335938
26|690|152.26690673828125
26|700|137.10157775878906
26|702|128.69808959960938
26|705|90.75324249267578
26|710|77.19094848632812
26|722|75.61666870117188
26|724|90.75920104980469
26|726|81.41403198242188
26|729|67.36582946777344
26|749|65.49095916748047
26|751|71.1438980102539
26|757|71.44673919677734
26|764|55.845497131347656
26|768|61.516136169433594
26|791|173.90353393554688
26|795|100.657958984375
26|799|98.26686096191406
26|805|66.15792846679688
26|807|56.5575065612793
26|848|92.49139404296875
26|905|57.303531646728516
26|923|70.5404281616211
26|927|99.19145965576172
26|930|108.83226013183594
26|952|188.1988067626953
26|956|84.35526275634766
26|960|93.08868408203125
26|963|71.51224517822266
26|966|63.63177490234375
26|1006|111.28195190429688
26|1008|127.26377868652344
26|1042|77.38703155517578
26|1193|111.32095336914062
26|1346|237.26255798339844
26|1351|196.78822326660156
26|1353|175.63693237304688
26|1366|151.01722717285156
26|1369|186.7779083251953
26|1371|192.53359985351562
26|1373|192.3622589111328
26|1525|108.80382537841797
26|1602|91.84906005859375
26|1669|219.80435180664062
26|1675|180.16111755371094
26|1696|270.920654296875
26|1750|104.03140258789062
26|1759|95.959228515625
26|2060|78.09940338134766
26|2173|94.97379302978516
26|2183|63.06147384643555
26|2186|83.79821014404297
26|2191|57.09489440917969
26|2204|78.47553253173828
26|2397|217.93148803710938
26|2406|162.7771453857422
27|52|88.96312713623047
27|61|91.54523468017578
27|66|76.201171875
27|122|62.611427307128906
27|147|77.59841918945312
27|182|70.44803619384766
27|186|59.39994430541992
27|213|63.00986862182617
27|226|111.21923065185547
27|230|121.05778503417969
27|235|77.04371643066406
27|237|78.24102020263672
27|253|68.6819839477539
27|266|68.4593505859375
27|306|94.36865234375
27|376|65.42951965332031
27|529|96.2856216430664
27|534|75.43623352050781
27|538|64.46785736083984
27|545|92.30109405517578
27|567|71.27539825439453
27|589|62.926490783691406
27|592|67.91085815429688
27|595|63.09428024291992
27|616|69.00971221923828
27|620|71.16793060302734
27|630|142.12413024902344
27|639|73.35221862792969
27|649|79.0479736328125
27|679|56.9545783996582
27|694|79.1778564453125
27|696|89.353515625
27|712|73.9439926147461
27|717|75.26168060302734
27|782|224.99942016601562
27|785|162.0711212158203
27|788|165.08116149902344
27|856|57.741790771484375
27|859|62.53636169433594
27|862|64.99005889892578
27|864|57.84296798706055
27|871|105.49931335449219
27|876|60.033329010009766
27|880|72.44169616699219
27|884|83.51561737060547
27|886|82.32249450683594
27|889|87.46515655517578
27|892|76.7525634765625
27|895|82.181884765625
27|914|67.28810119628906
27|917|75.7508773803711
27|919|68.59442901611328
27|943|189.2216033935547
27|946|141.3565673828125
27|949|166.57733154296875
27|1013|71.19886779785156
27|1046|93.40811920166016
27|1048|88.20074462890625
27|1053|102.49980926513672
27|1228|60.35633087158203
27|1276|158.88929748535156
27|1278|157.07379150390625
27|1336|63.31062698364258
27|1338|66.65641021728516
27|1356|125.21248626708984
27|1413|62.909000396728516
27|1494|61.85789108276367
27|1516|70.93443298339844
27|1521|177.0025634765625
27|1524|164.97402954101562
27|1535|73.90714263916016
27|1571|92.4587173461914
27|1578|79.72034454345703
27|1588|72.93852996826172
27|1596|57.83346939086914
27|1599|191.79759216308594
27|1659|70.78105163574219
27|1661|87.36864471435547
27|1679|143.87254333496094
27|1688|95.8506851196289
27|1692|78.52068328857422
27|1751|91.90792846679688
27|1806|56.29058074951172
27|1851|58.978248596191406
27|1858|77.60142517089844
27|1911|58.07265090942383
27|1913|60.50422668457031
27|1947|58.376739501953125
27|2000|58.426483154296875
27|2018|57.99789810180664
27|2116|59.288124084472656
27|2122|81.90345764160156
27|2141|89.71783447265625
27|2158|75.69596862792969
27|2178|67.95121765136719
27|2209|93.98379516601562
27|2223|74.70930480957031
27|2238|96.20318603515625
27|2243|93.0634536743164
27|2246|62.00177764892578
27|2368|126.84989929199219
27|2371|76.95841979980469
27|2398|206.08799743652344
27|2403|138.81649780273438
27|2405|185.80477905273438
27|2443|80.8334732055664
27|2464|59.030845642089844
27|2473|86.38477325439453
27|2506|61.482627868652344
27|2509|80.12789916992188
27|2523|81.5396957397461
27|2528|84.13646697998047
27|2531|80.76654052734375
27|2544|65.1329116821289
27|2547|129.2735137939453
27|2564|68.61892700195312
28|167|56.38020324707031
28|408|60.96223831176758
28|521|64.07267761230469
28|531|69.97620391845703
28|770|122.11263275146484
28|786|110.94573974609375
28|789|150.86497497558594
28|948|115.17821502685547
28|951|131.10899353027344
28|1002|71.39216613769531
28|1030|57.72018814086914
28|1113|74.29425811767578
28|1204|65.1092529296875
28|1279|167.08363342285156
28|1536|72.99588012695312
28|2208|80.27101135253906
28|2214|82.09525299072266
28|2404|171.64663696289062
28|2435|111.44441986083984
28|2455|70.72565460205078
28|2520|70.5237045288086
28|2536|76.3182601928711
28|2546|111.2339096069336
28|2556|96.0040512084961
29|1495|56.50847625732422
29|2168|73.44095611572266
29|2370|106.37525177001953
29|2495|60.65988540649414
29|2576|60.79054641723633
30|769|88.52090454101562
30|932|73.56668090820312
30|1536|83.97250366210938
30|2040|80.39785766601562
30|2046|64.14864349365234
30|2051|60.562255859375
30|2056|58.926841735839844
30|2213|66.67565155029297
30|2219|74.00391387939453
30|2224|74.28894805908203
30|2264|59.69339370727539
30|2373|106.01496124267578
30|2516|77.21134185791016
31|369|72.68341064453125
31|610|95.26415252685547
31|752|80.15581512451172
31|768|87.45933532714844
31|773|77.76546478271484
31|902|65.15926361083984
31|904|63.23857116699219
31|931|56.46293258666992
31|934|90.61369323730469
31|1092|84.87213897705078
31|1414|93.44074249267578
31|1537|108.48033142089844
31|1737|56.88291931152344
31|2034|83.32955932617188
31|2052|62.64398193359375
31|2173|62.934478759765625
31|2178|62.019351959228516
31|2218|61.663814544677734
31|2229|73.181640625
32|448|87.98249816894531
32|529|72.1799545288086
32|771|106.21859741210938
32|1133|118.99903869628906
32|1375|65.06829833984375
32|1538|84.36837005615234
32|1698|64.34842681884766
32|2375|136.44091796875
32|2475|62.0191764831543
33|164|81.5007553100586
33|410|134.1033172607422
33|770|118.29898071289062
33|932|62.495811462402344
33|1295|67.14898681640625
33|1415|131.60174560546875
33|1618|72.99706268310547
33|2254|63.38466262817383
33|2576|71.77999877929688
34|29|60.666221618652344
34|142|58.01066970825195
34|160|97.15493774414062
34|163|103.58061218261719
34|171|105.34453582763672
34|185|119.86261749267578
34|188|95.79684448242188
34|205|74.48587036132812
34|253|60.53944396972656
34|265|58.0900764465332
34|267|76.64511108398438
34|287|57.8375244140625
34|338|66.71630859375
34|349|84.8222427368164
34|369|67.5154037475586
34|415|57.66828536987305
34|429|89.5764389038086
34|431|71.13956451416016
34|451|62.84440994262695
34|488|57.55586624145508
34|528|74.24356079101562
34|571|67.75308990478516
34|574|60.88519287109375
34|620|83.50823211669922
34|625|97.22905731201172
34|675|63.607383728027344
34|769|94.08860778808594
34|822|89.37224578857422
34|826|73.86723327636719
34|831|58.425201416015625
34|871|74.63367462158203
34|873|73.8828353881836
34|983|77.38862609863281
34|995|76.70089721679688
34|1013|64.04857635498047
34|1061|63.804447174072266
34|1456|125.68712615966797
34|1872|79.14579772949219
34|1955|90.87338256835938
34|1957|87.39271545410156
34|1960|86.2260971069336
34|1965|74.82234191894531
34|1968|71.88067626953125
34|2001|61.00383758544922
34|2005|64.21953582763672
34|2013|56.11665344238281
34|2024|61.925960540771484
34|2035|64.69840240478516
34|2071|60.770835876464844
34|2102|72.01152801513672
34|2110|85.44805145263672
34|2234|75.79855346679688
34|2239|66.3067626953125
34|2275|116.67893981933594
34|2284|95.41632080078125
34|2292|64.02326965332031
34|2295|63.85770034790039
34|2339|60.98796081542969
34|2377|94.4922103881836
34|2396|68.42979431152344
34|2435|95.9454345703125
34|2535|89.27173614501953
35|157|91.17893981933594
35|161|115.61434936523438
35|170|93.29341888427734
35|173|88.3529052734375
35|183|86.46056365966797
35|235|86.65544891357422
35|266|77.0909652709961
35|297|123.68022918701172
35|327|108.00105285644531
35|348|77.77619171142578
35|370|59.4872932434082
35|572|67.46437072753906
35|575|63.55949401855469
35|589|58.188690185546875
35|619|97.89188385009766
35|770|93.73226165771484
35|860|57.987850189208984
35|872|77.21458435058594
35|1064|56.10679244995117
35|1173|71.08816528320312
35|1412|101.17162322998047
35|1657|90.74195861816406
35|1963|71.8060302734375
35|2032|99.04821014404297
35|2072|83.81369018554688
35|2078|74.36701202392578
35|2112|68.36921691894531
35|2264|56.697818756103516
35|2276|116.24530029296875
35|2280|101.51889038085938
35|2294|75.35867309570312
35|2475|59.02077102661133
35|2516|56.887088775634766
35|2556|63.574466705322266
36|174|76.66079711914062
36|177|74.90147399902344
36|182|62.71393585205078
36|251|92.54418182373047
36|254|95.17527770996094
36|496|61.19560623168945
36|578|63.70528030395508
36|583|84.45777130126953
36|588|75.26222229003906
36|626|59.50481033325195
36|825|71.16121673583984
36|838|64.90971374511719
36|850|59.33967590332031
36|862|60.6467170715332
36|899|62.36048126220703
36|932|165.90338134765625
36|1053|64.52896118164062
36|1056|56.29140090942383
36|1058|58.83201599121094
36|1066|57.944828033447266
36|1068|62.30379104614258
36|1070|65.56548309326172
36|1072|66.10029602050781
36|1075|73.54215240478516
36|1077|70.79270935058594
36|1092|91.45433044433594
36|1245|58.32488250732422
36|1334|123.61168670654297
36|1413|143.70947265625
36|1497|132.35256958007812
36|2116|63.95802688598633
36|2259|63.011905670166016
36|2269|86.55304718017578
36|2380|90.00206756591797
36|2452|70.57806396484375
36|2495|57.16910171508789
37|175|72.27679443359375
37|253|89.22804260253906
37|407|110.41871643066406
37|1069|62.507171630859375
37|1076|67.07086944580078
37|1091|94.24795532226562
37|1329|76.80229187011719
37|1416|103.20623016357422
37|1489|80.47808837890625
37|1652|71.55248260498047
38|722|61.83499526977539
38|1092|73.8411636352539
38|1414|104.14479064941406
38|1495|68.5785903930664
38|1739|84.7397232055664
38|2385|143.6666259765625
38|2435|76.75898742675781
38|2455|68.14671325683594
38|2516|63.58412170410156
39|378|115.77368927001953
39|398|70.56775665283203
39|691|118.15969848632812
39|707|97.92988586425781
39|710|59.632911682128906
39|721|61.0981330871582
39|1093|58.619266510009766
39|1413|67.78472900390625
39|1418|79.38875579833984
40|369|89.00653839111328
40|425|64.05313110351562
40|711|77.44448852539062
40|1086|84.02281188964844
40|1094|63.43479537963867
40|1174|56.53573226928711
40|1657|71.77037811279297
40|2032|68.65558624267578
40|2387|169.33154296875
41|225|59.94684600830078
41|307|71.33824157714844
41|336|59.37101745605469
41|338|56.881134033203125
41|408|94.8840560913086
41|424|61.5738525390625
41|609|73.81293487548828
41|665|59.02878189086914
41|712|84.0036849975586
41|746|89.1356201171875
41|761|80.16960144042969
41|764|85.347900390625
41|801|164.23825073242188
41|823|71.85637664794922
41|930|142.8397979736328
41|939|125.93318176269531
41|962|138.14297485351562
41|965|123.34856414794922
41|977|79.06600189208984
41|989|93.67106628417969
41|993|90.67293548583984
41|1005|68.20663452148438
41|1012|82.10403442382812
41|1016|79.38451385498047
41|1026|76.54764556884766
41|1036|59.00379943847656
41|1093|56.62971115112305
41|1304|58.87249755859375
41|1416|104.98284149169922
41|1648|61.798519134521484
41|1650|66.82599639892578
41|1658|64.77486419677734
41|1740|175.28817749023438
41|1963|56.63762283325195
41|2033|62.850242614746094
41|2071|111.9751205444336
41|2078|67.11729431152344
41|2166|59.560420989990234
41|2169|58.34817123413086
41|2172|55.83576202392578
41|2225|62.72300720214844
41|2248|58.225765228271484
41|2259|102.40752410888672
41|2273|70.51424407958984
41|2289|97.32575988769531
41|2292|62.343955993652344
41|2297|60.45487594604492
41|2386|176.63580322265625
41|2569|65.37580108642578
42|1420|79.9664077758789
43|2388|79.93042755126953
44|1130|128.83511352539062
44|1190|76.58081817626953
44|1434|77.17536926269531
44|1498|102.8818359375
44|2294|65.22438049316406
44|2505|61.033267974853516
45|206|83.6962661743164
45|810|66.91112518310547
45|910|97.38031768798828
45|1098|67.29304504394531
45|1129|212.12771606445312
45|1204|67.31781005859375
45|1255|139.61241149902344
45|1424|72.75707244873047
45|1499|168.95144653320312
45|1510|159.6596221923828
45|1590|230.70248413085938
45|1610|78.82420349121094
45|2274|60.16373825073242
45|2281|61.06492614746094
45|2385|92.34779357910156
45|2390|77.95911407470703
45|2440|67.78795623779297
45|2465|65.11084747314453
46|32|80.68265533447266
46|37|70.34701538085938
46|86|83.41656494140625
46|106|74.67479705810547
46|110|76.23435974121094
46|150|70.02826690673828
46|154|75.52732849121094
46|158|87.24327087402344
46|167|63.6449089050293
46|170|60.378517150878906
46|205|72.6436767578125
46|215|56.19478988647461
46|221|62.21535873413086
46|224|61.9903678894043
46|248|57.94043731689453
46|267|59.843238830566406
46|271|56.186363220214844
46|327|65.18173217773438
46|347|76.58379364013672
46|352|93.04096221923828
46|392|65.36212921142578
46|428|72.4777603149414
46|435|68.66635131835938
46|439|56.90757751464844
46|490|74.94624328613281
46|514|64.51312255859375
46|525|68.70680236816406
46|556|70.47282409667969
46|603|56.03480529785156
46|606|61.79343795776367
46|620|111.18878173828125
46|630|58.69416427612305
46|643|90.40576171875
46|677|59.835777282714844
46|680|60.26694869995117
46|717|60.1605339050293
46|813|95.03189849853516
46|817|71.13096618652344
46|824|69.76496124267578
46|838|172.62168884277344
46|844|120.06912994384766
46|848|134.20066833496094
46|862|65.29436492919922
46|866|59.40493392944336
46|874|195.69383239746094
46|877|194.1665496826172
46|884|138.8354949951172
46|893|219.48744201660156
46|903|95.50776672363281
46|908|93.6209945678711
46|911|107.62287139892578
46|981|67.66301727294922
46|1002|59.439796447753906
46|1018|76.26266479492188
46|1079|90.25662994384766
46|1097|110.66928100585938
46|1127|228.26419067382812
46|1179|103.0478286743164
46|1186|97.0303726196289
46|1189|123.77509307861328
46|1202|66.51117706298828
46|1208|102.48458862304688
46|1266|245.85813903808594
46|1268|252.14471435546875
46|1286|122.17772674560547
46|1289|72.03002166748047
46|1419|198.13021850585938
46|1496|59.464088439941406
46|1500|163.0802764892578
46|1502|115.74154663085938
46|1505|98.58965301513672
46|1508|150.20938110351562
46|1513|58.58843994140625
46|1528|184.501953125
46|1589|255.2789306640625
46|1591|241.0262451171875
46|1609|112.85106658935547
46|1612|60.58167266845703
46|1770|145.78396606445312
46|1778|147.2838134765625
46|1789|69.47986602783203
46|1793|74.76721954345703
46|1797|91.15843963623047
46|1800|108.267333984375
46|1823|65.5318374633789
46|1829|115.49139404296875
46|1833|64.48393249511719
46|1850|122.86249542236328
46|1856|104.84027862548828
46|1878|72.19278717041016
46|1888|108.37383270263672
46|1899|66.732666015625
46|1908|102.20088195800781
46|1918|75.56765747070312
46|1924|56.62315368652344
46|1929|61.21092987060547
46|1949|84.91822052001953
46|1959|60.564273834228516
46|1969|112.74024200439453
46|1979|64.61737823486328
46|1989|101.73986053466797
46|1999|58.794376373291016
46|2009|86.07646179199219
46|2031|68.5189208984375
46|2040|61.9303092956543
46|2050|71.58126831054688
46|2112|68.40937805175781
46|2115|70.00122833251953
46|2125|73.35026550292969
46|2132|65.50932312011719
46|2137|128.65121459960938
46|2142|67.8584213256836
46|2146|67.74542999267578
46|2153|106.57311248779297
46|2155|74.8021240234375
46|2162|62.217159271240234
46|2167|60.67945861816406
46|2171|56.189002990722656
46|2180|70.69156646728516
46|2201|55.94184112548828
46|2211|58.379146575927734
46|2231|63.589847564697266
46|2252|56.40597152709961
46|2262|64.57017517089844
46|2272|57.70966720581055
46|2282|59.183021545410156
46|2291|79.86404418945312
46|2312|100.96688079833984
46|2353|61.74073028564453
46|2415|155.02603149414062
46|2424|256.5392150878906
46|2446|77.11907958984375
46|2460|66.35832977294922
46|2466|82.24159240722656
46|2469|88.70386505126953
46|2479|68.91253662109375
46|2490|65.66364288330078
46|2494|68.9990005493164
46|2499|59.16029739379883
46|2503|83.10928344726562
47|1103|56.88693618774414
47|1184|85.88397979736328
47|1214|82.69346618652344
47|1426|97.75782775878906
47|1435|66.15657806396484
47|1506|149.1909637451172
47|1537|101.19435119628906
47|1578|56.6303825378418
47|1658|63.327327728271484
47|2152|101.19776916503906
47|2293|60.071598052978516
47|2443|107.4348373413086
47|2476|73.23390197753906
47|2496|86.63343811035156
47|2502|72.88111114501953
48|1335|72.72589874267578
48|1536|72.99974060058594
48|2113|58.49345016479492
48|2392|66.67436218261719
49|1375|69.6612319946289
49|1658|71.39398193359375
49|2436|58.38325119018555
49|2506|73.12503814697266
50|951|57.00145721435547
50|1698|58.441375732421875
50|2392|70.82177734375
51|171|57.53266143798828
51|345|62.61137390136719
51|492|63.978946685791016
51|574|60.06110382080078
51|770|61.233253479003906
51|792|136.1426544189453
51|849|82.42249298095703
51|885|64.1246337890625
51|902|74.06039428710938
51|914|63.42735290527344
51|934|78.5615234375
51|936|80.28900909423828
51|1009|62.96651840209961
51|1071|100.14405822753906
51|1336|71.85114288330078
51|1350|102.0569076538086
51|1368|141.47007751464844
51|1372|68.69218444824219
51|1388|64.230712890625
51|1427|64.94929504394531
51|1537|64.94728088378906
51|1691|169.15528869628906
51|1750|115.86882019042969
51|1755|68.37843322753906
51|1781|80.72118377685547
51|1785|80.21988677978516
51|1865|56.84449768066406
51|2042|88.20938873291016
51|2055|70.84622955322266
51|2059|91.72724914550781
51|2062|73.0172348022461
51|2082|95.69991302490234
51|2086|61.90978240966797
51|2093|90.52255249023438
51|2185|79.98529815673828
51|2263|56.83798599243164
51|2360|86.1343002319336
51|2365|86.35131072998047
51|2370|82.24705505371094
51|2380|123.1286849975586
51|2406|155.69883728027344
51|2435|56.45024108886719
51|2511|138.6306915283203
52|170|59.829498291015625
52|348|71.28958892822266
52|367|67.8765869140625
52|430|92.41321563720703
52|493|62.646846771240234
52|573|63.85589599609375
52|575|71.16987609863281
52|674|59.69407653808594
52|722|60.770545959472656
52|771|68.87969970703125
52|793|134.35089111328125
52|848|65.91867065429688
52|932|105.257568359375
52|935|80.50767517089844
52|941|79.08767700195312
52|945|56.212493896484375
52|954|201.42129516601562
52|1005|87.71002960205078
52|1064|58.93557357788086
52|1067|84.46709442138672
52|1353|131.92745971679688
52|1415|61.21125793457031
52|1435|150.00282287597656
52|1609|69.917236328125
52|1621|58.531768798828125
52|1659|89.18350982666016
52|1675|139.1794891357422
52|1751|113.14720153808594
52|1753|70.11032104492188
52|1756|64.1410903930664
52|1760|152.36288452148438
52|2046|90.8052978515625
52|2067|82.03023529052734
52|2075|82.34205627441406
52|2085|69.78108215332031
52|2089|67.15837097167969
52|2091|73.74600219726562
52|2094|97.44168853759766
52|2099|107.77198028564453
52|2188|103.9732894897461
52|2357|99.53262329101562
52|2362|89.81936645507812
52|2369|75.59610748291016
52|2372|56.91300582885742
52|2385|57.184303283691406
53|173|64.6812744140625
53|576|65.5198745727539
53|950|86.75379943847656
53|2366|57.691646575927734
53|2398|69.25135803222656
53|2506|84.87784576416016
54|177|109.17207336425781
54|218|88.61538696289062
54|224|79.18054962158203
54|311|56.53110122680664
54|496|85.3819580078125
54|577|83.484375
54|581|93.46544647216797
54|587|84.66958618164062
54|721|58.78205871582031
54|784|162.86753845214844
54|946|145.79869079589844
54|1013|63.202247619628906
54|1056|60.48527908325195
54|1115|108.57005310058594
54|1119|113.92887115478516
54|1155|64.78512573242188
54|1157|65.7363510131836
54|1159|68.47277069091797
54|1165|104.70197296142578
54|1168|112.7415771484375
54|1189|68.18977355957031
54|1196|93.06413269042969
54|1199|143.02748107910156
54|1212|78.56892395019531
54|1253|56.09416580200195
54|1286|74.7097396850586
54|1338|198.29000854492188
54|1350|66.50980377197266
54|1353|64.35281372070312
54|1436|184.9027099609375
54|1439|118.712890625
54|1474|68.9609603881836
54|1488|67.54132080078125
54|1493|59.191253662109375
54|1495|64.63603973388672
54|1507|56.38908386230469
54|1519|118.3314437866211
54|1529|70.72030639648438
54|1600|88.11266326904297
54|1638|56.746429443359375
54|1649|65.12117004394531
54|1660|130.9409637451172
54|1662|102.92091369628906
54|1801|75.35150909423828
54|1828|60.610130310058594
54|1870|74.18077850341797
54|1874|78.93272399902344
54|1911|72.10848999023438
54|1924|84.65094757080078
54|1935|79.9285659790039
54|2141|67.48450469970703
54|2143|64.51419830322266
54|2148|65.2225341796875
54|2196|87.41032409667969
54|2203|142.6916961669922
54|2216|69.20130920410156
54|2233|89.8515853881836
54|2297|66.04013061523438
54|2299|57.28660583496094
54|2450|68.8097152709961
54|2462|69.54440307617188
54|2505|82.40091705322266
54|2511|71.681884765625
54|2514|61.224761962890625
54|2520|91.20635986328125
54|2526|80.18588256835938
54|2530|90.43328094482422
54|2543|86.30914306640625
54|2548|195.8990478515625
54|2554|120.98521423339844
54|2582|86.15487670898438
55|45|74.30074310302734
55|49|75.23753356933594
55|59|56.817405700683594
55|146|68.68657684326172
55|151|84.1619873046875
55|157|76.75843811035156
55|175|121.10485076904297
55|179|77.96527099609375
55|206|84.80290222167969
55|211|97.69884490966797
55|217|98.66352081298828
55|219|93.100341796875
55|287|68.02488708496094
55|292|100.70366668701172
55|300|72.48278045654297
55|309|59.21208953857422
55|317|59.81245422363281
55|329|138.63442993164062
55|471|56.64067840576172
55|502|130.81224060058594
55|579|103.35527801513672
55|585|87.56613159179688
55|608|73.23257446289062
55|612|64.19656372070312
55|628|60.07657241821289
55|786|189.0977783203125
55|821|55.93142318725586
55|947|173.85601806640625
55|1014|60.38154983520508
55|1021|91.4382553100586
55|1029|80.77320861816406
55|1032|91.0368423461914
55|1035|67.72441101074219
55|1052|60.56904602050781
55|1055|58.34202194213867
55|1114|124.35232543945312
55|1117|95.04190826416016
55|1154|64.53994750976562
55|1167|111.45746612548828
55|1191|72.69676208496094
55|1195|117.75325012207031
55|1207|58.83702087402344
55|1215|65.45823669433594
55|1306|58.330745697021484
55|1348|68.87675476074219
55|1352|62.56001663208008
55|1357|130.44900512695312
55|1437|171.93711853027344
55|1440|87.79144287109375
55|1518|91.86940002441406
55|1530|69.3607406616211
55|1534|59.00155258178711
55|1560|57.79371643066406
55|1596|61.578556060791016
55|1601|89.41031646728516
55|1639|61.03401565551758
55|1651|59.93977737426758
55|1680|136.09373474121094
55|1755|174.96051025390625
55|1791|62.125736236572266
55|1804|74.2270736694336
55|1814|127.1484603881836
55|1827|57.59204864501953
55|1837|77.7663803100586
55|1846|56.49047088623047
55|1857|64.76849365234375
55|1873|87.47186279296875
55|1902|71.09783935546875
55|1918|65.97630310058594
55|1933|98.5332260131836
55|1938|60.14103698730469
55|1952|84.8682632446289
55|1956|83.1356201171875
55|1997|66.14164733886719
55|2000|64.56388854980469
55|2012|67.1937255859375
55|2015|74.27420043945312
55|2117|97.53002166748047
55|2142|67.7249526977539
55|2146|76.9162826538086
55|2199|119.163330078125
55|2208|111.10162353515625
55|2211|65.96187591552734
55|2222|59.17118835449219
55|2227|134.66551208496094
55|2234|106.34725189208984
55|2239|62.56171417236328
55|2248|100.65255737304688
55|2255|75.67666625976562
55|2281|70.5949935913086
55|2296|62.58598709106445
55|2337|57.69679641723633
55|2340|55.918067932128906
55|2401|175.15647888183594
55|2451|70.619384765625
55|2465|58.05349349975586
55|2484|58.923377990722656
55|2493|79.61131286621094
55|2510|67.25940704345703
55|2523|56.0243034362793
55|2531|104.57422637939453
55|2535|60.590728759765625
55|2549|192.70384216308594
55|2565|192.2318115234375
55|2572|104.9869155883789
55|2575|126.00912475585938
56|331|72.3389892578125
56|1113|106.3017807006836
56|1194|137.71475219726562
56|1910|71.3446273803711
56|2201|66.81066131591797
57|216|70.63987731933594
57|332|62.733890533447266
57|731|57.960906982421875
57|734|63.28919219970703
57|1891|64.96195220947266
57|1911|75.4205322265625
57|2254|82.2311019897461
57|2537|71.54911804199219
57|2558|98.93058013916016
57|2577|56.153404235839844
58|654|64.31148529052734
58|1931|56.65793991088867
58|2516|63.94755554199219
59|343|66.38015747070312
60|342|103.4736557006836
60|655|73.42717742919922
60|668|75.4795913696289
60|735|62.76514434814453
60|2354|56.64317321777344
61|336|136.82015991210938
61|341|131.6704864501953
61|656|76.79389190673828
61|664|87.95552062988281
61|667|93.1286392211914
61|736|78.80563354492188
61|743|136.71949768066406
61|759|88.19743347167969
61|769|94.23334503173828
61|773|61.25562286376953
61|775|57.45594024658203
61|801|95.22726440429688
61|808|61.096282958984375
61|856|64.73023986816406
61|859|61.58864212036133
61|913|130.69631958007812
61|921|96.3594741821289
61|963|127.16203308105469
61|1047|86.34972381591797
61|1392|57.10391616821289
61|1403|67.63041687011719
61|1444|61.76617431640625
61|1621|78.50901794433594
61|1628|57.553470611572266
61|1646|59.681114196777344
61|1710|61.667171478271484
61|1742|69.55569458007812
61|1745|63.09487533569336
61|1765|82.8924789428711
61|1941|79.46980285644531
61|1945|80.53958892822266
61|2035|66.15338134765625
61|2039|73.74945068359375
61|2049|64.46910095214844
61|2052|71.78812408447266
61|2077|77.01322937011719
61|2080|83.56895446777344
61|2098|58.607608795166016
61|2224|60.11017990112305
61|2234|56.27254867553711
61|2254|88.57920837402344
61|2258|60.95392990112305
61|2264|70.56916046142578
61|2267|169.4064178466797
61|2273|73.63387298583984
61|2290|62.00046920776367
61|2309|66.1805191040039
61|2319|63.98897171020508
61|2329|73.41567993164062
61|2345|65.19535064697266
61|2347|57.86578369140625
61|2355|81.72822570800781
61|2361|103.020263671875
61|2372|72.67301177978516
61|2379|72.24945068359375
62|335|108.1087875366211
62|338|118.18045043945312
62|657|81.46913146972656
62|659|74.89909362792969
62|740|112.86886596679688
62|803|84.84916687011719
62|1043|107.68865203857422
62|1537|56.4531135559082
62|1647|59.186859130859375
62|1699|55.863922119140625
62|2072|68.28897094726562
62|2374|63.07537078857422
63|2264|66.04505920410156
65|1214|83.90239715576172
66|491|74.0287094116211
66|1376|83.4449691772461
66|1699|84.18318176269531
67|492|74.07998657226562
67|1459|71.45901489257812
67|1483|103.95716857910156
67|1538|120.42106628417969
67|2036|56.734596252441406
67|2073|73.7352294921875
67|2318|62.32209777832031
67|2335|72.02396392822266
67|2450|85.66230773925781
67|2480|67.97757720947266
68|909|108.7755126953125
68|1028|58.56924819946289
68|1033|75.60669708251953
68|1108|156.06651306152344
68|1159|131.0602569580078
68|1214|71.51959991455078
68|1255|101.41722869873047
68|1295|123.19090270996094
68|1428|198.8817138671875
68|1431|170.74276733398438
68|1481|164.0794219970703
68|1484|93.73338317871094
68|1563|102.64282989501953
68|1773|192.7738494873047
68|1792|81.45359802246094
68|1952|78.96952056884766
68|1964|66.3700180053711
68|1981|57.26058578491211
68|1992|80.13300323486328
68|1997|76.56611633300781
68|2002|82.89114379882812
68|2074|80.51669311523438
68|2104|106.29766082763672
68|2108|111.84999084472656
68|2115|74.49144744873047
68|2157|76.6958236694336
68|2278|84.35191345214844
68|2280|76.1565933227539
68|2298|116.49137115478516
68|2304|125.77978515625
68|2320|155.3854217529297
68|2329|158.73805236816406
68|2338|118.34781646728516
68|2354|59.25545883178711
68|2361|77.98358154296875
68|2419|284.8809814453125
68|2441|114.38734436035156
68|2469|84.51404571533203
68|2489|69.03304290771484
68|2503|69.45832824707031
68|2544|57.05103302001953
68|2573|68.71688079833984
69|170|74.78234100341797
69|483|59.71577072143555
69|493|65.49164581298828
69|510|67.15199279785156
69|539|59.879764556884766
69|573|76.90065002441406
69|575|69.34031677246094
69|666|64.04532623291016
69|672|69.86895751953125
69|703|58.496482849121094
69|813|144.3145751953125
69|818|136.48660278320312
69|825|56.56382751464844
69|833|170.8211669921875
69|838|122.2998046875
69|852|137.1493682861328
69|859|173.18612670898438
69|869|186.07241821289062
69|876|121.350830078125
69|880|128.66500854492188
69|889|62.40863037109375
69|902|217.67433166503906
69|922|98.94087982177734
69|973|230.95974731445312
69|988|154.9062957763672
69|1001|188.72036743164062
69|1015|124.83888244628906
69|1019|131.50048828125
69|1040|87.82312774658203
69|1055|161.8193817138672
69|1061|130.3164520263672
69|1064|149.71591186523438
69|1071|75.41770935058594
69|1081|112.79853820800781
69|1097|78.77842712402344
69|1107|162.40631103515625
69|1135|167.41334533691406
69|1139|56.108184814453125
69|1157|180.39817810058594
69|1179|74.38011932373047
69|1186|152.06219482421875
69|1207|143.63206481933594
69|1215|88.37564086914062
69|1218|94.01875305175781
69|1236|175.154052734375
69|1318|304.26666259765625
69|1398|187.40606689453125
69|1427|140.74168395996094
69|1432|172.08840942382812
69|1458|138.86007690429688
69|1480|155.4360809326172
69|1540|187.2833709716797
69|1557|92.89881134033203
69|1559|88.00545501708984
69|1564|98.17797088623047
69|1618|95.85470581054688
69|1631|59.56400680541992
69|1641|295.3895263671875
69|1661|59.70952224731445
69|1699|81.53544616699219
69|1724|172.73388671875
69|1776|133.2138671875
69|1799|119.03474426269531
69|1812|102.96382904052734
69|1819|74.48494720458984
69|1827|72.635498046875
69|1832|102.56471252441406
69|1951|75.24785614013672
69|1957|73.93514251708984
69|1975|66.32942199707031
69|1998|77.69025421142578
69|2017|87.85845947265625
69|2023|80.2376480102539
69|2033|80.62036895751953
69|2035|64.19066619873047
69|2079|84.88822174072266
69|2105|122.24827575683594
69|2110|80.54259490966797
69|2123|84.79265594482422
69|2144|75.6292953491211
69|2158|62.88783645629883
69|2162|69.31108093261719
69|2275|132.7376708984375
69|2281|77.64893341064453
69|2286|152.67750549316406
69|2324|168.4318389892578
69|2340|138.9794464111328
69|2346|136.5582275390625
69|2357|106.72052001953125
69|2360|74.89252471923828
69|2424|99.51661682128906
69|2440|157.63987731933594
69|2446|174.80758666992188
69|2459|158.08746337890625
69|2466|119.34089660644531
69|2472|63.34538269042969
69|2481|122.89443969726562
69|2490|103.97198486328125
69|2501|107.40803527832031
69|2504|60.64239501953125
70|494|56.54547119140625
70|576|62.871978759765625
70|812|133.90843200683594
70|842|65.35067749023438
70|881|140.6378631591797
70|891|67.7425537109375
70|1013|117.94011688232422
70|1032|55.915184020996094
70|1216|71.12625885009766
70|1220|95.91658020019531
70|1239|76.45577239990234
70|1316|152.18743896484375
70|1476|100.85186004638672
70|1539|145.6216278076172
70|1556|67.25613403320312
70|1700|80.1353530883789
70|1798|89.96300506591797
70|1815|71.48892211914062
70|2032|77.35702514648438
70|2155|64.02771759033203
70|2294|69.97669982910156
70|2315|79.57626342773438
70|2344|122.17371368408203
70|2355|82.18272399902344
70|2443|146.47018432617188
70|2462|126.18534851074219
70|2477|63.963043212890625
71|495|60.874603271484375
71|1003|115.69637298583984
71|1052|58.40445327758789
71|1141|82.72340393066406
71|1315|105.90837860107422
71|1462|99.93265533447266
71|1464|113.27519226074219
71|1638|87.16926574707031
71|1701|121.94549560546875
71|1811|77.33070373535156
71|2438|139.29176330566406
71|2442|94.19985961914062
71|2457|67.52593231201172
71|2463|82.19622802734375
72|506|63.476707458496094
72|588|63.02667999267578
72|1139|63.38450241088867
72|1142|151.9624481201172
72|1153|150.55618286132812
72|1296|119.69020080566406
72|1376|113.62462615966797
72|1465|129.61215209960938
72|1475|149.50677490234375
72|1619|97.810791015625
72|1700|183.64453125
72|1791|69.16810607910156
73|497|84.7032470703125
73|504|72.09925079345703
73|584|67.76251983642578
73|842|70.51322174072266
73|851|60.51671600341797
73|882|101.63277435302734
73|1135|56.04247283935547
73|1144|161.95175170898438
73|1149|221.7406463623047
73|1162|73.14227294921875
73|1169|61.15313720703125
73|1221|135.78529357910156
73|1228|205.96678161621094
73|1249|70.79203033447266
73|1297|128.95130920410156
73|1378|167.10728454589844
73|1463|70.58930969238281
73|1466|116.05831909179688
73|1472|209.5274200439453
73|1547|133.05645751953125
73|1553|68.14811706542969
73|1620|83.4032211303711
73|2452|59.529014587402344
73|2464|67.7291030883789
73|2473|69.40449523925781
73|2506|66.48479461669922
73|2513|67.22248077392578
74|653|55.92681884765625
74|890|75.02350616455078
74|1003|89.17190551757812
74|1379|156.97174072265625
75|891|79.78703308105469
75|1299|172.23690795898438
75|1622|170.1191864013672
75|1703|214.3914031982422
76|734|78.7592544555664
76|850|99.35423278808594
76|1011|188.08021545410156
76|1043|63.14408493041992
76|1380|122.06573486328125
76|2095|71.49840545654297
76|2512|63.79420471191406
77|844|218.56610107421875
77|849|132.80807495117188
77|886|194.6609649658203
77|1004|115.84584045410156
77|1010|200.5035858154297
77|1162|71.46215057373047
77|1300|130.34197998046875
77|1381|175.36392211914062
77|1623|134.70924377441406
77|1637|91.51707458496094
77|1704|129.68499755859375
77|1861|62.89616775512695
77|2059|94.45722961425781
77|2065|79.29478454589844
77|2085|75.94474792480469
77|2381|68.40772247314453
77|2390|77.02307891845703
77|2507|104.26164245605469
78|1005|88.80393981933594
78|1302|87.77757263183594
78|1315|69.14840698242188
78|2508|94.46710205078125
78|2510|95.04560852050781
78|2528|63.69454574584961
79|2198|57.5213508605957
79|2526|56.210811614990234
80|655|78.64242553710938
80|735|71.7355728149414
80|1050|90.19417572021484
80|1302|98.4981689453125
80|1313|86.72783660888672
80|1636|73.1597900390625
81|668|77.43571472167969
81|736|82.87105560302734
81|743|70.90804290771484
81|746|66.43431854248047
81|748|75.8075180053711
81|1046|159.9071502685547
81|1116|155.46878051757812
81|1196|133.66604614257812
81|1300|152.09197998046875
81|1337|58.182579040527344
81|1378|58.65774917602539
81|1393|187.4654083251953
81|1403|67.06941223144531
81|1623|146.6744384765625
81|1630|143.63624572753906
81|1716|274.6792907714844
81|1736|69.81273651123047
81|1746|58.2290153503418
81|1791|139.45660400390625
81|1881|86.69337463378906
81|1893|83.13240051269531
81|2026|58.76661682128906
81|2084|88.6682357788086
81|2206|104.0699691772461
81|2221|101.06812286376953
81|2228|110.28477478027344
81|2249|56.29157638549805
81|2263|57.3083381652832
81|2284|76.9884033203125
81|2292|85.37383270263672
81|2528|155.32164001464844
81|2531|128.9744873046875
81|2551|91.91535949707031
81|2567|161.02670288085938
81|2570|93.55274963378906
81|2580|100.28300476074219
82|657|90.31306457519531
82|661|91.29200744628906
82|665|69.38873291015625
82|737|71.00179290771484
82|740|71.7761001586914
82|745|71.23457336425781
82|1027|64.84928894042969
82|1045|140.48854064941406
82|1197|141.46371459960938
82|1250|58.71037292480469
82|1301|162.68885803222656
82|1303|192.15707397460938
82|1307|170.01759338378906
82|1311|239.98866271972656
82|1383|186.32040405273438
82|1392|202.47308349609375
82|1438|108.40779876708984
82|1599|64.84174346923828
82|1602|66.71656036376953
82|1607|58.63766098022461
82|1626|242.45440673828125
82|1634|214.8416290283203
82|1644|81.53886413574219
82|1707|283.85943603515625
82|1712|290.9239501953125
82|1727|82.60800170898438
82|1732|90.09777069091797
82|1747|62.38697814941406
82|1790|140.60498046875
82|1795|121.15016174316406
82|1860|68.0822982788086
82|1865|79.572998046875
82|1877|63.15092468261719
82|1880|93.35044860839844
82|1894|69.07965850830078
82|1898|64.79976654052734
82|1916|68.73513793945312
82|1918|69.88140106201172
82|1921|67.4840316772461
82|1995|73.27864837646484
82|2028|58.391807556152344
82|2082|62.85667419433594
82|2089|67.32321166992188
82|2180|106.64501190185547
82|2186|96.53582000732422
82|2192|131.78919982910156
82|2196|131.7914276123047
82|2202|102.05592346191406
82|2213|143.26742553710938
82|2217|115.87477111816406
82|2223|93.49579620361328
82|2230|126.61077117919922
82|2235|85.88404083251953
82|2241|94.2068099975586
82|2248|103.80836486816406
82|2253|117.8262939453125
82|2258|71.3423080444336
82|2265|66.64151763916016
82|2307|74.542236328125
82|2310|102.00857543945312
82|2313|84.42933654785156
82|2521|138.9198760986328
82|2523|134.4221649169922
82|2545|126.67687225341797
82|2550|92.58684539794922
82|2565|120.09862518310547
82|2568|135.70542907714844
82|2571|95.07524871826172
82|2574|60.25773620605469
82|2579|88.77412414550781
83|738|62.257041931152344
83|1863|65.68572235107422
83|1914|82.8664321899414
83|1996|65.78025817871094
83|2080|62.4304313659668
83|2224|102.98749542236328
83|2308|84.89241790771484
83|2520|90.12891387939453
83|2540|104.0962142944336
83|2561|170.68490600585938
84|1913|72.1390609741211
84|1997|61.775299072265625
84|2539|80.96783447265625
84|2564|73.624755859375
86|493|72.23143768310547
86|571|59.62274169921875
86|1058|83.64044189453125
86|1062|72.58370208740234
87|1057|73.25897979736328
88|494|67.16064453125
90|770|80.45109558105469
90|1041|109.27354431152344
90|2417|60.59266662597656
90|2444|58.63540267944336
90|2451|57.93089294433594
91|902|70.77935791015625
91|908|69.3822021484375
91|1023|74.387451171875
91|1029|66.57322692871094
91|1208|113.57052612304688
91|1816|58.947750091552734
91|1834|56.39065170288086
91|1852|63.52362823486328
91|1887|63.83376693725586
91|1912|60.033836364746094
91|1930|63.15319061279297
91|1943|74.57251739501953
91|2004|62.78334045410156
91|2117|75.75011444091797
91|2124|72.07744598388672
91|2160|65.09467315673828
91|2163|57.05573654174805
91|2177|84.86744689941406
91|2418|64.81646728515625
91|2480|98.08112335205078
91|2500|82.05779266357422
92|812|69.7817611694336
92|819|169.2152862548828
92|823|73.24507141113281
92|830|138.2841033935547
92|839|64.70316314697266
92|855|173.5679931640625
92|864|157.02359008789062
92|867|164.57164001464844
92|875|156.65968322753906
92|878|165.83929443359375
92|884|60.421939849853516
92|897|72.28486633300781
92|907|83.07989501953125
92|913|67.20955657958984
92|976|135.45263671875
92|980|163.16749572753906
92|984|118.39730072021484
92|989|91.91846466064453
92|991|89.2361831665039
92|996|146.0084991455078
92|1014|106.92369842529297
92|1021|60.913917541503906
92|1024|76.39889526367188
92|1030|74.14279174804688
92|1037|85.56661224365234
92|1105|104.87483978271484
92|1127|109.83497619628906
92|1207|111.91313171386719
92|1509|74.59101104736328
92|1778|65.11988067626953
92|1801|71.8646469116211
92|1814|62.962669372558594
92|1817|71.01995849609375
92|1819|58.4742317199707
92|1822|73.43719482421875
92|1839|73.3830337524414
92|1870|71.90145111083984
92|1873|72.2697982788086
92|1898|91.2896728515625
92|1903|92.6509780883789
92|1906|107.37950134277344
92|1910|57.38550567626953
92|1917|69.47067260742188
92|1920|58.96090316772461
92|1936|75.44114685058594
92|1938|73.86722564697266
92|2000|64.93047332763672
92|2005|71.27283477783203
92|2015|59.82746887207031
92|2021|74.26683044433594
92|2029|105.77095031738281
92|2118|84.8363037109375
92|2121|59.33391571044922
92|2136|111.08136749267578
92|2145|59.20560073852539
92|2156|80.0034408569336
92|2423|92.72282409667969
92|2443|117.05862426757812
92|2448|196.70709228515625
92|2454|63.037017822265625
92|2460|140.43336486816406
92|2465|141.2822723388672
92|2468|107.96387481689453
92|2486|124.61036682128906
92|2490|96.77478790283203
92|2501|113.89666748046875
93|811|57.9586296081543
93|840|74.30966186523438
93|1818|64.5753173828125
93|1908|62.21731185913086
93|1934|62.084712982177734
93|2001|66.4337158203125
93|2143|64.17646789550781
93|2162|62.63018798828125
93|2437|65.57695770263672
93|2441|92.27936553955078
93|2461|130.71726989746094
93|2504|103.14744567871094
94|770|86.50776672363281
94|842|66.27238464355469
94|2457|61.96656036376953
94|2503|101.34992980957031
94|2505|56.36753845214844
95|2439|76.22044372558594
100|890|56.73426818847656
101|1004|56.367923736572266
101|1011|64.29015350341797
101|1365|99.12933349609375
101|1688|97.44916534423828
102|846|98.90293884277344
102|1135|80.00483703613281
102|1367|90.31199645996094
102|1558|67.19499969482422
102|1690|98.05695343017578
102|1976|56.37381362915039
102|1994|57.412960052490234
102|2095|64.20691680908203
102|2099|64.48896026611328
102|2187|79.91736602783203
102|2367|81.79057312011719
102|2375|69.08454132080078
102|2386|71.49813842773438
102|2510|125.46961975097656
103|888|129.5225067138672
103|1007|127.06446838378906
103|1057|60.40251159667969
103|1061|74.43704223632812
103|1136|86.187744140625
103|1140|117.17500305175781
103|1155|159.9254150390625
103|1159|75.88282012939453
103|1235|111.90483856201172
103|1478|97.38148498535156
103|1481|83.20803833007812
103|1542|75.82521057128906
103|1689|81.52318572998047
103|1720|58.704734802246094
103|1995|57.10832595825195
103|2020|55.85860824584961
103|2074|79.9576187133789
103|2105|113.00184631347656
103|2188|72.14878845214844
103|2279|59.705474853515625
103|2284|57.87770080566406
103|2301|77.50714874267578
103|2306|57.22333526611328
103|2317|68.30779266357422
103|2320|61.4911003112793
103|2322|68.50959777832031
103|2328|72.5702896118164
103|2336|57.94291687011719
103|2347|62.19049835205078
103|2376|58.81360626220703
104|1139|103.49552154541016
104|1160|86.82328796386719
104|1218|107.49806213378906
104|1365|110.64759826660156
104|1397|57.25380325317383
104|1461|120.80197143554688
104|1543|83.17606353759766
104|1688|119.09712982177734
104|1721|57.71955871582031
104|1959|70.7242660522461
104|2103|60.55313491821289
104|2106|76.14962005615234
104|2325|57.27601623535156
104|2344|76.84941864013672
105|1135|116.08678436279297
105|1138|95.6069564819336
105|1219|109.61397552490234
105|1557|86.30131530761719
106|1220|85.35185241699219
107|1141|85.38751220703125
107|1213|60.68442153930664
107|1462|57.91168975830078
107|1556|123.34236907958984
107|2246|55.881591796875
108|1142|93.20317840576172
108|1555|136.7241973876953
108|2226|68.89736938476562
108|2245|58.51565170288086
108|2526|78.2767105102539
108|2563|77.88725280761719
108|2571|69.68425750732422
108|2581|84.67828369140625
109|504|56.89556121826172
109|1140|68.21180725097656
109|1144|101.82283020019531
109|1150|82.91356658935547
109|1152|90.78204345703125
109|1164|72.6955337524414
109|1173|75.9201889038086
109|1191|63.06550598144531
109|1224|89.5564193725586
109|1232|104.29289245605469
109|1336|62.870391845703125
109|1464|76.78853607177734
109|1471|107.23381805419922
109|1474|86.53874969482422
109|1479|61.06715774536133
109|1488|90.07874298095703
109|1498|58.66835403442383
109|1513|61.80516052246094
109|1527|56.22983932495117
109|1550|202.08786010742188
109|1659|68.8570327758789
109|1820|56.365562438964844
109|1837|59.40416717529297
109|1876|82.7875747680664
109|1911|60.33503341674805
109|1919|59.125816345214844
109|2200|59.85829162597656
109|2206|58.820152282714844
109|2219|99.0652084350586
109|2236|65.5374755859375
109|2239|66.54512786865234
109|2401|65.37523651123047
109|2504|56.91926193237305
109|2507|58.51808547973633
109|2523|114.12380981445312
109|2529|76.17825317382812
109|2543|83.66676330566406
109|2551|57.677162170410156
109|2560|99.2307357788086
109|2566|125.0826416015625
109|2583|64.05810546875
110|499|56.191383361816406
110|1245|58.272701263427734
110|1467|73.83589172363281
110|2202|57.77989196777344
110|2243|86.77481842041016
110|2542|71.91922760009766
110|2546|74.07814025878906
111|2222|55.90495300292969
112|2517|69.86246490478516
113|1509|90.55696868896484
113|1890|61.62847137451172
114|814|64.14441680908203
114|901|72.25684356689453
114|908|64.46827697753906
114|1023|90.89582061767578
114|1041|75.0519790649414
114|1105|65.52986907958984
114|1125|118.3829345703125
114|1206|61.70400619506836
114|1422|77.66593933105469
114|1430|91.56089782714844
114|2122|81.54975891113281
114|2135|78.76219940185547
114|2143|63.2869987487793
114|2156|73.40193939208984
114|2459|81.67060852050781
114|2464|60.526710510253906
114|2480|83.57706451416016
114|2484|88.69422149658203
115|812|71.84647369384766
115|818|66.52484130859375
115|830|70.84480285644531
115|839|71.69879150390625
115|860|73.53096771240234
115|892|74.01431274414062
115|894|77.33793640136719
115|900|85.26522064208984
115|907|59.31056594848633
115|979|99.56153869628906
115|987|71.6271743774414
115|993|91.43733215332031
115|998|113.27375793457031
115|1020|99.733154296875
115|1025|111.41228485107422
115|1030|100.81494140625
115|1106|62.034217834472656
115|1423|69.25804138183594
115|1503|98.49661254882812
115|2121|69.71963500976562
115|2448|66.34136962890625
115|2487|82.42591094970703
115|2501|69.85269927978516
116|1184|58.619537353515625
116|2441|65.33572387695312
116|2445|118.6509017944336
116|2449|78.51072692871094
117|2443|87.1834945678711
117|2463|78.90096282958984
117|2484|82.35291290283203
117|2502|58.954227447509766
119|2503|56.95064163208008
121|2172|57.92784118652344
122|1047|61.396812438964844
122|1306|118.93081665039062
122|1385|104.49238586425781
122|1393|93.21903991699219
122|1406|102.67736053466797
122|1426|63.26517868041992
122|1446|76.39218139648438
122|1630|100.0315170288086
122|1716|76.70120239257812
122|1727|82.43453216552734
122|1748|81.1714096069336
122|1768|68.00847625732422
122|1787|57.73741149902344
122|2059|58.49034881591797
122|2070|61.750064849853516
122|2072|79.89295959472656
122|2092|56.755714416503906
122|2165|58.542816162109375
122|2170|63.863250732421875
122|2262|58.72595977783203
122|2269|81.98580932617188
122|2393|86.5225830078125
123|826|60.14228439331055
123|851|73.61426544189453
123|854|65.23914337158203
123|862|56.697181701660156
123|935|79.72708892822266
123|942|61.07460021972656
123|948|83.09773254394531
123|960|68.16856384277344
123|983|66.54695892333984
123|1312|62.418582916259766
123|1386|120.34557342529297
123|1392|104.30107116699219
123|1413|62.1494255065918
123|1434|84.78156280517578
123|1454|96.8670425415039
123|1709|61.207645416259766
123|1715|81.0758285522461
123|1729|63.6180534362793
123|1738|102.53680419921875
123|1758|94.41542053222656
123|1766|71.18909454345703
123|1777|76.80230712890625
123|1786|59.057674407958984
123|1995|58.300533294677734
123|2052|68.22844696044922
123|2061|66.62248992919922
123|2080|79.5308837890625
123|2100|79.28280639648438
123|2166|58.19300079345703
123|2364|56.12446594238281
123|2383|96.11487579345703
123|2394|88.8398208618164
123|2404|59.73493576049805
127|496|63.17152404785156
127|501|73.1700439453125
127|505|63.22483825683594
127|2097|70.65436553955078
127|2510|103.30363464355469
128|499|74.01593780517578
128|885|81.83138275146484
128|1866|75.29350280761719
128|2061|72.81717681884766
128|2064|57.95331573486328
128|2087|59.728477478027344
128|2096|58.69948196411133
128|2384|63.842037200927734
128|2511|119.1158218383789
129|884|91.6285400390625
129|887|85.4108657836914
129|1006|60.755706787109375
129|1009|75.96082305908203
129|1352|57.25511169433594
129|1675|63.21647262573242
129|1864|57.92826843261719
129|2095|72.76214599609375
129|2385|58.56927490234375
130|1676|59.26799011230469
130|2094|59.36533737182617
130|2510|99.15884399414062
133|1042|56.76435470581055
133|2520|57.277099609375
133|2549|64.97331237792969
134|1882|65.324951171875
134|1895|66.5054702758789
134|2236|56.809120178222656
134|2525|65.17919921875
134|2541|58.586734771728516
135|469|57.086822509765625
135|1115|87.63946533203125
135|1338|73.25951385498047
135|1661|81.77815246582031
135|1877|67.56221771240234
135|1881|61.879547119140625
135|1901|68.47184753417969
135|1922|76.9815673828125
135|1933|74.47352600097656
135|1991|60.30135726928711
135|1995|60.45275115966797
135|2075|74.30017852783203
135|2256|79.22273254394531
135|2297|63.425106048583984
135|2519|78.00410461425781
135|2521|110.21894836425781
135|2527|153.7541961669922
135|2544|107.62123107910156
135|2547|116.15215301513672
135|2550|62.724586486816406
135|2569|176.7967529296875
135|2580|148.92727661132812
136|550|62.32680892944336
136|1041|77.13259887695312
136|1116|88.92786407470703
136|1197|107.89898681640625
136|1428|77.49449157714844
136|1439|94.8595962524414
136|1894|69.9863052368164
136|1896|89.84355926513672
136|1915|79.92615509033203
136|1919|62.87356948852539
136|1923|73.4873046875
136|1935|71.3554916381836
136|1975|71.4153060913086
136|1981|84.51655578613281
136|1996|69.75652313232422
136|2035|72.09635162353516
136|2217|110.3529281616211
136|2221|70.61685943603516
136|2294|57.63394546508789
136|2298|96.42371368408203
136|2442|84.51765441894531
136|2518|66.1572036743164
136|2526|144.4915771484375
136|2530|124.3058853149414
136|2543|206.567138671875
136|2549|80.56584167480469
136|2563|90.76497650146484
136|2581|116.53536987304688
136|2583|66.8451919555664
137|814|69.36690521240234
137|824|109.25248718261719
137|835|141.80201721191406
137|854|79.55927276611328
137|862|87.03823852539062
137|866|116.72101593017578
137|901|61.53207015991211
137|974|80.98780822753906
137|977|79.71082305908203
137|982|100.27717590332031
137|1015|97.68260192871094
137|1019|90.37133026123047
137|1023|119.90772247314453
137|1035|107.9212417602539
137|1059|87.26248168945312
137|1062|77.1065444946289
137|1154|60.61885070800781
137|1156|67.58152770996094
137|1198|109.53882598876953
137|1218|62.550086975097656
137|1236|170.837646484375
137|1255|59.32390594482422
137|1317|64.71977233886719
137|1400|173.0601348876953
137|1460|140.0390167236328
137|1479|144.6416473388672
137|1482|72.43112182617188
137|1507|63.971885681152344
137|1541|68.2394027709961
137|1558|159.42506408691406
137|1561|189.1234130859375
137|1641|60.55447769165039
137|1723|148.3546142578125
137|1835|58.63105773925781
137|1869|106.87950134277344
137|1878|56.2789192199707
137|1884|81.0408935546875
137|1887|62.61341857910156
137|1899|86.091796875
137|1905|59.69893264770508
137|1916|78.77742767333984
137|1930|66.68748474121094
137|1937|78.26607513427734
137|1952|67.52708435058594
137|1960|92.91593933105469
137|1972|60.674686431884766
137|1977|80.4924545288086
137|1979|70.89075469970703
137|2005|71.28125
137|2008|74.82471466064453
137|2010|72.29473876953125
137|2016|84.8051528930664
137|2018|85.21336364746094
137|2076|64.95372009277344
137|2142|65.00690460205078
137|2216|92.80257415771484
137|2235|81.28601837158203
137|2258|62.90155792236328
137|2307|78.44223022460938
137|2325|68.38023376464844
137|2347|58.5909538269043
137|2438|62.96858215332031
137|2447|57.34951400756836
137|2485|59.45485305786133
137|2507|74.0506591796875
137|2525|169.57046508789062
137|2542|210.38424682617188
137|2546|117.5832748413086
137|2550|65.84420013427734
137|2561|87.90056610107422
137|2567|132.91879272460938
138|813|90.4651870727539
138|818|68.95880889892578
138|827|101.00189208984375
138|831|111.2913818359375
138|839|85.76069641113281
138|860|59.68935012817383
138|864|94.24516296386719
138|871|69.69420623779297
138|876|72.57597351074219
138|879|87.91976928710938
138|892|65.21202087402344
138|898|84.88139343261719
138|980|121.33316040039062
138|984|94.49140930175781
138|995|81.10676574707031
138|998|94.1412582397461
138|1017|106.26646423339844
138|1030|126.17037200927734
138|1034|104.583251953125
138|1039|124.79629516601562
138|1051|56.43822479248047
138|1054|70.41412353515625
138|1058|77.89332580566406
138|1105|79.48017120361328
138|1138|181.5654296875
138|1160|124.82215881347656
138|1186|103.71733856201172
138|1233|117.69023895263672
138|1396|75.78975677490234
138|1399|131.57180786132812
138|1477|110.87702941894531
138|1483|63.036136627197266
138|1542|62.397010803222656
138|1822|65.21028900146484
138|1874|68.61851501464844
138|1898|86.31234741210938
138|1906|60.73204040527344
138|1938|60.98516845703125
138|1973|68.35476684570312
138|1978|83.801025390625
138|2000|60.695831298828125
138|2003|65.65949249267578
138|2015|86.75257110595703
138|2020|99.05479431152344
138|2025|60.96602249145508
138|2027|56.115501403808594
138|2032|85.36351013183594
138|2120|60.91964340209961
138|2195|62.48461151123047
138|2328|59.78744125366211
138|2462|78.79984283447266
138|2468|130.2285614013672
138|2483|56.178375244140625
138|2487|85.28596496582031
138|2545|113.5933609008789
138|2560|87.77131652832031
138|2583|62.43944549560547
139|1154|59.12866973876953
139|1219|128.12359619140625
139|1476|88.10526275634766
139|1719|59.698951721191406
139|1815|56.984779357910156
139|1818|64.87797546386719
139|1834|75.46932983398438
139|1872|60.78474426269531
139|2004|57.55991744995117
139|2284|94.1860122680664
139|2295|83.85861206054688
139|2306|62.90861892700195
139|2445|80.2979965209961
139|2465|144.7290496826172
139|2481|136.09266662597656
139|2504|63.034358978271484
140|841|76.55261993408203
140|1461|111.39442443847656
140|1539|56.45048522949219
140|1836|77.2132797241211
140|2446|62.928653717041016
140|2480|117.2823486328125
140|2484|118.16170501708984
140|2489|74.91165924072266
140|2500|121.26116180419922
140|2505|62.74032974243164
140|2519|62.38618087768555
140|2539|89.02448272705078
140|2560|61.62129211425781
141|842|79.30599212646484
141|1141|71.9002456665039
141|1232|59.158790588378906
141|1462|122.38387298583984
141|2559|83.17646789550781
141|2578|74.78884887695312
142|1046|87.85653686523438
143|1048|109.3316421508789
143|1220|112.40130615234375
143|1379|60.83970642089844
143|1464|69.85665130615234
143|1517|56.29305648803711
143|1544|76.03792572021484
143|1556|85.6271743774414
143|1892|67.9835205078125
143|1912|62.45368576049805
143|2558|87.21407318115234
144|1299|57.19264221191406
144|1891|71.91852569580078
144|2538|84.73116302490234
145|1143|219.31329345703125
145|1149|143.57818603515625
145|1163|62.61924743652344
145|1231|144.30374145507812
145|1380|65.24418640136719
145|1463|142.26502990722656
145|1465|203.948486328125
145|1475|109.29662322998047
145|1545|61.684661865234375
145|1550|144.60633850097656
145|1702|69.96770477294922
146|1141|121.67987060546875
146|1144|164.44483947753906
146|1151|128.25706481933594
146|1225|209.31642150878906
146|1297|140.84463500976562
146|1464|156.99021911621094
146|1474|109.090087890625
146|1546|69.15863800048828
146|1551|166.86134338378906
146|1555|101.64025115966797
146|1620|102.82459259033203
146|1622|65.84918975830078
147|1298|118.33854675292969
147|1554|70.50961303710938
147|1621|109.48660278320312
150|1380|62.89548110961914
150|1395|63.80332946777344
152|1943|94.94462585449219
153|845|62.632999420166016
153|1011|79.92638397216797
153|1395|61.23406982421875
153|1470|60.4554557800293
153|2509|79.49044036865234
155|1009|110.04938507080078
159|2484|79.59823608398438
160|834|64.07994079589844
160|837|76.08228302001953
160|869|65.06742095947266
160|872|60.01536560058594
160|973|74.59249877929688
160|982|80.05895233154297
160|1018|61.55299377441406
160|1025|60.7376708984375
160|1028|100.08062744140625
160|1038|103.66907501220703
160|1395|96.66675567626953
160|1431|59.2637825012207
160|1718|92.51080322265625
160|2483|76.6649169921875
161|824|80.38136291503906
161|838|73.5062255859375
161|860|74.91447448730469
161|870|61.92947006225586
161|979|78.6091537475586
161|989|63.51190185546875
161|994|96.23661804199219
161|1000|64.93351745605469
161|1015|73.00093841552734
161|1020|59.557395935058594
161|1024|59.6005859375
161|1037|119.73611450195312
161|1107|77.17571258544922
161|1188|71.15245819091797
161|1394|112.74607849121094
162|1199|63.80916976928711
162|1307|70.85045623779297
162|1313|121.62305450439453
162|1393|102.89381408691406
162|1437|67.65516662597656
162|1579|63.690670013427734
162|1636|99.07488250732422
162|2485|72.47443389892578
163|1306|100.1709976196289
163|1309|142.57276916503906
163|1312|125.56248474121094
163|1375|62.37277603149414
163|1392|102.85926055908203
163|1521|64.65674591064453
163|1578|81.14495849609375
163|1632|121.41868591308594
163|1635|82.97610473632812
163|1705|66.86351013183594
163|1709|126.19306945800781
163|1714|105.86660766601562
163|2521|81.45628356933594
163|2528|55.8698844909668
164|1118|60.79701614379883
164|1207|60.370723724365234
164|1214|56.092063903808594
164|1303|56.53176498413086
164|1305|80.1011734008789
164|1310|148.084716796875
164|1388|139.52734375
164|1490|58.13880920410156
164|1577|69.51239776611328
164|1633|90.2173080444336
164|1711|113.04749298095703
164|1853|64.22903442382812
164|1894|59.978023529052734
165|1194|60.026283264160156
171|1137|78.28286743164062
171|1155|85.02595520019531
171|1217|160.77723693847656
171|1235|68.2798080444336
172|1138|63.39491653442383
172|1156|72.12488555908203
172|1480|79.9588851928711
172|1543|101.23692321777344
173|1139|71.79660034179688
173|1397|97.57069396972656
173|1721|68.13526153564453
180|1702|61.83199691772461
182|1148|65.01941680908203
182|1225|108.7767562866211
182|1230|113.24712371826172
182|1469|64.46659851074219
182|1547|99.860107421875
182|1554|112.32394409179688
183|1269|63.63920593261719
183|1489|76.35785675048828
183|1499|63.68630599975586
183|1551|62.76544189453125
183|2144|71.49525451660156
184|1594|57.255455017089844
185|1272|63.22252655029297
185|1751|62.64898681640625
190|782|64.4756851196289
191|1602|65.52177429199219
192|1601|59.754798889160156
204|1306|76.66253662109375
204|1386|75.98312377929688
204|1709|65.75617218017578
204|2338|57.11491775512695
218|1229|73.09825134277344
218|1547|96.87844848632812
218|1554|60.45879364013672
219|1473|68.89250183105469
230|1347|88.08879089355469
230|1670|65.53939056396484
231|1346|100.5303726196289
231|1669|108.18464660644531
232|1349|118.71737670898438
232|1352|66.90253448486328
232|1672|127.42971801757812
233|1353|61.0982551574707
241|1158|62.403865814208984
241|1722|65.54791259765625
242|1519|61.07851791381836
244|1219|59.13756561279297
245|1277|62.161434173583984
245|1356|78.3700180053711
245|1601|61.53974151611328
246|1388|61.064170837402344
246|1711|62.86460876464844
252|834|60.64396286010742
252|989|75.36388397216797
252|1026|56.42133331298828
254|1222|57.25230026245117
254|1475|55.83607864379883
255|1225|63.87263107299805
255|1229|76.42993927001953
255|1471|57.18185043334961
255|1474|61.102943420410156
255|1553|93.8117904663086
256|1552|79.07244110107422