Closer
The Chainsmokers
Halsey
EDM
closer
2049x2584
3444

0|1977|39.705081939697266
3|2196|249.4356231689453
3|2198|253.7991180419922
3|2204|246.17843627929688
3|2207|265.87933349609375
3|2213|257.1572570800781
3|2220|262.14190673828125
3|2222|259.3976745605469
3|2229|246.08370971679688
3|2234|263.12335205078125
3|2238|247.66644287109375
3|2240|248.5323028564453
3|2243|249.51458740234375
3|2248|261.2516174316406
3|2252|258.8410949707031
3|2260|263.8516845703125
3|2411|237.1849822998047
3|2415|244.72808837890625
3|2425|259.6777648925781
3|2428|248.91172790527344
3|2431|247.271484375
3|2438|261.6382141113281
3|2443|255.69076538085938
3|2448|250.139892578125
3|2451|258.6145935058594
3|2453|256.6844482421875
3|2456|252.5755157470703
3|2458|253.29283142089844
3|2465|259.1796875
3|2469|258.8216857910156
3|2473|250.33358764648438
3|2478|267.84808349609375
4|455|453.7528991699219
4|523|456.2332458496094
4|564|465.6846923828125
4|632|467.1538391113281
4|673|468.05926513671875
4|741|455.05712890625
4|782|457.1305847167969
4|850|457.3827819824219
4|891|448.5362854003906
4|958|446.186767578125
4|999|451.15771484375
4|1067|464.54779052734375
4|1108|461.31671142578125
4|1176|465.54254150390625
4|1217|453.03997802734375
4|1285|460.2063903808594
4|1326|440.7367248535156
4|1394|450.1178894042969
4|1434|416.68994140625
4|1502|438.2098388671875
4|1543|436.878173828125
4|1611|444.8683166503906
4|1652|444.4796142578125
4|1720|441.4689025878906
4|1761|411.0582580566406
4|1829|448.2813720703125
4|1870|426.9169616699219
4|1938|434.0343017578125
4|1979|426.42242431640625
4|2046|426.49847412109375
4|2087|420.25323486328125
4|2155|434.4455261230469
4|2262|243.58590698242188
4|2264|249.32955932617188
4|2267|249.2070770263672
4|2271|238.52647399902344
4|2276|256.0574645996094
4|2280|255.89703369140625
4|2284|246.6937713623047
4|2287|257.7486572265625
4|2294|258.8179931640625
4|2298|251.13711547851562
4|2302|299.2503662109375
4|2305|283.8604431152344
4|2308|280.89080810546875
4|2314|298.2180480957031
4|2319|294.61553955078125
4|2323|281.1886291503906
4|2329|301.3273010253906
4|2337|288.7161560058594
4|2343|303.1451721191406
4|2347|296.14752197265625
4|2351|285.08673095703125
4|2357|303.4639587402344
4|2368|287.31494140625
4|2375|247.5333709716797
4|2379|244.3331756591797
4|2384|255.69480895996094
4|2386|251.46669006347656
4|2389|243.3868865966797
4|2392|249.45913696289062
4|2396|259.1694641113281
4|2403|249.00320434570312
4|2406|246.7085418701172
4|2409|245.90821838378906
4|2480|258.1236572265625
4|2488|241.41725158691406
4|2492|256.17059326171875
4|2499|247.97398376464844
4|2506|259.7701416015625
4|2512|252.38282775878906
4|2520|294.4159240722656
4|2523|288.4212646484375
4|2534|302.1766052246094
4|2539|288.8954162597656
4|2547|299.5835266113281
4|2560|301.97705078125
4|2566|295.4528503417969
4|2570|293.3399658203125
4|2574|302.235595703125
5|454|449.1058349609375
5|522|451.7347412109375
5|562|457.0234375
5|630|455.3026123046875
5|671|474.10797119140625
5|739|472.0939636230469
5|780|485.89501953125
5|848|487.30621337890625
5|889|477.23529052734375
5|957|451.3672790527344
5|998|437.0936584472656
5|1066|458.5354309082031
5|1106|439.96881103515625
5|1174|465.7706604003906
5|1215|474.9997863769531
5|1283|479.18829345703125
5|1324|436.4069519042969
5|1392|466.0496826171875
5|1433|439.2944030761719
5|1501|459.0766906738281
5|1610|422.6209411621094
5|1650|436.4604797363281
5|1718|445.8900451660156
5|1759|434.48931884765625
5|1827|461.29718017578125
5|1868|447.6029968261719
5|1936|459.2965393066406
5|1977|420.2718200683594
5|2045|440.94976806640625
5|2086|419.6080017089844
6|453|440.7928771972656
6|521|435.16766357421875
6|680|53.04051208496094
6|779|465.16680908203125
6|847|438.7554626464844
6|888|429.59088134765625
6|956|442.9905090332031
6|997|428.1550598144531
6|1282|419.4638671875
6|1323|463.3157043457031
6|1333|110.40321350097656
6|1391|407.5345458984375
6|1432|425.55908203125
6|1500|398.7544860839844
6|1541|462.4257507324219
6|1547|255.92845153808594
6|1609|422.14447021484375
6|1745|410.8843078613281
6|1758|416.4722900390625
6|1765|110.54872131347656
6|1768|118.15550994873047
6|1826|418.7769775390625
6|1867|418.2236022949219
6|1935|422.0637512207031
6|1976|404.6665344238281
6|1982|152.1918487548828
6|1984|156.12844848632812
6|2044|434.8011169433594
6|2153|436.5941162109375
6|2413|75.81499481201172
6|2420|47.16439437866211
6|2425|42.828128814697266
6|2430|39.225738525390625
7|455|62.326419830322266
7|537|58.78822326660156
7|561|414.93017578125
7|629|480.6303405761719
7|632|118.94775390625
7|635|54.049705505371094
7|645|97.44776153564453
7|659|75.74225616455078
7|670|452.93988037109375
7|738|469.626708984375
7|755|94.27202606201172
7|853|66.59137725830078
7|874|435.17559814453125
7|972|122.21707153320312
7|996|426.8904724121094
7|1067|67.67469024658203
7|1081|65.509033203125
7|1094|48.8628044128418
7|1105|451.8138122558594
7|1109|98.84398651123047
7|1173|433.6441955566406
7|1190|60.566043853759766
7|1214|446.8654479980469
7|1393|101.83885192871094
7|1400|138.99957275390625
7|1504|237.01852416992188
7|1515|118.47127532958984
7|1532|209.05564880371094
7|1540|448.7876281738281
7|1608|405.96502685546875
7|1616|160.8212890625
7|1625|51.08564758300781
7|1649|434.5782775878906
7|1717|406.48822021484375
7|1721|187.5247344970703
7|1726|175.93087768554688
7|1744|393.98211669921875
7|1764|124.73629760742188
7|1767|116.13986206054688
7|1834|155.75836181640625
7|1842|55.3856086730957
7|1939|241.7825164794922
7|1951|106.1281509399414
7|1968|186.56527709960938
7|2050|167.72288513183594
7|2060|90.93119049072266
7|2152|363.8093566894531
7|2156|232.327880859375
7|2161|196.81663513183594
7|2182|142.6195526123047
7|2191|43.44862747192383
7|2197|83.22306060791016
7|2202|43.831233978271484
7|2264|146.12208557128906
7|2270|153.515625
7|2275|126.57286834716797
7|2288|74.38111114501953
7|2294|56.58530044555664
7|2301|47.27104949951172
7|2374|154.62994384765625
7|2378|164.63992309570312
7|2396|73.89198303222656
7|2401|51.04800796508789
7|2405|56.07444763183594
7|2408|47.379730224609375
7|2412|76.66924285888672
7|2414|90.31745147705078
7|2417|43.03370666503906
7|2487|180.49508666992188
7|2496|109.20405578613281
7|2508|56.64027404785156
8|452|447.0768737792969
8|520|462.4410095214844
8|563|158.6522979736328
8|644|72.17557525634766
8|778|409.25885009765625
8|781|82.93634033203125
8|846|431.0715637207031
8|863|142.46168518066406
8|887|400.6913757324219
8|955|423.5487976074219
8|1064|449.8974609375
8|1217|129.22906494140625
8|1322|371.499267578125
8|1390|368.159423828125
8|1395|104.53494262695312
8|1431|421.695556640625
8|1436|204.58056640625
8|1499|363.7910461425781
8|1514|106.66973876953125
8|1658|153.71910095214844
8|1720|188.49911499023438
8|1731|80.801513671875
8|1734|106.35987854003906
8|1841|39.783138275146484
8|1866|339.8655700683594
8|1871|185.87672424316406
8|1934|361.1894836425781
8|1949|95.6771469116211
8|1975|390.38482666015625
8|2043|371.1328430175781
8|2084|401.0793762207031
8|2090|220.03973388671875
8|2170|124.55912780761719
8|2175|43.836360931396484
8|2194|56.28791809082031
8|2306|115.37186431884766
8|2309|100.60480499267578
8|2315|81.97940826416016
8|2321|58.21394348144531
8|2330|55.421627044677734
8|2335|55.66474914550781
8|2339|61.47309875488281
8|2343|65.19419860839844
8|2346|59.66557312011719
8|2348|61.23149490356445
8|2353|59.587127685546875
8|2355|55.39078903198242
8|2359|53.43509292602539
8|2364|50.119049072265625
8|2366|50.768375396728516
8|2525|81.75171661376953
8|2527|82.50926971435547
8|2530|62.879478454589844
8|2534|71.42050170898438
8|2537|68.3348388671875
8|2548|85.02874755859375
8|2553|72.86051940917969
8|2556|74.09261322021484
8|2559|75.55023193359375
8|2563|67.61398315429688
8|2568|70.0784683227539
8|2574|59.91819763183594
8|2578|58.123809814453125
9|345|42.49432373046875
9|674|74.53868103027344
9|1086|57.90774154663086
9|1088|59.23588562011719
9|1090|56.13930892944336
9|1108|109.49250793457031
9|1111|67.01016998291016
9|1148|57.48219680786133
9|1281|366.1639709472656
9|1543|100.87907409667969
9|1546|61.59917068481445
9|1981|45.508338928222656
9|2152|349.6520690917969
9|2196|89.10680389404297
9|2303|88.01236724853516
9|2411|72.21870422363281
9|2413|103.03643035888672
9|2416|75.90938568115234
9|2521|104.2310791015625
10|536|77.603759765625
10|628|352.291748046875
10|849|52.31414794921875
10|971|45.364784240722656
10|1059|80.8399887084961
10|1067|127.2934799194336
10|1070|97.3182144165039
10|1085|59.15592956542969
10|1149|70.20784759521484
10|1162|73.13743591308594
10|1167|78.859375
10|1172|295.5637512207031
10|1958|76.67951965332031
10|2194|63.908809661865234
10|2197|76.71952819824219
10|2201|51.835838317871094
10|2205|41.08641815185547
10|2235|47.56025314331055
10|2285|42.86268615722656
10|2288|53.384883880615234
10|2414|112.76923370361328
10|2417|81.78080749511719
10|2421|42.074642181396484
11|455|88.39472961425781
11|605|88.87513732910156
11|608|90.83061218261719
11|635|51.868534088134766
11|646|50.45289611816406
11|649|41.77539825439453
11|658|74.25856018066406
11|705|91.03116607666016
11|711|89.57150268554688
11|740|53.77954864501953
11|744|49.773799896240234
11|753|85.98612976074219
11|767|49.58389663696289
11|774|67.71227264404297
11|850|78.78380584716797
11|890|88.29475402832031
11|970|41.2794303894043
11|1030|53.20288848876953
11|1039|84.4575424194336
11|1047|81.83973693847656
11|1080|52.71774673461914
11|1095|58.80046463012695
11|1124|87.03667449951172
11|1128|103.7186279296875
11|1135|92.20394134521484
11|1142|76.68356323242188
11|1177|49.67383575439453
11|1181|48.94913864135742
11|1189|95.62812042236328
11|1202|41.23522186279297
11|1503|48.36920166015625
11|1515|69.02629089355469
11|1529|73.091552734375
11|1611|87.4375
11|1629|39.151241302490234
11|1721|92.40188598632812
11|1724|74.60240936279297
11|1727|39.53836441040039
11|1950|72.20768737792969
11|1967|67.1978759765625
11|2048|86.26921844482422
11|2059|87.156982421875
11|2157|51.75345230102539
11|2160|50.68431091308594
11|2238|53.8574104309082
11|2240|51.777591705322266
11|2263|55.5469856262207
11|2291|43.816226959228516
11|2353|40.33761978149414
11|2373|51.921390533447266
11|2480|47.4021110534668
11|2519|39.003257751464844
11|2562|45.15531539916992
12|132|44.03299331665039
12|349|75.02678680419922
12|454|82.72016906738281
12|456|88.24191284179688
12|564|39.629756927490234
12|570|142.7967987060547
12|585|63.16750717163086
12|653|54.253326416015625
12|688|134.03631591796875
12|729|110.4580078125
12|758|58.79957962036133
12|775|67.61393737792969
12|783|106.67327117919922
12|851|79.77951049804688
12|853|68.08003997802734
12|866|94.3975601196289
12|891|95.95165252685547
12|1004|73.40520477294922
12|1008|103.6386489868164
12|1017|60.32585144042969
12|1023|119.1592788696289
12|1029|59.29899597167969
12|1109|77.11882781982422
12|1204|51.04037094116211
12|1209|56.0208625793457
12|1222|112.6635513305664
12|1227|109.12385559082031
12|1437|46.25492477416992
12|1660|49.017967224121094
12|1735|85.97164154052734
12|1820|41.6585693359375
12|1871|79.70980834960938
12|1961|98.6739273071289
12|2088|66.10454559326172
12|2090|70.80062866210938
12|2095|43.57111358642578
12|2169|85.23246002197266
12|2172|75.47598266601562
12|2212|48.652915954589844
12|2318|52.166778564453125
12|2330|48.74019241333008
12|2346|46.775177001953125
12|2370|40.04964828491211
12|2479|40.446937561035156
13|237|44.10501480102539
13|239|49.795684814453125
13|344|45.72550582885742
13|458|91.74317932128906
13|539|59.7288932800293
13|547|104.21728515625
13|566|69.49581909179688
13|652|69.72185516357422
13|731|126.75347900390625
13|893|82.3925552368164
13|958|84.90177917480469
13|976|40.09011459350586
13|999|71.71619415283203
13|1158|44.61396408081055
13|1545|39.7617301940918
13|2055|42.932769775390625
13|2084|187.8346710205078
13|2152|176.32608032226562
13|2195|51.73757553100586
13|2198|59.06438064575195
13|2205|42.872283935546875
13|2415|63.64699935913086
13|2420|58.29484939575195
13|2423|48.89379119873047
13|2425|44.44393539428711
14|93|44.9434700012207
14|102|40.595298767089844
14|107|39.17793273925781
14|196|55.30821990966797
14|198|50.84547424316406
14|201|56.67678451538086
14|212|42.98917007446289
14|217|42.288360595703125
14|305|91.84001922607422
14|310|92.36797332763672
14|316|63.75481414794922
14|324|66.09174346923828
14|327|69.80903625488281
14|333|64.9043197631836
14|413|45.84321594238281
14|459|85.945068359375
14|524|62.701210021972656
14|544|137.73622131347656
14|548|87.1484375
14|563|49.855079650878906
14|565|60.17066955566406
14|651|98.24948120117188
14|667|124.1982650756836
14|673|80.1987533569336
14|894|94.05049133300781
14|959|89.2297592163086
14|980|55.09404373168945
14|986|68.55217742919922
14|998|65.73841094970703
14|1175|41.47940444946289
14|1182|110.89844512939453
14|1185|101.54981231689453
14|1196|42.04964828491211
14|1285|41.88077926635742
14|1395|57.20626449584961
14|1518|60.167606353759766
14|1626|55.69758987426758
14|1740|39.20114517211914
14|1743|164.51641845703125
14|1815|57.54206085205078
14|1818|43.837303161621094
14|1825|208.85116577148438
14|1830|54.343482971191406
14|1834|95.66243743896484
14|1956|44.362457275390625
14|2033|46.95951843261719
14|2036|52.60472869873047
14|2043|218.3527374267578
14|2047|142.5436248779297
14|2050|129.79495239257812
14|2054|56.851131439208984
14|2068|51.48725891113281
14|2073|42.91339111328125
14|2154|53.4813117980957
14|2161|49.99081802368164
14|2163|52.175113677978516
14|2169|54.03663635253906
14|2171|55.2899169921875
14|2178|61.589744567871094
14|2188|51.93220901489258
14|2192|51.91810989379883
14|2263|71.08319854736328
14|2268|92.90889739990234
14|2271|89.19451141357422
14|2277|77.90243530273438
14|2280|81.79622650146484
14|2285|73.12966918945312
14|2292|59.37101745605469
14|2299|50.521156311035156
14|2372|72.42125701904297
14|2378|94.79690551757812
14|2382|83.86196899414062
14|2387|87.03511810302734
14|2389|88.97542572021484
14|2392|83.43123626708984
14|2394|81.81074523925781
14|2397|66.3412094116211
14|2400|58.65162658691406
14|2403|58.80691909790039
14|2409|45.341156005859375
14|2481|97.48387908935547
14|2486|105.15685272216797
14|2491|90.2115478515625
14|2496|83.0977783203125
14|2501|79.88162994384766
14|2511|64.74919891357422
14|2514|50.57969665527344
14|2517|45.456031799316406
15|320|68.31714630126953
15|335|65.05535888671875
15|339|42.64655303955078
15|343|52.367774963378906
15|461|107.88539123535156
15|463|94.8324203491211
15|522|53.75726318359375
15|543|122.67281341552734
15|550|68.20784759521484
15|564|50.33113098144531
15|650|101.00262451171875
15|658|87.9665298461914
15|669|153.41375732421875
15|672|89.28765106201172
15|740|45.47829055786133
15|747|51.36957931518555
15|897|112.11964416503906
15|981|57.25727081298828
15|1064|138.6878204345703
15|1067|39.09333801269531
15|1165|43.10797882080078
15|1179|71.80314636230469
15|1186|93.6763687133789
15|1198|39.92544174194336
15|1406|44.426055908203125
15|1515|66.66126251220703
15|1624|59.52813720703125
15|1813|51.69097900390625
15|1817|42.98912048339844
15|1822|53.724891662597656
15|1833|93.11292266845703
15|1945|44.0587043762207
15|1951|52.79180145263672
15|2042|167.6499786376953
15|2045|123.76749420166016
15|2049|133.37432861328125
15|2061|51.62075424194336
15|2065|55.45159149169922
15|2069|48.53657913208008
15|2077|70.38961791992188
15|2080|40.401824951171875
15|2162|49.99887466430664
15|2174|53.935218811035156
15|2262|71.45389556884766
15|2283|78.01542663574219
15|2302|62.57158279418945
15|2371|72.58525085449219
15|2396|66.9771957397461
15|2401|55.536354064941406
15|2480|93.95836639404297
15|2493|82.31061553955078
15|2507|58.972286224365234
15|2518|44.84189224243164
16|356|39.264007568359375
16|454|65.6817855834961
16|675|53.554481506347656
16|749|41.13068771362305
16|1107|82.46075439453125
16|1111|56.64539337158203
16|1189|42.791168212890625
16|1324|77.9583740234375
16|1812|45.51582717895508
16|1960|151.73788452148438
16|2198|46.37447738647461
17|452|88.2310562133789
17|753|39.85601806640625
17|1172|97.87870025634766
17|1378|43.63031768798828
17|1441|48.17042922973633
17|1484|61.008087158203125
17|1499|91.03175354003906
17|1543|43.2164192199707
17|1581|68.23146057128906
17|1934|106.18636322021484
17|2030|39.835914611816406
17|2043|100.25516510009766
17|2152|87.34896850585938
17|2221|43.978153228759766
18|203|40.2947998046875
18|207|39.635982513427734
18|211|41.279415130615234
18|214|42.46620178222656
18|312|46.32860565185547
18|319|44.210079193115234
18|323|44.9980354309082
18|520|103.01850128173828
18|524|171.09048461914062
18|527|122.72529602050781
18|638|116.77987670898438
18|643|93.78170013427734
18|880|112.09892272949219
18|959|225.01626586914062
18|1080|104.18563079833984
18|1086|50.370384216308594
18|1173|101.09217834472656
18|1175|94.281005859375
18|1281|106.48387908935547
18|1286|126.79440307617188
18|1289|99.95720672607422
18|1293|40.74268341064453
18|1375|56.15971755981445
18|1386|45.951297760009766
18|1400|76.18132781982422
18|1450|52.539306640625
18|1485|59.826480865478516
18|1539|152.76296997070312
18|1582|63.00154113769531
18|1604|89.28359985351562
18|1637|41.149837493896484
18|1722|54.72276306152344
18|1811|56.56523132324219
18|1843|118.19068145751953
18|1845|120.0159912109375
18|1935|99.448486328125
18|1939|128.5027313232422
18|1961|155.0418701171875
18|1975|95.664306640625
18|2042|76.90868377685547
18|2059|86.23809814453125
18|2072|54.11299514770508
18|2095|47.86454772949219
18|2159|74.18904876708984
18|2193|40.778690338134766
18|2269|40.67570877075195
18|2380|40.65386962890625
18|2384|52.315773010253906
18|2426|96.70787048339844
18|2493|94.99744415283203
19|18|83.81234741210938
19|127|128.24951171875
19|133|47.31087875366211
19|236|140.23486328125
19|345|134.1634521484375
19|454|104.92733001708984
19|458|94.94583129882812
19|531|42.24729919433594
19|536|151.8417510986328
19|539|105.38166046142578
19|542|108.18543243408203
19|546|50.417877197265625
19|567|102.53335571289062
19|623|108.58859252929688
19|634|114.92263793945312
19|647|172.34315490722656
19|650|116.61994934082031
19|658|127.75175476074219
19|661|140.65682983398438
19|664|81.10359954833984
19|669|91.27845764160156
19|674|41.434593200683594
19|730|55.3807258605957
19|742|191.42066955566406
19|745|132.5396728515625
19|749|59.7286262512207
19|755|189.23768615722656
19|758|161.497802734375
19|762|71.2746353149414
19|783|105.9399185180664
19|849|119.82350158691406
19|853|65.47241973876953
19|864|113.29943084716797
19|873|116.19158172607422
19|876|72.04950714111328
19|887|73.44711303710938
19|891|54.20347595214844
19|895|40.88321304321289
19|905|41.93263626098633
19|908|43.289031982421875
19|930|41.01946258544922
19|956|104.34454345703125
19|964|128.25865173339844
19|967|41.52705383300781
19|972|124.6939926147461
19|978|78.59772491455078
19|999|99.41842651367188
19|1012|43.9365119934082
19|1016|44.58372116088867
19|1060|96.52874755859375
19|1068|140.4147491455078
19|1071|88.8151626586914
19|1089|71.20526123046875
19|1092|72.6641616821289
19|1094|86.25544738769531
19|1097|55.529693603515625
19|1100|57.783931732177734
19|1108|68.49356842041016
19|1144|56.657012939453125
19|1160|79.50748443603516
19|1168|110.48650360107422
19|1174|94.0157470703125
19|1177|91.6369400024414
19|1181|44.37636947631836
19|1184|39.01740264892578
19|1188|104.80813598632812
19|1193|151.67901611328125
19|1196|71.6554946899414
19|1199|83.5510482788086
19|1206|42.793251037597656
19|1217|111.27794647216797
19|1221|65.48912048339844
19|1233|48.28522872924805
19|1283|85.36407470703125
19|1325|142.57110595703125
19|1329|121.90474700927734
19|1363|204.17312622070312
19|1374|62.5908203125
19|1397|94.69823455810547
19|1406|85.54219055175781
19|1409|101.5860824584961
19|1412|66.56758117675781
19|1427|191.9227752685547
19|1430|229.77137756347656
19|1438|225.0720672607422
19|1443|44.80464172363281
19|1452|90.83822631835938
19|1454|73.92759704589844
19|1470|139.474609375
19|1477|207.89840698242188
19|1482|133.68072509765625
19|1486|69.40206909179688
19|1491|69.03572845458984
19|1500|112.32677459716797
19|1503|151.2157440185547
19|1509|55.45869827270508
19|1516|79.36006164550781
19|1519|44.81367874145508
19|1522|59.73127365112305
19|1527|98.54251098632812
19|1530|278.9498291015625
19|1535|136.5263671875
19|1542|116.95691680908203
19|1544|119.70769500732422
19|1584|83.00666046142578
19|1587|80.68758392333984
19|1595|145.9058074951172
19|1598|147.12745666503906
19|1600|146.92724609375
19|1607|126.7247543334961
19|1611|210.9378204345703
19|1615|109.6842041015625
19|1624|107.92369842529297
19|1628|83.8623275756836
19|1632|44.12979507446289
19|1640|50.00423812866211
19|1647|204.06690979003906
19|1662|136.52841186523438
19|1671|168.95860290527344
19|1677|106.88896179199219
19|1682|81.01765441894531
19|1689|87.66372680664062
19|1704|130.74815368652344
19|1708|94.4920883178711
19|1716|94.39494323730469
19|1719|96.74542236328125
19|1723|47.88880157470703
19|1734|111.41654205322266
19|1737|104.3942642211914
19|1741|63.997230529785156
19|1746|191.42388916015625
19|1750|190.33328247070312
19|1752|184.1328125
19|1759|104.74066162109375
19|1763|75.25047302246094
19|1778|63.0233039855957
19|1787|58.18294906616211
19|1800|56.416297912597656
19|1809|73.06843566894531
19|1827|71.09194946289062
19|1830|156.4049530029297
19|1833|86.49156188964844
19|1840|53.60332107543945
19|1849|55.13621520996094
19|1869|76.33303833007812
19|1882|63.41556167602539
19|1887|78.9383773803711
19|1909|42.06925582885742
19|1942|77.28539276123047
19|1946|43.11159133911133
19|1952|155.52464294433594
19|1955|145.3939666748047
19|1958|83.64311218261719
19|1966|176.6014404296875
19|1970|73.62407684326172
19|1977|96.42037200927734
19|1993|50.80634307861328
19|1996|70.81547546386719
19|2012|54.40445327758789
19|2024|104.69770812988281
19|2043|80.62028503417969
19|2046|130.7227783203125
19|2050|180.28781127929688
19|2053|77.60242462158203
19|2061|125.21902465820312
19|2064|129.72848510742188
19|2067|59.475257873535156
19|2088|68.92152404785156
19|2092|64.92510223388672
19|2102|95.52116394042969
19|2108|42.079036712646484
19|2155|121.02801513671875
19|2171|113.90691375732422
19|2175|83.73129272460938
19|2179|80.13800048828125
19|2182|101.26460266113281
19|2186|148.83477783203125
19|2194|75.47876739501953
19|2224|174.81536865234375
19|2227|126.67694091796875
19|2233|254.0735321044922
19|2242|56.25355529785156
19|2276|55.756591796875
19|2282|192.75198364257812
19|2285|160.88015747070312
19|2333|146.48414611816406
19|2341|107.91478729248047
19|2373|148.05426025390625
19|2376|48.51071548461914
19|2389|70.12364196777344
19|2397|109.64566040039062
19|2412|90.9729995727539
19|2428|122.74758911132812
19|2430|118.23700714111328
19|2440|196.3997802734375
19|2446|236.40972900390625
19|2479|43.39719772338867
19|2494|99.03101348876953
19|2500|85.19376373291016
19|2521|50.85446548461914
19|2527|45.72483444213867
19|2549|146.55506896972656
19|2553|142.19857788085938
19|2558|226.0511016845703
19|2565|75.7032241821289
20|235|115.46669006347656
20|453|96.55986785888672
20|561|97.26376342773438
20|628|123.26310729980469
20|632|80.08806610107422
20|636|47.99326705932617
20|748|43.95626449584961
20|778|89.58665466308594
20|851|46.00886917114258
20|962|73.87385559082031
20|971|90.50634002685547
20|1064|106.78187561035156
20|1093|83.62320709228516
20|1191|80.81675720214844
20|1197|56.7719841003418
20|1213|69.34629821777344
20|1228|60.095314025878906
20|1323|102.016845703125
20|1393|111.29389190673828
20|1431|186.1887969970703
20|1446|97.22372436523438
20|1460|74.06885528564453
20|1499|113.69445037841797
20|1537|93.5460205078125
20|1619|67.2062759399414
20|1639|39.380821228027344
20|1696|97.28081512451172
20|1743|78.0855484008789
20|1754|145.8890380859375
20|1847|46.341819763183594
20|2015|40.809120178222656
20|2022|86.00324249267578
20|2062|69.0953598022461
20|2127|50.7383918762207
20|2234|273.2921447753906
20|2241|54.906333923339844
20|2274|48.057952880859375
20|2301|88.50031280517578
20|2309|68.78746795654297
20|2342|123.12671661376953
20|2368|65.0360107421875
20|2452|109.94336700439453
20|2458|59.79412078857422
20|2478|49.45524597167969
20|2548|143.5354766845703
21|520|74.16447448730469
21|601|165.78443908691406
21|704|189.68350219726562
21|733|39.04398727416992
21|737|78.28385925292969
21|768|50.54627990722656
21|846|88.58190155029297
21|887|67.2569580078125
21|954|81.58203125
21|1140|86.93899536132812
21|1172|87.14501190185547
21|1190|64.18634796142578
21|1200|67.68074798583984
21|1281|93.91999816894531
21|1322|100.43978881835938
21|1505|100.62527465820312
21|1510|159.3172149658203
21|1520|62.152645111083984
21|1613|102.2249984741211
21|1625|56.487606048583984
21|1637|61.07923126220703
21|1730|126.82749938964844
21|1744|87.87490844726562
21|1757|101.65560913085938
21|1769|64.8287124633789
21|1790|52.64678192138672
21|1825|86.8827133178711
21|1866|84.63603973388672
21|1934|77.8011703491211
21|1975|98.71138000488281
21|2042|68.5144271850586
21|2073|46.63089370727539
21|2084|89.70430755615234
21|2087|43.61494445800781
21|2095|40.44611358642578
21|2151|87.54826354980469
21|2157|55.03585433959961
21|2180|117.1703872680664
21|2184|141.6263885498047
21|2196|54.9287109375
21|2205|71.15974426269531
21|2223|50.07122802734375
21|2235|229.53546142578125
21|2288|175.98104858398438
21|2299|59.09239196777344
21|2302|80.7979736328125
21|2329|39.98399353027344
21|2367|102.16116333007812
21|2410|209.50070190429688
21|2423|141.66146850585938
21|2453|112.0744857788086
21|2456|71.90096282958984
21|2469|107.891845703125
21|2471|96.74539947509766
21|2547|111.18718719482422
21|2574|84.42134857177734
21|2583|51.33121109008789
22|87|54.62653350830078
22|93|47.85963821411133
22|96|45.23085403442383
22|102|39.731014251708984
22|195|71.97531127929688
22|201|45.7191162109375
22|205|39.58024978637695
22|234|57.6363410949707
22|304|71.35167694091797
22|317|39.856937408447266
22|412|123.24404907226562
22|597|93.82489776611328
22|605|172.2810821533203
22|634|45.930152893066406
22|645|54.603328704833984
22|706|198.66807556152344
22|747|88.38951873779297
22|755|73.63008880615234
22|766|53.263214111328125
22|773|59.559417724609375
22|849|40.64285659790039
22|900|58.40330123901367
22|937|41.92547607421875
22|1019|46.97080993652344
22|1030|60.997291564941406
22|1039|172.36048889160156
22|1044|106.10091400146484
22|1047|107.15690612792969
22|1063|71.5005874633789
22|1083|41.78217315673828
22|1094|45.86780548095703
22|1096|44.43745803833008
22|1115|44.075679779052734
22|1127|154.7322540283203
22|1131|169.61666870117188
22|1136|87.04351806640625
22|1154|40.24556350708008
22|1181|78.3667221069336
22|1185|92.641357421875
22|1201|52.562259674072266
22|1261|40.4151611328125
22|1263|43.2252082824707
22|1390|79.88945770263672
22|1398|58.79643630981445
22|1402|75.9846420288086
22|1404|72.60260772705078
22|1406|74.14437866210938
22|1413|46.244937896728516
22|1418|89.26628112792969
22|1445|55.533321380615234
22|1509|134.9700164794922
22|1515|111.74800872802734
22|1519|63.65227508544922
22|1524|73.23925018310547
22|1532|40.31817626953125
22|1610|46.871673583984375
22|1616|159.6231689453125
22|1623|70.26649475097656
22|1635|95.45223999023438
22|1643|91.28363037109375
22|1648|65.35556030273438
22|1669|58.353790283203125
22|1718|61.57344055175781
22|1722|71.75053405761719
22|1727|75.9519271850586
22|1787|82.42988586425781
22|1794|91.64175415039062
22|1806|59.115543365478516
22|1822|53.42780685424805
22|1841|95.93745422363281
22|1846|40.100032806396484
22|1854|83.5205078125
22|1861|81.56867218017578
22|1914|57.9080810546875
22|1931|49.40254592895508
22|1937|48.52463912963867
22|1942|49.94877243041992
22|1966|72.97047424316406
22|1986|52.16385269165039
22|2003|73.52812957763672
22|2019|47.765846252441406
22|2025|57.43088150024414
22|2039|44.3409309387207
22|2061|82.57929992675781
22|2081|74.59952545166016
22|2083|100.71055603027344
22|2092|66.88694763183594
22|2131|63.84254455566406
22|2155|69.45124816894531
22|2158|53.851375579833984
22|2185|169.71644592285156
22|2194|93.99462127685547
22|2201|93.08485412597656
22|2214|64.73601531982422
22|2236|239.75198364257812
22|2251|155.6686248779297
22|2257|46.885459899902344
22|2262|42.2335319519043
22|2291|212.78594970703125
22|2317|195.3524169921875
22|2322|67.22652435302734
22|2343|224.5425262451172
22|2349|193.8452911376953
22|2352|209.3934783935547
22|2354|200.42440795898438
22|2359|92.8993911743164
22|2364|165.65133666992188
22|2375|39.098304748535156
22|2398|64.27864837646484
22|2400|69.69969177246094
22|2404|49.311180114746094
22|2409|215.21810913085938
22|2422|121.95243072509766
22|2454|111.240966796875
22|2468|118.61486053466797
22|2476|133.52784729003906
22|2507|81.10116577148438
22|2510|85.00198364257812
22|2519|91.68700408935547
22|2522|104.77278900146484
22|2537|56.2938232421875
22|2562|169.5895233154297
23|454|115.31635284423828
23|537|139.538818359375
23|567|99.06117248535156
23|574|63.94110870361328
23|633|44.76141357421875
23|695|77.51397705078125
23|723|87.71018981933594
23|775|57.12532043457031
23|777|69.10835266113281
23|889|101.9814224243164
23|958|122.25614929199219
23|1029|79.76573944091797
23|1173|46.25956726074219
23|1177|46.07787322998047
23|1202|44.27188491821289
23|1209|47.507240295410156
23|1230|74.9585189819336
23|1539|64.91288757324219
23|1622|61.81809616088867
23|1642|81.58358001708984
23|1717|64.43550872802734
23|1840|106.92958068847656
23|1844|79.07861328125
23|1853|106.7422103881836
23|1996|50.8278923034668
23|2063|74.69684600830078
23|2072|107.23365020751953
23|2127|44.79010772705078
23|2321|78.5274429321289
23|2477|108.25372314453125
23|2535|169.60716247558594
24|128|53.26028060913086
24|131|58.57673263549805
24|136|49.379756927490234
24|345|56.900390625
24|348|59.93592834472656
24|353|54.9439811706543
24|522|63.860633850097656
24|536|101.84561920166016
24|571|115.25587463378906
24|587|52.459259033203125
24|632|43.13547134399414
24|684|150.00701904296875
24|687|123.4972915649414
24|691|110.43923950195312
24|724|117.70368957519531
24|726|120.7079849243164
24|743|71.19335174560547
24|746|46.30999755859375
24|754|91.61078643798828
24|757|121.26847076416016
24|891|75.68741607666016
24|961|68.60973358154297
24|971|68.66439056396484
24|1003|174.9661102294922
24|1008|141.7631378173828
24|1014|126.45165252685547
24|1022|100.06816101074219
24|1025|91.11174011230469
24|1028|95.0226821899414
24|1104|81.46888732910156
24|1111|51.878257751464844
24|1176|72.41030883789062
24|1203|55.13804626464844
24|1208|60.42625045776367
24|1213|43.24765396118164
24|1224|134.09519958496094
24|1240|39.853363037109375
24|1396|76.44039916992188
24|1409|90.98719024658203
24|1433|58.375125885009766
24|1439|82.63440704345703
24|1447|39.2758903503418
24|1460|43.880496978759766
24|1625|88.77340698242188
24|1636|51.92560577392578
24|1641|59.084877014160156
24|1651|51.701499938964844
24|1658|45.573486328125
24|1668|40.87455749511719
24|1757|81.0268325805664
24|1781|55.407264709472656
24|1825|57.94258499145508
24|1828|65.58846282958984
24|1848|119.07245635986328
24|1852|103.83055114746094
24|1870|66.89024353027344
24|1873|45.36639404296875
24|1879|51.16984939575195
24|1962|78.30693817138672
24|2001|44.75383758544922
24|2043|66.45181274414062
24|2047|74.1827163696289
24|2058|74.81784057617188
24|2066|83.15060424804688
24|2138|49.42552185058594
24|2152|44.16701126098633
24|2192|42.88568878173828
24|2212|113.15380859375
24|2265|120.2573013305664
24|2304|63.16733932495117
24|2307|67.26966094970703
24|2311|68.6226577758789
24|2319|100.82311248779297
24|2327|190.83734130859375
24|2520|63.02936553955078
24|2525|61.39967727661133
24|2530|53.617591857910156
24|2532|50.81790542602539
24|2536|177.18704223632812
24|2545|149.72824096679688
24|2549|58.5399055480957
25|126|46.892791748046875
25|583|48.30443572998047
25|646|69.98666381835938
25|669|52.187477111816406
25|686|117.6795654296875
25|689|122.26502990722656
25|729|72.13257598876953
25|972|50.20908737182617
25|1005|135.05552673339844
25|1007|128.17372131347656
25|1016|112.59912872314453
25|1023|119.98175048828125
25|1106|58.947349548339844
25|1110|54.228694915771484
25|1173|56.377052307128906
25|1205|53.4339714050293
25|1220|82.0009994506836
25|1459|40.063087463378906
25|1608|50.74456024169922
25|1623|61.57695388793945
25|1783|52.32511520385742
25|1824|49.094154357910156
25|1866|51.055458068847656
25|2209|57.02415084838867
25|2214|92.37187194824219
25|2262|46.325992584228516
25|2302|44.982608795166016
25|2323|79.09204864501953
25|2411|54.89780807495117
25|2573|42.60475540161133
26|457|55.11409378051758
26|647|90.40269470214844
26|1825|52.57414627075195
26|2193|43.52910614013672
26|2574|39.82994842529297
27|539|97.1642837524414
27|547|75.6152114868164
27|642|55.48031234741211
27|752|51.27792739868164
27|893|52.84379196166992
27|958|71.68001556396484
27|976|42.71263122558594
27|1281|43.760398864746094
27|1567|54.03411865234375
27|1756|146.9283905029297
27|1893|51.162559509277344
27|1934|44.18180465698242
27|1948|51.923362731933594
27|2002|51.438140869140625
27|2111|54.16569137573242
27|2152|48.94495391845703
28|453|45.510501861572266
28|461|79.21861267089844
28|520|41.48588562011719
28|540|131.04299926757812
28|544|98.62797546386719
28|548|100.37589263916016
28|648|86.6588134765625
28|651|73.48531341552734
28|753|50.817020416259766
28|778|57.644256591796875
28|873|41.66619110107422
28|996|89.70538330078125
28|1057|55.135250091552734
28|1146|61.13153839111328
28|1349|73.84674835205078
28|1458|69.7701644897461
28|1754|84.54666137695312
28|1839|88.60104370117188
28|1894|46.15924072265625
28|1947|72.84516143798828
28|2112|46.90009307861328
28|2165|92.50364685058594
28|2193|56.2974967956543
28|2262|65.2493667602539
28|2411|48.10464859008789
29|19|169.37269592285156
29|25|157.38278198242188
29|28|140.62477111816406
29|34|99.40775299072266
29|38|73.67115020751953
29|86|123.74383544921875
29|90|127.65654754638672
29|94|121.95671844482422
29|103|78.33094024658203
29|109|48.38986587524414
29|126|147.3616180419922
29|129|149.6831817626953
29|135|108.75833892822266
29|140|70.02042388916016
29|144|72.95555877685547
29|152|54.043212890625
29|155|43.77562713623047
29|170|46.03005599975586
29|194|127.76920318603516
29|198|107.46902465820312
29|202|96.46240234375
29|212|66.76622009277344
29|217|40.50107955932617
29|236|239.0695037841797
29|241|205.53021240234375
29|252|79.01993560791016
29|256|55.185977935791016
29|260|49.64646530151367
29|304|159.6232452392578
29|314|78.14047241210938
29|320|62.231658935546875
29|344|177.00747680664062
29|346|176.10008239746094
29|352|112.03267669677734
29|357|83.74015808105469
29|361|85.48365020751953
29|364|80.99574279785156
29|367|75.41858673095703
29|373|43.0167350769043
29|387|50.011962890625
29|412|125.14261627197266
29|416|104.89533233642578
29|429|50.8040657043457
29|451|41.93706130981445
29|457|99.93342590332031
29|522|51.817081451416016
29|535|140.2567138671875
29|549|121.47552490234375
29|561|59.973567962646484
29|566|149.9255828857422
29|622|79.05406188964844
29|633|60.62197494506836
29|643|57.937347412109375
29|649|98.30872344970703
29|658|171.3936767578125
29|661|159.6939697265625
29|665|111.13945770263672
29|669|149.7064208984375
29|672|137.8211669921875
29|738|53.175010681152344
29|754|47.966548919677734
29|784|134.55101013183594
29|850|126.5844955444336
29|876|85.90275573730469
29|895|125.71250915527344
29|903|39.064788818359375
29|955|62.648433685302734
29|981|134.03871154785156
29|1002|130.9075469970703
29|1005|68.61872100830078
29|1062|84.33808135986328
29|1068|39.267417907714844
29|1107|114.5851821899414
29|1147|67.05690002441406
29|1161|115.3528060913086
29|1163|111.54901885986328
29|1168|116.8716812133789
29|1175|43.46968460083008
29|1216|99.74916076660156
29|1222|67.19578552246094
29|1285|106.83856964111328
29|1329|112.95213317871094
29|1339|65.50364685058594
29|1390|87.81645202636719
29|1396|71.04191589355469
29|1401|64.27859497070312
29|1404|95.51066589355469
29|1409|43.752235412597656
29|1436|96.08601379394531
29|1445|73.792236328125
29|1449|57.13689041137695
29|1500|92.34821319580078
29|1504|83.88800811767578
29|1513|85.35406494140625
29|1519|41.29334259033203
29|1545|138.44818115234375
29|1558|71.44611358642578
29|1621|106.75688934326172
29|1624|61.71742248535156
29|1649|80.833984375
29|1653|57.69525146484375
29|1662|70.48562622070312
29|1666|71.59210205078125
29|1668|73.12026977539062
29|1672|54.69618606567383
29|1676|87.5287094116211
29|1717|87.17875671386719
29|1722|97.43315124511719
29|1725|79.3145980834961
29|1730|113.82172393798828
29|1740|52.60993576049805
29|1761|90.725830078125
29|1763|94.5615005493164
29|1766|128.79180908203125
29|1770|91.94192504882812
29|1775|93.5987319946289
29|1816|69.06159210205078
29|1827|146.3184356689453
29|1832|127.85498809814453
29|1842|65.60753631591797
29|1869|90.48419952392578
29|1875|99.17921447753906
29|1879|71.27687072753906
29|1885|76.73762512207031
29|1890|51.10187911987305
29|1911|58.63629150390625
29|1937|83.76521301269531
29|1945|77.99805450439453
29|1953|61.52146530151367
29|1959|134.68234252929688
29|1968|41.01799392700195
29|1977|95.0760726928711
29|1980|89.1431884765625
29|1983|149.3613739013672
29|1986|140.6871337890625
29|1993|96.46575164794922
29|2019|45.73442077636719
29|2034|146.5851593017578
29|2044|140.99105834960938
29|2049|119.47403717041016
29|2056|103.96353149414062
29|2062|65.47938537597656
29|2080|43.098819732666016
29|2088|147.2999725341797
29|2093|70.43667602539062
29|2099|64.37470245361328
29|2102|67.21965789794922
29|2105|55.554161071777344
29|2108|55.874961853027344
29|2128|53.47046661376953
29|2154|149.1099090576172
29|2157|164.80921936035156
29|2170|56.59706497192383
29|2174|41.763343811035156
29|2181|121.21492004394531
29|2216|46.1296272277832
29|2225|71.44438171386719
29|2230|69.51776885986328
29|2263|64.85810089111328
29|2265|56.12226867675781
29|2270|51.3056755065918
29|2276|50.88087463378906
29|2303|70.40013885498047
29|2310|68.5176773071289
29|2313|57.494956970214844
29|2333|54.598167419433594
29|2371|43.9233512878418
29|2374|51.078125
29|2383|42.341854095458984
29|2386|42.02872085571289
29|2389|56.039878845214844
29|2438|48.48942184448242
29|2443|44.40613555908203
29|2480|75.21025085449219
29|2487|47.51766586303711
29|2494|49.21000671386719
29|2521|68.1405029296875
29|2524|72.25931549072266
29|2528|67.03755950927734
29|2533|56.65713882446289
29|2538|43.9006233215332
30|452|44.282081604003906
30|520|50.09297180175781
30|536|112.86731719970703
30|644|58.944297790527344
30|657|118.33688354492188
30|723|43.246665954589844
30|737|60.806434631347656
30|846|69.7614974975586
30|887|58.7087516784668
30|904|41.26237487792969
30|1172|59.22613525390625
30|1282|90.47057342529297
30|1431|62.46086120605469
30|1608|69.51597595214844
30|1743|53.79966735839844
30|1757|52.252750396728516
30|1802|45.25852966308594
30|1811|40.4156379699707
30|1866|61.256439208984375
30|2020|50.17610549926758
30|2084|87.51683807373047
30|2129|50.29783248901367
30|2152|85.0966567993164
30|2332|46.20340347290039
30|2336|42.403873443603516
30|2388|53.88651657104492
31|451|40.3716926574707
31|519|44.04195022583008
31|628|60.794334411621094
31|670|45.23523712158203
31|703|58.469051361083984
31|778|54.01584243774414
31|873|52.85032653808594
31|1281|79.02967071533203
31|1744|54.58793258666992
31|1806|40.87864303588867
31|1934|73.39641571044922
31|2030|49.61449432373047
31|2092|45.311187744140625
31|2151|66.22248840332031
32|18|64.08258819580078
32|88|39.11979675292969
32|130|40.640872955322266
32|235|61.46555709838867
32|259|39.44077682495117
32|343|54.8446159362793
32|520|43.842403411865234
32|560|55.47180938720703
32|710|49.679195404052734
32|955|66.7862548828125
32|959|45.64936065673828
32|1037|40.1143798828125
32|1044|44.59529113769531
32|1047|47.46756362915039
32|1064|58.78494644165039
32|1135|43.46038818359375
32|1139|39.56396484375
32|1200|98.71965789794922
32|1211|58.75276565551758
32|1322|60.62150573730469
32|1431|62.45100402832031
32|1499|54.09149932861328
32|1514|44.069068908691406
32|1580|46.413875579833984
32|1614|40.74556350708008
32|1649|46.52574157714844
32|1669|40.75421142578125
32|1734|40.39248275756836
32|1840|57.2491569519043
32|1939|49.83616256713867
32|1960|67.30242156982422
32|1977|43.43311309814453
32|1985|39.058372497558594
32|2002|48.20259475708008
32|2059|43.41239547729492
32|2157|50.86452102661133
32|2181|52.024314880371094
32|2206|40.50725173950195
32|2253|52.23902130126953
32|2264|43.492862701416016
32|2288|54.64875793457031
32|2293|59.93907165527344
32|2331|63.1392707824707
32|2357|64.07731628417969
32|2360|58.95977020263672
32|2373|52.25120544433594
32|2379|45.459835052490234
32|2383|50.1071891784668
32|2399|39.42848205566406
32|2413|84.19221496582031
32|2424|54.41000747680664
32|2449|43.17529296875
32|2469|39.651981353759766
32|2472|44.19267654418945
32|2482|40.823299407958984
32|2485|46.4957160949707
32|2492|47.35105514526367
32|2506|44.32814025878906
32|2520|96.6790771484375
32|2528|41.40093994140625
32|2574|48.22843933105469
32|2577|56.767478942871094
32|2580|64.75550842285156
33|17|66.79637908935547
33|126|50.1173210144043
33|309|39.04579544067383
33|312|40.17843246459961
33|452|50.80329513549805
33|597|39.52445983886719
33|607|41.11765670776367
33|709|47.186771392822266
33|712|46.52888107299805
33|755|65.32429504394531
33|766|64.25547790527344
33|770|39.00955581665039
33|1038|42.18207931518555
33|1201|103.76388549804688
33|1210|54.259803771972656
33|1213|100.11186218261719
33|1540|52.89080810546875
33|1731|40.66666793823242
33|1743|46.036399841308594
33|1757|62.94386291503906
33|1761|41.36234664916992
33|1825|55.949790954589844
33|1975|42.459896087646484
33|2060|44.90875244140625
33|2167|39.93386459350586
33|2184|47.27214813232422
33|2193|70.39642333984375
33|2200|65.05272674560547
33|2222|54.741146087646484
33|2251|50.11016082763672
33|2270|42.81211471557617
33|2291|52.50758743286133
33|2297|47.60344696044922
33|2306|60.99821472167969
33|2361|60.825782775878906
33|2365|64.93263244628906
33|2374|50.16282272338867
33|2376|41.98981475830078
33|2384|49.40412902832031
33|2467|40.39431381225586
33|2475|43.873172760009766
33|2484|45.449581146240234
34|756|79.07501220703125
34|889|51.50947570800781
34|1173|50.24205780029297
34|1622|42.04098892211914
34|1866|39.09724807739258
34|2044|50.07090759277344
34|2083|45.11869812011719
35|454|42.19465637207031
35|574|47.28246307373047
35|757|55.19284439086914
35|890|49.92842483520508
35|1215|65.20174407958984
35|1581|100.08306884765625
36|89|60.97977066040039
36|197|65.57735443115234
36|305|57.73701858520508
36|345|60.3282470703125
36|347|57.023834228515625
36|412|61.787109375
36|415|59.78160858154297
36|573|49.87997817993164
36|586|88.22887420654297
36|632|99.33590698242188
36|646|90.34854125976562
36|648|82.14463806152344
36|726|44.66797637939453
36|852|95.9723129272461
36|863|64.2027587890625
36|877|113.43778228759766
36|1002|39.22487258911133
36|1066|43.689876556396484
36|1082|127.13554382324219
36|1084|133.28994750976562
36|1094|112.97248840332031
36|1203|84.47892761230469
36|1208|116.66059875488281
36|1216|81.2664566040039
36|1222|44.3100471496582
36|1283|52.21599197387695
36|1505|69.76177215576172
36|1518|149.3018341064453
36|1532|99.63005828857422
36|1611|57.62841033935547
36|1724|57.38841247558594
36|1738|64.54840850830078
36|1750|85.67066192626953
36|1841|67.56656646728516
36|1844|46.42277908325195
36|1938|80.5517807006836
36|1940|78.25800323486328
36|1954|111.50860595703125
36|1968|67.04231262207031
36|1971|46.803489685058594
36|1974|43.339786529541016
36|2059|110.98306274414062
36|2158|89.02947998046875
36|2182|119.09380340576172
36|2227|55.21316146850586
36|2265|85.96443176269531
36|2374|48.02029037475586
36|2384|71.72721099853516
36|2424|41.18962097167969
36|2483|56.57251739501953
36|2551|45.81291198730469
37|85|42.274497985839844
37|194|54.21514129638672
37|303|51.767364501953125
37|584|101.90337371826172
37|691|45.30195617675781
37|725|47.58358383178711
37|740|41.411468505859375
37|891|52.993919372558594
37|1011|76.08699035644531
37|1016|75.88507843017578
37|1023|40.32046127319336
37|1107|64.38355255126953
37|1110|65.2229995727539
37|1159|47.31253433227539
37|1206|105.64655303955078
37|1378|54.891815185546875
37|1449|69.26445770263672
37|1582|133.524658203125
37|1609|39.50751495361328
37|1717|46.73872375488281
37|1833|55.55613708496094
37|2154|78.39682006835938
37|2161|58.329620361328125
37|2168|52.277523040771484
37|2223|67.33183288574219
37|2229|60.617027282714844
37|2331|42.4532470703125
37|2385|67.38734436035156
37|2388|43.07248306274414
37|2480|50.062904357910156
37|2543|41.51243591308594
37|2550|51.711708068847656
37|2552|40.92198181152344
38|344|109.82669830322266
38|346|115.32621765136719
38|348|103.90827941894531
38|361|54.54001235961914
38|456|50.45367431640625
38|534|43.25820541381836
38|583|92.05342864990234
38|675|47.90762710571289
38|892|63.641387939453125
38|1005|43.0475959777832
38|1057|47.90946578979492
38|1067|45.709312438964844
38|1147|84.43438720703125
38|1160|47.64560317993164
38|1361|65.5400619506836
38|1383|132.1953582763672
38|1434|112.35560607910156
38|1447|196.4759979248047
38|1452|134.2911834716797
38|1462|189.78524780273438
38|1466|150.7976837158203
38|1486|195.06658935546875
38|1492|182.95382690429688
38|1548|39.48019027709961
38|1583|162.53025817871094
38|1590|224.9322967529297
38|1601|167.0422821044922
38|1626|39.26700973510742
38|1647|43.63417434692383
38|1659|134.21702575683594
38|1669|63.82305908203125
38|1674|45.27470016479492
38|1678|161.01266479492188
38|1683|99.89497375488281
38|1687|93.80088806152344
38|1702|54.94163131713867
38|1747|89.40020751953125
38|1788|43.667484283447266
38|1810|67.21105194091797
38|1867|63.71702575683594
38|1869|89.46891021728516
38|1873|100.80435943603516
38|1969|57.99105453491211
38|2005|48.86307144165039
38|2027|42.31918716430664
38|2082|50.405128479003906
38|2094|62.387569427490234
38|2098|48.24406814575195
38|2138|40.596160888671875
38|2166|85.72187042236328
38|2171|85.76529693603516
38|2173|87.11674499511719
38|2177|73.79837036132812
38|2204|47.86831283569336
38|2221|69.27181243896484
38|2224|138.43324279785156
38|2232|85.71622467041016
38|2237|53.06775665283203
38|2239|47.12776184082031
38|2246|52.440589904785156
38|2272|50.12686538696289
38|2282|54.43540573120117
38|2300|100.1854476928711
38|2315|49.8061637878418
38|2337|112.66010284423828
38|2345|50.919921875
38|2352|47.04141616821289
38|2360|45.05889129638672
38|2386|57.60304641723633
38|2390|74.5859146118164
38|2400|55.765296936035156
38|2408|54.52785873413086
38|2423|53.544979095458984
38|2426|110.63103485107422
38|2430|111.45927429199219
38|2440|84.03311157226562
38|2460|73.67630004882812
38|2469|54.901737213134766
38|2489|52.01221466064453
38|2491|53.5738525390625
38|2495|93.48978424072266
38|2498|174.76904296875
38|2510|76.86199188232422
38|2516|58.79994201660156
38|2523|49.460182189941406
38|2546|59.850196838378906
38|2558|63.9039421081543
38|2574|72.53892517089844
38|2579|57.46921157836914
38|2583|39.073333740234375
39|18|76.6237564086914
39|20|77.40865325927734
39|26|67.94202423095703
39|29|67.61012268066406
39|129|115.5210189819336
39|135|79.16499328613281
39|235|94.10014343261719
39|238|88.2867202758789
39|240|86.0041732788086
39|244|89.4101333618164
39|246|91.621337890625
39|262|41.99559783935547
39|347|116.08245086669922
39|349|100.92273712158203
39|353|76.45421600341797
39|355|74.11907196044922
39|357|63.0239372253418
39|359|56.120399475097656
39|363|53.322452545166016
39|458|60.64874267578125
39|523|40.430816650390625
39|535|41.604957580566406
39|643|84.03675079345703
39|673|44.03409957885742
39|863|42.652198791503906
39|975|55.792301177978516
39|1283|39.18389892578125
39|1324|39.19405746459961
39|1366|111.0394515991211
39|1373|80.5706787109375
39|1380|128.9280242919922
39|1392|128.6600799560547
39|1407|40.47256088256836
39|1427|62.658119201660156
39|1432|131.9818878173828
39|1437|122.04267883300781
39|1453|123.10774993896484
39|1472|93.46044158935547
39|1480|89.2929916381836
39|1487|243.62100219726562
39|1500|118.41220092773438
39|1505|52.30972671508789
39|1527|54.209529876708984
39|1547|39.72447204589844
39|1568|43.49860763549805
39|1571|46.30962371826172
39|1588|203.0639190673828
39|1599|195.96688842773438
39|1622|48.585514068603516
39|1625|43.74198913574219
39|1649|73.76056671142578
39|1657|134.42066955566406
39|1662|153.1162872314453
39|1671|56.34471130371094
39|1675|40.397193908691406
39|1679|166.53359985351562
39|1684|145.3629150390625
39|1689|98.64787292480469
39|1696|46.418846130371094
39|1708|102.48483276367188
39|1745|96.11019134521484
39|1790|47.14066696166992
39|1795|41.70277404785156
39|1807|54.03901672363281
39|1842|110.15769958496094
39|1846|52.36455535888672
39|1861|60.28512954711914
39|1872|106.35264587402344
39|1874|100.2951431274414
39|1880|69.09336853027344
39|1964|101.6595458984375
39|1968|70.62223052978516
39|1985|55.794677734375
39|2004|51.48225021362305
39|2008|61.81157684326172
39|2011|54.5906867980957
39|2014|51.875362396240234
39|2087|88.87670135498047
39|2090|80.03404235839844
39|2092|73.52788543701172
39|2096|67.85982513427734
39|2100|58.76679992675781
39|2102|52.28431701660156
39|2137|46.42539596557617
39|2158|55.053401947021484
39|2174|85.0191879272461
39|2205|58.34960174560547
39|2216|55.870933532714844
39|2219|54.22734069824219
39|2235|46.68169021606445
39|2247|43.3760871887207
39|2256|52.1063346862793
39|2261|65.86436462402344
39|2270|52.60539627075195
39|2276|176.31527709960938
39|2286|64.15164184570312
39|2305|61.071922302246094
39|2329|65.10982513427734
39|2336|138.8315887451172
39|2341|84.21304321289062
39|2353|47.063724517822266
39|2372|169.4938201904297
39|2381|68.20726013183594
39|2384|70.33707427978516
39|2394|98.54753875732422
39|2398|90.82255554199219
39|2410|45.57072830200195
39|2417|42.029361724853516
39|2434|72.44001007080078
39|2437|67.65119934082031
39|2445|64.1348876953125
39|2453|68.3211669921875
39|2457|76.17127990722656
39|2462|77.01302337646484
39|2468|51.39797592163086
39|2486|60.86445617675781
39|2490|48.95432662963867
39|2506|54.273681640625
39|2512|83.05574798583984
39|2549|88.51338195800781
39|2556|81.451904296875
39|2561|48.37873077392578
39|2564|67.4189453125
39|2566|65.06871795654297
39|2573|72.85839080810547
39|2577|71.11380004882812
40|754|54.89012908935547
40|976|81.76363372802734
40|1395|96.45584869384766
40|1669|64.88013458251953
40|1717|83.89374542236328
40|1862|66.06900024414062
40|2080|55.2919921875
40|2180|42.27466583251953
40|2332|60.20527267456055
41|893|57.50007629394531
41|969|63.00646209716797
41|977|87.86946105957031
41|1394|119.43917846679688
41|1861|57.46942901611328
41|2059|116.98587036132812
41|2287|44.95481872558594
41|2304|53.9957275390625
41|2307|82.37638854980469
41|2438|63.74971389770508
42|458|57.62263107299805
42|755|47.69148254394531
42|970|65.08363342285156
42|1393|106.68616485595703
42|1526|102.98068237304688
42|2081|46.18411636352539
42|2306|69.67914581298828
42|2371|66.35662078857422
42|2560|79.35379791259766
43|86|45.34691619873047
43|92|40.888671875
43|95|40.37644577026367
43|195|64.50883483886719
43|201|56.76895523071289
43|304|61.11465835571289
43|308|46.61022186279297
43|412|92.15973663330078
43|459|85.10916137695312
43|673|46.46436309814453
43|712|39.63563537597656
43|767|118.75496673583984
43|894|81.72034454345703
43|978|68.26959991455078
43|997|98.5853271484375
43|1200|45.916481018066406
43|1211|114.14356231689453
43|1379|42.24359893798828
43|1397|120.49742126464844
43|1412|45.437557220458984
43|1473|44.21554183959961
43|1487|40.648193359375
43|1509|64.266357421875
43|1516|137.9725799560547
43|1525|125.46717071533203
43|1582|48.93500900268555
43|1636|75.45628356933594
43|1691|40.02000045776367
43|1705|44.33484649658203
43|1721|66.60322570800781
43|1740|72.13923645019531
43|1742|75.56684112548828
43|1788|61.68523025512695
43|1792|76.78052520751953
43|1800|50.38801193237305
43|1816|55.24809265136719
43|1824|63.493526458740234
43|1827|56.83854675292969
43|1868|43.603416442871094
43|1909|48.242584228515625
43|1922|51.11160659790039
43|1927|42.616764068603516
43|1942|41.23407745361328
43|1963|51.81047439575195
43|1968|44.31740188598633
43|1977|40.416107177734375
43|2006|65.41069793701172
43|2013|54.62622833251953
43|2017|69.76134490966797
43|2025|47.07541275024414
43|2032|87.81340026855469
43|2037|64.92916107177734
43|2040|85.33932495117188
43|2047|72.70702362060547
43|2087|43.44438934326172
43|2126|42.98197937011719
43|2140|56.823184967041016
43|2152|41.96221160888672
43|2181|181.5606231689453
43|2190|116.05882263183594
43|2197|217.4044647216797
43|2207|152.36465454101562
43|2236|111.04474639892578
43|2254|121.47377014160156
43|2257|67.17357635498047
43|2272|45.65711212158203
43|2289|104.12271881103516
43|2293|146.82180786132812
43|2298|117.85504150390625
43|2309|71.74696350097656
43|2319|47.47406005859375
43|2330|155.417724609375
43|2333|92.91803741455078
43|2343|133.88270568847656
43|2350|176.15113830566406
43|2353|232.0302276611328
43|2358|231.17257690429688
43|2362|248.9569854736328
43|2366|145.43429565429688
43|2397|101.58873748779297
43|2403|72.75824737548828
43|2405|73.18695068359375
43|2415|124.45972442626953
43|2420|139.76197814941406
43|2432|42.706783294677734
43|2453|87.71800994873047
43|2473|215.4239959716797
43|2484|43.362911224365234
43|2491|46.296173095703125
43|2506|122.11396789550781
43|2510|157.54922485351562
43|2514|71.97306823730469
43|2525|148.1765899658203
43|2547|54.965782165527344
43|2566|87.82059478759766
43|2574|134.47549438476562
43|2583|251.5891876220703
44|541|41.876014709472656
44|549|79.26293182373047
44|738|51.088287353515625
44|755|52.15974044799805
44|766|110.60682678222656
44|771|80.93669128417969
44|1084|80.65222930908203
44|1210|75.99128723144531
44|1213|99.38361358642578
44|1399|185.7962646484375
44|1418|44.251338958740234
44|1515|175.3662872314453
44|1524|100.36255645751953
44|1615|120.69098663330078
44|1623|190.46290588378906
44|1632|89.66083526611328
44|1722|71.70370483398438
44|1768|40.06772994995117
44|1799|53.17243576049805
44|1828|53.65791320800781
44|1841|166.3262176513672
44|1863|46.79536056518555
44|1936|41.93893051147461
44|1978|39.577571868896484
44|2005|63.34815979003906
44|2036|65.27850341796875
44|2048|71.18234252929688
44|2061|86.862060546875
44|2082|90.15011596679688
44|2193|122.99079132080078
44|2239|78.73841857910156
44|2249|250.6443634033203
44|2265|63.426971435546875
44|2302|133.63119506835938
44|2311|43.1190185546875
44|2318|40.15548324584961
44|2344|161.20907592773438
44|2361|214.9571075439453
44|2412|168.91172790527344
44|2454|66.04898834228516
44|2459|49.844482421875
44|2466|133.07772827148438
44|2509|115.0881576538086
44|2519|129.35519409179688
44|2546|40.350425720214844
44|2562|181.1667022705078
44|2575|109.49251556396484
45|756|52.01042175292969
45|889|54.64313507080078
45|972|39.831993103027344
45|1085|116.5674057006836
45|1201|73.19136047363281
45|1214|71.97223663330078
45|1717|64.26461029052734
45|1731|47.07477951049805
45|1785|43.41685104370117
45|1861|115.31655883789062
45|2002|42.43690872192383
45|2062|75.229248046875
45|2081|108.5709228515625
45|2252|68.6171875
46|454|61.356201171875
46|753|66.87683868408203
46|1202|62.92693328857422
46|1758|40.083351135253906
46|2003|42.00197982788086
46|2192|43.53234100341797
46|2301|40.33736038208008
46|2466|71.36708068847656
47|455|56.06837844848633
47|890|58.82299041748047
47|972|40.16252517700195
47|1089|83.66761779785156
47|1209|73.9123306274414
47|1786|47.82566452026367
47|2302|39.01689910888672
47|2546|108.55058288574219
48|588|100.61796569824219
48|1105|61.90262985229492
48|1203|76.8169174194336
48|1208|63.993289947509766
48|1222|52.865264892578125
48|1784|71.15437316894531
48|1845|78.60441589355469
48|1978|39.73487854003906
48|1996|62.944183349609375
48|2001|44.984371185302734
48|2086|63.35147476196289
48|2193|58.654048919677734
48|2201|46.14347839355469
48|2209|109.3380126953125
48|2268|90.40960693359375
48|2327|84.75910186767578
48|2523|75.81533813476562
48|2545|78.11564636230469
48|2547|94.52420043945312
48|2551|58.61845397949219
48|2562|39.55474090576172
48|2575|39.58131790161133
49|344|192.074951171875
49|352|99.72002410888672
49|364|64.05392456054688
49|379|40.659339904785156
49|456|80.84197235107422
49|585|97.40707397460938
49|589|77.06207275390625
49|692|44.54234313964844
49|739|78.16558837890625
49|889|45.770389556884766
49|891|54.724369049072266
49|957|51.457210540771484
49|971|47.747703552246094
49|1057|40.47617721557617
49|1107|94.24828338623047
49|1204|85.31798553466797
49|1218|75.38043212890625
49|1221|54.01073455810547
49|1783|76.07792663574219
49|1814|53.89300537109375
49|1849|44.533775329589844
49|1962|110.0753402709961
49|1997|64.37511444091797
49|2061|46.233551025390625
49|2066|105.34883880615234
49|2068|97.31703186035156
49|2085|60.78990173339844
49|2093|67.62464904785156
49|2104|46.22224044799805
49|2194|61.88719940185547
49|2210|109.83747863769531
49|2263|210.2728729248047
49|2317|66.97388458251953
49|2322|54.83171844482422
49|2411|61.73241424560547
49|2418|55.914794921875
49|2427|39.372581481933594
49|2466|59.05638885498047
49|2520|107.31324005126953
49|2530|58.00481414794922
49|2534|110.95669555664062
49|2537|129.84523010253906
49|2541|127.6713638305664
49|2552|50.65957260131836
49|2564|41.10565185546875
50|457|67.91410064697266
50|590|63.74894714355469
50|740|87.36322784423828
50|892|62.76431655883789
50|1636|46.483909606933594
50|1847|42.17341995239258
50|1861|44.53709411621094
50|1963|105.57076263427734
50|2274|66.70768737792969
50|2505|46.9022331237793
51|974|90.51079559326172
51|1142|50.355289459228516
51|2080|63.72361755371094
51|2262|87.67465209960938
51|2270|65.6644058227539
51|2272|57.437808990478516
51|2275|63.25979232788086
51|2383|39.37411880493164
51|2488|39.57789993286133
51|2506|57.89259338378906
52|750|51.98698425292969
52|975|94.90069580078125
52|1963|95.03919219970703
52|2222|59.76420974731445
52|2304|40.103240966796875
53|751|62.38422393798828
53|971|99.61985778808594
53|1140|90.9964828491211
53|1581|114.77436828613281
53|1964|148.9213409423828
54|89|44.05229187011719
54|313|40.60919189453125
54|415|78.56260681152344
54|523|47.90503692626953
54|609|62.548011779785156
54|633|45.917877197265625
54|660|41.211326599121094
54|739|44.4947509765625
54|752|68.40357971191406
54|1066|50.585662841796875
54|1082|45.66575241088867
54|1087|72.81917572021484
54|1119|78.65706634521484
54|1138|71.13029479980469
54|1191|40.507198333740234
54|1420|51.5352783203125
54|1515|55.08697509765625
54|1611|39.03704833984375
54|1811|98.40553283691406
54|1950|45.621212005615234
54|1965|160.64361572265625
54|1969|70.44097137451172
54|2071|47.62797927856445
54|2268|72.10301971435547
54|2376|74.26801300048828
54|2485|76.63766479492188
54|2493|50.89776611328125
55|198|40.110557556152344
55|306|61.72252655029297
55|312|39.253639221191406
55|422|47.08177185058594
55|1360|52.395687103271484
55|1407|41.112037658691406
55|1612|53.36440658569336
55|1829|52.87065505981445
55|1841|46.781036376953125
55|2067|49.45800018310547
55|2262|51.227333068847656
55|2334|39.430992126464844
55|2370|52.9341926574707
55|2479|64.88136291503906
55|2492|57.9258918762207
55|2496|72.10688018798828
56|972|52.82701110839844
56|2223|53.42872619628906
56|2335|51.04631042480469
56|2478|44.22542953491211
57|438|41.20326614379883
57|522|45.38713073730469
57|753|43.82281494140625
57|889|39.60564041137695
57|1001|39.539188385009766
57|1090|101.1976089477539
57|1481|58.71257400512695
57|1530|47.752376556396484
57|1534|54.538089752197266
57|1611|124.86688232421875
57|1751|56.33122634887695
57|1764|139.81787109375
57|1768|62.57024002075195
57|1809|142.21876525878906
57|1815|75.91255187988281
57|1819|61.38091278076172
57|1874|66.38329315185547
57|1963|128.16122436523438
57|1997|55.66340255737305
57|2027|81.48110961914062
57|2032|57.60148239135742
57|2075|41.43547439575195
57|2224|90.72430419921875
57|2276|53.90754318237305
57|2303|66.86663055419922
57|2311|49.982486724853516
57|2316|47.15060806274414
57|2319|39.673828125
57|2337|45.939552307128906
57|2385|103.46435546875
57|2395|143.6912078857422
57|2446|70.79124450683594
57|2493|123.5666275024414
57|2495|134.5281982421875
57|2521|97.03038787841797
57|2528|59.70899200439453
57|2533|60.0248908996582
57|2549|99.90619659423828
58|86|51.708377838134766
58|99|70.93314361572266
58|127|67.31566619873047
58|130|49.341678619384766
58|134|53.10493087768555
58|197|101.75019836425781
58|200|96.44828033447266
58|221|41.9275016784668
58|236|99.01395416259766
58|246|46.31199645996094
58|305|71.66312408447266
58|310|86.65043640136719
58|319|54.391727447509766
58|328|44.49284362792969
58|334|47.92758560180664
58|344|113.96446990966797
58|351|62.16539001464844
58|356|54.86374282836914
58|414|82.50086975097656
58|419|75.44336700439453
58|423|88.15814971923828
58|439|40.483985900878906
58|565|45.80522918701172
58|671|47.05134963989258
58|754|50.15886688232422
58|850|39.75596618652344
58|1176|38.99650955200195
58|1196|39.685302734375
58|1287|46.790916442871094
58|1369|101.02626037597656
58|1372|86.634765625
58|1432|72.69880676269531
58|1474|57.808746337890625
58|1479|87.67420959472656
58|1489|92.31409454345703
58|1529|67.13136291503906
58|1585|94.28021240234375
58|1609|85.43108367919922
58|1652|105.11920166015625
58|1692|93.61674499511719
58|1701|89.50439453125
58|1706|54.16322326660156
58|1746|65.2198257446289
58|1750|57.678104400634766
58|1759|146.84767150878906
58|1763|135.95716857910156
58|1782|41.50912857055664
58|1792|95.5618667602539
58|1813|56.4936637878418
58|1816|81.40093994140625
58|1818|81.88399505615234
58|1827|88.87411499023438
58|1835|46.67837905883789
58|1844|69.37226104736328
58|1850|77.78582000732422
58|1864|85.32083892822266
58|1869|68.62322998046875
58|1945|70.5147933959961
58|1953|65.17017364501953
58|1962|142.7096710205078
58|1964|144.2725372314453
58|1969|271.5479431152344
58|1972|199.01673889160156
58|1978|88.24510955810547
58|1998|49.59971237182617
58|2013|84.98114776611328
58|2023|63.67858123779297
58|2026|75.54761505126953
58|2036|76.40313720703125
58|2040|80.42489624023438
58|2044|86.01971435546875
58|2050|55.566192626953125
58|2053|42.7699089050293
58|2067|58.78035354614258
58|2091|93.892333984375
58|2157|68.0814208984375
58|2161|56.04033660888672
58|2171|54.753570556640625
58|2176|42.605655670166016
58|2194|71.89338684082031
58|2230|85.7579116821289
58|2234|55.866817474365234
58|2241|44.577056884765625
58|2261|42.10151672363281
58|2265|41.8782958984375
58|2269|45.44219207763672
58|2274|65.9115982055664
58|2279|45.43405532836914
58|2286|48.866451263427734
58|2292|48.02095413208008
58|2296|44.023193359375
58|2302|68.48281860351562
58|2307|85.5644760131836
58|2334|108.3265380859375
58|2360|43.689144134521484
58|2370|88.42220306396484
58|2373|71.55563354492188
58|2378|56.088218688964844
58|2386|113.5044937133789
58|2389|120.63735961914062
58|2400|64.98655700683594
58|2411|78.68985748291016
58|2419|59.28057098388672
58|2430|56.54840087890625
58|2439|40.14530944824219
58|2443|88.32788848876953
58|2450|118.52400207519531
58|2479|49.52490997314453
58|2485|102.8125991821289
58|2490|86.72074127197266
58|2496|129.71975708007812
58|2499|49.52333068847656
58|2505|68.29318237304688
58|2524|84.89446258544922
58|2552|76.8324966430664
58|2556|50.134307861328125
59|1092|60.566017150878906
59|1365|77.72290802001953
59|1396|80.18104553222656
59|1504|40.10894775390625
59|1705|47.057884216308594
59|1719|79.3619613647461
59|1769|49.66703414916992
59|1817|78.99544525146484
59|1863|76.00194549560547
59|1970|258.10687255859375
59|1984|41.422489166259766
59|2083|82.6874771118164
59|2335|83.8236312866211
59|2387|124.68598937988281
60|1027|50.450408935546875
60|1395|93.14725494384766
60|1612|53.063419342041016
60|1768|68.02812957763672
60|1778|39.970001220703125
60|1985|45.01115036010742
61|692|52.481239318847656
61|1025|47.64667892456055
61|1101|59.97425842285156
61|2398|59.276695251464844
61|2400|42.013221740722656
62|1720|49.037147521972656
62|1813|64.50593566894531
62|2306|78.52595520019531
64|1094|44.946102142333984
64|1139|55.99736404418945
64|1774|40.43661117553711
64|1801|49.85416030883789
64|1812|72.12344360351562
64|2030|45.87111282348633
64|2085|95.53885650634766
64|2252|51.68696975708008
64|2304|279.56500244140625
64|2309|47.753334045410156
64|2399|94.35635375976562
64|2473|43.24159240722656
64|2548|43.29448318481445
64|2576|71.48047637939453
65|235|83.46309661865234
65|239|78.56785583496094
65|412|63.680908203125
65|414|66.6871109008789
65|456|51.702125549316406
65|892|50.50091552734375
65|1090|39.89563751220703
65|1121|69.60384368896484
65|1137|56.5124626159668
65|1326|41.95688247680664
65|1408|226.03941345214844
65|1415|78.98566436767578
65|1418|103.28155517578125
65|1508|64.87440490722656
65|1517|243.58633422851562
65|1524|186.94920349121094
65|1544|48.5798225402832
65|1626|154.50531005859375
65|1632|125.89364624023438
65|1636|68.75440216064453
65|1726|113.35334777832031
65|1734|214.59579467773438
65|1737|221.06883239746094
65|1759|46.48262023925781
65|1765|50.27162551879883
65|1788|114.71514129638672
65|1791|159.76077270507812
65|1800|51.23444747924805
65|1802|47.107398986816406
65|1865|161.89422607421875
65|1871|84.15361785888672
65|1979|56.32594299316406
65|1994|58.046382904052734
65|2007|124.44898223876953
65|2011|122.40570068359375
65|2014|90.937255859375
65|2061|111.03233337402344
65|2090|99.85043334960938
65|2092|94.40991973876953
65|2156|42.21049880981445
65|2195|67.6017074584961
65|2198|64.88392639160156
65|2207|39.93239212036133
65|2251|50.88665008544922
65|2289|84.51075744628906
65|2296|76.06218719482422
65|2303|272.9746398925781
65|2307|135.48886108398438
65|2361|83.34880828857422
65|2366|44.07223129272461
65|2403|119.26646423339844
65|2417|91.52079772949219
65|2424|44.7945671081543
65|2453|46.9443359375
65|2455|47.63933181762695
65|2468|61.22459411621094
65|2507|162.73870849609375
65|2521|169.5779266357422
65|2524|107.49291229248047
65|2577|76.40833282470703
66|1095|57.7551155090332
66|1398|124.64482116699219
66|1417|108.74584197998047
66|1615|80.59124755859375
66|1723|172.38340759277344
66|1795|108.63005065917969
66|1799|41.929107666015625
66|1986|45.669979095458984
66|2081|190.27590942382812
66|2401|67.8038101196289
66|2411|39.199188232421875
66|2454|60.35111999511719
66|2528|53.28678512573242
67|519|40.63313293457031
67|1096|51.094032287597656
67|1769|110.4388656616211
67|1774|47.411407470703125
67|1785|60.9845085144043
67|1993|42.485450744628906
68|593|41.7706413269043
68|1091|50.18755340576172
68|1994|65.79413604736328
69|594|47.93717956542969
69|1092|63.316837310791016
69|1801|43.912376403808594
69|1804|41.1651611328125
69|1995|64.83125305175781
69|2017|54.12152099609375
69|2063|54.964351654052734
70|1786|75.54987335205078
70|2018|49.692161560058594
71|1774|41.45762634277344
71|1779|219.84788513183594
71|1811|75.29119110107422
72|232|97.66309356689453
72|451|50.556312561035156
72|453|48.27718734741211
72|563|47.74432373046875
72|1097|141.14768981933594
72|1319|77.46467590332031
72|1770|77.34163665771484
72|1785|148.37237548828125
72|1803|39.54949188232422
72|1815|48.93898010253906
72|1955|46.38688659667969
72|1972|87.25149536132812
72|2001|190.9661102294922
72|2019|69.13189697265625
72|2038|40.67477798461914
72|2044|49.18611145019531
72|2063|59.362274169921875
72|2173|42.316532135009766
72|2265|50.52223205566406
72|2493|55.21635818481445
73|196|63.45665740966797
73|225|116.4822006225586
73|308|63.084388732910156
73|319|43.07267761230469
73|346|50.986961364746094
73|412|65.63907623291016
73|421|51.28213119506836
73|426|39.554298400878906
73|443|86.26976776123047
73|447|94.21969604492188
73|452|52.467098236083984
73|457|39.589420318603516
73|562|45.0828857421875
73|878|44.53477096557617
73|1026|54.097930908203125
73|1096|131.68760681152344
73|1100|167.50054931640625
73|1314|110.12166595458984
73|1359|57.83753204345703
73|1611|41.20482635498047
73|1782|219.86221313476562
73|1784|184.3062286376953
73|1788|39.50357437133789
73|1814|41.490665435791016
73|1841|46.570255279541016
73|1846|43.1583251953125
73|1936|60.00082015991211
73|1940|71.1118392944336
73|1943|43.130130767822266
73|1954|51.86869430541992
73|1966|146.84129333496094
73|1970|114.63751983642578
73|1986|70.6501693725586
73|1997|312.98199462890625
73|2000|260.1151428222656
73|2035|50.189754486083984
73|2049|53.00309753417969
73|2059|73.79779052734375
73|2067|145.71456909179688
73|2174|42.046695709228516
73|2186|135.22438049316406
73|2266|54.47761535644531
73|2272|40.41620635986328
73|2374|52.151588439941406
73|2483|48.495460510253906
73|2489|46.347511291503906
73|2495|43.13064956665039
74|1718|51.14549255371094
74|1746|44.71733474731445
74|1840|39.7705078125
74|1999|340.72503662109375
74|2029|53.07499313354492
75|594|41.45196533203125
75|1778|77.5540771484375
75|2223|44.47011184692383
75|2384|39.83060073852539
75|2493|45.45377731323242
76|308|57.09345245361328
76|311|62.82765197753906
76|414|42.07533645629883
76|430|40.317626953125
76|433|39.55144500732422
76|595|58.769168853759766
76|1583|46.485958099365234
76|1771|43.40057373046875
76|1780|49.351741790771484
76|1948|43.203426361083984
76|1985|80.22798919677734
76|2022|48.79328918457031
76|2154|41.765464782714844
76|2383|49.82740783691406
76|2385|40.71187210083008
76|2492|69.89939880371094
77|257|49.56216812133789
77|360|39.18045425415039
77|363|62.73051834106445
77|366|73.31859588623047
77|373|50.469573974609375
77|417|43.06751251220703
77|421|63.0516242980957
77|520|42.29568099975586
77|755|44.54251480102539
77|1095|46.632633209228516
77|1123|51.118865966796875
77|1358|47.643531799316406
77|1480|49.748775482177734
77|1503|79.7735366821289
77|1506|42.80036163330078
77|1517|43.9295539855957
77|1529|45.55459976196289
77|1587|78.6817855834961
77|1697|62.466590881347656
77|1701|64.85376739501953
77|1776|109.71260833740234
77|1784|54.15797424316406
77|1788|65.26954650878906
77|1791|57.37112808227539
77|1849|40.37510681152344
77|1867|39.91083526611328
77|1969|42.59593963623047
77|1972|42.655948638916016
77|1981|75.28035736083984
77|1984|69.13037872314453
77|2001|75.44400024414062
77|2004|49.28122329711914
77|2012|40.1531982421875
77|2026|214.51651000976562
77|2049|46.47174072265625
77|2088|64.21293640136719
77|2099|46.382633209228516
77|2104|55.93327331542969
77|2158|45.21091079711914
77|2162|50.89790344238281
77|2171|70.46553802490234
77|2226|124.1824722290039
77|2235|39.22257995605469
77|2269|46.87239074707031
77|2272|41.672245025634766
77|2276|43.983299255371094
77|2281|73.9747543334961
77|2306|42.629615783691406
77|2310|39.08959197998047
77|2316|52.787574768066406
77|2327|40.95228576660156
77|2334|87.71002197265625
77|2360|42.10521697998047
77|2370|55.957279205322266
77|2378|50.42113494873047
77|2388|94.99482727050781
77|2392|114.87677764892578
77|2425|59.42203140258789
77|2435|50.0120964050293
77|2448|73.10586547851562
77|2479|57.07899475097656
77|2495|126.00759887695312
77|2533|39.462100982666016
77|2541|48.877872467041016
77|2550|56.31374740600586
77|2554|90.36763763427734
78|1096|42.103092193603516
78|1649|47.204856872558594
78|1705|74.50272369384766
78|1775|77.8912582397461
78|1806|51.76060485839844
78|1936|39.0424919128418
78|1971|39.36476516723633
78|1994|76.89445495605469
78|2387|98.57330322265625
78|2497|52.3154182434082
79|1405|45.02597427368164
79|1504|53.86609649658203
79|1623|39.016868591308594
79|1807|52.45130157470703
79|1949|40.07068634033203
79|1995|57.708431243896484
79|2022|74.46257019042969
80|1295|40.948551177978516
80|1350|40.83733367919922
80|1404|39.65053939819336
80|1505|49.159908294677734
81|238|41.35065841674805
81|1982|54.862281799316406
81|2057|47.182865142822266
81|2548|39.4775505065918
82|1779|46.8530387878418
82|1840|45.117088317871094
82|2058|48.452754974365234
82|2180|43.15855407714844
83|221|46.68408203125
83|1091|52.37790298461914
83|1309|47.73115539550781
84|111|63.891700744628906
84|220|49.17378616333008
84|329|54.44477844238281
84|438|56.15622329711914
84|982|45.61175537109375
84|1199|50.700496673583984
84|1296|39.01040267944336
84|1308|49.505821228027344
84|1840|51.02608871459961
84|1852|68.82952880859375
84|1949|54.5816650390625
84|1961|74.78276062011719
84|2057|52.22437286376953
84|2070|58.644439697265625
84|2167|45.68498611450195
84|2179|57.67441177368164
84|2548|40.98036193847656
85|1108|62.50800323486328
85|1613|50.53809356689453
85|1768|41.743446350097656
85|1985|44.135292053222656
85|2367|60.83625793457031
85|2522|39.583919525146484
86|347|41.29439163208008
86|352|42.837947845458984
86|564|50.949913024902344
86|998|52.2672004699707
86|1107|68.37064361572266
86|1414|44.31553268432617
86|1542|51.53929901123047
86|1614|40.58208084106445
86|1628|44.44243240356445
86|1727|70.96211242675781
86|1736|65.88015747070312
86|1786|50.40800476074219
86|1866|96.77374267578125
86|1973|46.75489807128906
86|2014|63.998260498046875
86|2086|124.19799041748047
86|2178|44.6947021484375
86|2236|52.69514846801758
86|2249|55.07320022583008
86|2253|50.18695831298828
86|2352|43.48066329956055
86|2365|64.68890380859375
86|2417|50.412513732910156
86|2419|52.07170104980469
86|2468|109.18290710449219
86|2506|41.47357177734375
86|2520|83.51326751708984
86|2524|69.58733367919922
86|2527|41.507118225097656
87|103|69.16307067871094
87|214|73.57579803466797
87|235|45.50957107543945
87|321|53.16264343261719
87|348|41.21153259277344
87|359|39.62636947631836
87|416|52.99923324584961
87|427|51.191436767578125
87|430|43.6566047668457
87|562|42.177364349365234
87|780|40.56873321533203
87|971|45.92129898071289
87|974|50.83623504638672
87|1080|63.2711296081543
87|1084|44.28318786621094
87|1189|51.166500091552734
87|1215|44.41794204711914
87|1298|49.66987609863281
87|1302|49.4548454284668
87|1398|62.05259704589844
87|1401|120.97628784179688
87|1415|51.6630859375
87|1629|46.3007698059082
87|1651|60.343379974365234
87|1718|40.14896774291992
87|1726|65.12712860107422
87|1735|71.1566162109375
87|1740|59.84284591674805
87|1761|112.24564361572266
87|1766|56.60466766357422
87|1792|95.56431579589844
87|1842|53.70698547363281
87|1846|71.43626403808594
87|1950|72.30097961425781
87|1954|75.92120361328125
87|1972|63.25193405151367
87|1978|162.19044494628906
87|1982|175.7760467529297
87|2006|116.27902221679688
87|2016|57.67493438720703
87|2059|49.4152946472168
87|2064|67.11345672607422
87|2091|60.488983154296875
87|2168|73.38321685791016
87|2172|55.09002685546875
87|2183|81.10647583007812
87|2203|64.31111145019531
87|2239|45.75042724609375
87|2296|63.24287796020508
87|2350|48.03392791748047
87|2360|70.00763702392578
87|2400|75.75296783447266
87|2404|78.92433166503906
87|2412|87.02611541748047
87|2418|56.01458740234375
87|2472|71.4992446899414
87|2481|43.17570114135742
87|2508|56.464839935302734
87|2526|40.57282638549805
87|2577|70.15729522705078
87|2582|108.98460388183594
88|1614|40.42588424682617
88|1724|56.39390182495117
88|1970|74.82540130615234
88|1975|52.39661407470703
88|1986|39.922218322753906
90|1404|44.93345642089844
90|1513|43.27822494506836
90|1567|42.97462463378906
90|1622|48.01364517211914
90|1676|45.10591125488281
90|1730|44.98115539550781
90|1785|43.07455062866211
90|1894|40.65708541870117
90|2003|62.41731262207031
90|2166|46.23601531982422
91|199|39.39197540283203
91|303|43.0257453918457
91|413|47.097137451171875
91|1405|48.84299087524414
91|1731|50.04386520385742
91|1949|55.055946350097656
91|1995|62.756343841552734
92|2224|41.393211364746094
93|1583|86.08113098144531
93|1996|66.80331420898438
94|304|41.64617919921875
94|309|44.464195251464844
94|413|50.233367919921875
94|418|54.11771774291992
94|427|42.7122688293457
94|2002|47.50084686279297
94|2223|46.25213623046875
94|2266|43.14472198486328
94|2268|42.000572204589844
94|2371|42.629188537597656
94|2376|44.82556915283203
94|2486|43.92167282104492
95|2224|84.1959228515625
96|781|40.62782669067383
96|1094|43.350852966308594
96|1298|41.36140060424805
96|1369|107.67096710205078
96|1408|56.64496994018555
96|1433|82.96902465820312
96|1461|44.04520034790039
96|1502|49.77052688598633
96|1570|39.56236267089844
96|1585|48.21335983276367
96|1624|58.838905334472656
96|1809|53.001041412353516
96|1869|45.86960983276367
96|1937|39.42318344116211
96|1970|45.78368377685547
96|2001|39.536563873291016
96|2004|42.63825607299805
96|2024|51.48185348510742
96|2061|57.70771408081055
96|2089|56.95866394042969
96|2168|45.55342102050781
96|2225|89.35533905029297
96|2394|50.04279708862305
96|2541|41.154972076416016
96|2546|53.865386962890625
96|2550|89.16048431396484
97|241|39.89955520629883
97|348|56.08823776245117
97|536|52.658790588378906
97|586|40.77220916748047
97|741|40.26201629638672
97|971|52.714202880859375
97|1189|56.4583740234375
97|1370|101.23297119140625
97|1395|65.73516082763672
97|1491|63.11591720581055
97|1589|39.94737243652344
97|1610|39.701744079589844
97|1650|39.841400146484375
97|1706|120.81600952148438
97|1828|46.45569610595703
97|1844|56.566680908203125
97|1851|39.02878952026367
97|1997|46.398014068603516
97|2048|47.68556213378906
97|2062|57.6952018737793
97|2091|39.329898834228516
97|2231|114.0639419555664
97|2540|41.418067932128906
97|2545|56.07331848144531
97|2548|55.38357162475586
97|2551|77.17140197753906
98|1107|41.06494903564453
98|1827|41.2349739074707
98|1999|57.03734588623047
98|2539|47.98710632324219
99|2002|53.37291717529297
100|1295|43.20323181152344
100|1622|52.611263275146484
100|1676|55.42481994628906
100|1731|47.080413818359375
100|1839|53.28424072265625
100|1894|48.5228157043457
100|2003|51.714237213134766
100|2057|47.71949768066406
100|2111|50.70025634765625
100|2166|50.00444412231445
101|1350|42.609745025634766
101|1404|55.81927490234375
101|1458|45.334266662597656
101|1513|55.72044372558594
101|1567|47.71128463745117
101|1785|49.12709045410156
101|1948|50.65963363647461
105|1300|45.669620513916016
105|1397|42.103153228759766
105|1409|43.12963104248047
105|1463|42.33090591430664
105|1572|41.86506271362305
105|1681|41.27793884277344
105|1735|40.17639923095703
105|1899|39.825191497802734
105|1953|41.22157669067383
105|2007|42.220855712890625
105|2116|48.36018371582031
106|1894|41.248172760009766
107|1397|43.106807708740234
107|1507|58.317726135253906
107|1526|51.1989631652832
107|1624|51.108604431152344
107|1627|72.04300689697266
107|1787|47.243492126464844
107|2007|55.7525520324707
107|2182|52.73866653442383
107|2252|82.87433624267578
107|2298|46.60379409790039
107|2346|53.43603515625
107|2576|67.09992980957031
108|1350|44.169517517089844
108|1404|42.35237121582031
108|1410|130.28041076660156
108|1459|42.07894515991211
108|1514|57.17043685913086
108|1521|66.93685913085938
108|1568|41.92761993408203
108|1623|55.71999740600586
108|1625|57.467681884765625
108|1677|42.28463363647461
108|1722|45.9090690612793
108|1732|106.1816177368164
108|1739|123.60759735107422
108|1840|47.650569915771484
108|1866|56.71821212768555
108|1868|56.68465805053711
108|1895|41.364784240722656
108|1949|44.00626754760742
108|2004|70.83935546875
108|2011|68.99483489990234
108|2013|68.75601196289062
108|2086|46.91386032104492
108|2090|51.36966323852539
108|2112|41.165283203125
108|2166|43.287513732910156
108|2183|55.628631591796875
108|2253|106.79937744140625
108|2294|58.311363220214844
108|2356|72.04425811767578
108|2359|109.36199188232422
108|2362|54.72068786621094
108|2403|42.62848663330078
108|2416|82.19219970703125
108|2468|68.52921295166016
108|2472|41.85002136230469
108|2577|73.09371185302734
108|2581|47.52518081665039
109|417|58.68003845214844
109|1102|51.20390319824219
109|1406|59.65983963012695
109|1508|85.98702239990234
109|1515|62.736507415771484
109|1522|61.04670715332031
109|1631|77.95608520507812
109|2091|48.51698303222656
109|2400|41.46786117553711
109|2402|48.70901870727539
109|2420|57.93192672729492
109|2474|50.492977142333984
110|1099|58.99700927734375
110|1101|47.948020935058594
110|1624|51.06367492675781
110|1723|57.727508544921875
110|2401|54.61924362182617
111|1100|49.249080657958984
111|1611|43.994346618652344
112|2493|47.77800369262695
113|2003|39.296836853027344
114|1973|80.52536010742188
115|1367|67.65086364746094
115|1379|52.48057556152344
115|1487|80.91820526123047
115|1699|55.33795166015625
115|1702|90.78282928466797
115|1764|72.08940124511719
115|1968|88.41119384765625
115|2084|53.82509994506836
115|2169|45.7873420715332
115|2172|40.942604064941406
115|2550|56.59474563598633
116|563|47.15375900268555
116|671|57.135093688964844
116|782|45.64540100097656
116|850|42.095279693603516
116|1000|47.06089401245117
116|1108|40.774898529052734
116|1217|54.977210998535156
116|1285|40.56779861450195
116|1435|44.054542541503906
116|1651|58.98197555541992
116|1700|55.86553192138672
116|1761|49.94493103027344
116|1763|58.24033737182617
116|1766|40.06905746459961
116|1865|48.7561149597168
116|1871|56.60990905761719
116|1971|150.61456298828125
116|1975|107.08562469482422
116|2024|56.465511322021484
116|2088|64.4952163696289
116|2156|49.18406677246094
116|2284|49.534523010253906
116|2336|108.05148315429688
116|2551|64.86543273925781
117|562|41.52194595336914
117|565|44.70355224609375
117|2285|40.30107498168945
117|2335|77.77229309082031
118|1504|43.1279296875
119|1975|39.95748519897461
119|2493|55.80113220214844
120|1295|44.33087921142578
120|1350|44.817047119140625
120|1404|41.66067123413086
120|1567|42.44405746459961
120|1622|43.81657409667969
120|1676|45.311885833740234
120|1785|52.74433898925781
120|1894|49.438743591308594
120|2002|81.81455993652344
120|2166|48.460575103759766
121|2000|58.64768981933594
121|2267|45.95671844482422
122|1099|54.77194595336914
122|2266|53.29161834716797
122|2538|41.22500991821289
123|1100|57.83943557739258
123|1350|43.59299850463867
123|1513|41.54126739501953
123|1622|43.72419738769531
123|1676|39.32512283325195
123|1999|43.33647537231445
127|1513|40.82139205932617
127|1676|39.155677795410156
127|1948|47.443241119384766
128|1721|44.50834274291992
128|2085|56.15732192993164
128|2576|44.61967468261719
129|1410|50.4109992980957
129|1517|62.008541107177734
129|1520|84.93793487548828
129|1624|50.070960998535156
129|1627|44.681495666503906
129|1789|50.09014129638672
129|1865|62.075225830078125
129|1870|80.0716323852539
129|2003|39.847816467285156
129|2006|67.64866638183594
129|2010|43.50479507446289
129|2088|80.87321472167969
129|2250|53.646453857421875
129|2366|40.55290222167969
130|1360|47.13053512573242
130|1414|42.77981948852539
130|1521|97.82856750488281
130|1625|51.19459533691406
130|1737|40.64904022216797
130|1794|43.490604400634766
130|1869|109.07206726074219
130|2005|66.17951202392578
130|2012|55.904029846191406
130|2090|65.6424331665039
130|2249|43.83713150024414
130|2289|100.1361312866211
130|2348|41.717567443847656
130|2359|84.59752655029297
130|2404|52.96298599243164
131|1610|44.51211166381836
131|1964|49.35397720336914
131|2091|72.12712097167969
131|2401|87.40032196044922
132|1523|43.50082778930664
133|2002|40.878265380859375
134|1407|39.165863037109375
134|1516|40.965858459472656
134|1699|64.36985778808594
134|1775|44.17610549926758
134|1809|43.50722885131836
134|2028|46.347747802734375
134|2494|68.62895202636719
135|1365|58.03001022338867
135|1650|48.201595306396484
135|1660|41.008731842041016
135|1719|71.19047546386719
135|1784|49.4548454284668
135|1789|54.53017807006836
135|1843|43.35693359375
135|1952|40.88936233520508
135|1983|43.79148483276367
135|2000|51.50852584838867
135|2023|78.2724609375
135|2086|48.515098571777344
135|2495|58.13300323486328
136|1380|44.65595245361328
136|1783|58.10657501220703
136|1999|61.67138671875
139|2398|44.68528366088867
143|1780|74.23137664794922
143|1962|44.53358459472656
143|1985|48.44664764404297
143|2263|43.51983642578125
144|997|39.6744499206543
144|1764|49.197723388671875
144|1978|59.57294845581055
144|1984|45.41172790527344
144|1996|39.334190368652344
144|2001|97.07227325439453
144|2046|43.03947448730469
145|1759|43.475345611572266
145|1762|51.51329803466797
145|1765|50.5963134765625
145|1851|40.26059341430664
145|1954|39.9766845703125
145|1977|56.50372314453125
145|1979|55.742149353027344
145|2035|45.779327392578125
146|1766|44.06694030761719
146|1768|49.27296447753906
146|1781|68.08897399902344
146|1784|87.0860595703125
146|1850|47.52813720703125
146|1983|71.1363296508789
146|2070|65.2544174194336
146|2536|46.907405853271484
147|644|43.20430374145508
147|875|45.08773422241211
147|970|40.032901763916016
147|1767|48.25077438354492
147|1783|79.43326568603516
147|1984|51.00544738769531
148|971|39.158714294433594
148|1998|83.72046661376953
148|2167|40.163169860839844
149|644|47.8333740234375
149|2084|49.377540588378906
149|2304|43.56352615356445
150|1790|88.86418914794922
151|1793|61.33427810668945
151|1862|53.33327102661133
151|2008|49.30281448364258
151|2011|40.12092971801758
151|2014|51.50701141357422
151|2083|68.69355010986328
151|2086|43.70277786254883
151|2089|39.60459518432617
151|2303|73.0907211303711
152|1788|59.486793518066406
152|1791|99.98587799072266
152|1795|54.788028717041016
152|2013|45.5543098449707
152|2028|51.284217834472656
152|2082|57.132598876953125
153|1535|43.937522888183594
153|1749|42.91169357299805
153|2024|43.1684455871582
153|2027|54.75704574584961
154|1680|45.92781066894531
154|1694|45.09959030151367
154|1850|62.82118606567383
154|2025|44.86330032348633
154|2081|56.53971862792969
154|2393|52.90509796142578
155|998|55.348304748535156
155|1652|49.11369323730469
155|2450|39.21422576904297
156|1382|50.98554229736328
156|2451|39.10565948486328
157|1350|40.23480224609375
158|643|39.42343521118164
162|1513|43.1953239440918
165|646|42.144161224365234
166|645|41.84707260131836
167|1622|39.83211898803711
170|1350|44.6191520690918
170|1513|43.73179244995117
170|1850|64.4010009765625
170|1948|39.11531066894531
170|2068|62.50271224975586
171|1849|106.3860092163086
171|2065|47.76898193359375
171|2506|50.09722137451172
172|1462|49.90169143676758
172|1758|43.948089599609375
172|1847|101.2723617553711
172|2278|40.04454040527344
172|2445|47.234962463378906
172|2520|54.22722625732422
173|1683|42.19060134887695
173|1692|44.023704528808594
173|1759|47.18345642089844
173|1843|42.87765121459961
173|2195|92.80164337158203
173|2198|53.61415100097656
173|2203|54.707061767578125
173|2443|39.986793518066406
173|2448|62.33707809448242
174|1682|51.3497314453125
174|2058|41.22714614868164
174|2199|53.50093078613281
174|2202|64.6552505493164
174|2526|39.426544189453125
175|1383|55.262271881103516
179|2317|45.99568176269531
180|1676|41.483863830566406
180|1731|39.251930236816406
180|1894|52.700653076171875
180|2003|43.81505584716797
180|2112|40.06070327758789
181|1296|39.49576950073242
181|1350|39.6613883972168
181|1459|46.731910705566406
181|1568|47.93058395385742
181|1622|39.909515380859375
181|1949|44.023189544677734
181|2057|43.62326431274414
181|2166|40.09754943847656
182|2058|39.77616500854492
191|2328|75.53752899169922
192|1467|44.227535247802734
192|1690|61.77908706665039
192|2278|41.63852310180664
193|1471|45.131473541259766
193|1596|58.27537536621094
193|1686|50.955902099609375
193|1689|65.65492248535156
193|2277|42.9013786315918
194|1685|44.115779876708984
195|2003|39.127105712890625
195|2237|54.55936050415039
195|2319|66.233154296875
195|2498|46.94029235839844
196|2210|58.110713958740234
196|2320|52.144630432128906
197|1841|46.66044998168945
197|2209|51.542869567871094
197|2342|40.5557861328125
198|2323|59.820404052734375
200|1841|39.79994583129883
212|1469|70.67314147949219
212|1688|49.39535140991211
213|1382|64.07106018066406
215|1621|45.01884841918945
215|2239|61.625999450683594
216|1295|42.7082633972168
216|1349|42.00587844848633
216|1404|46.84121322631836
216|1458|44.10983657836914
216|1513|41.91645812988281
216|1567|54.40249252319336
216|1676|53.89866638183594
216|1730|51.053714752197266
216|1785|43.55396270751953
216|1839|48.406211853027344
216|1894|46.98800277709961
216|1948|45.26980209350586
216|2002|46.76027297973633
216|2111|46.49014663696289
216|2237|41.11000442504883
216|2240|41.4248046875
216|2327|59.232906341552734
217|2213|60.095916748046875
218|2326|68.76863861083984
219|2066|43.32451629638672
219|2325|71.47969055175781
220|2209|40.14344787597656
221|2324|77.30799865722656
222|2323|79.62796783447266
229|1731|42.34310531616211
229|2003|46.63223648071289
230|1404|43.457359313964844
230|1458|42.86513137817383
230|1567|40.86511993408203
230|1622|43.48212814331055
230|1676|44.620357513427734
230|1730|41.868743896484375
230|1893|40.64957046508789
230|2002|45.364593505859375
232|1893|41.61187744140625
232|2111|42.7225227355957
233|1458|40.807735443115234
233|1513|44.57466125488281
233|1567|45.11831283569336
233|1676|42.564353942871094
233|1730|41.04671859741211
233|1785|43.36466979980469
233|1894|40.28042221069336
233|2154|40.380859375
237|1404|39.309452056884766
238|1406|39.90647888183594
240|2213|46.746849060058594
241|2212|46.39309310913086
242|2326|68.1033935546875
243|2325|73.74970245361328
245|1846|43.088706970214844
246|2324|103.18795776367188
247|2323|96.0912857055664
250|1470|42.58781814575195
250|1596|41.33030319213867
250|1688|41.653175354003906
251|1471|56.01210403442383
251|1595|38.98931884765625
251|1689|62.32088088989258
258|2239|53.95175552368164
259|2196|57.34789276123047
260|2197|64.17652893066406
260|2202|41.56277847290039
261|2199|42.48918914794922
269|2447|41.066009521484375
270|1692|45.245113372802734
270|2448|51.14802169799805
299|2568|51.50994873046875
304|2568|46.1504020690918
310|2568|69.16748809814453
311|2059|43.34165954589844
311|2567|54.596378326416016
314|2212|58.6248893737793
315|2211|59.68043518066406
318|2210|46.74332046508789
327|2568|39.1722526550293
327|2572|51.526885986328125
328|2567|39.038978576660156
338|2212|40.15537643432617
341|2067|39.174774169921875
342|2065|45.156280517578125
508|2174|44.4896240234375
653|1324|49.29835510253906
653|1328|43.82233428955078
653|1346|39.38813400268555
653|1543|42.869049072265625
653|1759|47.60598373413086
653|1764|42.62204360961914
653|1976|39.43897247314453
653|1982|42.633819580078125