Faded
Alan Walker

EDM
faded
2049x2584
3622

2|2124|45.62635803222656
3|1397|162.3529510498047
3|1414|108.94115447998047
3|1449|90.85617065429688
3|1456|80.09480285644531
3|1480|47.52479553222656
3|1507|109.93486785888672
3|1530|64.06503295898438
3|1534|66.36348724365234
3|1541|83.25572967529297
3|1548|119.07714080810547
3|1551|116.01094055175781
3|1554|114.16387939453125
3|1561|143.04510498046875
3|1568|133.4611053466797
3|1575|150.2998504638672
3|1586|117.02328491210938
3|1589|119.98277282714844
3|1596|95.91432189941406
3|1600|92.21276092529297
3|1604|85.18048858642578
3|1612|85.64250183105469
3|1619|86.89739990234375
3|1739|147.59078979492188
3|1749|127.25662231445312
3|1752|127.03437805175781
3|1781|89.0440444946289
3|1795|132.26425170898438
3|1800|107.04411315917969
3|1808|130.0498809814453
3|1821|123.891845703125
3|1827|112.5028305053711
3|1832|104.88494873046875
3|1837|102.06269073486328
3|1842|95.33489227294922
3|1846|74.32536315917969
3|1850|82.78693389892578
3|1896|143.91905212402344
3|1925|155.5408935546875
3|1954|173.765380859375
3|1977|171.37559509277344
3|1983|179.64443969726562
3|1986|177.3032989501953
3|1990|177.67282104492188
3|1992|176.2559051513672
3|2006|186.39749145507812
3|2012|195.87660217285156
3|2016|188.17147827148438
3|2020|176.30303955078125
3|2035|190.03466796875
3|2041|178.7405242919922
3|2044|170.58702087402344
3|2049|170.3496551513672
3|2064|168.83448791503906
3|2070|175.3948211669922
3|2076|178.40306091308594
3|2207|168.7279052734375
3|2213|186.32093811035156
3|2217|168.647705078125
3|2221|171.30079650878906
3|2235|168.85472106933594
3|2241|198.7306671142578
3|2245|166.10899353027344
3|2249|176.5543975830078
4|1395|175.770263671875
4|1398|223.02452087402344
4|1403|136.22515869140625
4|1405|156.9636688232422
4|1408|191.39004516601562
4|1413|128.68490600585938
4|1415|111.92142486572266
4|1418|170.06776428222656
4|1421|124.46380615234375
4|1423|124.39234924316406
4|1426|132.67140197753906
4|1431|145.226806640625
4|1436|153.33267211914062
4|1441|135.26771545410156
4|1446|135.8973388671875
4|1450|104.2994155883789
4|1454|114.61327362060547
4|1459|109.93399047851562
4|1462|66.90796661376953
4|1479|46.98857116699219
4|1483|68.51985931396484
4|1489|66.889892578125
4|1493|102.16509246826172
4|1497|104.14707946777344
4|1505|110.46492004394531
4|1681|42.652767181396484
4|1695|60.2746696472168
4|1706|77.21156311035156
4|1709|77.15196228027344
4|1735|79.16140747070312
4|1860|182.5869140625
4|1868|198.50711059570312
4|1870|170.6417999267578
4|1873|168.4770050048828
4|1877|199.39608764648438
4|1882|71.16690826416016
4|1887|77.81990051269531
4|1891|218.88206481933594
4|1899|138.52064514160156
4|1902|149.20669555664062
4|1905|137.27085876464844
4|1920|184.800537109375
4|1926|160.86605834960938
4|1930|188.72767639160156
4|1934|178.98956298828125
4|1948|170.01217651367188
4|1956|184.22528076171875
4|1960|189.4442596435547
4|1963|168.88026428222656
4|2028|52.85722732543945
4|2091|205.9660186767578
4|2097|208.158935546875
4|2100|191.98004150390625
4|2106|203.98226928710938
4|2120|215.53602600097656
4|2126|223.45179748535156
4|2130|204.34515380859375
4|2149|211.83074951171875
4|2155|198.62973022460938
4|2160|192.93341064453125
4|2163|190.47427368164062
4|2178|194.0331268310547
4|2183|193.59735107421875
4|2186|196.27182006835938
4|2190|190.927001953125
4|2517|426.0310363769531
4|2546|458.3569641113281
4|2575|397.2131042480469
5|621|44.75597381591797
5|1865|64.08846282958984
5|1910|69.59546661376953
5|1913|60.372432708740234
5|1968|52.078006744384766
5|1971|70.3330307006836
5|2029|56.704185485839844
5|2038|90.2325668334961
5|2057|44.11961364746094
5|2067|89.92642974853516
5|2372|388.82208251953125
5|2374|390.172119140625
5|2381|272.7144775390625
5|2383|222.84010314941406
5|2401|464.7242126464844
5|2410|320.04241943359375
5|2430|492.5086364746094
5|2438|329.5452880859375
5|2458|487.02313232421875
5|2463|434.8587341308594
5|2467|344.6958312988281
5|2487|448.4764709472656
5|2490|466.784912109375
5|2494|409.8143615722656
5|2499|314.4954833984375
5|2516|441.049072265625
5|2519|479.9366455078125
5|2522|461.5132141113281
5|2525|286.8392333984375
5|2528|335.8734130859375
5|2544|499.88360595703125
5|2548|500.0634460449219
5|2551|474.7672424316406
5|2556|289.9489440917969
5|2573|427.72698974609375
5|2576|455.25225830078125
5|2580|371.5176696777344
5|2582|259.9562072753906
6|591|72.88423156738281
6|601|40.56938934326172
6|604|44.59700393676758
6|607|41.31280517578125
6|612|60.783992767333984
6|615|49.549072265625
6|619|40.549644470214844
6|622|40.32344055175781
6|692|68.39556884765625
6|820|95.35774993896484
6|824|79.82730102539062
6|832|60.6773567199707
6|836|46.70757293701172
6|842|53.97457504272461
6|844|53.664527893066406
6|846|51.607215881347656
6|848|45.27164077758789
6|851|42.049129486083984
6|853|48.076683044433594
6|857|50.37934494018555
6|864|41.84012985229492
6|922|81.09136962890625
6|924|78.64899444580078
6|926|79.81219482421875
6|928|70.6689453125
6|1050|78.54216003417969
6|1062|42.26634216308594
6|1064|42.35903549194336
6|1152|73.74291229248047
6|1160|47.41823959350586
6|1280|89.58912658691406
6|1282|80.29878234863281
6|1284|83.73353576660156
6|1286|86.05958557128906
6|1292|68.60942840576172
6|1295|44.46588134765625
6|1302|51.777000427246094
6|1304|51.38102722167969
6|1308|42.57213592529297
6|1326|42.154170989990234
6|1396|156.3195343017578
6|1404|93.0850830078125
6|1420|87.07061004638672
6|1427|83.68681335449219
6|1430|58.967464447021484
6|1447|66.48541259765625
6|1513|152.21804809570312
6|1522|190.6400146484375
6|1528|195.3665008544922
6|1533|203.94358825683594
6|1538|194.73678588867188
6|1547|164.61038208007812
6|1566|82.58057403564453
6|1569|86.02220153808594
6|1581|107.8966064453125
6|1584|111.00191497802734
6|1593|103.55184936523438
6|1604|56.8110466003418
6|1621|60.48183822631836
6|1737|60.32925033569336
6|1743|68.33815002441406
6|1755|55.944114685058594
6|1773|63.51542663574219
6|1775|63.47084426879883
6|1785|141.60214233398438
6|1797|124.26028442382812
6|1811|77.78485107421875
6|1829|41.51570129394531
6|1879|91.8534927368164
6|1975|127.74746704101562
6|1977|122.697021484375
6|1981|155.34197998046875
6|1984|146.79884338378906
6|1987|147.92880249023438
6|1991|125.56271362304688
6|2005|157.1124267578125
6|2010|152.6969451904297
6|2013|124.14187622070312
6|2018|166.22520446777344
6|2020|166.07725524902344
6|2033|140.6361541748047
6|2048|140.86842346191406
6|2062|126.08065795898438
6|2068|84.06304168701172
6|2077|138.79058837890625
6|2206|184.88519287109375
6|2212|150.64723205566406
6|2217|130.93655395507812
6|2235|142.37545776367188
6|2241|108.87122344970703
6|2248|95.41576385498047
6|2370|283.248779296875
6|2399|347.1943054199219
6|2456|330.4556579589844
6|2485|349.2440490722656
6|2503|234.9319305419922
6|2506|218.2143096923828
6|2508|209.81607055664062
6|2514|316.6949462890625
6|2532|259.1720275878906
6|2537|265.8958740234375
6|2560|224.0595245361328
6|2563|206.2014923095703
6|2565|212.23312377929688
6|2571|302.30206298828125
7|476|138.934326171875
7|480|125.75576782226562
7|496|86.48521423339844
7|501|74.07760620117188
7|514|67.40254211425781
7|523|63.71167755126953
7|528|63.442626953125
7|531|63.900909423828125
7|541|48.419334411621094
7|549|48.92237091064453
7|553|49.708412170410156
7|558|48.33750534057617
7|833|57.48141098022461
7|843|52.49025344848633
7|849|47.27458953857422
7|852|50.650306701660156
7|856|43.972599029541016
7|859|41.62147903442383
7|935|140.82131958007812
7|939|126.68071746826172
7|942|134.7320098876953
7|956|93.47700500488281
7|960|84.23558044433594
7|965|56.36690139770508
7|973|62.96848678588867
7|980|49.9549560546875
7|984|52.252288818359375
7|991|67.42572784423828
7|998|42.84346008300781
7|1005|41.88753890991211
7|1010|45.96669006347656
7|1014|47.17056655883789
7|1017|47.7197265625
7|1020|49.481285095214844
7|1309|41.55999755859375
7|1316|44.70199966430664
7|1325|42.16780471801758
7|1395|180.8882293701172
7|1400|157.5695343017578
7|1402|100.56893157958984
7|1407|107.4631118774414
7|1410|127.73932647705078
7|1416|142.59164428710938
7|1423|56.964515686035156
7|1428|82.69022369384766
7|1431|46.435447692871094
7|1439|133.88583374023438
7|1443|85.163330078125
7|1446|83.30729675292969
7|1450|71.79376983642578
7|1452|95.50838470458984
7|1456|112.62286376953125
7|1463|68.82823944091797
7|1466|63.74884796142578
7|1471|134.93310546875
7|1478|100.26734924316406
7|1484|143.6996307373047
7|1497|89.45089721679688
7|1792|88.66200256347656
7|1855|293.3911437988281
7|1862|134.99618530273438
7|1866|129.71035766601562
7|1871|173.35745239257812
7|1874|132.73800659179688
7|1877|100.91548156738281
7|1890|131.92715454101562
7|1896|159.91615295410156
7|1898|172.10574340820312
7|1903|162.405517578125
7|1908|40.47773742675781
7|1918|144.56405639648438
7|1925|153.7862091064453
7|1928|139.8228302001953
7|1934|135.56495666503906
7|1948|145.74423217773438
7|1953|131.60205078125
7|1962|158.33021545410156
7|2211|155.5989227294922
7|2240|111.94090270996094
7|2378|245.8629608154297
7|2387|348.87371826171875
7|2391|350.9308776855469
7|2398|251.37892150878906
7|2407|265.2646179199219
7|2413|396.7867736816406
7|2418|418.8748474121094
7|2421|429.29541015625
7|2436|289.6838684082031
7|2443|373.27032470703125
7|2446|364.9472961425781
7|2461|121.90619659423828
7|2465|286.608642578125
7|2472|318.4156494140625
7|2474|314.0808410644531
7|2480|318.64886474609375
7|2495|116.45806884765625
7|2498|126.60038757324219
7|2513|241.28724670410156
7|2555|123.531982421875
7|2581|116.14631652832031
8|705|53.346275329589844
8|819|42.70408630371094
8|1164|49.162349700927734
8|1278|41.348838806152344
8|1394|201.22738647460938
8|1399|144.91957092285156
8|1406|107.4570083618164
8|1430|52.266197204589844
8|1454|75.20281219482422
8|1461|41.17198181152344
8|1506|53.65904998779297
8|1510|48.77610778808594
8|1570|49.54131317138672
8|1623|113.22090148925781
8|1626|105.74099731445312
8|1861|132.40023803710938
8|1920|106.14208984375
8|1976|40.8223876953125
8|1982|65.28546905517578
8|2013|66.60282135009766
8|2015|49.02165222167969
8|2369|188.67019653320312
8|2455|225.50088500976562
8|2484|246.44461059570312
8|2491|49.31329345703125
8|2523|165.43551635742188
8|2530|58.093936920166016
8|2570|229.05316162109375
9|1412|41.7406005859375
9|1433|49.03019332885742
9|1509|46.933475494384766
9|1553|43.258663177490234
9|1556|49.966880798339844
9|1562|61.14370346069336
9|1565|67.7720947265625
9|1571|49.966392517089844
9|1575|40.13809585571289
9|1624|110.23297882080078
9|1627|108.25131225585938
9|1630|111.85452270507812
9|1637|86.24559783935547
9|1647|118.32360076904297
9|1652|125.3245849609375
9|1677|189.17437744140625
9|1679|187.4266815185547
9|1687|175.92410278320312
9|1690|172.9747772216797
9|1693|167.44410705566406
9|1720|118.73362731933594
9|1726|103.6309585571289
9|1728|103.9201431274414
9|1732|106.78849792480469
9|1734|106.76475524902344
9|1865|54.53924560546875
9|1910|52.19805908203125
9|1964|60.077232360839844
9|2005|49.11295700073242
9|2035|44.38983154296875
9|2039|43.948219299316406
9|2091|151.74110412597656
9|2096|120.58734893798828
9|2098|116.2779769897461
9|2101|133.837646484375
9|2105|152.6822967529297
9|2120|171.4920654296875
9|2125|112.16792297363281
9|2135|162.28956604003906
9|2149|193.03189086914062
9|2153|103.46478271484375
9|2163|132.12637329101562
9|2178|120.88944244384766
9|2183|114.41639709472656
9|2187|119.99588775634766
9|2192|133.5172576904297
9|2214|52.471187591552734
9|2240|70.81022644042969
9|2366|69.40758514404297
9|2426|224.52825927734375
9|2492|49.13252258300781
9|2512|159.24673461914062
9|2526|119.12666320800781
9|2532|61.150455474853516
9|2541|218.85255432128906
9|2579|70.63232421875
9|2583|80.74486541748047
10|1770|46.720481872558594
10|1853|106.22881317138672
10|1862|50.560176849365234
10|1920|63.684383392333984
10|2207|108.24848937988281
10|2217|52.7613525390625
10|2221|49.039180755615234
10|2236|76.99954223632812
10|2249|129.88902282714844
10|2278|51.651668548583984
10|2379|60.98835372924805
10|2468|64.2660903930664
10|2483|178.32386779785156
10|2552|46.96862030029297
11|131|76.90263366699219
11|137|80.9910659790039
11|140|83.75724029541016
11|142|84.37240600585938
11|146|81.56829833984375
11|150|76.76115417480469
11|153|77.8675308227539
11|157|79.7451400756836
11|166|58.62928009033203
11|171|60.795127868652344
11|176|59.457366943359375
11|181|57.982608795166016
11|183|58.16058349609375
11|185|58.51579666137695
11|194|84.91941833496094
11|198|81.74114227294922
11|204|83.76235961914062
11|208|78.18284606933594
11|211|75.11652374267578
11|222|46.80506134033203
11|227|51.26618576049805
11|232|54.11752700805664
11|235|49.47054672241211
11|239|54.69219207763672
11|243|56.55360794067383
11|595|100.31707763671875
11|604|47.78145980834961
11|630|71.44509887695312
11|634|72.51786804199219
11|655|106.09407043457031
11|662|146.03488159179688
11|675|106.97309112548828
11|699|106.93598175048828
11|1049|69.48397064208984
11|1052|63.58369064331055
11|1076|101.11540222167969
11|1080|91.435791015625
11|1085|104.44810485839844
11|1088|114.39955139160156
11|1093|132.161865234375
11|1105|87.00910949707031
11|1114|59.26365280151367
11|1123|88.13883972167969
11|1134|111.99639129638672
11|1142|138.2132110595703
11|1147|127.98522186279297
11|1150|152.54078674316406
11|1158|66.50304412841797
11|1508|96.59617614746094
11|1515|52.46104049682617
11|1532|72.7970962524414
11|1547|65.32251739501953
11|1556|51.91114807128906
11|1559|48.49491882324219
11|1562|60.265869140625
11|1574|125.8083724975586
11|1579|162.44363403320312
11|1586|123.70081329345703
11|1599|55.8676872253418
11|1602|53.50789260864258
11|1615|45.33731460571289
11|1622|58.194305419921875
11|1626|40.43622589111328
11|1859|41.25022506713867
11|1875|52.38610076904297
11|1890|42.80904006958008
11|1896|94.91912078857422
11|1898|92.87018585205078
11|1919|55.36526870727539
11|1928|84.49653625488281
11|1934|41.689571380615234
11|1948|59.4920539855957
11|1963|51.931480407714844
11|1981|98.8657455444336
11|1995|46.4337043762207
11|2003|47.98543930053711
11|2010|159.5048065185547
11|2020|64.15715789794922
11|2025|98.77625274658203
11|2038|93.17570495605469
11|2044|104.21136474609375
11|2062|60.309730529785156
11|2068|123.76655578613281
11|2078|56.86365509033203
11|2358|232.5615692138672
11|2368|201.8468475341797
11|2378|54.48101043701172
11|2397|165.09112548828125
11|2407|79.38645935058594
11|2412|105.3116683959961
11|2419|75.94893646240234
11|2423|74.53623962402344
11|2440|79.61041259765625
11|2461|65.08729553222656
11|2480|51.85011291503906
11|2492|60.39444351196289
11|2502|104.31649780273438
11|2506|114.01554107666016
11|2508|114.64785766601562
11|2520|67.71340942382812
11|2527|113.13650512695312
11|2537|150.16868591308594
11|2562|99.25927734375
11|2565|93.7314224243164
11|2578|63.53378677368164
12|130|86.56200408935547
12|143|80.09140014648438
12|173|55.045745849609375
12|187|77.43016052246094
12|193|82.72210693359375
12|214|68.10478210449219
12|228|50.57563018798828
12|590|64.80172729492188
12|647|52.008140563964844
12|706|74.28858947753906
12|1060|40.213802337646484
12|1106|73.24021911621094
12|1113|57.847755432128906
12|1393|89.4163589477539
12|1607|45.40299987792969
12|1616|45.129451751708984
12|1623|52.3494987487793
12|1852|158.76315307617188
12|1858|44.64141082763672
12|1968|76.86092376708984
12|2005|44.71323013305664
12|2031|66.66859436035156
12|2033|69.25394439697266
12|2039|97.94424438476562
12|2077|56.46807861328125
12|2081|40.793983459472656
12|2124|59.51808166503906
12|2150|58.93306350708008
12|2366|143.18865966796875
12|2382|42.43073272705078
12|2468|50.407466888427734
12|2493|55.75423049926758
12|2550|104.77564239501953
12|2569|144.47044372558594
13|360|84.470947265625
13|370|59.092002868652344
13|376|54.45155715942383
13|384|46.16049575805664
13|387|52.18745422363281
13|418|81.39155578613281
13|422|70.84168243408203
13|428|65.52316284179688
13|434|67.29723358154297
13|438|60.90766525268555
13|444|61.47331619262695
13|448|50.45632553100586
13|453|42.70248031616211
13|455|43.17286682128906
13|461|45.009498596191406
13|467|46.61859130859375
13|474|54.32990264892578
13|560|40.40469741821289
13|709|56.11244583129883
13|712|41.73219680786133
13|716|42.47294235229492
13|718|42.995601654052734
13|721|48.13834762573242
13|725|42.41285705566406
13|727|42.58237075805664
13|730|44.39448547363281
13|733|65.71643829345703
13|737|60.375553131103516
13|741|58.14065933227539
13|744|59.218849182128906
13|748|62.154117584228516
13|753|57.18582534790039
13|756|55.02181625366211
13|761|64.06281280517578
13|765|46.95131301879883
13|773|40.76521682739258
13|777|42.78575897216797
13|791|49.34382247924805
13|794|50.89957046508789
13|806|57.408145904541016
13|810|50.31395721435547
13|815|49.43972396850586
13|819|77.24573516845703
13|824|50.09244918823242
13|839|57.4139404296875
13|845|54.299598693847656
13|848|88.3106918334961
13|867|121.3349380493164
13|874|140.11558532714844
13|877|189.88706970214844
13|880|176.26345825195312
13|883|174.59800720214844
13|887|160.52406311035156
13|900|67.92913055419922
13|906|99.59274291992188
13|919|61.919219970703125
13|923|83.21528625488281
13|926|83.4458236694336
13|930|56.255226135253906
13|935|44.82252502441406
13|938|49.070255279541016
13|940|48.82215881347656
13|962|40.34848403930664
13|1164|62.836795806884766
13|1167|61.719886779785156
13|1173|45.77854919433594
13|1176|48.69385528564453
13|1180|45.32029724121094
13|1184|46.65937042236328
13|1188|45.587669372558594
13|1193|77.09342193603516
13|1197|64.57405853271484
13|1201|55.675453186035156
13|1205|53.807777404785156
13|1209|60.016273498535156
13|1212|63.55382537841797
13|1218|62.98619842529297
13|1222|85.09249877929688
13|1225|74.08760070800781
13|1230|66.04876708984375
13|1235|66.07503509521484
13|1238|66.78327178955078
13|1242|68.19219207763672
13|1247|69.42892456054688
13|1250|88.6102066040039
13|1262|64.92062377929688
13|1266|68.5959243774414
13|1270|72.56402587890625
13|1273|70.0770034790039
13|1279|68.73767852783203
13|1298|80.15829467773438
13|1307|100.4538803100586
13|1317|68.73216247558594
13|1327|115.0123062133789
13|1333|126.03730773925781
13|1337|151.49920654296875
13|1344|153.7216033935547
13|1347|150.8129425048828
13|1355|123.46295928955078
13|1361|115.81234741210938
13|1365|111.83851623535156
13|1382|55.32379913330078
13|1705|48.65684509277344
13|1738|88.34639739990234
13|1756|75.94525146484375
13|1765|84.3281478881836
13|1774|126.77975463867188
13|1795|226.33871459960938
13|1810|53.74314880371094
13|1817|74.31733703613281
13|1820|83.17530059814453
13|1826|69.666259765625
13|1835|66.43716430664062
13|1843|101.4249038696289
13|1857|46.211326599121094
13|1859|40.843021392822266
13|2096|59.13518524169922
13|2099|57.006683349609375
13|2105|53.719703674316406
13|2125|57.470272064208984
13|2148|70.03673553466797
13|2178|63.398868560791016
13|2183|66.93390655517578
13|2192|65.11724853515625
13|2197|104.84464263916016
13|2200|111.56523895263672
13|2204|101.57623291015625
13|2208|77.9777603149414
13|2211|71.93577575683594
13|2235|45.945682525634766
13|2240|134.5218048095703
13|2355|260.4342956542969
13|2365|135.34642028808594
13|2477|51.44225311279297
14|16|85.42737579345703
14|23|45.38559341430664
14|26|47.44668197631836
14|29|48.869441986083984
14|32|41.692413330078125
14|73|80.73110961914062
14|84|50.809993743896484
14|86|54.03294372558594
14|160|75.54009246826172
14|167|40.32472229003906
14|173|43.55241012573242
14|175|43.224491119384766
14|217|68.85782623291016
14|227|41.08005905151367
14|232|42.7502555847168
14|476|84.47794342041016
14|479|79.31707000732422
14|484|59.26105499267578
14|489|51.02642059326172
14|491|50.76320266723633
14|497|43.572662353515625
14|504|72.81058502197266
14|521|54.439937591552734
14|528|48.22954559326172
14|535|51.209869384765625
14|550|49.33222579956055
14|562|85.44831085205078
14|577|42.42627716064453
14|591|67.36415100097656
14|619|56.84123992919922
14|648|59.53602600097656
14|676|55.39716339111328
14|944|51.3724479675293
14|946|54.61913299560547
14|949|41.160888671875
14|961|42.5237922668457
14|964|46.17473602294922
14|966|47.6145133972168
14|973|41.01758575439453
14|993|84.92644500732422
14|1019|40.066802978515625
14|1035|50.528079986572266
14|1050|68.2557601928711
14|1078|86.3727035522461
14|1107|67.32755279541016
14|1392|96.40506744384766
14|1398|47.800655364990234
14|1450|116.66695404052734
14|1464|74.20675659179688
14|1493|62.76458740234375
14|1495|60.94683074951172
14|1868|48.96738815307617
14|1875|43.13756561279297
14|1896|125.21472930908203
14|1904|70.1563720703125
14|1910|107.36003875732422
14|1914|53.74295425415039
14|1926|90.9300537109375
14|1934|47.979225158691406
14|1948|48.812870025634766
14|1958|40.4859733581543
14|1963|126.51252746582031
14|1968|88.26244354248047
14|1991|54.09244918823242
14|2019|41.86503601074219
14|2025|94.0155258178711
14|2083|78.18728637695312
14|2140|84.61125183105469
14|2354|232.6959991455078
14|2368|120.70391082763672
14|2386|77.69902038574219
14|2391|94.59443664550781
14|2405|43.587642669677734
14|2412|96.13041687011719
14|2420|54.61894607543945
14|2434|54.753562927246094
14|2442|134.87689208984375
14|2463|47.24911117553711
14|2471|112.91009521484375
14|2480|59.57845687866211
15|24|48.151737213134766
15|82|49.20111846923828
15|553|55.4632682800293
15|972|43.90386962890625
15|995|71.94649505615234
15|1013|57.288124084472656
15|1028|58.335670471191406
15|1032|47.546165466308594
15|1393|91.35670471191406
15|1399|43.412532806396484
15|1474|53.494140625
15|1477|55.070308685302734
15|1480|53.99742889404297
15|1484|44.80540084838867
15|1870|51.101654052734375
15|1876|42.94131088256836
15|1911|80.14598846435547
15|2082|63.391910552978516
15|2198|52.41508483886719
15|2352|277.0054626464844
15|2357|138.86231994628906
15|2365|110.4206771850586
15|2370|43.68313217163086
15|2372|57.740135192871094
15|2378|96.97579956054688
15|2390|102.44204711914062
15|2394|78.18531799316406
15|2407|47.51005554199219
15|2475|136.2336883544922
15|2479|51.68402099609375
16|820|41.03588104248047
16|1777|44.02239227294922
16|1791|40.209476470947266
16|1794|49.51807403564453
16|1967|44.934783935546875
16|2349|267.6101989746094
16|2359|118.54449462890625
16|2366|139.18106079101562
16|2375|44.908905029296875
16|2425|81.76162719726562
17|106|41.246124267578125
17|150|50.2989387512207
17|174|45.174861907958984
17|177|49.67290496826172
17|183|41.43667221069336
17|203|40.55137252807617
17|206|50.65401077270508
17|214|40.49808883666992
17|235|68.60718536376953
17|241|52.85958480834961
17|249|58.178104400634766
17|255|42.262611389160156
17|257|44.81382751464844
17|623|53.65038299560547
17|651|51.99066925048828
17|660|44.53383255004883
17|709|45.94923782348633
17|723|45.8250732421875
17|732|40.81316375732422
17|748|45.61613464355469
17|766|68.37610626220703
17|782|41.88426971435547
17|996|51.48313903808594
17|1097|40.13954544067383
17|1107|53.52816390991211
17|1196|48.010353088378906
17|1222|93.390625
17|1522|102.40463256835938
17|1551|96.8481216430664
17|1580|117.22863006591797
17|1608|103.26983642578125
17|1615|41.911888122558594
17|1623|134.70742797851562
17|1644|45.53923416137695
17|1661|52.768646240234375
17|1670|52.224308013916016
17|1680|124.7480239868164
17|1686|73.57622528076172
17|1700|79.42195129394531
17|1707|74.63993835449219
17|1710|77.09823608398438
17|1726|65.81129455566406
17|1734|43.82558059692383
17|1736|41.954681396484375
17|1982|89.14584350585938
17|2010|110.18244934082031
17|2012|109.20843505859375
17|2039|107.59505462646484
17|2067|46.64678192138672
17|2085|99.47518920898438
17|2097|91.81671142578125
17|2120|53.43812942504883
17|2125|129.14833068847656
17|2141|95.57003784179688
17|2155|83.35477447509766
17|2159|95.1246337890625
17|2174|61.14976501464844
17|2180|52.28445816040039
17|2185|49.16327667236328
17|2192|97.33497619628906
17|2348|240.33706665039062
17|2353|82.89408111572266
17|2356|77.68229675292969
17|2364|146.47373962402344
17|2369|61.225765228271484
17|2483|96.12810516357422
17|2494|40.19575881958008
17|2498|52.26307678222656
17|2502|60.313148498535156
17|2507|63.9306526184082
17|2523|71.45345306396484
17|2531|73.04590606689453
17|2534|73.68948364257812
17|2550|49.43611526489258
17|2555|60.33647537231445
17|2565|43.6690788269043
17|2580|53.928462982177734
18|2176|41.46603775024414
18|2335|169.03355407714844
18|2355|75.60240936279297
18|2368|105.57064819335938
19|841|42.00790023803711
19|847|44.056095123291016
19|852|41.97438049316406
19|885|54.13243865966797
19|1293|49.8192253112793
19|1306|52.24917984008789
19|1321|48.92338943481445
19|1326|47.90211486816406
19|1345|40.985687255859375
19|1391|43.09733200073242
19|1753|116.29094696044922
19|1761|67.91080474853516
19|1778|85.03461456298828
19|1781|70.16226196289062
19|1786|56.502662658691406
19|1802|70.49710083007812
19|1810|75.74344635009766
19|1823|44.38790512084961
19|1829|55.6027946472168
19|1840|82.46684265136719
19|1850|57.97372055053711
19|2211|127.59942626953125
19|2234|87.155029296875
19|2240|91.19849395751953
19|2246|45.56377029418945
19|2327|250.34312438964844
19|2333|208.8458251953125
19|2341|200.06863403320312
19|2343|188.45774841308594
19|2362|178.4886474609375
19|2376|44.78102493286133
20|1779|78.54405975341797
20|1853|52.39064407348633
20|2454|71.88440704345703
21|967|46.65677261352539
21|1435|92.49980926513672
21|1483|42.268680572509766
21|1524|40.4091911315918
21|1852|64.61531066894531
21|1910|63.86695861816406
21|1912|45.55507278442383
21|2082|59.71820068359375
21|2140|67.9839859008789
21|2197|52.29026794433594
21|2383|41.83000564575195
21|2397|57.076473236083984
22|30|61.71179962158203
22|36|66.25775909423828
22|39|63.428165435791016
22|59|46.370731353759766
22|65|49.91933059692383
22|88|54.3142204284668
22|94|64.80265045166016
22|117|64.9831771850586
22|122|71.58248901367188
22|125|69.84431457519531
22|274|52.23135757446289
22|281|40.697486877441406
22|286|46.34175109863281
22|331|60.35209655761719
22|338|41.5976448059082
22|341|43.06181716918945
22|475|61.02462387084961
22|481|48.779029846191406
22|499|46.94591522216797
22|503|54.690948486328125
22|511|42.69945526123047
22|516|44.8748893737793
22|532|66.66036224365234
22|537|59.702632904052734
22|541|58.41019058227539
22|563|60.1461067199707
22|568|73.17654418945312
22|572|66.25316619873047
22|574|69.11383056640625
22|580|65.96614074707031
22|589|43.52114486694336
22|705|46.889373779296875
22|709|44.535865783691406
22|712|53.67681121826172
22|714|48.626800537109375
22|719|48.2653694152832
22|722|43.90632247924805
22|741|40.07758331298828
22|762|54.569091796875
22|764|52.33008575439453
22|769|61.26082229614258
22|772|57.9497184753418
22|790|56.80768585205078
22|796|63.18708419799805
22|800|57.06338882446289
22|802|60.889404296875
22|805|58.008392333984375
22|813|44.60650634765625
22|936|49.85686492919922
22|948|81.29605102539062
22|953|68.91036987304688
22|957|66.11077117919922
22|966|50.33755874633789
22|968|49.68787384033203
22|978|48.48527526855469
22|980|48.60271453857422
22|983|43.07594680786133
22|992|42.346214294433594
22|998|68.04097747802734
22|1003|53.12434768676758
22|1007|56.4509391784668
22|1015|41.08445739746094
22|1022|70.24752807617188
22|1029|83.47479248046875
22|1033|75.76007843017578
22|1037|83.37394714355469
22|1043|56.002777099609375
22|1045|57.23262405395508
22|1163|54.593257904052734
22|1166|82.62284851074219
22|1169|66.92864227294922
22|1172|66.94598388671875
22|1176|65.26129913330078
22|1179|54.902347564697266
22|1182|41.316837310791016
22|1194|48.611785888671875
22|1197|48.617027282714844
22|1200|56.32292175292969
22|1205|43.57027816772461
22|1222|54.132293701171875
22|1224|54.36914825439453
22|1228|62.73211669921875
22|1252|47.626468658447266
22|1257|53.21041488647461
22|1263|59.12411117553711
22|1270|42.22529983520508
22|1408|55.905460357666016
22|1432|55.95629119873047
22|1436|109.80690002441406
22|1438|111.94466400146484
22|1466|117.9319076538086
22|1481|42.096805572509766
22|1488|56.3532829284668
22|1494|90.53611755371094
22|1503|55.276161193847656
22|1523|61.0677490234375
22|1564|107.29635620117188
22|1867|102.6971664428711
22|1896|103.23528289794922
22|1901|55.308231353759766
22|1909|54.45760726928711
22|1924|83.21473693847656
22|1953|70.27345275878906
22|2139|57.61164093017578
22|2368|54.01005554199219
22|2384|43.3868293762207
22|2416|53.41655731201172
22|2435|42.80162811279297
22|2441|62.655948638916016
22|2444|53.08893966674805
22|2470|43.081512451171875
22|2474|59.42994689941406
22|2569|65.04132843017578
23|606|50.22461700439453
23|674|64.96543884277344
23|686|52.05388259887695
23|1089|41.639854431152344
23|1100|61.01957321166992
23|1125|50.75989532470703
23|1129|48.1307373046875
23|1143|62.24279022216797
23|1150|59.07356262207031
23|1159|60.938446044921875
23|1162|64.74175262451172
23|1508|155.48789978027344
23|1522|52.169456481933594
23|1530|60.91930389404297
23|1535|51.69968795776367
23|1542|53.132686614990234
23|1550|98.31777954101562
23|1559|57.73642349243164
23|1565|141.17269897460938
23|1574|88.81226348876953
23|1585|57.832027435302734
23|1626|43.99732971191406
23|1967|167.3126983642578
23|1982|83.56964111328125
23|2024|132.292236328125
23|2041|56.309574127197266
23|2556|72.05695343017578
23|2559|61.939266204833984
23|2565|41.35105514526367
24|1794|49.01018142700195
24|2324|92.4621810913086
24|2499|96.65886688232422
25|358|41.86152267456055
25|650|213.7783966064453
25|1685|48.55931091308594
25|1708|42.40721130371094
25|2339|46.32247543334961
25|2361|45.80298614501953
25|2425|49.03657913208008
25|2483|102.6492919921875
25|2490|55.374595642089844
25|2541|49.53484344482422
26|260|74.12257385253906
26|268|50.58612823486328
26|289|51.22893524169922
26|318|62.25486373901367
26|346|66.6780014038086
26|351|47.216983795166016
26|353|48.23809814453125
26|355|48.317745208740234
26|561|47.84132766723633
26|653|216.05172729492188
26|658|41.95988845825195
26|678|42.91438674926758
26|707|73.29805755615234
26|734|77.28402709960938
26|749|43.72429656982422
26|752|52.303016662597656
26|758|49.315547943115234
26|763|64.04440307617188
26|769|56.610992431640625
26|771|56.671199798583984
26|776|56.006595611572266
26|782|43.519874572753906
26|787|40.97080993652344
26|792|41.601524353027344
26|830|64.1319580078125
26|841|59.22807693481445
26|845|62.42475128173828
26|866|49.379085540771484
26|892|54.99237060546875
26|925|49.99882125854492
26|1020|58.827701568603516
26|1135|53.76224899291992
26|1167|54.5040283203125
26|1185|72.19185638427734
26|1192|57.9482421875
26|1200|71.39314270019531
26|1205|57.291748046875
26|1209|73.82762145996094
26|1214|64.6614990234375
26|1222|116.65913391113281
26|1233|62.62876892089844
26|1246|53.40848922729492
26|1251|51.74366760253906
26|1259|42.81574630737305
26|1263|48.54986572265625
26|1267|43.37267303466797
26|1288|67.0289306640625
26|1299|73.0589828491211
26|1324|45.121482849121094
26|1326|48.81121063232422
26|1334|54.39120101928711
26|1350|53.39321517944336
26|1377|72.65426635742188
26|1382|63.06282424926758
26|1639|90.41613006591797
26|1651|52.25935363769531
26|1654|49.45828628540039
26|1657|57.91830062866211
26|1667|103.66598510742188
26|1676|63.9091796875
26|1683|47.86233139038086
26|1686|47.98139953613281
26|1696|98.0133056640625
26|1710|62.02098846435547
26|1714|56.04087829589844
26|1725|116.06554412841797
26|1737|114.30132293701172
26|1743|50.65885925292969
26|1747|69.88819122314453
26|1758|85.01934051513672
26|1763|65.47705078125
26|1774|66.1292953491211
26|1787|122.69139862060547
26|1792|78.54021453857422
26|1798|57.782554626464844
26|1804|63.60337829589844
26|1808|70.97411346435547
26|1821|50.779518127441406
26|1841|85.1755599975586
26|2099|66.37306213378906
26|2115|40.85597610473633
26|2126|86.433837890625
26|2139|74.13064575195312
26|2142|46.234825134277344
26|2156|101.4063491821289
26|2171|45.83863067626953
26|2183|68.76522827148438
26|2197|76.20712280273438
26|2205|40.770145416259766
26|2211|70.018798828125
26|2214|59.888450622558594
26|2240|48.73937225341797
26|2360|47.70812225341797
26|2397|46.79989242553711
26|2454|57.737064361572266
26|2486|64.87893676757812
26|2489|56.10541915893555
26|2497|281.98419189453125
26|2501|291.1037292480469
26|2504|304.7173767089844
26|2510|334.1125793457031
26|2517|161.40492248535156
26|2520|93.63031768798828
26|2526|67.43050384521484
26|2532|41.774749755859375
26|2538|49.30231475830078
26|2542|55.15026092529297
26|2547|42.485443115234375
26|2560|41.717124938964844
27|1794|49.18058776855469
27|2496|196.77151489257812
27|2499|194.539306640625
28|647|69.8193588256836
28|977|140.4073944091797
28|983|109.07161712646484
28|2346|40.27190017700195
28|2362|46.34391784667969
28|2366|72.81104278564453
28|2425|46.55940246582031
28|2483|64.3207778930664
28|2507|40.30880355834961
28|2540|54.08015441894531
28|2569|50.223480224609375
29|474|44.823822021484375
29|480|50.29142379760742
29|484|50.66448974609375
29|489|47.281715393066406
29|504|61.098575592041016
29|514|162.21322631835938
29|520|89.59798431396484
29|531|43.77586364746094
29|549|126.27326202392578
29|559|51.913490295410156
29|569|40.43366622924805
29|648|62.804344177246094
29|658|46.884254455566406
29|673|45.32512664794922
29|837|74.4244384765625
29|887|230.22836303710938
29|892|272.686279296875
29|898|227.27456665039062
29|914|40.311580657958984
29|936|47.37919235229492
29|949|103.00170135498047
29|954|44.046104431152344
29|965|100.97075653076172
29|969|99.19209289550781
29|974|233.13156127929688
29|979|187.30931091308594
29|984|111.10089874267578
29|988|64.98001861572266
29|1004|329.6554260253906
29|1018|69.59561920166016
29|1030|60.479652404785156
29|1043|92.01710510253906
29|1047|92.93899536132812
29|1056|86.6219482421875
29|1071|68.07164764404297
29|1076|55.35911178588867
29|1086|40.080745697021484
29|1115|43.78408432006836
29|1121|63.417903900146484
29|1128|66.93414306640625
29|1142|64.51116943359375
29|1147|50.76251220703125
29|1393|100.46337890625
29|1423|76.12488555908203
29|1450|121.50335693359375
29|1463|76.74302673339844
29|1479|90.68203735351562
29|1487|84.0850830078125
29|1492|71.54238891601562
29|1523|54.883731842041016
29|1529|47.85954284667969
29|1544|49.33595275878906
29|1552|43.46836853027344
29|1560|51.61928176879883
29|1566|67.92025756835938
29|1572|76.24068450927734
29|1578|87.14759063720703
29|1852|98.26263427734375
29|1909|107.44127655029297
29|1953|55.71805953979492
29|2361|51.231353759765625
29|2393|51.993858337402344
29|2436|66.34992218017578
29|2465|45.55354309082031
29|2470|82.3074951171875
29|2473|49.809329986572266
29|2475|51.30005645751953
29|2487|160.4213104248047
29|2494|261.1137390136719
29|2500|70.19996643066406
29|2509|44.83216094970703
30|510|123.04735565185547
30|546|50.93980026245117
30|548|94.98491668701172
30|836|73.22012329101562
30|881|101.4472427368164
30|950|139.0941925048828
30|1019|50.560054779052734
30|2259|78.24014282226562
30|2345|74.06060791015625
30|2360|48.27693176269531
30|2471|99.56336212158203
30|2482|41.05253982543945
30|2485|72.16434478759766
31|2324|179.44911193847656
31|2331|94.64936065673828
31|2338|89.94925689697266
31|2483|40.22542953491211
32|362|77.78514099121094
32|366|71.75116729736328
32|373|68.18902587890625
32|381|55.161319732666016
32|390|90.6263198852539
32|400|76.21888732910156
32|410|61.06649398803711
32|417|87.09786224365234
32|420|79.22491455078125
32|429|65.1720962524414
32|433|55.95702362060547
32|436|54.056331634521484
32|441|48.82832336425781
32|444|47.57825469970703
32|509|102.17868041992188
32|779|200.8895721435547
32|819|50.44778823852539
32|824|111.53324127197266
32|832|171.3345184326172
32|839|79.35416412353516
32|847|53.663936614990234
32|856|48.16350555419922
32|860|64.2673568725586
32|866|116.54481506347656
32|879|167.3408660888672
32|897|48.47043991088867
32|900|57.80854415893555
32|905|89.9921875
32|951|102.43098449707031
32|972|146.09080505371094
32|999|177.318359375
32|1280|52.23369598388672
32|1284|45.75135040283203
32|1297|65.57077026367188
32|1304|58.775814056396484
32|1315|68.27242279052734
32|1322|70.27347564697266
32|1326|65.22469329833984
32|1343|43.880577087402344
32|1354|62.803680419921875
32|1367|44.62240982055664
32|1378|69.64705657958984
32|1380|67.96761322021484
32|1383|67.9420394897461
32|1766|88.08060455322266
32|1772|40.152618408203125
32|1791|52.9273681640625
32|1824|62.59111785888672
32|1830|66.52019500732422
32|2155|196.5432891845703
32|2165|43.29528045654297
32|2204|143.75973510742188
32|2217|172.8523406982422
32|2224|194.8229217529297
32|2229|161.13629150390625
32|2238|121.84854125976562
32|2353|45.376224517822266
32|2356|42.01734924316406
32|2360|45.92609786987305
33|626|84.25318145751953
33|780|191.47476196289062
33|821|71.95597076416016
33|827|96.8587417602539
33|857|48.97104263305664
33|861|64.6985855102539
33|865|152.6356964111328
33|878|142.9554443359375
33|891|48.27978515625
33|963|109.49012756347656
33|971|165.39306640625
33|998|149.06185913085938
33|1279|49.405799865722656
33|1281|52.277828216552734
33|1283|45.99478530883789
33|1316|67.95922088623047
33|1318|65.19078826904297
33|1329|60.35013198852539
33|1345|43.815433502197266
33|1767|85.50105285644531
33|1782|44.96521759033203
33|1789|48.08822250366211
33|1800|63.93031311035156
33|1805|46.52061080932617
33|1829|68.67491149902344
33|1923|117.47227478027344
33|2156|173.98904418945312
33|2201|141.5532684326172
33|2211|41.099430084228516
33|2215|165.10092163085938
33|2225|211.0721435546875
33|2237|128.6424560546875
33|2345|50.53096008300781
33|2540|43.83271026611328
33|2556|83.6132583618164
34|16|83.75516510009766
34|28|54.9437141418457
34|45|92.2741928100586
34|75|81.23746490478516
34|87|52.73051071166992
34|90|51.31620788574219
34|95|40.570491790771484
34|491|219.94544982910156
34|494|259.43328857421875
34|500|262.74517822265625
34|534|92.4240951538086
34|542|79.08848571777344
34|544|86.64338684082031
34|567|211.84329223632812
34|573|322.16156005859375
34|617|51.71164321899414
34|622|176.86065673828125
34|635|193.22154235839844
34|640|40.369964599609375
34|654|40.79841232299805
34|761|40.445308685302734
34|782|238.2628173828125
34|787|286.56103515625
34|791|152.8705291748047
34|798|111.31145477294922
34|814|54.008872985839844
34|864|186.76214599609375
34|912|104.47406005859375
34|916|68.15763092041016
34|922|180.1513671875
34|925|127.20206451416016
34|930|46.26524353027344
34|932|41.75137710571289
34|934|42.25707244873047
34|942|51.54121017456055
34|964|148.89639282226562
34|989|46.94731903076172
34|994|111.3194351196289
34|997|136.65887451171875
34|1021|54.80295944213867
34|1027|72.89177703857422
34|1078|159.80030822753906
34|1083|108.92107391357422
34|1089|152.30247497558594
34|1093|91.57477569580078
34|1097|55.56888198852539
34|1117|55.54631805419922
34|1122|48.57437515258789
34|1154|57.906185150146484
34|1167|42.29309844970703
34|1181|43.361549377441406
34|1183|44.84077835083008
34|1189|46.261844635009766
34|1229|52.994075775146484
34|1244|176.80255126953125
34|1253|118.41002655029297
34|1266|40.04480743408203
34|1277|44.22943115234375
34|1422|83.27481079101562
34|1473|52.27025604248047
34|1503|50.2465705871582
34|1507|51.50043869018555
34|1521|66.03595733642578
34|1565|43.671688079833984
34|1622|97.63095092773438
34|1626|41.16367721557617
34|1650|40.1365852355957
34|1657|52.45542907714844
34|1662|45.65907669067383
34|1680|110.43436431884766
34|1684|66.30811309814453
34|1704|61.35063934326172
34|1736|46.13496780395508
34|1867|60.89126968383789
34|1883|90.59574890136719
34|1925|95.59185028076172
34|1983|104.79753875732422
34|1997|186.3586883544922
34|2003|176.31346130371094
34|2017|41.017330169677734
34|2067|89.33772277832031
34|2081|90.11042022705078
34|2160|211.8689727783203
34|2166|185.18511962890625
34|2177|256.7605285644531
34|2181|175.24647521972656
34|2184|185.45327758789062
34|2190|41.38593673706055
34|2195|40.819854736328125
34|2197|42.50367736816406
34|2244|125.89865112304688
34|2246|122.7054214477539
34|2248|113.4752426147461
34|2254|74.84365844726562
34|2385|48.923526763916016
34|2412|73.09870147705078
34|2420|54.62358093261719
34|2425|41.31693649291992
34|2436|62.64546585083008
34|2450|45.31339645385742
34|2471|123.19837188720703
34|2561|208.8478240966797
34|2564|170.33453369140625
35|498|226.9211883544922
35|533|91.99922943115234
35|538|61.3182487487793
35|543|83.43309020996094
35|570|218.64047241210938
35|620|162.77194213867188
35|783|287.1170349121094
35|789|255.55409240722656
35|795|99.95840454101562
35|803|43.04248046875
35|806|95.3369140625
35|923|168.14895629882812
35|927|97.74969482421875
35|929|57.257965087890625
35|952|107.99629211425781
35|965|133.28610229492188
35|1025|71.58515930175781
35|1031|128.44900512695312
35|1037|61.29043960571289
35|1090|161.25416564941406
35|1165|40.548065185546875
35|1182|42.83485794067383
35|1230|49.127864837646484
35|1240|153.2338104248047
35|1259|88.18904113769531
35|1282|40.72475051879883
35|1522|72.26260375976562
35|1550|106.6037368774414
35|1556|47.45297622680664
35|1579|141.97540283203125
35|1608|76.89555358886719
35|1611|40.33663558959961
35|1627|40.36848831176758
35|1693|51.342681884765625
35|1895|69.94841003417969
35|2001|149.412109375
35|2009|194.10214233398438
35|2038|98.18744659423828
35|2139|105.13156127929688
35|2158|240.8814697265625
35|2172|141.82676696777344
35|2179|202.95736694335938
35|2187|120.6533203125
35|2199|66.47505187988281
35|2252|75.66258239746094
35|2327|59.40005111694336
35|2335|40.756141662597656
35|2353|44.3936882019043
35|2396|49.515625
35|2414|58.33314514160156
35|2417|40.834442138671875
35|2419|50.265113830566406
35|2440|41.755985260009766
35|2451|46.38788604736328
36|928|68.95576477050781
36|1020|43.44307327270508
36|2188|106.13714599609375
36|2326|46.158634185791016
36|2332|47.33230972290039
36|2334|44.480194091796875
36|2454|43.88761520385742
37|1937|118.97318267822266
37|1956|165.45968627929688
37|1980|103.55642700195312
37|2340|64.04727935791016
38|575|171.03970336914062
38|587|227.5485076904297
38|1267|50.694854736328125
38|1306|40.62516784667969
38|1378|172.3527069091797
38|1396|117.94725799560547
38|1411|49.14217758178711
38|1596|66.23282623291016
38|1608|100.54682922363281
38|1670|49.146827697753906
38|1742|49.471397399902344
38|1797|61.98426818847656
38|1837|182.34349060058594
38|1848|52.21311569213867
38|1882|45.45701217651367
38|1933|209.6275634765625
38|1948|78.20718383789062
38|1957|243.27113342285156
38|1964|45.719688415527344
38|1971|134.47581481933594
38|1979|144.89308166503906
38|1987|52.90648651123047
38|2067|115.34590148925781
38|2192|321.81561279296875
38|2197|92.33797454833984
38|2207|80.0023193359375
38|2210|91.3010025024414
38|2219|50.185977935791016
38|2248|59.902976989746094
38|2333|74.00218200683594
38|2362|63.32040023803711
38|2368|99.79096984863281
38|2373|87.50933074951172
39|580|120.09876251220703
39|592|123.98381805419922
39|596|95.08175659179688
39|668|98.47000885009766
39|876|56.14021682739258
39|898|45.27499008178711
39|909|49.05165481567383
39|913|41.71688461303711
39|918|47.25920104980469
39|932|47.89445114135742
39|1035|159.3292694091797
39|1266|60.96914291381836
39|1271|49.773494720458984
39|1291|48.69696044921875
39|1311|63.006473541259766
39|1321|50.1805305480957
39|1331|44.340187072753906
39|1344|51.87214279174805
39|1354|119.44868469238281
39|1365|84.91458892822266
39|1369|48.1578483581543
39|1377|153.75860595703125
39|1379|226.2420196533203
39|1382|118.8091049194336
39|1388|49.757808685302734
39|1393|182.92652893066406
39|1397|156.25863647460938
39|1403|59.15947723388672
39|1409|61.94578170776367
39|1412|48.816768646240234
39|1424|80.93513488769531
39|1427|45.86394500732422
39|1437|92.96875762939453
39|1452|123.84342193603516
39|1455|106.40259552001953
39|1466|47.175750732421875
39|1479|44.36875534057617
39|1482|51.743751525878906
39|1509|40.407310485839844
39|1583|163.0043182373047
39|1594|61.276084899902344
39|1597|63.26254653930664
39|1613|163.92689514160156
39|1625|175.0822296142578
39|1631|52.400726318359375
39|1638|148.41156005859375
39|1641|68.09161376953125
39|1651|107.07438659667969
39|1656|48.03192901611328
39|1663|45.20864486694336
39|1668|65.44136810302734
39|1671|59.54249572753906
39|1684|80.29642486572266
39|1695|61.2147102355957
39|1709|49.92049789428711
39|1738|53.00817108154297
39|1751|106.1302490234375
39|1766|49.9459228515625
39|1768|42.626220703125
39|1780|161.68228149414062
39|1787|50.26699447631836
39|1796|72.29673767089844
39|1805|67.37345886230469
39|1813|166.3739776611328
39|1821|47.72783279418945
39|1826|98.2584228515625
39|1831|50.336910247802734
39|1838|255.8877410888672
39|1842|130.4803466796875
39|1846|59.40742874145508
39|1849|80.03237915039062
39|1853|118.12688446044922
39|1858|107.85597229003906
39|1881|45.62406539916992
39|1931|280.61248779296875
39|1938|175.60252380371094
39|1942|55.87404251098633
39|1954|180.2817840576172
39|1958|220.35231018066406
39|1970|136.40457153320312
39|1976|158.20982360839844
39|1978|168.55267333984375
39|2039|120.84058380126953
39|2043|159.61288452148438
39|2056|94.93601989746094
39|2066|86.44686126708984
39|2068|113.91747283935547
39|2072|124.37023162841797
39|2085|191.5814971923828
39|2098|116.03178405761719
39|2112|74.13135528564453
39|2126|41.81904602050781
39|2129|40.35694122314453
39|2140|40.64873123168945
39|2190|239.8761749267578
39|2194|307.2104187011719
39|2211|103.43991088867188
39|2240|91.79090118408203
39|2326|213.52447509765625
39|2332|57.783103942871094
39|2334|65.5269775390625
39|2342|197.31729125976562
39|2354|201.89048767089844
39|2361|82.66020965576172
39|2371|149.77317810058594
39|2384|58.475318908691406
39|2400|80.65963745117188
39|2413|42.53346252441406
40|669|78.03328704833984
40|1351|123.98749542236328
40|1355|120.55439758300781
40|1376|121.61420440673828
40|1380|147.6408233642578
40|1421|55.81938934326172
40|1456|94.69418334960938
40|1580|110.91773986816406
40|1609|172.2734832763672
40|1624|98.45977783203125
40|1667|65.46542358398438
40|1682|61.31168746948242
40|1725|56.3231086730957
40|1810|145.13938903808594
40|1839|200.43557739257812
40|1956|87.0337142944336
40|1966|42.49101638793945
40|2055|68.82051849365234
40|2069|149.5411834716797
40|2083|149.65969848632812
40|2195|181.73851013183594
40|2339|97.43260192871094
40|2360|81.8585205078125
41|1377|112.58014678955078
41|1404|51.078365325927734
41|1442|45.077857971191406
41|1599|51.397823333740234
41|1606|96.84550476074219
41|1630|54.4792366027832
41|1642|56.57439422607422
41|1657|43.896480560302734
41|1696|49.10379409790039
41|1952|52.015830993652344
41|1959|166.74156188964844
41|2040|90.08787536621094
41|2044|107.09407806396484
41|2054|97.7985610961914
41|2109|41.48304748535156
41|2330|85.99602508544922
41|2332|55.11774444580078
41|2368|142.90745544433594
41|2373|46.8785400390625
41|2376|48.97974395751953
42|330|66.2082290649414
42|599|65.96630096435547
42|697|68.45821380615234
42|1390|142.5276336669922
42|1594|91.04371643066406
42|1605|95.61247253417969
42|1621|61.34288024902344
42|1629|72.38146209716797
42|1707|44.48621368408203
42|1808|44.69027328491211
42|1823|88.07074737548828
42|1836|127.12191772460938
42|1880|48.40156936645508
42|2065|142.52919006347656
42|2074|101.7342529296875
42|2094|61.87401580810547
42|2124|44.276241302490234
42|2325|128.01145935058594
42|2350|115.1270751953125
43|101|107.35668182373047
43|104|105.47215270996094
43|245|106.09589385986328
43|247|100.49121856689453
43|274|122.87925720214844
43|277|123.26324462890625
43|280|112.21977233886719
43|302|117.5969467163086
43|305|117.55189514160156
43|331|117.93892669677734
43|334|123.10289001464844
43|337|100.4975814819336
43|474|43.64012908935547
43|532|52.887210845947266
43|600|126.65230560302734
43|671|99.98330688476562
43|673|98.09722900390625
43|678|118.04672241210938
43|680|91.5551528930664
43|683|94.54812622070312
43|690|91.93316650390625
43|695|86.27783966064453
43|707|46.93153381347656
43|710|44.56476593017578
43|934|41.30325698852539
43|1020|73.75753784179688
43|1024|41.329063415527344
43|1041|48.64826965332031
43|1051|185.14303588867188
43|1056|130.3728485107422
43|1061|134.76806640625
43|1068|95.8237533569336
43|1117|330.4427185058594
43|1126|190.69454956054688
43|1135|90.52092742919922
43|1143|54.59968948364258
43|1171|44.21663284301758
43|1249|42.454891204833984
43|1352|46.65171432495117
43|1356|187.44692993164062
43|1362|98.09452819824219
43|1373|162.29183959960938
43|1378|57.226436614990234
43|1386|293.37371826171875
43|1392|233.88807678222656
43|1400|81.21726989746094
43|1407|286.49169921875
43|1413|153.80740356445312
43|1419|129.86050415039062
43|1429|153.03524780273438
43|1436|186.9855194091797
43|1446|186.28810119628906
43|1451|87.35740661621094
43|1460|107.17011260986328
43|1464|227.86244201660156
43|1472|114.03258514404297
43|1479|197.98211669921875
43|1488|115.65252685546875
43|1493|131.89390563964844
43|1496|62.82636260986328
43|1501|71.87918090820312
43|1507|101.19561767578125
43|1514|70.67890930175781
43|1519|93.6982192993164
43|1527|45.58451843261719
43|1529|51.31476593017578
43|1532|78.86595153808594
43|1537|59.77418899536133
43|1552|57.36819839477539
43|1558|42.631744384765625
43|1562|56.109901428222656
43|1567|49.20656204223633
43|1575|51.39083480834961
43|1586|189.85035705566406
43|1588|188.21694946289062
43|1595|91.78304290771484
43|1615|169.6445770263672
43|1619|110.11690521240234
43|1623|77.67279815673828
43|1626|47.129180908203125
43|1633|182.1094207763672
43|1637|131.68629455566406
43|1645|80.03014373779297
43|1650|74.08000183105469
43|1655|123.14820098876953
43|1662|120.38128662109375
43|1666|136.59596252441406
43|1671|53.78083801269531
43|1676|159.57681274414062
43|1682|91.73814392089844
43|1690|95.46410369873047
43|1694|107.53515625
43|1702|78.77965545654297
43|1704|87.48189544677734
43|1710|89.75373077392578
43|1714|89.9981918334961
43|1718|119.48957824707031
43|1722|97.43388366699219
43|1732|82.52528381347656
43|1750|78.14019012451172
43|1756|41.69242477416992
43|1762|56.10945510864258
43|1779|55.089210510253906
43|1812|49.366336822509766
43|1819|182.6684112548828
43|1822|125.06253814697266
43|1833|143.88150024414062
43|1835|148.4191131591797
43|1845|329.25543212890625
43|1851|115.93392181396484
43|1862|150.8755645751953
43|1866|212.86708068847656
43|1873|113.73920440673828
43|1876|91.75659942626953
43|1881|67.31396484375
43|1888|79.4580307006836
43|1894|104.09696197509766
43|1898|48.21443176269531
43|1909|105.09960174560547
43|1938|115.69772338867188
43|1941|88.51722717285156
43|1961|100.28727722167969
43|1968|183.0305938720703
43|1976|56.150543212890625
43|2041|53.293148040771484
43|2045|188.75559997558594
43|2049|157.45216369628906
43|2061|91.04983520507812
43|2064|170.7390594482422
43|2070|44.85416030883789
43|2078|109.1943359375
43|2082|162.07493591308594
43|2089|120.45787811279297
43|2092|148.80186462402344
43|2096|143.0313262939453
43|2104|63.24343490600586
43|2111|147.1975555419922
43|2118|89.03717803955078
43|2125|67.25362396240234
43|2137|54.194461822509766
43|2143|52.842899322509766
43|2151|81.8079833984375
43|2156|62.63273239135742
43|2160|60.756412506103516
43|2168|122.3584976196289
43|2171|113.68224334716797
43|2178|62.447879791259766
43|2182|95.43901062011719
43|2191|71.60892486572266
43|2330|98.97280883789062
43|2338|65.54391479492188
43|2345|114.00875854492188
43|2349|107.93838500976562
43|2354|49.67929458618164
43|2357|54.706024169921875
43|2364|273.3091735839844
43|2378|127.23008728027344
43|2382|127.3770980834961
43|2396|76.7848129272461
43|2400|48.82160186767578
43|2402|57.94002914428711
43|2416|48.42109298706055
43|2421|64.7860107421875
43|2436|58.75627517700195
43|2446|46.00285339355469
43|2450|41.74971008300781
43|2463|76.76994323730469
44|103|102.38365936279297
44|246|101.0850830078125
44|275|116.2611312866211
44|303|111.1109619140625
44|605|58.2581787109375
44|676|110.76319122314453
44|688|99.45681762695312
44|694|80.14374542236328
44|1050|206.7817840576172
44|1055|132.1217041015625
44|1060|121.19529724121094
44|1064|94.30931091308594
44|1067|99.98074340820312
44|1115|239.0447235107422
44|1125|176.98953247070312
44|1131|52.535457611083984
44|1134|87.76994323730469
44|1350|54.16054153442383
44|1427|117.60319519042969
44|1432|85.03999328613281
44|1440|90.14971923828125
44|1462|116.16678619384766
44|1492|149.30735778808594
44|1526|44.97425842285156
44|1587|199.89266967773438
44|1600|51.455631256103516
44|1604|97.1476821899414
44|1616|165.6322021484375
44|1641|76.15898895263672
44|1644|85.32521057128906
44|1647|60.0257682800293
44|1649|65.50056457519531
44|1670|57.33436584472656
44|1687|61.00926971435547
44|1708|70.76934814453125
44|1746|40.96018600463867
44|1810|52.32489776611328
44|1870|133.4500274658203
44|1882|81.8675308227539
44|1905|54.53418731689453
44|1919|47.45146560668945
44|1924|48.40523147583008
44|1953|49.94947814941406
44|2039|48.41904067993164
44|2046|191.1916961669922
44|2075|116.0272445678711
44|2079|70.38713073730469
44|2101|80.26534271240234
44|2334|130.6356201171875
44|2368|221.6912841796875
44|2381|97.0384292602539
44|2390|118.70123291015625
44|2394|90.73239135742188
44|2414|43.61180877685547
45|1140|45.733299255371094
45|1147|45.70374298095703
45|1390|84.86345672607422
45|1579|82.56480407714844
45|1594|43.17618179321289
45|1601|62.79727554321289
45|1606|45.5565299987793
45|1642|46.43608474731445
45|1648|64.29278564453125
45|2325|51.87464904785156
46|1124|43.004798889160156
46|1138|43.61439514160156
46|1153|47.232608795166016
46|1532|43.92008590698242
46|1541|66.94278717041016
46|1578|82.18761444091797
46|1584|68.64069366455078
46|1597|61.55772399902344
46|1603|56.06486129760742
46|1621|62.8967170715332
46|1629|41.51519775390625
46|2081|49.799705505371094
47|1623|40.5871467590332
47|1919|112.10388946533203
47|2570|64.20353698730469
48|1392|48.0967903137207
48|2152|49.91352844238281
48|2325|48.80228042602539
48|2332|48.100341796875
48|2338|41.42583084106445
48|2361|48.33842468261719
49|1622|42.434471130371094
49|2339|51.10037612915039
49|2360|43.865562438964844
50|1919|76.46207427978516
51|650|41.092124938964844
51|1020|62.22459411621094
51|1112|412.1086730957031
51|1124|89.10364532470703
51|1133|52.760128021240234
51|1142|43.62909698486328
51|1192|55.97352981567383
51|1201|44.8325080871582
51|1262|46.240177154541016
51|1729|53.74163055419922
51|1758|43.4442024230957
51|2490|45.90924835205078
51|2502|62.15237808227539
51|2507|112.4301528930664
51|2575|229.0610809326172
51|2580|250.35023498535156
52|217|117.5004653930664
52|655|65.7464599609375
52|1021|69.06475830078125
52|1108|277.62457275390625
52|1196|48.57752990722656
52|1200|49.56138229370117
52|1244|54.280311584472656
52|1350|50.05860900878906
52|1594|95.03504180908203
52|1637|115.02066040039062
52|1647|44.656558990478516
52|1658|59.79623031616211
52|1665|124.86888885498047
52|1671|51.440223693847656
52|1694|94.44652557373047
52|1700|55.80171203613281
52|1715|56.264862060546875
52|1722|87.51844787597656
52|1726|41.44486999511719
52|1734|44.04459762573242
52|1737|55.775489807128906
52|1756|42.95065689086914
52|1776|46.5277099609375
52|1797|51.093936920166016
52|1824|41.965110778808594
52|2038|46.479515075683594
52|2053|94.7579345703125
52|2067|71.77449798583984
52|2096|86.15271759033203
52|2124|100.7095718383789
52|2146|42.0349235534668
52|2153|122.49324035644531
52|2182|90.68525695800781
52|2196|53.524253845214844
52|2501|46.54337692260742
52|2512|68.88316345214844
52|2571|294.2489318847656
52|2576|231.6412811279297
52|2581|297.0287170410156
53|2339|48.02562713623047
53|2485|41.95152282714844
54|1107|229.87725830078125
54|2152|42.88233184814453
54|2583|58.80122375488281
55|820|84.70199584960938
55|1919|92.99488830566406
57|513|120.60987854003906
57|550|70.90389251708984
57|883|154.700439453125
57|894|125.94509887695312
57|974|80.71743774414062
57|980|89.38343048095703
57|983|71.20185089111328
57|2038|50.231876373291016
57|2498|45.155120849609375
58|130|109.40824127197266
58|133|113.20329284667969
58|147|43.17250061035156
58|159|88.8630142211914
58|162|88.85169982910156
58|173|52.46043014526367
58|177|40.78709411621094
58|187|112.29255676269531
58|191|114.4133071899414
58|201|55.59978485107422
58|206|50.81403350830078
58|447|56.22886276245117
58|511|104.4686279296875
58|534|46.74265670776367
58|549|51.25847625732422
58|551|42.095062255859375
58|621|50.76518630981445
58|624|45.72482681274414
58|648|41.86171340942383
58|848|41.90408706665039
58|893|131.2411346435547
58|895|119.06452941894531
58|900|68.03630065917969
58|904|47.2662353515625
58|907|47.896724700927734
58|909|41.30331039428711
58|949|119.61864471435547
58|963|45.723331451416016
58|966|48.32071304321289
58|984|62.38481903076172
58|993|53.21426773071289
58|996|57.937686920166016
58|1009|63.927391052246094
58|1015|40.25104904174805
58|1022|45.180179595947266
58|1027|43.49205017089844
58|1054|50.71542739868164
58|1080|52.19151306152344
58|1090|45.23915100097656
58|1095|41.56086349487305
58|1307|48.89530563354492
58|1313|45.549659729003906
58|1335|40.59279251098633
58|1448|50.417236328125
58|1474|44.37232208251953
58|1537|129.09222412109375
58|1555|50.09103012084961
58|1562|66.36573028564453
58|1572|47.51244354248047
58|1581|44.67924499511719
58|1982|57.863136291503906
58|1996|115.64032745361328
58|2325|57.638736724853516
58|2332|47.34959411621094
58|2488|73.61415100097656
58|2495|77.2868881225586
58|2499|42.8571891784668
58|2506|47.812278747558594
58|2522|49.55302047729492
58|2532|69.09866333007812
58|2537|66.47028350830078
58|2549|54.613861083984375
58|2552|50.251529693603516
58|2555|71.12145233154297
58|2563|117.85505676269531
59|885|83.16597747802734
59|896|101.14766693115234
59|903|46.6011848449707
59|950|136.92018127441406
59|979|123.07510375976562
59|1001|45.19400405883789
60|986|73.39895629882812
61|973|46.690086364746094
61|1919|81.31961822509766
61|2485|40.75972366333008
62|821|66.11992645263672
62|2360|44.22941589355469
63|779|81.60140228271484
63|879|74.00353240966797
63|905|89.03018951416016
63|1000|56.88727569580078
64|509|72.34906005859375
64|831|114.95230102539062
64|2154|53.392887115478516
64|2204|103.74352264404297
64|2229|260.1394348144531
64|2235|200.1654052734375
64|2243|57.580482482910156
64|2246|50.80622482299805
64|2265|40.06305694580078
65|361|59.129188537597656
65|366|51.48487854003906
65|389|52.32734680175781
65|402|57.23276901245117
65|419|57.2823371887207
65|425|56.73161697387695
65|435|43.54852294921875
65|479|40.57240295410156
65|825|149.10333251953125
65|886|40.55805969238281
65|951|180.83677673339844
65|994|41.94813919067383
65|1279|42.44610595703125
65|1291|46.13407516479492
65|1302|40.77262878417969
65|1307|42.31877517700195
65|1310|50.582881927490234
65|1317|54.9998779296875
65|1321|41.219844818115234
65|1324|46.10855484008789
65|1328|45.43305206298828
65|1340|53.80002975463867
65|1364|57.88577651977539
65|1368|49.81896209716797
65|1741|54.653907775878906
65|1761|52.23068618774414
65|1765|143.20005798339844
65|1770|104.82319641113281
65|1788|62.7990608215332
65|1795|103.11695861816406
65|1805|45.72213363647461
65|1823|110.3693618774414
65|1866|42.56253433227539
65|1952|52.705284118652344
65|2202|157.5543975830078
65|2212|41.727115631103516
65|2216|64.15010070800781
65|2228|258.31719970703125
65|2231|245.4226531982422
65|2234|263.4812316894531
65|2236|224.84164428710938
65|2242|54.48270797729492
65|2244|58.0517578125
65|2250|102.1626968383789
65|2256|76.18119812011719
65|2262|54.0120849609375
66|821|225.88134765625
66|878|99.9620132446289
66|906|197.62754821777344
66|971|175.81900024414062
66|1852|108.3115005493164
66|1923|385.4238586425781
66|1937|50.62874984741211
66|2215|69.53388214111328
66|2226|177.7215118408203
66|2232|261.0035400390625
66|2261|46.430450439453125
67|907|190.7735595703125
67|920|69.35200500488281
67|952|156.52914428710938
67|970|241.28048706054688
67|998|83.55486297607422
67|1922|385.24749755859375
67|1931|62.527034759521484
67|2474|45.25880813598633
68|522|53.64622116088867
68|535|187.2495574951172
68|541|113.98230743408203
68|566|73.83293151855469
68|622|84.39612579345703
68|792|307.64910888671875
68|798|233.13583374023438
68|808|70.93109130859375
68|827|51.29742431640625
68|922|66.42495727539062
68|968|295.8133239746094
68|975|49.507774353027344
68|994|304.1282958984375
68|1082|351.69097900390625
68|1740|53.44280242919922
68|1855|65.0885009765625
68|1925|224.12847900390625
68|2390|53.017974853515625
68|2436|64.78714752197266
68|2557|264.7771911621094
68|2567|40.0693244934082
68|2571|73.38458251953125
68|2573|72.74323272705078
69|44|41.98740768432617
69|498|74.96670532226562
69|506|311.7322692871094
69|517|61.4949836730957
69|521|67.54592895507812
69|534|247.38414001464844
69|537|129.04052734375
69|540|128.56541442871094
69|544|214.26280212402344
69|548|48.34617233276367
69|559|49.745445251464844
69|571|217.80828857421875
69|621|82.64179992675781
69|791|318.91229248046875
69|796|302.23193359375
69|805|63.156455993652344
69|809|65.61563110351562
69|812|66.05575561523438
69|909|155.6033477783203
69|911|158.96759033203125
69|917|196.45773315429688
69|923|50.4510383605957
69|927|41.8816032409668
69|967|296.19915771484375
69|993|310.682861328125
69|1005|63.7392692565918
69|1022|302.801025390625
69|1026|201.63583374023438
69|1030|292.53662109375
69|1039|85.15873718261719
69|1045|92.75313568115234
69|1074|43.17259979248047
69|1080|369.2455139160156
69|1085|360.4226379394531
69|1093|221.56210327148438
69|1098|94.26702880859375
69|1106|99.51200103759766
69|1176|42.116119384765625
69|1194|46.95022964477539
69|1235|40.18853759765625
69|1240|117.6094970703125
69|1249|176.56874084472656
69|1252|163.2515106201172
69|1259|131.06134033203125
69|1266|59.357540130615234
69|1273|45.6709098815918
69|1393|90.86760711669922
69|1421|147.41783142089844
69|1451|73.4493637084961
69|1454|68.56422424316406
69|1530|44.95768356323242
69|1539|41.313899993896484
69|1705|44.16215515136719
69|1881|170.006591796875
69|1911|85.65284729003906
69|1984|41.8152961730957
69|2001|47.017356872558594
69|2170|303.75933837890625
69|2173|239.3523406982422
69|2179|69.48027801513672
69|2181|76.21331787109375
69|2186|47.254180908203125
69|2247|41.746482849121094
69|2253|42.153263092041016
69|2378|53.829185485839844
69|2384|81.64739227294922
69|2389|59.637245178222656
69|2392|41.950252532958984
69|2407|109.93169403076172
69|2413|40.69816970825195
69|2417|84.40997314453125
69|2434|69.31312561035156
69|2440|47.24568557739258
69|2450|137.86700439453125
69|2493|40.063602447509766
69|2558|201.33474731445312
70|533|187.72679138183594
70|539|124.67931365966797
70|620|68.70463562011719
70|992|330.3224182128906
70|2199|155.9803924560547
70|2252|41.23572540283203
70|2473|72.09839630126953
71|1478|70.02616119384766
72|987|46.27584457397461
72|1739|50.01036834716797
72|1938|65.57648468017578
74|1479|62.45566940307617
74|1939|57.517276763916016
74|2198|160.07066345214844
75|590|57.55056381225586
75|664|47.07339859008789
76|585|205.7220458984375
76|598|47.34059524536133
76|1654|44.958221435546875
76|1946|309.2521057128906
76|1953|53.842105865478516
76|1958|56.824493408203125
76|1966|57.620628356933594
76|1973|211.86094665527344
76|2197|191.40406799316406
76|2373|153.18153381347656
77|259|67.51087951660156
77|288|69.42818450927734
77|290|68.23149108886719
77|293|66.91914367675781
77|298|58.97134780883789
77|317|79.28178405761719
77|322|74.26722717285156
77|345|91.81842041015625
77|349|84.15389251708984
77|355|63.11888122558594
77|359|55.82826614379883
77|561|75.64253234863281
77|567|54.90838623046875
77|577|342.6287536621094
77|583|246.6827850341797
77|591|269.26702880859375
77|595|151.0505828857422
77|600|53.84046173095703
77|605|50.897979736328125
77|610|41.31972122192383
77|666|328.0611267089844
77|676|64.03268432617188
77|683|44.730445861816406
77|688|41.57430648803711
77|699|70.35942840576172
77|710|46.388832092285156
77|733|79.43719482421875
77|740|63.57456588745117
77|747|42.964420318603516
77|762|76.70221710205078
77|768|61.34715270996094
77|791|63.91395950317383
77|797|50.68103790283203
77|805|44.632564544677734
77|1020|73.05469512939453
77|1035|48.81730270385742
77|1135|62.955501556396484
77|1138|59.90540313720703
77|1142|50.79154968261719
77|1146|45.49041748046875
77|1149|50.186370849609375
77|1154|45.16533279418945
77|1164|50.242713928222656
77|1167|47.56494903564453
77|1192|95.2081298828125
77|1206|63.8665657043457
77|1221|90.13555145263672
77|1224|81.50274658203125
77|1226|79.82670593261719
77|1236|64.43135070800781
77|1239|51.36416244506836
77|1243|42.457496643066406
77|1250|72.95598602294922
77|1257|55.52455520629883
77|1262|56.7626838684082
77|1266|49.16102981567383
77|1270|81.43687438964844
77|1278|57.517311096191406
77|1336|49.608028411865234
77|1339|49.42919921875
77|1353|179.22958374023438
77|1383|70.64362335205078
77|1387|41.641239166259766
77|1396|136.9027557373047
77|1425|78.94111633300781
77|1582|232.23118591308594
77|1596|113.83779907226562
77|1626|159.71385192871094
77|1630|42.485618591308594
77|1738|61.254337310791016
77|1812|185.49847412109375
77|1833|40.84233474731445
77|1840|61.358707427978516
77|1855|169.39976501464844
77|1935|132.68197631835938
77|1940|418.45721435546875
77|1945|298.2624816894531
77|1949|326.816162109375
77|1952|106.05882263183594
77|1968|54.5754280090332
77|1974|300.1548156738281
77|1990|72.05570983886719
77|2005|48.29993438720703
77|2041|178.48826599121094
77|2055|112.21385955810547
77|2085|172.78366088867188
77|2099|45.87950134277344
77|2196|138.39866638183594
77|2328|138.59605407714844
77|2341|120.12089538574219
77|2358|86.46552276611328
77|2372|144.57965087890625
78|593|177.1508331298828
78|596|120.35782623291016
78|665|314.2099914550781
78|668|293.7679443359375
78|672|44.32426071166992
78|679|40.38282012939453
78|701|67.6856689453125
78|948|56.31210708618164
78|1264|47.94715118408203
78|1271|62.79965591430664
78|1351|94.7107925415039
78|1367|237.421630859375
78|1381|47.30952835083008
78|1412|62.0327033996582
78|1427|47.6872444152832
78|1454|80.77369689941406
78|1480|62.536346435546875
78|1611|48.82731246948242
78|1653|87.04515075683594
78|1656|60.579219818115234
78|1671|47.694793701171875
78|1683|126.29029846191406
78|1737|50.66401290893555
78|1809|60.391727447509766
78|1826|169.62484741210938
78|1839|52.96303176879883
78|1843|86.24563598632812
78|1857|109.13996124267578
78|1931|49.4398307800293
78|1944|367.7060546875
78|1954|150.9115753173828
78|1960|55.48994064331055
78|1970|101.16236114501953
78|1978|249.97720336914062
78|1985|76.91436767578125
78|2039|46.00778579711914
78|2054|80.78070068359375
78|2056|102.89251708984375
78|2072|56.09034729003906
78|2084|132.6038818359375
78|2087|113.8685531616211
78|2342|161.43687438964844
78|2359|92.02387237548828
78|2371|191.29925537109375
78|2386|55.95640563964844
78|2401|63.92584228515625
78|2429|40.173160552978516
78|2487|54.34714126586914
79|1352|103.68683624267578
79|1368|194.9855499267578
79|1394|49.421058654785156
79|1399|64.80695343017578
79|1423|46.91696548461914
79|1452|42.30481719970703
79|1456|42.56988525390625
79|1597|110.98631286621094
79|1687|50.364013671875
79|1958|61.869293212890625
79|2073|44.31767654418945
79|2190|94.94485473632812
79|2486|46.313072204589844
80|698|61.64021682739258
80|1365|120.38062286376953
80|1380|45.037052154541016
80|1451|40.247047424316406
80|1627|43.140987396240234
80|1920|62.95783996582031
80|1970|101.51910400390625
80|2044|51.812294006347656
80|2055|81.58721160888672
80|2083|93.80110168457031
80|2325|75.99805450439453
80|2343|94.69274139404297
80|2360|57.701759338378906
80|2369|72.54256439208984
81|1351|93.18721771240234
81|1581|99.72340393066406
81|1614|68.96502685546875
81|1667|44.014652252197266
81|1811|92.65613555908203
81|1959|78.68417358398438
81|2040|110.63102722167969
81|2074|66.7643051147461
81|2196|76.41985321044922
81|2329|52.67720031738281
81|2336|44.846065521240234
81|2344|85.3428726196289
82|1597|44.56031799316406
82|1844|44.70911407470703
82|2059|53.181453704833984
82|2335|45.942684173583984
82|2360|58.97259521484375
82|2376|58.08108139038086
83|1481|48.962890625
83|1594|169.61277770996094
83|1609|41.07502365112305
83|1624|61.0655632019043
83|1628|43.77107620239258
83|1737|72.80293273925781
83|1824|147.71347045898438
83|1960|74.32546997070312
83|2054|191.81002807617188
84|1365|91.47157287597656
84|1385|40.16181182861328
84|1392|57.34773635864258
84|1428|56.69001770019531
84|1619|40.17029571533203
84|1637|44.33749771118164
84|1652|74.3792724609375
84|1845|52.22990798950195
84|1853|78.85260009765625
84|1969|124.29840087890625
84|2044|60.98749923706055
84|2053|154.1726837158203
84|2082|78.05130767822266
84|2109|51.16538619995117
84|2330|113.53639221191406
84|2335|48.172245025634766
84|2377|53.495357513427734
85|679|266.9071960449219
85|1364|78.52094268798828
85|1404|60.87321090698242
85|1471|50.151329040527344
85|1482|45.598716735839844
85|1495|56.49856948852539
85|1607|84.41133880615234
85|1613|52.80350875854492
85|1656|80.43070983886719
85|1677|46.19881820678711
85|1709|49.65211868286133
85|1736|61.415687561035156
85|1815|124.3084487915039
85|1852|97.21448516845703
85|1862|41.38646697998047
85|1961|64.30965423583984
85|2064|119.92369842529297
85|2196|49.590030670166016
85|2325|40.89497756958008
85|2361|54.7438850402832
85|2376|59.46171951293945
86|512|50.16292953491211
86|531|40.04192352294922
86|600|59.31521224975586
86|618|48.415828704833984
86|670|192.40878295898438
86|673|258.7881774902344
86|678|266.3722839355469
86|680|269.1717224121094
86|684|319.9324645996094
86|690|375.6124572753906
86|696|300.0808410644531
86|704|61.382999420166016
86|707|74.70352935791016
86|711|49.333770751953125
86|714|72.06979370117188
86|883|41.94217300415039
86|894|59.645416259765625
86|899|64.73764038085938
86|981|154.92092895507812
86|986|43.87828826904297
86|991|54.53948974609375
86|1052|253.43545532226562
86|1062|62.79841232299805
86|1068|47.62129211425781
86|1077|56.50071716308594
86|1106|48.3629035949707
86|1119|124.95231628417969
86|1129|352.1448669433594
86|1136|239.7236328125
86|1144|252.63914489746094
86|1151|161.06857299804688
86|1163|101.89129638671875
86|1353|48.07909393310547
86|1369|194.1107635498047
86|1373|217.05503845214844
86|1388|273.8418884277344
86|1408|177.82762145996094
86|1417|108.07269287109375
86|1424|126.46054077148438
86|1427|81.02332305908203
86|1446|53.11660385131836
86|1459|76.470703125
86|1464|64.99629974365234
86|1470|53.830509185791016
86|1476|90.63430786132812
86|1483|69.166748046875
86|1494|81.84871673583984
86|1504|52.829307556152344
86|1509|58.791236877441406
86|1518|55.74905014038086
86|1527|43.831520080566406
86|1533|50.79483413696289
86|1582|72.33779907226562
86|1590|86.71483612060547
86|1593|172.02203369140625
86|1599|242.16656494140625
86|1602|239.25473022460938
86|1605|168.4868927001953
86|1615|106.71461486816406
86|1621|94.78437805175781
86|1633|187.358642578125
86|1638|93.81743621826172
86|1651|176.12066650390625
86|1653|87.6645736694336
86|1657|108.19202423095703
86|1673|99.08060455322266
86|1684|54.426753997802734
86|1689|41.65884017944336
86|1694|81.95638275146484
86|1696|81.77772521972656
86|1704|62.58076477050781
86|1710|90.32948303222656
86|1718|62.26213073730469
86|1722|53.117042541503906
86|1732|44.89799880981445
86|1734|53.861602783203125
86|1737|64.5573959350586
86|1744|78.99243927001953
86|1819|146.14773559570312
86|1823|201.74319458007812
86|1834|177.64512634277344
86|1847|155.9357147216797
86|1878|78.34063720703125
86|1884|71.9526138305664
86|1942|47.04339599609375
86|2045|125.21574401855469
86|2078|114.42980194091797
86|2086|43.0129508972168
86|2092|167.77462768554688
86|2098|75.1209716796875
86|2103|145.22793579101562
86|2107|153.2593231201172
86|2113|105.08028411865234
86|2119|66.00482177734375
86|2126|52.34059524536133
86|2140|80.64865112304688
86|2167|128.5615997314453
86|2179|43.7924690246582
86|2186|45.687408447265625
86|2328|43.3974609375
86|2333|171.0530242919922
86|2338|43.07120895385742
86|2352|67.82625579833984
86|2356|48.32291030883789
86|2386|116.63226318359375
86|2393|67.71988677978516
86|2400|48.847232818603516
86|2480|77.80347442626953
86|2522|41.69227981567383
87|474|45.706993103027344
87|511|44.5983772277832
87|532|43.311973571777344
87|561|44.570960998535156
87|671|287.15240478515625
87|674|247.4044952392578
87|677|246.2895965576172
87|682|305.5100402832031
87|686|359.18353271484375
87|689|344.7573547363281
87|694|337.2895202636719
87|706|82.9288330078125
87|713|55.399658203125
87|720|60.45454406738281
87|724|44.032997131347656
87|727|63.94611358642578
87|739|58.420989990234375
87|882|40.17325973510742
87|895|55.146934509277344
87|898|55.01127624511719
87|900|66.33639526367188
87|949|147.43797302246094
87|964|49.64260482788086
87|996|46.51652526855469
87|1054|276.1783447265625
87|1063|64.40564727783203
87|1069|46.03282928466797
87|1107|49.9522705078125
87|1127|400.89324951171875
87|1131|317.2930908203125
87|1140|254.74278259277344
87|1149|114.19898986816406
87|1158|54.82599639892578
87|1162|101.14901733398438
87|1169|77.86695861816406
87|1185|45.7418098449707
87|1357|234.4171142578125
87|1362|216.98045349121094
87|1370|246.39181518554688
87|1374|216.03533935546875
87|1401|98.9030990600586
87|1406|163.38125610351562
87|1410|143.96908569335938
87|1413|65.39352416992188
87|1419|135.71702575683594
87|1425|132.30648803710938
87|1428|71.64287567138672
87|1434|122.93203735351562
87|1439|63.243038177490234
87|1450|100.46639251708984
87|1458|94.72965240478516
87|1463|62.77311706542969
87|1467|103.91404724121094
87|1481|64.45034790039062
87|1497|58.96037673950195
87|1503|48.70864486694336
87|1505|50.633819580078125
87|1517|55.208404541015625
87|1525|65.6197738647461
87|1551|43.94622802734375
87|1583|54.69515609741211
87|1586|125.23128509521484
87|1592|201.052001953125
87|1600|287.8057861328125
87|1631|160.77447509765625
87|1634|198.55886840820312
87|1643|132.72946166992188
87|1650|230.15692138671875
87|1654|88.97428131103516
87|1665|118.29434967041016
87|1670|51.71289825439453
87|1680|100.73834991455078
87|1693|76.65939331054688
87|1697|82.39495849609375
87|1707|83.56219482421875
87|1709|67.87823486328125
87|1717|62.1410026550293
87|1730|41.105560302734375
87|1733|62.59370803833008
87|1736|43.820735931396484
87|1743|67.9819564819336
87|1761|43.82378005981445
87|1816|83.53343963623047
87|1822|191.99880981445312
87|1830|262.7501220703125
87|1833|197.63665771484375
87|1845|82.44746398925781
87|1865|137.66151428222656
87|1869|155.35086059570312
87|1872|128.05833435058594
87|1875|62.66477584838867
87|1879|80.80449676513672
87|1881|58.44765853881836
87|1902|40.06581115722656
87|1924|47.552162170410156
87|1938|66.8048324584961
87|2046|154.08724975585938
87|2051|198.76199340820312
87|2059|275.55419921875
87|2075|126.65483093261719
87|2085|47.0848503112793
87|2090|99.51780700683594
87|2093|146.1932830810547
87|2096|61.873111724853516
87|2099|95.60782623291016
87|2104|128.8587646484375
87|2110|204.05746459960938
87|2118|94.24903869628906
87|2129|48.81486892700195
87|2176|41.26788330078125
87|2329|56.475807189941406
87|2332|107.76686096191406
87|2335|223.7108154296875
87|2339|42.58680725097656
87|2347|276.88226318359375
87|2360|66.46468353271484
87|2374|49.62550735473633
87|2378|213.71981811523438
87|2382|149.31137084960938
87|2384|142.38067626953125
87|2388|110.27151489257812
87|2395|44.60063552856445
87|2399|58.688201904296875
87|2404|47.94110870361328
87|2409|66.9327163696289
87|2422|40.99592208862305
87|2465|103.8844985961914
87|2470|132.45196533203125
87|2479|73.8813247680664
87|2490|211.8124237060547
87|2507|69.51732635498047
88|688|285.0796203613281
88|702|48.58274841308594
88|716|42.33847427368164
88|897|69.09031677246094
88|902|60.64578628540039
88|1148|108.80517578125
88|1385|71.1805648803711
88|1411|92.05142974853516
88|1433|65.83206176757812
88|1454|62.61176681518555
88|1462|50.34803009033203
88|1506|41.08224868774414
88|1511|57.70039749145508
88|1618|58.44961166381836
88|1642|108.49044036865234
88|1661|44.02300262451172
88|1676|51.121761322021484
88|1692|65.56965637207031
88|1708|63.99720764160156
88|1713|55.910888671875
88|1817|70.06737518310547
88|1864|109.56208801269531
88|1886|47.88181686401367
88|1966|46.47031784057617
88|2064|70.85098266601562
88|2094|94.14098358154297
88|2101|99.40022277832031
88|2403|47.613502502441406
88|2485|81.75720977783203
89|903|52.93569564819336
89|950|119.38517761230469
89|986|93.80247497558594
89|1641|83.915283203125
90|881|46.14384841918945
90|2084|40.8913459777832
91|1507|62.93012237548828
92|1624|49.892494201660156
92|2337|43.871883392333984
94|880|87.85115051269531
94|951|57.28925704956055
94|1919|41.23225021362305
94|2083|56.18808364868164
95|778|93.4735107421875
95|879|87.54996490478516
95|1967|52.09675598144531
96|830|190.908203125
96|835|44.31840515136719
96|1623|56.67172622680664
96|2154|45.77057647705078
96|2229|79.00590515136719
97|362|55.11067581176758
97|367|40.49149703979492
97|388|74.2505111694336
97|391|45.79990768432617
97|399|44.9484977722168
97|402|41.4507942199707
97|407|41.48291778564453
97|417|62.782962799072266
97|420|61.98228454589844
97|424|40.85247802734375
97|447|51.24860382080078
97|451|51.5472412109375
97|456|40.044952392578125
97|825|196.91065979003906
97|828|174.65919494628906
97|832|131.44041442871094
97|839|45.946651458740234
97|842|45.11737823486328
97|845|44.47050476074219
97|851|83.30484771728516
97|855|78.41814422607422
97|860|53.703460693359375
97|884|43.4828987121582
97|888|41.80563735961914
97|893|50.00795364379883
97|910|42.214813232421875
97|920|45.606082916259766
97|1281|59.71659469604492
97|1286|73.59365844726562
97|1291|60.37000274658203
97|1296|54.022647857666016
97|1310|60.89004135131836
97|1315|88.04122924804688
97|1320|82.29417419433594
97|1325|61.75184631347656
97|1331|54.025794982910156
97|1336|87.56951904296875
97|1341|89.08808135986328
97|1346|78.9563980102539
97|1352|49.95203399658203
97|1359|47.4146614074707
97|1365|49.67146301269531
97|1371|62.44406509399414
97|1375|56.92830276489258
97|1380|59.90702438354492
97|1508|50.221893310546875
97|2082|48.66801452636719
97|2153|43.41987228393555
97|2203|125.73197937011719
97|2217|51.426143646240234
97|2220|44.96257019042969
97|2234|82.93807220458984
98|360|54.19796371459961
98|418|68.6126480102539
98|827|169.961669921875
98|878|60.68163299560547
98|904|40.25094985961914
98|2216|45.30080795288086
98|2233|89.61331176757812
98|2336|42.28096389770508
99|1622|64.5118179321289
99|1923|79.10810089111328
100|1509|47.43310546875
100|1922|83.28287506103516
100|1968|43.71449661254883
100|2081|62.723697662353516
100|2474|41.98288345336914
100|2555|67.94364929199219
101|1236|123.80899810791016
101|1260|42.15625
101|1621|50.93125534057617
101|1921|78.77679443359375
102|508|74.20652770996094
102|541|290.29278564453125
102|570|42.753108978271484
102|914|133.4091033935547
102|968|95.62266540527344
102|994|49.89788818359375
102|1238|74.98421478271484
102|2200|70.5533676147461
102|2574|134.042236328125
103|501|60.11738204956055
103|503|56.00495529174805
103|507|91.03775787353516
103|537|359.7003479003906
103|540|229.6753692626953
103|551|117.99494934082031
103|565|45.60987091064453
103|567|50.64868927001953
103|569|47.047447204589844
103|789|42.5203857421875
103|795|200.49171447753906
103|811|47.02063751220703
103|912|124.78973388671875
103|916|103.76473236083984
103|967|102.6860580444336
103|1028|304.02349853515625
103|1034|67.9194564819336
103|1042|92.00668334960938
103|1062|41.83262634277344
103|1109|45.603694915771484
103|1112|61.53626251220703
103|1239|70.56184387207031
103|1256|323.2489318847656
103|1270|91.33689880371094
103|1282|47.40989685058594
103|1287|40.874874114990234
103|1593|57.145530700683594
103|1597|40.29963302612305
103|2067|40.625301361083984
103|2166|62.74493408203125
103|2169|119.76350402832031
103|2174|42.21424102783203
103|2176|41.13121032714844
103|2199|69.16766357421875
103|2470|96.90604400634766
103|2557|78.20201110839844
103|2578|341.871337890625
104|502|66.15478515625
104|538|334.97393798828125
104|555|42.96418762207031
104|910|111.95913696289062
104|966|84.84031677246094
104|1025|313.03631591796875
104|1038|74.01766967773438
104|1054|43.119014739990234
104|1079|116.67770385742188
104|1090|74.19524383544922
104|1252|206.7941131591797
104|1259|288.13421630859375
104|1264|91.9787826538086
104|1274|82.36410522460938
104|2052|57.51365661621094
104|2560|53.796722412109375
104|2583|67.5960464477539
105|554|52.47514343261719
105|1596|52.68569564819336
106|2055|53.49514389038086
108|1510|43.77641296386719
108|1595|56.807533264160156
109|2054|56.02009582519531
111|1594|59.798641204833984
111|2325|42.122005462646484
112|2053|73.63287353515625
113|1593|68.92019653320312
113|1947|111.86631774902344
113|2052|67.71832275390625
114|1268|50.416053771972656
114|1920|42.10353469848633
114|1946|110.98439025878906
115|578|165.07138061523438
115|1267|59.374263763427734
115|1367|59.723907470703125
115|1396|129.94140625
115|1536|166.3385467529297
115|1565|135.46542358398438
115|1655|44.95764923095703
115|1941|107.04112243652344
115|1948|90.59568786621094
115|1972|67.45479583740234
115|1997|115.19554138183594
115|2025|103.70868682861328
115|2039|44.79513168334961
115|2340|152.36215209960938
115|2373|127.86485290527344
115|2492|89.60968780517578
115|2514|40.55214309692383
115|2518|44.04911422729492
115|2522|123.96871185302734
115|2529|145.1715850830078
115|2537|115.85540008544922
115|2543|40.299339294433594
115|2551|76.8641586303711
116|580|229.78758239746094
116|592|230.11065673828125
116|595|315.3592529296875
116|602|49.814537048339844
116|608|66.91844940185547
116|667|163.44630432128906
116|1266|51.780128479003906
116|1307|40.60989761352539
116|1365|73.46769714355469
116|1368|73.5745849609375
116|1410|69.26371765136719
116|1439|46.419097900390625
116|1625|80.3455810546875
116|1826|107.41455078125
116|1855|108.31128692626953
116|1945|99.80848693847656
116|1975|75.82685852050781
116|1996|119.42764282226562
116|2099|51.07585144042969
116|2341|153.09873962402344
116|2375|109.80152130126953
116|2493|91.20677947998047
116|2501|166.45811462402344
116|2506|167.0218963623047
116|2534|144.81832885742188
116|2548|96.37166595458984
116|2556|101.04450225830078
116|2559|120.2183609008789
116|2563|123.19991302490234
117|593|284.6765441894531
117|607|40.7481575012207
117|668|136.03114318847656
117|897|101.19972229003906
117|1367|96.5152359008789
117|1440|40.2307243347168
117|1596|128.20571899414062
117|1858|41.48666763305664
117|1920|46.059120178222656
117|2056|149.3735809326172
117|2087|55.259483337402344
117|2342|203.3909912109375
117|2356|51.60210418701172
117|2371|154.72337341308594
117|2396|49.59792709350586
118|1265|53.217491149902344
118|1427|71.39130401611328
118|1827|87.90837097167969
118|1943|144.49375915527344
118|2343|178.8425750732422
118|2358|41.09101104736328
118|2376|78.77783203125
118|2390|40.536468505859375
119|950|50.645294189453125
119|1368|46.68864440917969
119|1456|45.31635665893555
120|1598|73.00051879882812
121|2325|61.234527587890625
122|1580|44.19621658325195
122|2039|42.68866729736328
122|2344|54.375205993652344
122|2376|42.706539154052734
125|2376|52.05979919433594
126|2344|84.68498992919922
128|679|120.45608520507812
128|1662|54.44114303588867
128|1828|85.42640686035156
128|2377|67.00279998779297
129|678|98.01390838623047
129|684|137.99484252929688
129|691|117.83979034423828
129|824|96.06956481933594
129|1136|48.35742950439453
129|1408|62.82735824584961
129|1419|85.8412094116211
129|1424|75.903076171875
129|1444|70.19926452636719
129|1448|60.549102783203125
129|1632|94.94229888916016
129|1643|95.0568618774414
129|1653|90.51056671142578
129|1666|46.44898986816406
129|1672|60.66795349121094
129|1688|48.302120208740234
129|1766|50.56351089477539
129|2091|84.81463623046875
129|2102|124.94791412353516
129|2107|86.75687408447266
129|2113|64.7044906616211
129|2227|55.85905456542969
129|2408|40.43165588378906
130|360|53.46487045288086
130|365|45.89570617675781
130|389|47.45884323120117
130|418|56.28972625732422
130|422|48.58421325683594
130|431|40.537025451660156
130|673|123.8599853515625
130|677|70.64387512207031
130|689|90.94123077392578
130|693|132.53564453125
130|707|42.7585334777832
130|822|50.119747161865234
130|827|116.0929946899414
130|1054|107.1845932006836
130|1130|70.4443359375
130|1138|42.14022445678711
130|1372|181.12893676757812
130|1385|40.83829879760742
130|1388|60.14736557006836
130|1401|67.4806900024414
130|1407|45.624332427978516
130|1415|62.664100646972656
130|1423|82.3543472290039
130|1429|63.744171142578125
130|1439|72.83393859863281
130|1447|66.18061828613281
130|1452|67.965576171875
130|1455|42.577632904052734
130|1463|49.71098327636719
130|1472|45.22357177734375
130|1476|48.45302963256836
130|1601|200.52906799316406
130|1615|76.5738525390625
130|1630|82.32109069824219
130|1638|87.95548248291016
130|1641|62.8753776550293
130|1645|68.86710357666016
130|1648|84.84093475341797
130|1656|67.3323974609375
130|1665|57.41079330444336
130|1673|59.556976318359375
130|1682|40.0057258605957
130|1686|67.15534210205078
130|1690|58.05175018310547
130|1701|42.08003616333008
130|1795|48.903568267822266
130|1831|158.15115356445312
130|1847|70.87560272216797
130|1869|92.51113891601562
130|1876|106.07972717285156
130|1878|118.93365478515625
130|1882|79.37059020996094
130|1887|60.7738151550293
130|2048|42.40477752685547
130|2060|203.09027099609375
130|2076|79.92756652832031
130|2097|89.8834457397461
130|2110|71.76013946533203
130|2114|68.99788665771484
130|2226|54.75929641723633
130|2345|190.42471313476562
130|2364|42.990562438964844
130|2379|135.01104736328125
130|2382|133.95870971679688
130|2386|147.46304321289062
130|2465|48.17202377319336
131|675|85.10448455810547
131|687|114.55402374267578
131|1055|73.39576721191406
131|1131|59.72386932373047
131|1410|96.97722625732422
131|1451|41.52944564819336
131|1454|41.858055114746094
131|1640|77.96553802490234
131|1659|42.20446014404297
131|1851|45.37897491455078
131|1880|75.40170288085938
131|1886|51.87409591674805
131|2099|69.4092788696289
131|2393|43.100730895996094
132|1411|79.3054428100586
132|1426|52.654449462890625
132|1641|85.82716369628906
132|1871|69.51519775390625
132|2100|86.42845153808594
132|2347|66.86231994628906
135|1922|72.79420471191406
136|792|44.44419479370117
136|1307|41.02667236328125
137|534|54.50839614868164
137|794|59.29541778564453
137|797|84.02925872802734
137|1022|55.05378723144531
137|1254|45.91083908081055
137|1393|55.1937370300293
137|1421|51.63389205932617
137|1450|52.4420051574707
137|1881|50.76997756958008
137|1910|47.70811462402344
137|2377|46.966983795166016
137|2406|74.24287414550781
137|2412|76.04149627685547
137|2435|76.0538101196289
137|2442|52.48426055908203
137|2449|47.854225158691406
138|543|51.22332763671875
138|571|48.90946960449219
138|791|42.45988845825195
138|796|85.9255142211914
138|1023|59.7663688659668
138|1030|54.49286651611328
138|1085|82.48824310302734
138|1252|46.68826675415039
138|2391|53.52640914916992
138|2399|43.85389709472656
138|2404|46.360389709472656
138|2419|46.701934814453125
138|2421|49.44355010986328
138|2443|52.46092224121094
138|2448|50.925270080566406
139|790|43.58451843261719
139|1025|45.803932189941406
152|1941|77.5755615234375
152|1947|85.38331604003906
153|585|50.72835159301758
153|1948|58.33338928222656
153|1973|53.3475227355957
153|2374|75.93048858642578
153|2578|60.357696533203125
154|578|170.4558868408203
154|584|47.13118362426758
154|591|106.02375030517578
154|666|127.9981460571289
154|1597|62.297359466552734
154|1826|51.009376525878906
154|1856|40.72854995727539
154|1942|63.641971588134766
154|1974|49.316795349121094
154|2340|81.00369262695312
154|2375|48.719120025634766
154|2575|71.75760650634766
154|2577|59.05339813232422
154|2579|73.04332733154297
155|580|204.78408813476562
155|594|162.64950561523438
155|667|132.08335876464844
155|1367|93.79877471923828
155|1397|48.709022521972656
155|1596|83.23223114013672
155|1825|56.02263641357422
155|1975|45.61311721801758
155|2055|99.02032470703125
155|2341|61.83890151977539
155|2576|72.67259979248047
155|2580|65.27558135986328
156|668|98.7376480102539
156|2342|70.86898803710938
157|1595|49.95097351074219
157|1943|74.35564422607422
158|2054|47.90435028076172
167|2556|46.30438232421875
170|541|59.3245849609375
171|535|47.547908782958984
171|542|47.97848892211914
171|679|55.419254302978516
171|1022|47.59525680541992
171|1028|45.53060531616211
171|2091|55.94355010986328
171|2376|52.584712982177734
172|691|112.13841247558594
172|696|54.32854461669922
172|1023|47.96219253540039
172|1029|51.122230529785156
172|1129|61.453067779541016
172|1253|68.39946746826172
172|1402|63.37767791748047
172|1408|60.37029266357422
172|1414|57.763671875
172|1632|52.93206024169922
172|1638|67.34989166259766
172|1644|54.51645278930664
172|1862|77.691650390625
172|1868|55.95450210571289
172|1873|53.74079895019531
172|1924|50.47475051879883
172|2092|57.410160064697266
172|2097|55.22966003417969
172|2103|52.98708724975586
172|2557|85.22932434082031
172|2560|44.45509719848633
173|543|41.695308685302734
173|673|56.192344665527344
173|681|48.57381057739258
173|685|96.22747802734375
173|695|77.17465209960938
173|1024|60.30913543701172
173|1092|56.93775939941406
173|1126|74.02995300292969
173|1252|68.04846954345703
173|1372|95.119384765625
173|1401|56.1035270690918
173|1409|64.59089660644531
173|1413|41.01789093017578
173|1416|56.772830963134766
173|1419|63.86428451538086
173|1425|44.875343322753906
173|1430|55.7275505065918
173|1633|61.611507415771484
173|1637|53.739925384521484
173|1639|60.2890510559082
173|1647|85.63533782958984
173|1652|47.31606674194336
173|1680|62.67097473144531
173|1709|61.146522521972656
173|1872|42.700439453125
173|1875|64.45085144042969
173|2062|58.7224235534668
173|2096|64.5299072265625
173|2105|70.4196548461914
173|2108|73.73015594482422
173|2112|54.495689392089844
173|2139|50.30148696899414
173|2168|54.49171447753906
173|2383|101.99559020996094
173|2392|82.20584869384766
173|2466|72.2466812133789
173|2469|67.44306182861328
173|2474|85.40324401855469
173|2479|88.8499755859375
173|2505|46.663917541503906
173|2508|48.187381744384766
173|2537|46.261993408203125
173|2565|41.111366271972656
174|539|66.02593994140625
174|671|40.956844329833984
174|682|57.075782775878906
174|689|61.778846740722656
174|693|90.66606140136719
174|1030|77.48877716064453
174|1125|67.15332794189453
174|1400|47.56999969482422
174|1406|41.81858444213867
174|1410|72.13725280761719
174|1420|44.79633712768555
174|1603|69.7332992553711
174|1618|52.92666244506836
174|1630|40.086341857910156
174|1636|47.994815826416016
174|1833|74.38825225830078
174|1869|71.4951400756836
174|1881|46.788818359375
174|1925|70.50977325439453
174|2063|72.13987731933594
174|2095|62.33069610595703
174|2099|61.06376266479492
174|2378|74.53662872314453
174|2397|47.98963928222656
174|2472|48.72084045410156
174|2494|42.908233642578125
174|2536|41.31268310546875
175|688|77.10841369628906
175|1405|45.36393737792969
175|1604|63.943359375
175|1635|47.306365966796875
175|1640|66.27978515625
175|1834|79.47013854980469
175|1860|65.883056640625
175|1864|46.14224624633789
175|1870|74.18201446533203
175|2094|50.45827102661133
176|949|48.02609634399414
176|1411|75.61508178710938
176|1641|85.31221771240234
176|1871|72.84944152832031
176|2100|83.33454895019531
177|950|46.601417541503906
186|2198|43.745052337646484
191|586|62.4502067565918
191|1854|46.494869232177734
191|2373|76.47161865234375
192|591|131.9719696044922
192|1352|42.50862503051758
192|1395|68.55997467041016
192|1625|75.44477081298828
192|1855|52.964481353759766
192|1973|77.79447174072266
192|2084|63.64292526245117
192|2374|78.67120361328125
193|584|46.52685546875
193|1396|62.12587356567383
193|1974|69.07103729248047
193|2229|110.78573608398438
193|2358|47.45709228515625
193|2375|53.070743560791016
194|583|64.58944702148438
194|593|45.2330322265625
194|597|46.892181396484375
194|1397|46.43330764770508
194|1952|45.9294319152832
194|1976|98.01107788085938
194|2204|76.92200469970703
194|2228|114.64385223388672
194|2235|89.38890838623047
194|2359|49.50909423828125
194|2371|84.58991241455078
195|2203|74.27690124511719
195|2234|70.26084899902344
196|2226|54.912532806396484
196|2233|81.94660186767578
197|1953|55.72797393798828
197|2232|93.05339050292969
197|2237|51.43152618408203
202|2471|41.82386779785156
205|994|42.02680587768555
205|2571|40.93589401245117
206|2379|45.98030090332031
206|2383|52.562744140625
206|2387|51.12801742553711
206|2392|55.93852996826172
206|2407|44.86394500732422
206|2441|43.042625427246094
206|2445|59.80204772949219
206|2449|46.026031494140625
206|2579|112.32080841064453
217|1123|67.01192474365234
218|1124|56.36991882324219
218|1587|42.77265548706055
218|2046|48.31928634643555
218|2333|42.10396957397461
230|2042|45.941566467285156
230|2327|42.500736236572266
231|1536|57.120853424072266
231|1565|59.580963134765625
231|1934|43.57842254638672
231|1995|49.14482879638672
231|2024|48.14795684814453
231|2492|53.835262298583984
231|2500|102.6961669921875
231|2505|81.84976959228516
231|2522|100.83413696289062
231|2531|74.65480041503906
231|2536|112.2572021484375
231|2550|103.06000518798828
231|2556|92.79414367675781
231|2559|101.10906982421875
231|2563|112.96411895751953
232|2526|41.71268844604492
233|2328|45.857479095458984
241|996|44.69096755981445
242|1090|43.264583587646484
243|1025|40.171485900878906
257|1118|59.47607421875
258|1120|80.18241119384766
260|1122|52.555057525634766
260|2465|43.23195266723633
275|2406|57.74934768676758
275|2441|50.329925537109375
275|2446|47.48816680908203
275|2450|50.16114044189453
300|1118|54.28898239135742
301|1117|43.45325469970703
302|1121|50.64022445678711
303|1831|44.44612503051758
304|1122|57.40878677368164
304|2059|47.99262237548828
305|1123|65.84839630126953
305|2346|43.259132385253906
306|1936|53.22648239135742
306|2347|42.585086822509766
307|1935|62.27741241455078
308|1934|70.04650115966797
308|2578|42.984920501708984
309|581|51.9417724609375
309|2579|42.54894256591797
310|583|53.74039840698242
312|2009|44.96681594848633
343|2448|42.77560043334961
343|2451|56.76991653442383
344|586|51.823760986328125
344|2419|43.52565002441406
344|2441|51.781280517578125
344|2445|51.00059127807617
344|2450|54.39656066894531
345|588|46.26395034790039
345|590|48.20036697387695
346|591|45.77170181274414
346|2465|48.11591720581055
346|2473|44.52765655517578
346|2490|48.0186653137207
346|2534|41.67769241333008
347|2492|44.969261169433594
347|2503|52.642459869384766
347|2557|59.88258743286133
347|2559|51.039451599121094
347|2564|57.18996810913086
393|525|45.21849822998047
412|2579|43.015953063964844
416|530|40.13496398925781
433|2472|45.765567779541016
462|2493|43.07447052001953
520|2478|56.94767379760742
578|2527|58.62207794189453
578|2532|67.04405975341797
578|2536|73.88990020751953
606|2478|40.74603271484375