Firestone
Kygo
Conrad Sewell
EDM
firestone
2049x2584
1089

4|756|340.00103759765625
4|801|343.10772705078125
4|824|365.2679138183594
4|847|370.4655456542969
4|869|374.27117919921875
4|892|354.68896484375
4|915|355.2573547363281
4|937|347.8856506347656
4|950|53.01124572753906
4|960|381.46978759765625
4|1005|370.6566162109375
4|1028|360.0382385253906
4|1051|361.82073974609375
4|1073|355.76910400390625
4|1096|356.3386535644531
4|1119|342.6894226074219
4|1141|368.12261962890625
4|1164|335.6083068847656
4|1209|361.85797119140625
4|1232|370.41632080078125
4|1255|341.1669006347656
4|1277|359.5168151855469
4|1300|343.9478454589844
4|1345|347.66400146484375
4|1368|361.4457092285156
4|1396|52.243370056152344
4|1400|55.15794372558594
4|1406|57.50546646118164
4|1419|40.21539306640625
4|1423|44.905147552490234
5|754|469.3272399902344
5|760|128.1077423095703
5|776|453.10736083984375
5|784|59.30232238769531
5|799|439.5257568359375
5|822|460.4212341308594
5|845|440.1702575683594
5|852|88.45085144042969
5|856|90.95613861083984
5|861|79.3343276977539
5|867|457.08819580078125
5|879|47.30883026123047
5|883|46.050514221191406
5|890|435.37066650390625
5|913|413.540771484375
5|935|444.1566162109375
5|948|62.365745544433594
5|952|55.932273864746094
5|958|486.5689392089844
5|980|434.41748046875
5|1003|472.95654296875
5|1026|466.7491760253906
5|1048|453.30517578125
5|1071|414.3255920410156
5|1078|84.30382537841797
5|1083|86.65504455566406
5|1089|78.95712280273438
5|1094|413.7366638183594
5|1101|75.839599609375
5|1109|47.307708740234375
5|1116|452.5340881347656
5|1139|450.3622131347656
5|1147|63.07073974609375
5|1162|450.40093994140625
5|1185|456.34454345703125
5|1207|450.2889404296875
5|1214|90.26063537597656
5|1219|87.71074676513672
5|1225|71.66578674316406
5|1230|455.58197021484375
5|1240|52.76394271850586
5|1246|48.78872299194336
5|1253|405.5733337402344
5|1275|437.311279296875
5|1298|444.1227722167969
5|1310|60.209083557128906
5|1320|475.4197692871094
5|1343|452.29534912109375
5|1366|453.91827392578125
6|761|83.35907745361328
6|765|97.63375091552734
6|769|92.5932846069336
6|775|373.8509216308594
6|788|64.44490051269531
6|798|386.3799743652344
6|843|389.0761413574219
6|866|396.9399719238281
6|911|351.2402648925781
6|934|385.72930908203125
6|979|366.7015686035156
6|1002|401.5326232910156
6|1047|391.8363037109375
6|1070|357.5931091308594
6|1092|317.05328369140625
6|1115|414.9071044921875
6|1127|94.80828857421875
6|1134|84.16162872314453
6|1138|378.74566650390625
6|1151|57.870582580566406
6|1183|383.4207458496094
6|1206|395.0279235839844
6|1251|359.5162658691406
6|1274|369.57611083984375
6|1319|409.9022521972656
6|1342|385.8108215332031
7|774|273.683349609375
7|797|290.9029235839844
7|865|296.03289794921875
7|933|300.69439697265625
7|1001|301.94976806640625
7|1069|290.7813720703125
7|1137|298.56622314453125
7|1182|264.07440185546875
7|1205|322.3763427734375
7|1273|274.0616760253906
7|1341|300.0295715332031
8|668|90.76002502441406
8|673|92.45433044433594
8|676|90.87142944335938
8|695|53.62044906616211
8|842|274.4317321777344
8|910|248.73475646972656
8|1046|268.80584716796875
8|1114|281.3310852050781
8|1250|256.23736572265625
8|1363|214.5248260498047
8|1394|137.426025390625
8|1397|124.68516540527344
8|1403|102.68342590332031
8|1407|106.07789611816406
8|1420|115.08439636230469
8|1423|112.48577880859375
8|1441|66.29830932617188
8|1445|67.51565551757812
8|2113|40.27806091308594
9|217|72.52335357666016
9|220|77.37403869628906
9|226|58.25242233276367
9|577|83.97797393798828
9|579|83.74954223632812
9|583|86.4018325805664
9|941|119.13924407958984
9|946|124.95488739013672
9|992|44.40322494506836
9|1023|246.0328826904297
9|1304|118.43395233154297
9|1308|110.94625091552734
9|1355|39.16518783569336
9|1666|76.0580062866211
9|1670|61.27659606933594
9|1694|45.34513473510742
9|2025|76.00924682617188
9|2029|77.79866027832031
9|2056|47.69313430786133
9|2385|140.1781768798828
9|2390|122.01285552978516
9|2395|105.58629608154297
9|2410|72.73558044433594
9|2417|70.7641830444336
9|2566|49.04139709472656
10|123|90.5683364868164
10|136|63.42650604248047
10|350|91.94917297363281
10|356|59.45519256591797
10|363|64.38287353515625
10|485|105.16838836669922
10|511|54.63845443725586
10|751|254.26622009277344
10|796|205.16212463378906
10|819|237.52685546875
10|849|94.59272766113281
10|854|68.76724243164062
10|864|252.6287841796875
10|873|123.10433959960938
10|877|105.65099334716797
10|887|223.13241577148438
10|910|245.29156494140625
10|978|213.9646453857422
10|1075|92.24034881591797
10|1081|69.82293701171875
10|1091|225.92039489746094
10|1101|110.26025390625
10|1136|198.7184295654297
10|1159|241.8751678466797
10|1211|109.41952514648438
10|1227|277.7160339355469
10|1236|133.73358154296875
10|1272|229.08566284179688
10|1295|250.72291564941406
10|1318|219.90855407714844
10|1363|224.87246704101562
10|1574|51.56972885131836
10|1580|52.7022590637207
10|1583|51.068153381347656
10|1585|49.89906311035156
10|1588|48.918373107910156
10|1591|47.564910888671875
10|1598|50.555908203125
10|1601|50.08308792114258
10|1605|49.41968536376953
10|1608|47.81768035888672
10|1796|45.42485427856445
10|1800|51.04033279418945
10|1803|49.373451232910156
10|1807|49.50860595703125
10|1811|48.2992057800293
10|1819|46.41984176635742
10|1822|50.79498291015625
10|1827|50.874576568603516
10|1830|52.939395904541016
10|1838|48.4757194519043
10|1933|46.04568099975586
10|1936|51.585853576660156
10|1939|51.93846130371094
10|1943|51.28473663330078
10|1945|51.16092300415039
10|1951|47.47365188598633
10|1954|46.29838562011719
10|1960|46.07037353515625
10|1968|53.42737579345703
10|2295|171.4575958251953
10|2298|165.1177520751953
10|2316|108.03954315185547
10|2522|187.2033233642578
10|2525|175.64405822753906
10|2541|106.46453857421875
11|35|39.98146057128906
11|393|41.6475715637207
11|397|41.89543914794922
11|756|83.58934020996094
11|761|110.5752182006836
11|764|89.39673614501953
11|769|95.9905776977539
11|776|43.52302551269531
11|783|73.65748596191406
11|788|69.38084411621094
11|932|208.1238555908203
11|955|232.85289001464844
11|1000|210.5268096923828
11|1118|60.24156188964844
11|1124|79.42498016357422
11|1132|115.38230895996094
11|1139|50.27080154418945
11|1143|64.10993194580078
11|1145|61.98263168334961
11|1149|58.51882553100586
11|1340|193.62542724609375
11|1478|62.420501708984375
11|1486|54.91966247558594
11|1496|44.33342742919922
11|1502|42.25803756713867
11|1509|39.217063903808594
11|1567|46.59790802001953
11|1570|44.99213409423828
11|1839|53.50947570800781
11|1842|78.19774627685547
11|1845|61.39194869995117
11|1848|59.31497573852539
11|1858|42.85298538208008
11|1860|39.356834411621094
11|1863|39.7303581237793
11|1865|39.51922607421875
11|1871|44.088008880615234
11|1929|39.403343200683594
11|2203|116.95452117919922
11|2206|113.86753845214844
11|2210|96.07465362548828
11|2218|64.14705657958984
11|2226|41.7701530456543
11|2567|130.567626953125
11|2570|120.46395111083984
11|2573|109.5969009399414
11|2580|65.86558532714844
12|1068|175.66140747070312
12|1204|202.29425048828125
12|1840|55.09280014038086
12|2565|108.51976776123047
13|1136|142.8328399658203
13|1181|147.7217254638672
14|576|47.341434478759766
14|604|56.8941764831543
14|608|49.09126663208008
14|937|39.91279983520508
14|941|41.43010330200195
14|958|40.3066520690918
14|964|57.377201080322266
14|968|56.605648040771484
14|1301|52.43510437011719
14|1303|56.00102615356445
14|1308|42.60407257080078
14|1321|46.03693389892578
14|1327|60.86272430419922
14|1331|70.73204803466797
15|484|66.42530059814453
15|498|67.52011108398438
15|517|67.87779235839844
15|534|43.71766662597656
15|796|167.09519958496094
15|842|147.32044982910156
15|848|72.6459732055664
15|864|172.66136169433594
15|882|74.04248046875
15|887|157.03558349609375
15|977|150.25218200683594
15|1068|197.84835815429688
15|1076|78.1364517211914
15|1087|78.77571868896484
15|1091|151.98583984375
15|1106|49.979774475097656
15|1114|110.52987670898438
15|1159|166.4799041748047
15|1210|72.97038269042969
15|1212|73.63616943359375
15|1224|68.37782287597656
15|1227|178.9018096923828
15|1243|75.34495544433594
15|1250|157.61697387695312
15|1264|43.94191360473633
15|1340|162.3859100341797
15|2295|41.29143524169922
15|2522|40.47077560424805
16|531|41.422271728515625
16|894|44.74589920043945
16|897|71.23546600341797
16|901|47.34434127807617
16|904|55.07526779174805
16|1086|80.01314544677734
16|1090|131.6727752685547
16|1104|52.13747024536133
16|1207|56.44192123413086
16|1226|148.87001037597656
16|1249|168.9261016845703
16|1257|45.0679931640625
16|1260|70.52982330322266
16|1267|57.476470947265625
17|390|47.378082275390625
17|393|54.18014907836914
17|404|65.68191528320312
17|406|65.91854095458984
17|420|48.649444580078125
17|755|42.025421142578125
17|769|62.88307571411133
17|782|40.46794891357422
17|988|42.380123138427734
17|1119|63.73380661010742
17|1121|58.22916793823242
17|1132|81.58232116699219
17|1146|51.89305877685547
17|1149|50.56104278564453
17|2569|39.04151916503906
18|574|62.2913932800293
18|587|64.02195739746094
18|599|41.96244430541992
18|773|66.66114044189453
18|887|117.17304229736328
18|934|54.219669342041016
18|942|79.67802429199219
18|951|73.61915588378906
18|962|63.581417083740234
18|973|51.03976058959961
18|984|59.81149673461914
18|1114|71.81861114501953
18|1135|72.44043731689453
18|1297|46.10097885131836
18|1305|72.13666534423828
18|1313|78.2514877319336
18|1325|65.14264678955078
18|1336|48.631656646728516
18|1347|54.330406188964844
18|1661|56.10279846191406
18|1668|56.817039489746094
18|2022|60.53791427612305
18|2024|60.405574798583984
18|2031|57.53507995605469
18|2055|41.183937072753906
18|2385|79.05238342285156
18|2395|41.943504333496094
18|2414|48.40253829956055
18|2417|47.907371520996094
19|818|66.58454132080078
19|888|69.18927001953125
19|909|79.6839828491211
19|932|105.16451263427734
19|954|45.31025695800781
19|979|52.76592254638672
19|1090|49.76498031616211
19|1160|66.2135009765625
19|1181|69.20083618164062
19|1226|64.04389953613281
19|1251|66.53900909423828
19|1295|84.8125
19|1362|63.799495697021484
20|484|82.85254669189453
20|819|62.05949020385742
20|843|93.76326751708984
20|845|85.77758026123047
20|848|87.4964599609375
20|859|61.72975158691406
20|863|63.510658264160156
20|894|41.953224182128906
20|900|46.34580612182617
20|1072|84.37352752685547
20|1081|47.93623733520508
20|1085|52.62733459472656
20|1113|59.12803649902344
20|1136|52.88606643676758
20|1206|91.6981430053711
20|1209|92.00259399414062
20|1222|63.91165542602539
20|1257|42.2427978515625
20|1260|46.79452133178711
20|1263|43.52596664428711
20|1294|80.09801483154297
20|1570|65.5592269897461
20|1577|49.97812271118164
20|1581|51.20151138305664
20|1617|42.870662689208984
20|1797|65.1656723022461
20|1800|65.25154113769531
20|1807|58.816917419433594
20|1932|65.75680541992188
20|1939|50.960750579833984
20|1942|54.14698791503906
20|1982|51.118324279785156
20|2293|135.00733947753906
20|2345|45.245670318603516
20|2520|128.9554901123047
21|480|81.97412109375
21|796|55.75951385498047
21|842|139.64877319335938
21|886|65.10855865478516
21|977|48.383628845214844
21|1068|114.53707122802734
21|1114|47.8327522277832
21|1158|54.17247009277344
21|1204|129.36195373535156
21|1227|53.18368148803711
21|1249|75.84577178955078
21|1272|64.83393859863281
21|1295|63.86341857910156
21|1340|53.195716857910156
21|1643|41.16524887084961
21|1646|44.263370513916016
21|2369|41.357357025146484
22|795|50.863746643066406
22|1000|61.048095703125
22|1022|68.89359283447266
22|1045|63.05419158935547
22|1090|41.47981262207031
22|1157|41.006160736083984
22|2006|59.47354507446289
23|390|73.21012115478516
23|392|77.2608871459961
23|413|41.41810607910156
23|417|39.8052864074707
23|572|80.40624237060547
23|575|77.5528793334961
23|579|68.8357162475586
23|756|101.40692138671875
23|759|97.75160217285156
23|773|70.68737030029297
23|783|58.28133010864258
23|794|69.88899230957031
23|818|56.450103759765625
23|942|101.54157257080078
23|954|72.27371215820312
23|965|44.941436767578125
23|975|56.459468841552734
23|999|61.2505989074707
23|1121|95.2154769897461
23|1132|52.364013671875
23|1135|62.937744140625
23|1146|60.84994888305664
23|1149|52.22922897338867
23|1156|51.1677131652832
23|1181|55.4779167175293
23|1226|45.003753662109375
23|1305|114.10823822021484
23|1317|70.80142211914062
23|1328|45.52043533325195
23|1338|46.09407424926758
23|1362|67.79493713378906
23|1445|55.140960693359375
23|1451|102.1443862915039
23|1488|49.46992492675781
23|1501|40.59564208984375
23|1520|52.59650421142578
23|1667|43.7295036315918
23|1701|43.83199691772461
23|1825|89.40906524658203
23|1851|54.07499313354492
23|1863|39.94430923461914
23|1877|39.43924331665039
23|1886|40.9939079284668
23|2008|52.083805084228516
23|2031|57.095645904541016
23|2044|39.67564392089844
23|2067|44.78634262084961
23|2205|67.18386840820312
23|2214|75.66645050048828
23|2244|60.24259567260742
23|2247|59.91022491455078
23|2387|68.84549713134766
23|2394|74.20767211914062
23|2426|55.62492370605469
23|2569|64.35194396972656
23|2577|86.29119110107422
24|751|62.00654602050781
24|932|64.1953125
24|976|44.41221618652344
24|1295|49.25910568237305
24|1827|66.62235260009766
24|2009|40.4830207824707
25|886|57.42076110839844
25|931|55.68056106567383
25|1082|41.09309005737305
25|1220|42.86962890625
25|1271|40.01170349121094
25|1294|54.628822326660156
25|2543|48.506797790527344
26|481|80.56153106689453
26|796|84.13176727294922
26|843|57.0682373046875
26|845|58.60529327392578
26|848|57.822181701660156
26|850|56.15147018432617
26|887|78.98629760742188
26|902|41.389427185058594
26|978|84.68597412109375
26|1022|39.93737030029297
26|1069|115.74908447265625
26|1076|75.3282470703125
26|1086|40.28582000732422
26|1105|43.18819808959961
26|1159|83.40241241455078
26|1206|65.69013977050781
26|1211|74.30657196044922
26|1221|46.17854690551758
26|1250|84.32412719726562
26|1265|40.916080474853516
26|1340|91.40613555908203
26|1455|45.669864654541016
26|1586|40.65478515625
26|1650|49.04121780395508
26|1731|43.948753356933594
26|1814|39.3645133972168
26|2099|41.68404006958008
26|2296|64.60468292236328
26|2302|60.51530075073242
26|2372|44.037200927734375
26|2469|69.76605224609375
26|2478|40.8924560546875
26|2522|72.94369506835938
26|2527|61.612327575683594
26|2545|46.033504486083984
26|2557|109.30648803710938
27|389|91.42772674560547
27|403|45.6982536315918
27|406|44.94432067871094
27|578|38.955570220947266
27|752|86.43859100341797
27|765|39.08430862426758
27|773|72.78191375732422
27|799|40.09099578857422
27|818|42.4390983581543
27|841|51.043575286865234
27|932|59.48740768432617
27|1115|98.37899780273438
27|1118|91.57970428466797
27|1128|40.38512420654297
27|1135|72.69839477539062
27|1164|42.70199966430664
27|1181|43.01749801635742
27|1204|52.6346435546875
27|1295|54.576175689697266
27|1304|46.14073944091797
27|1308|40.50977325439453
27|1362|41.47941970825195
27|1481|45.50768280029297
27|1483|45.739627838134766
27|1548|68.67147064208984
27|1649|62.6902961730957
27|1659|97.9923324584961
27|1729|84.77079010009766
27|1736|71.13534545898438
27|1739|72.79844665527344
27|1746|41.83066940307617
27|1750|45.75786209106445
27|1830|134.03607177734375
27|1843|101.0987319946289
27|1848|45.20015335083008
27|1911|86.64068603515625
27|2011|78.50820922851562
27|2026|74.29493713378906
27|2096|88.84899139404297
27|2107|44.50266647338867
27|2113|48.57902908325195
27|2117|60.379432678222656
27|2125|45.67277526855469
27|2197|98.96881103515625
27|2202|92.04451751708984
27|2205|135.65960693359375
27|2226|44.80154800415039
27|2228|44.21012496948242
27|2273|101.35912322998047
27|2374|98.70951080322266
27|2378|87.92728424072266
27|2384|97.69087982177734
27|2388|64.49032592773438
27|2455|75.24048614501953
27|2473|52.638118743896484
27|2477|48.19292449951172
27|2484|41.772491455078125
27|2562|100.04991149902344
27|2565|164.5478057861328
27|2571|128.8311004638672
28|388|76.39093017578125
28|751|90.10736846923828
28|769|40.67898178100586
28|1203|40.89998245239258
28|1339|45.12397766113281
28|2046|61.634483337402344
28|2091|94.34281158447266
28|2102|69.8746109008789
28|2115|53.814239501953125
28|2122|47.396461486816406
28|2201|122.5688705444336
28|2260|46.278221130371094
28|2380|87.88378143310547
28|2475|46.70668411254883
28|2566|164.6233367919922
29|750|59.18396759033203
29|1113|51.77674865722656
29|1468|55.91811752319336
29|1492|48.446327209472656
29|1908|95.98416137695312
29|1913|43.681453704833984
29|2029|61.38151550292969
30|841|51.87467575073242
30|1204|51.702266693115234
30|1469|76.69869995117188
30|1474|72.00726318359375
30|1481|73.3789291381836
30|1484|70.99895477294922
30|1489|77.69047546386719
30|1494|48.66965866088867
30|1849|42.995872497558594
30|1854|39.85273742675781
30|1856|39.47455596923828
30|1859|49.502685546875
30|1901|91.32978820800781
30|1906|92.1651840209961
30|1952|40.83747100830078
30|2030|78.70555877685547
30|2042|122.48534393310547
30|2048|86.39020538330078
30|2075|114.5168228149414
30|2081|110.79286193847656
30|2086|117.84379577636719
30|2262|111.91594696044922
30|2403|51.50161361694336
30|2407|74.73313903808594
31|796|53.99385070800781
31|977|43.26262283325195
31|1068|54.68858337402344
31|1249|50.25613021850586
31|1340|46.46199035644531
31|1470|75.87086486816406
31|1488|80.33621215820312
31|1536|53.3634147644043
31|1559|42.938663482666016
31|1578|64.19168090820312
31|1583|57.605499267578125
31|1708|123.05276489257812
31|1714|124.88382720947266
31|1719|112.94603729248047
31|1723|125.11137390136719
31|1858|46.96099853515625
31|1903|117.03223419189453
31|1946|57.74478530883789
31|2034|118.7265396118164
31|2039|129.17947387695312
31|2050|50.36305618286133
31|2072|114.4995346069336
31|2087|122.376708984375
31|2284|48.120235443115234
31|2307|50.821109771728516
31|2309|46.602027893066406
31|2311|39.21769332885742
31|2408|61.96319580078125
31|2432|43.268184661865234
32|887|40.91129684448242
32|1159|45.22969055175781
32|1575|47.630496978759766
32|1685|107.7271728515625
32|1702|65.22631072998047
32|1940|51.999961853027344
32|1942|58.399444580078125
32|2051|55.225830078125
32|2071|92.08478546142578
32|2300|51.131874084472656
33|932|39.024356842041016
33|1181|40.0596809387207
33|1689|80.35655975341797
33|1705|123.14163970947266
33|1939|41.032814025878906
33|2052|68.40696716308594
33|2060|85.95568084716797
33|2070|82.44801330566406
33|2302|48.70217514038086
34|1695|110.69192504882812
34|2054|95.81087493896484
34|2062|92.94921875
34|2068|97.8952407836914
41|850|42.78390884399414
41|1213|46.21591567993164
41|2293|43.090755462646484
41|2295|43.07425308227539
41|2300|52.71723937988281
41|2527|42.780609130859375
45|2005|53.787662506103516
46|948|41.75754928588867
46|1310|44.628414154052734
53|2376|56.60695266723633
53|2569|47.838111877441406
54|767|52.0606803894043
54|782|53.13651657104492
54|805|55.196678161621094
54|906|57.280921936035156
54|937|61.99058532714844
54|940|58.15277862548828
54|973|43.379634857177734
54|997|66.10812377929688
54|1029|48.0137939453125
54|1043|50.052459716796875
54|1058|40.47653579711914
54|1061|43.28866958618164
54|1073|40.98599624633789
54|1083|39.78331756591797
54|1108|42.37931823730469
54|1126|90.83076477050781
54|1133|85.63067626953125
54|1149|39.419960021972656
54|1151|44.6096076965332
54|1167|60.85712814331055
54|1169|60.972625732421875
54|1173|52.220947265625
54|1180|74.77980041503906
54|1198|49.545928955078125
54|1220|41.94129943847656
54|1225|103.86319732666016
54|1242|57.14064407348633
54|1301|49.03669357299805
54|1311|42.658180236816406
54|1316|48.05604934692383
54|1360|43.6825065612793
54|1729|55.69178771972656
54|1740|62.82547378540039
54|1745|41.46916580200195
54|1754|58.51700210571289
54|2117|69.02452087402344
54|2120|71.45577239990234
54|2273|49.223480224609375
54|2374|66.17761993408203
54|2378|44.88591003417969
54|2388|66.7760238647461
54|2571|64.97087097167969
55|334|41.17124557495117
55|561|40.035037994384766
55|563|40.76700973510742
55|606|47.9477424621582
55|608|48.36111831665039
55|697|41.71623611450195
55|768|51.101863861083984
55|773|43.33232116699219
55|783|53.66767120361328
55|809|57.43608093261719
55|818|50.1428337097168
55|832|46.71638488769531
55|851|43.52519607543945
55|859|42.41719055175781
55|863|48.282264709472656
55|874|48.542598724365234
55|900|60.6048583984375
55|904|59.6927375793457
55|909|61.397674560546875
55|918|59.25130081176758
55|926|42.04033660888672
55|930|54.43402099609375
55|943|79.611328125
55|954|52.89310073852539
55|968|45.4154167175293
55|990|55.49485778808594
55|999|85.24786376953125
55|1014|52.454315185546875
55|1033|64.80966186523438
55|1044|61.435089111328125
55|1107|42.915985107421875
55|1134|93.12345123291016
55|1194|54.817195892333984
55|1214|67.16825103759766
55|1218|53.006656646728516
55|1221|42.98719024658203
55|1236|48.574031829833984
55|1248|48.47793197631836
55|1263|71.03080749511719
55|1271|86.58342742919922
55|1285|45.20166015625
55|1331|63.6866455078125
55|1547|52.37288284301758
55|1738|52.13400650024414
55|1741|66.05309295654297
55|1845|121.5566177368164
55|2027|48.70191955566406
55|2105|66.0322265625
55|2109|64.5640869140625
55|2116|80.78413391113281
55|2121|64.19255065917969
55|2205|138.8721466064453
55|2384|92.00596618652344
55|2568|78.94976806640625
55|2572|65.34701538085938
56|1661|157.0569610595703
56|1846|120.87319946289062
56|2028|40.17314529418945
56|2092|48.43694305419922
56|2103|78.17578887939453
56|2122|45.18302917480469
56|2207|115.77225494384766
56|2225|57.390357971191406
56|2381|82.09354400634766
57|1847|107.58467864990234
57|2224|66.51640319824219
58|2208|93.43790435791016
58|2223|85.55703735351562
59|1848|118.4864501953125
59|2222|104.12751770019531
59|2390|58.57197952270508
59|2573|55.68592071533203
60|1474|125.2414779663086
60|1481|78.16053771972656
60|1664|69.52806854248047
60|1849|135.82789611816406
60|1853|118.80170440673828
60|2030|41.432708740234375
60|2209|100.35414123535156
60|2263|57.64186477661133
60|2285|57.10444641113281
60|2391|65.31482696533203
60|2394|65.55247497558594
60|2397|78.31744384765625
60|2410|82.34305572509766
60|2439|66.41050720214844
60|2574|73.6771469116211
61|1101|45.50723648071289
61|1106|136.13795471191406
61|1109|110.85247802734375
61|1127|40.69016647338867
61|1472|138.53033447265625
61|1478|125.42057800292969
61|1543|103.650390625
61|1559|116.52597045898438
61|1850|146.79481506347656
61|1856|111.01689147949219
61|1905|58.47998046875
61|2031|43.32107162475586
61|2035|43.951717376708984
61|2073|44.1937370300293
61|2078|53.949832916259766
61|2085|55.0828971862793
61|2211|123.94002532958984
61|2213|123.76271057128906
61|2218|133.47430419921875
61|2309|100.30338287353516
61|2392|70.16847229003906
61|2400|62.121002197265625
61|2409|64.83805084228516
61|2433|90.43214416503906
61|2437|90.79154968261719
61|2441|73.4802017211914
61|2445|71.20348358154297
61|2576|68.81886291503906
61|2579|71.56163787841797
62|1471|154.3758544921875
62|1537|146.1219482421875
62|1582|92.2586898803711
62|1665|92.52406311035156
62|1669|86.3755111694336
62|1674|70.66746520996094
62|1904|62.85554122924805
62|1946|81.37007904052734
62|2032|48.035118103027344
62|2307|103.47916412353516
62|2312|65.55709838867188
62|2432|93.77722930908203
63|1563|71.5345230102539
63|1579|98.21226501464844
63|1666|93.48986053466797
63|1924|135.1291961669922
63|1944|78.5625991821289
63|2306|115.00315856933594
63|2313|44.810020446777344
64|1536|40.08101272583008
64|1565|76.95805358886719
64|1687|50.53828811645508
64|1928|49.301002502441406
64|2305|88.93640899658203
65|1568|71.53404235839844
65|1573|111.41841888427734
65|1688|48.61328125
65|1938|80.9642333984375
65|2051|41.07880401611328
65|2290|45.76797103881836
65|2297|62.69827651977539
65|2304|61.87590026855469
66|1571|82.37376403808594
66|1689|51.98301696777344
66|1705|48.11896514892578
66|1929|60.2531852722168
66|2059|43.34697723388672
66|2070|46.03567886352539
66|2292|48.63689041137695
66|2303|49.40585708618164
66|2414|59.91017150878906
67|1699|53.912540435791016
67|1930|71.22098541259766
67|1937|64.91704559326172
67|2052|60.443538665771484
67|2057|81.45140838623047
67|2069|74.99622344970703
67|2296|58.326271057128906
67|2415|73.2130355834961
68|1691|55.80878448486328
68|1696|56.69357681274414
68|2054|83.10841369628906
68|2062|69.36038208007812
68|2416|79.72734832763672
69|1450|42.4918212890625
70|1449|50.439178466796875
71|1448|43.29298400878906
81|1750|75.10653686523438
81|2117|47.46035385131836
81|2571|60.63806915283203
82|1085|64.85427856445312
82|1744|83.41605377197266
82|2112|53.196861267089844
82|2116|55.607421875
83|1661|41.56367874145508
83|1845|57.58951950073242
83|2115|58.41402816772461
83|2379|49.841224670410156
83|2383|59.43253707885742
84|1662|47.25605010986328
84|2381|65.27775573730469
84|2572|50.57484436035156
87|1663|44.36595916748047
89|2411|56.289981842041016
89|2573|71.7109375
90|1475|75.53256225585938
90|1849|44.623931884765625
90|2221|45.03050994873047
90|2394|40.43092346191406
90|2397|40.20769500732422
90|2574|111.52552795410156
91|1473|56.68927764892578
91|1477|60.02317428588867
91|1664|61.427459716796875
91|1852|60.85512161254883
91|1855|63.95219039916992
91|2220|45.089324951171875
91|2286|149.3107147216797
91|2392|51.53742218017578
91|2441|134.54615783691406
91|2576|145.300537109375
91|2582|139.716064453125
92|1472|44.05306625366211
92|1478|54.680938720703125
92|1542|65.71719360351562
92|1671|103.70640563964844
92|1674|96.9717788696289
92|1857|53.21600341796875
92|2284|97.82249450683594
92|2444|124.11310577392578
92|2580|123.45328521728516
93|1562|140.88270568847656
93|1665|86.688720703125
93|1669|107.66268157958984
93|1927|114.51990509033203
93|2432|53.384212493896484
94|1563|122.97417449951172
94|1666|108.99591064453125
94|1668|107.19331359863281
95|1564|129.88906860351562
95|1928|74.0438003540039
96|1565|159.4203643798828
96|2288|95.25738525390625
97|1568|172.68585205078125
97|2289|140.4882049560547
97|2413|53.97771072387695
98|1569|163.25205993652344
98|1928|72.03874969482422
98|2290|160.49488830566406
99|1571|120.3701171875
99|2292|164.2071533203125
99|2414|70.3567886352539
100|2066|48.059146881103516
100|2293|162.01321411132812
101|1933|156.63084411621094
101|2057|43.582759857177734
101|2065|38.98516082763672
102|2062|39.438316345214844
102|2417|134.54705810546875
103|2418|109.86846923828125
106|2376|62.110782623291016
108|2374|44.68587875366211
109|1130|45.597496032714844
109|2111|49.302734375
110|2109|50.87037658691406
110|2114|40.4019775390625
110|2206|39.810646057128906
110|2387|111.7910385131836
111|2385|149.51783752441406
111|2389|49.66360855102539
115|2389|57.58200454711914
119|2390|80.08877563476562
119|2395|151.1671142578125
120|2209|41.48602294921875
120|2221|49.77138137817383
120|2394|126.21587371826172
120|2397|139.277099609375
121|1849|40.10112762451172
121|1853|46.18588638305664
121|2220|53.07674026489258
121|2393|134.86793518066406
121|2398|109.75069427490234
121|2435|90.10328674316406
121|2438|82.09219360351562
122|1540|106.31839752197266
122|1559|64.36371612548828
122|1851|45.242095947265625
122|1905|53.81644821166992
122|2211|54.8855094909668
122|2215|70.89452362060547
122|2400|81.18318176269531
122|2433|81.83234405517578
122|2437|78.47097778320312
122|2442|75.13859558105469
122|2445|65.32783508300781
123|1538|81.12805938720703
123|1560|56.935062408447266
123|1671|77.34783172607422
123|1904|48.3419189453125
123|2212|54.6355094909668
123|2432|69.82405090332031
123|2444|76.56598663330078
124|1665|54.883277893066406
124|1669|76.72991180419922
124|1925|53.134490966796875
125|1668|79.89398956298828
126|1667|83.31001281738281
127|1564|40.7972526550293
128|1565|44.878990173339844
134|1930|42.76473617553711
136|2416|40.78384017944336
137|2418|44.620967864990234
139|1662|40.959075927734375
144|2208|43.43301773071289
149|2411|71.7147445678711
151|2286|58.0579719543457
151|2583|40.35545349121094
152|2287|42.61321258544922
152|2309|41.32461929321289
152|2412|61.206119537353516
152|2577|55.91421127319336
153|1857|39.430545806884766
154|1561|44.64957809448242
155|1536|40.40956115722656
155|1926|49.37286376953125
155|2409|41.029903411865234
157|2413|59.372230529785156
164|2106|58.892452239990234
164|2111|58.55755615234375
165|2108|54.67565155029297
166|2115|45.02345275878906
167|2103|45.17644500732422
168|2102|39.713504791259766
602|2264|44.180755615234375
981|1478|40.38063430786133
1008|390|79.91780090332031