Glad You Came
The Wanted

EDM
glad_you_came
2049x2584
3460

3|1012|19.364381790161133
3|1346|20.83236312866211
3|1500|17.941858291625977
3|1692|25.180789947509766
3|1724|16.367826461791992
3|2057|26.75343894958496
3|2150|18.6392765045166
3|2167|22.824993133544922
3|2183|19.3040771484375
3|2231|21.102073669433594
3|2329|24.080209732055664
3|2343|27.008651733398438
3|2465|16.272871017456055
3|2492|26.566621780395508
3|2557|19.837970733642578
4|850|24.03801727294922
4|855|19.275053024291992
4|858|22.25290870666504
4|865|20.02934455871582
4|870|20.2150821685791
4|879|29.195314407348633
4|885|20.98819351196289
4|890|22.438058853149414
4|893|24.531587600708008
4|902|29.653289794921875
4|904|27.860158920288086
4|910|26.839111328125
4|914|29.10085678100586
4|919|25.216875076293945
4|923|27.327640533447266
4|937|23.334941864013672
4|941|17.27762222290039
4|973|30.2052059173584
4|1014|24.75046730041504
4|1018|24.818166732788086
4|1027|26.042612075805664
4|1030|23.440488815307617
4|1032|19.917314529418945
4|1042|27.543920516967773
4|1045|25.17377281188965
4|1054|23.95585060119629
4|1060|25.77837371826172
4|1063|26.426607131958008
4|1067|23.245866775512695
4|1074|20.07294464111328
4|1077|20.3165283203125
4|1081|22.883310317993164
4|1084|24.91218376159668
4|1088|24.500497817993164
4|1104|27.622339248657227
4|1130|23.375293731689453
4|1175|26.416805267333984
4|1178|23.617816925048828
4|1182|23.270858764648438
4|1185|26.154239654541016
4|1189|35.16824722290039
4|1205|28.779760360717773
4|1218|18.77753257751465
4|1221|18.646778106689453
4|1227|23.321449279785156
4|1230|24.672338485717773
4|1236|25.523738861083984
4|1239|25.84648323059082
4|1244|26.21333122253418
4|1249|29.000385284423828
4|1259|30.405330657958984
4|1263|31.14360237121582
4|1267|27.042593002319336
4|1279|20.736600875854492
4|1289|19.986433029174805
4|1339|28.300247192382812
4|1344|30.319652557373047
4|1347|22.751901626586914
4|1353|28.545631408691406
4|1359|20.814945220947266
4|1367|19.598474502563477
4|1371|19.741514205932617
4|1381|25.220516204833984
4|1385|25.796602249145508
4|1388|25.626495361328125
4|1391|28.157367706298828
4|1398|22.94206428527832
4|1401|24.729875564575195
4|1405|27.114742279052734
4|1408|30.67313575744629
4|1411|30.62618064880371
4|1421|28.921648025512695
4|1429|16.970504760742188
4|1449|26.196561813354492
4|1466|28.777650833129883
4|1471|25.24335289001465
4|1475|25.66768455505371
4|1503|20.265527725219727
4|1507|19.471420288085938
4|1516|20.881874084472656
4|1521|18.55281639099121
4|1530|31.741180419921875
4|1534|20.447153091430664
4|1544|26.177087783813477
4|1547|25.0974063873291
4|1552|30.728599548339844
4|1555|28.18745231628418
4|1561|29.287063598632812
4|1565|27.26694107055664
4|1572|28.364948272705078
4|1575|26.119287490844727
4|1588|24.924558639526367
4|1592|16.82573127746582
4|1601|25.05484962463379
4|1653|18.339927673339844
4|1666|21.757766723632812
4|1669|21.66067886352539
4|1679|24.82393455505371
4|1683|20.361717224121094
4|1694|22.599069595336914
4|1696|20.760168075561523
4|1705|22.060436248779297
4|1710|23.751070022583008
4|1714|23.031787872314453
4|1718|23.613388061523438
4|1725|18.539119720458984
4|1728|20.582290649414062
4|1733|21.455902099609375
4|1736|21.14452362060547
4|1739|21.429372787475586
4|1752|29.435781478881836
4|1755|28.193248748779297
4|1826|19.815349578857422
4|1828|20.885967254638672
4|1831|19.884092330932617
4|1833|20.577678680419922
4|1836|24.398807525634766
4|1840|28.81475830078125
4|1843|21.37114715576172
4|1856|28.753868103027344
4|1859|25.527015686035156
4|1867|18.745555877685547
4|1874|20.71070671081543
4|1878|22.28706932067871
4|1881|22.817489624023438
4|1888|24.336101531982422
4|1890|24.623668670654297
4|1894|26.398271560668945
4|1898|25.61500358581543
4|1901|26.455297470092773
4|1906|25.2811222076416
4|1914|29.272541046142578
4|1918|22.984207153320312
4|1930|21.178251266479492
4|1940|18.384511947631836
4|1951|24.952163696289062
4|1959|26.186784744262695
4|1988|22.41118621826172
4|1991|22.876976013183594
4|1995|29.449039459228516
4|1998|20.875797271728516
4|2002|24.148202896118164
4|2005|24.680896759033203
4|2010|24.115907669067383
4|2022|21.473665237426758
4|2029|23.45637321472168
4|2031|25.32870101928711
4|2036|28.176912307739258
4|2040|24.607919692993164
4|2042|25.53642463684082
4|2049|24.507078170776367
4|2052|25.05344009399414
4|2056|27.4443359375
4|2059|29.65221405029297
4|2062|26.702390670776367
4|2072|28.448822021484375
4|2077|22.63975715637207
4|2080|18.563304901123047
4|2093|18.189428329467773
4|2099|28.714038848876953
4|2113|31.37413215637207
4|2160|21.98122215270996
4|2165|22.036117553710938
4|2168|19.801189422607422
4|2185|25.06761932373047
4|2187|23.282705307006836
4|2196|107.5959243774414
4|2200|31.7620792388916
4|2204|27.582172393798828
4|2216|120.1161117553711
4|2224|22.398759841918945
4|2226|25.111995697021484
4|2243|16.481374740600586
4|2250|22.200267791748047
4|2287|24.57904624938965
4|2303|23.54673957824707
4|2322|30.382572174072266
4|2331|22.106569290161133
4|2344|27.226593017578125
4|2346|23.08306312561035
4|2348|23.22431755065918
4|2358|121.79515075683594
4|2363|30.568588256835938
4|2367|26.43325424194336
4|2387|18.956783294677734
4|2390|21.53154182434082
4|2406|24.298412322998047
4|2410|44.6603889465332
4|2432|21.318458557128906
4|2439|110.82610321044922
4|2480|113.93145751953125
4|2485|27.704343795776367
4|2491|27.07950210571289
4|2494|24.196788787841797
4|2506|49.38547134399414
4|2511|21.615690231323242
4|2521|121.48225402832031
4|2526|25.827850341796875
4|2530|26.477256774902344
4|2541|113.48770141601562
4|2552|25.914199829101562
4|2569|26.73569107055664
4|2573|38.3392333984375
5|129|16.838260650634766
5|490|16.104013442993164
5|494|18.56000328063965
5|878|17.06691551208496
5|933|18.21381187438965
5|936|20.662443161010742
5|938|21.13202667236328
5|947|27.93143653869629
5|951|25.16214942932129
5|960|30.62460708618164
5|964|31.70257568359375
5|975|32.025394439697266
5|977|29.84827995300293
5|982|29.389419555664062
5|991|26.746726989746094
5|993|25.237709045410156
5|1000|20.778165817260742
5|1004|14.947834014892578
5|1093|23.803382873535156
5|1096|26.949800491333008
5|1098|25.853471755981445
5|1102|30.23221778869629
5|1112|31.464462280273438
5|1127|28.903980255126953
5|1131|25.619718551635742
5|1134|17.791093826293945
5|1137|16.74192237854004
5|1141|20.55306053161621
5|1148|15.44284439086914
5|1156|16.341962814331055
5|1164|22.161151885986328
5|1168|23.51580238342285
5|1256|27.728906631469727
5|1264|29.25965118408203
5|1272|31.158308029174805
5|1275|29.73862075805664
5|1286|21.277727127075195
5|1290|20.560256958007812
5|1299|24.96991729736328
5|1304|23.62558364868164
5|1309|25.047861099243164
5|1318|34.12224197387695
5|1329|31.82249641418457
5|1425|23.8039493560791
5|1428|18.63100814819336
5|1435|21.930931091308594
5|1438|19.846704483032227
5|1452|27.505483627319336
5|1461|31.906402587890625
5|1464|33.32677459716797
5|1470|25.613628387451172
5|1479|29.585996627807617
5|1483|26.32038688659668
5|1488|25.75583267211914
5|1583|21.41031837463379
5|1587|22.176685333251953
5|1599|25.535844802856445
5|1602|25.342405319213867
5|1613|29.616779327392578
5|1615|30.051158905029297
5|1626|30.173952102661133
5|1630|29.42418098449707
5|1633|27.54507064819336
5|1642|24.323974609375
5|1649|20.35172462463379
5|1655|17.930503845214844
5|1746|30.35330581665039
5|1761|30.938844680786133
5|1764|28.529823303222656
5|1776|27.852893829345703
5|1785|19.229778289794922
5|1788|22.777673721313477
5|1792|18.026491165161133
5|1796|14.25932788848877
5|1799|15.328587532043457
5|1806|17.225065231323242
5|1813|18.512441635131836
5|1815|18.757219314575195
5|1819|22.419767379760742
5|1839|21.8359317779541
5|1855|24.751644134521484
5|1907|25.95635414123535
5|1910|29.137752532958984
5|1924|27.112422943115234
5|1926|26.961929321289062
5|1937|22.11258888244629
5|1941|18.661697387695312
5|1950|27.594335556030273
5|1955|25.146343231201172
5|1961|27.143260955810547
5|1971|27.570072174072266
5|1981|28.51131820678711
5|2028|18.97138786315918
5|2069|30.939529418945312
5|2073|28.68553352355957
5|2076|23.58289909362793
5|2079|21.01295280456543
5|2087|19.101551055908203
5|2092|16.893823623657227
5|2101|26.24324607849121
5|2103|25.841533660888672
5|2112|31.241321563720703
5|2114|32.570133209228516
5|2118|28.140188217163086
5|2121|27.651283264160156
5|2124|25.919477462768555
5|2130|30.6134033203125
5|2141|23.53622817993164
5|2152|144.6833038330078
5|2173|145.137451171875
5|2193|147.92413330078125
5|2213|152.43919372558594
5|2234|140.463623046875
5|2242|16.233922958374023
5|2247|29.911035537719727
5|2251|33.568748474121094
5|2254|177.1593475341797
5|2264|33.501548767089844
5|2267|29.14800262451172
5|2275|148.7996368408203
5|2284|22.802762985229492
5|2295|141.2373809814453
5|2307|23.74091911315918
5|2315|149.27183532714844
5|2328|31.86673927307129
5|2336|159.5215606689453
5|2356|145.47044372558594
5|2376|153.25140380859375
5|2397|137.64646911621094
5|2405|23.689939498901367
5|2417|160.7445526123047
5|2427|33.36445999145508
5|2430|31.175174713134766
5|2433|22.124744415283203
5|2437|155.60594177246094
5|2445|15.512957572937012
5|2457|148.3556365966797
5|2470|28.08355712890625
5|2478|141.08531188964844
5|2498|173.2634735107422
5|2519|146.145751953125
5|2539|141.82794189453125
5|2559|148.240478515625
5|2574|29.088302612304688
5|2576|30.523637771606445
5|2580|172.67149353027344
6|120|22.08159065246582
6|122|19.63806915283203
6|488|17.055160522460938
6|497|14.3148775100708
6|1138|16.34357452392578
6|1315|18.013790130615234
6|1610|22.98136329650879
6|1787|20.736896514892578
6|1814|19.110448837280273
6|1824|21.457271575927734
6|1838|17.809370040893555
6|2001|17.707284927368164
6|2151|120.92301940917969
6|2171|111.8982925415039
6|2192|140.39230346679688
6|2212|126.64287567138672
6|2223|19.569400787353516
6|2226|20.209339141845703
6|2253|145.63523864746094
6|2273|129.26930236816406
6|2304|23.086227416992188
6|2314|131.33334350585938
6|2334|142.3217010498047
6|2368|30.29743003845215
6|2371|18.812456130981445
6|2375|134.64918518066406
6|2389|20.625608444213867
6|2395|120.3838882446289
6|2436|132.5724334716797
6|2452|22.385339736938477
6|2456|127.57178497314453
6|2477|124.03419494628906
6|2490|32.80779266357422
6|2497|151.43304443359375
6|2531|41.81189727783203
6|2534|27.58989906311035
6|2538|126.84105682373047
6|2549|27.52530288696289
6|2558|134.91807556152344
6|2578|126.8077163696289
7|395|21.41849136352539
7|397|18.099130630493164
7|401|16.55390739440918
7|404|16.411746978759766
7|418|17.44093894958496
7|423|16.448328018188477
7|426|16.52935791015625
7|868|35.23463439941406
7|884|51.075313568115234
7|890|49.48115158081055
7|903|40.328521728515625
7|909|25.004579544067383
7|920|14.55667495727539
7|928|17.76517677307129
7|1019|43.60683822631836
7|1026|59.52764892578125
7|1034|15.188187599182129
7|1041|29.576313018798828
7|1048|14.416630744934082
7|1052|30.783884048461914
7|1056|28.666940689086914
7|1066|32.77671432495117
7|1071|26.41481590270996
7|1081|24.326824188232422
7|1083|24.46515655517578
7|1089|34.5545539855957
7|1105|16.575416564941406
7|1111|14.249800682067871
7|1113|14.469109535217285
7|1174|34.37600326538086
7|1179|39.642189025878906
7|1187|18.712726593017578
7|1192|29.35103416442871
7|1206|34.4000358581543
7|1214|37.56658172607422
7|1220|25.71747398376465
7|1223|22.886219024658203
7|1227|18.92751693725586
7|1235|37.569801330566406
7|1250|44.53126907348633
7|1345|22.345869064331055
7|1356|47.89523696899414
7|1367|46.455142974853516
7|1381|32.9839973449707
7|1390|27.820663452148438
7|1399|22.780651092529297
7|1410|31.45467758178711
7|1413|18.865116119384766
7|1416|21.701189041137695
7|1428|17.202011108398438
7|1520|32.17591094970703
7|1535|42.94785690307617
7|1541|45.89521408081055
7|1554|34.73678207397461
7|1561|20.17763328552246
7|1565|20.210060119628906
7|1578|15.596309661865234
7|1670|38.11777114868164
7|1677|53.472434997558594
7|1692|34.29518508911133
7|1696|15.593714714050293
7|1702|28.35506248474121
7|1706|27.450471878051758
7|1717|31.44537925720215
7|1723|20.909828186035156
7|1732|27.771011352539062
7|1735|26.508230209350586
7|1740|33.775657653808594
7|1757|21.57375144958496
7|1831|40.15022659301758
7|1843|32.347145080566406
7|1854|28.568458557128906
7|1858|35.695556640625
7|1865|33.76357650756836
7|1868|21.379831314086914
7|1871|25.988067626953125
7|1875|19.91842269897461
7|1879|18.014162063598633
7|1886|32.9069938659668
7|1889|33.568790435791016
7|1901|49.50944137573242
7|1904|26.29390525817871
7|1917|15.466768264770508
7|1996|19.247671127319336
7|2002|25.75080680847168
7|2007|44.91793441772461
7|2009|41.85106658935547
7|2018|46.69862747192383
7|2027|16.8826904296875
7|2033|28.29979705810547
7|2041|25.62102508544922
7|2050|18.37550926208496
7|2061|29.45330238342285
7|2065|18.19805145263672
7|2067|21.144107818603516
7|2166|30.635822296142578
7|2180|57.953739166259766
7|2185|48.01252746582031
7|2191|123.0651626586914
7|2195|44.657440185546875
7|2198|30.310087203979492
7|2205|29.412290573120117
7|2216|18.525653839111328
7|2221|45.504215240478516
7|2227|14.858499526977539
7|2232|105.55914306640625
7|2247|35.407196044921875
7|2252|114.73851776123047
7|2262|36.893463134765625
7|2287|36.487083435058594
7|2302|38.42232894897461
7|2313|98.31607818603516
7|2322|37.86970138549805
7|2330|53.707725524902344
7|2343|17.849016189575195
7|2345|23.95720863342285
7|2354|107.7852783203125
7|2359|20.256345748901367
7|2367|30.998586654663086
7|2369|26.724987030029297
7|2374|106.94596862792969
7|2384|44.38608169555664
7|2391|32.25714874267578
7|2407|19.930627822875977
7|2410|38.02962875366211
7|2412|20.928668975830078
7|2415|113.28627014160156
7|2424|40.02756881713867
7|2450|48.61722183227539
7|2465|43.3062629699707
7|2476|122.82609558105469
7|2481|33.39945602416992
7|2484|34.461090087890625
7|2491|35.65878677368164
7|2493|33.807029724121094
7|2496|111.10782623291016
7|2509|34.87517166137695
7|2517|120.43629455566406
7|2521|34.5986213684082
7|2525|21.44757080078125
7|2529|19.467391967773438
7|2532|48.93253707885742
7|2537|118.1020736694336
7|2542|19.236194610595703
7|2546|33.24388885498047
7|2552|51.039100646972656
7|2557|98.07371520996094
7|2568|18.354572296142578
7|2572|36.08246994018555
8|675|18.937793731689453
8|908|21.154510498046875
8|969|17.572227478027344
8|1045|16.078622817993164
8|1104|16.639245986938477
8|1106|14.464605331420898
8|1253|21.802417755126953
8|1279|15.064414024353027
8|1411|27.35296630859375
8|1559|20.994924545288086
8|1610|21.81987953186035
8|1755|15.809097290039062
8|1930|15.241105079650879
8|2079|17.54996109008789
8|2150|79.5682601928711
8|2165|26.96845054626465
8|2362|15.234842300415039
8|2383|36.307796478271484
8|2409|45.44685363769531
8|2435|89.56075286865234
8|2455|75.00774383544922
8|2506|42.505088806152344
8|2520|29.811668395996094
8|2544|16.30040168762207
9|648|14.490288734436035
9|652|14.979220390319824
9|666|18.935752868652344
9|671|19.725366592407227
9|936|47.09408187866211
9|944|28.86722755432129
9|951|26.400203704833984
9|959|19.109895706176758
9|970|24.940706253051758
9|979|36.265724182128906
9|997|35.87765121459961
9|1003|29.2292423248291
9|1101|31.724853515625
9|1107|18.052013397216797
9|1114|19.815542221069336
9|1127|46.715118408203125
9|1131|40.79169845581055
9|1256|38.216068267822266
9|1276|29.007553100585938
9|1285|44.96306610107422
9|1292|19.477008819580078
9|1296|27.856462478637695
9|1306|15.028827667236328
9|1311|14.563414573669434
9|1318|41.59623718261719
9|1330|35.07289505004883
9|1418|40.12000274658203
9|1432|24.000520706176758
9|1439|14.997611045837402
9|1452|23.28433609008789
9|1459|31.636125564575195
9|1473|28.427600860595703
9|1488|46.14339828491211
9|1588|45.72572708129883
9|1595|28.489891052246094
9|1602|23.87579917907715
9|1621|20.952091217041016
9|1630|34.8542594909668
9|1640|15.8564453125
9|1648|36.74483871459961
9|1654|26.54457664489746
9|1750|29.327693939208984
9|1758|16.268253326416016
9|1765|18.10556983947754
9|1778|48.24861145019531
9|1853|15.097025871276855
9|1907|34.47780227661133
9|1927|26.675386428833008
9|1936|33.49478530883789
9|1947|27.619949340820312
9|1951|23.395648956298828
9|1958|16.43600845336914
9|1962|18.56035614013672
9|1969|36.1232795715332
9|1981|30.764892578125
9|2001|20.484224319458008
9|2069|41.620609283447266
9|2083|25.37201499938965
9|2103|19.65744400024414
9|2110|32.26044464111328
9|2125|29.87905502319336
9|2139|46.52901840209961
9|2170|58.90767288208008
9|2239|34.98889923095703
9|2248|17.09113121032715
9|2282|31.081626892089844
9|2292|65.86878967285156
9|2300|35.63779830932617
9|2304|21.443986892700195
9|2306|20.9091739654541
9|2327|44.4112663269043
9|2342|22.562788009643555
9|2368|24.205810546875
9|2403|30.487287521362305
9|2424|31.79085922241211
9|2430|46.86232376098633
9|2490|27.913488388061523
9|2505|41.26176452636719
9|2531|29.930742263793945
9|2559|28.212642669677734
9|2577|91.68316650390625
10|119|19.678857803344727
10|673|14.33851146697998
10|1497|25.378034591674805
10|2206|21.807544708251953
10|2251|57.3568115234375
10|2286|23.263490676879883
10|2312|50.785125732421875
10|2449|32.090511322021484
10|2460|19.1357479095459
11|51|14.724678993225098
11|54|14.478700637817383
11|63|14.194733619689941
11|122|21.816518783569336
11|124|22.218721389770508
11|397|15.13599681854248
11|403|15.517339706420898
11|406|15.02837085723877
11|409|15.147581100463867
11|413|14.530326843261719
11|490|25.377670288085938
11|847|21.225337982177734
11|850|23.033361434936523
11|857|24.474462509155273
11|863|28.222824096679688
11|867|21.413042068481445
11|877|16.28626823425293
11|922|19.006689071655273
11|1010|28.81007957458496
11|1015|16.4366397857666
11|1017|15.722681999206543
11|1062|17.356901168823242
11|1066|18.79698371887207
11|1071|22.137191772460938
11|1075|24.2070369720459
11|1079|24.981557846069336
11|1141|27.950742721557617
11|1147|37.77247619628906
11|1153|18.333200454711914
11|1158|23.977781295776367
11|1204|17.36017608642578
11|1208|15.4563627243042
11|1214|23.569116592407227
11|1220|23.755634307861328
11|1223|23.457651138305664
11|1228|21.62029457092285
11|1234|14.176380157470703
11|1352|18.859172821044922
11|1359|23.604623794555664
11|1366|28.629213333129883
11|1369|20.45553970336914
11|1376|23.62022590637207
11|1507|19.93653106689453
11|1514|28.24907684326172
11|1529|25.541671752929688
11|1559|14.562909126281738
11|1569|18.171350479125977
11|1573|20.47525405883789
11|1661|31.115461349487305
11|1706|16.294269561767578
11|1713|16.49884605407715
11|1717|18.16041374206543
11|1723|23.702375411987305
11|1726|25.845373153686523
11|1729|24.982059478759766
11|1732|24.050731658935547
11|1736|18.91547966003418
11|1788|22.40302848815918
11|1792|24.782506942749023
11|1794|25.087099075317383
11|1797|27.619792938232422
11|1804|16.75419807434082
11|1809|18.11153221130371
11|1823|15.57925033569336
11|1839|17.415475845336914
11|1855|29.62964630126953
11|1865|19.88568115234375
11|1869|25.270841598510742
11|1871|23.58236312866211
11|1876|26.061742782592773
11|2009|21.168231964111328
11|2017|20.6344051361084
11|2027|29.1043758392334
11|2153|18.677570343017578
11|2158|24.01765251159668
11|2167|18.856637954711914
11|2218|14.410518646240234
11|2224|19.244489669799805
11|2373|40.66517639160156
11|2376|17.20824432373047
11|2379|19.21748161315918
11|2383|31.81578826904297
11|2386|15.54197883605957
11|2388|14.566292762756348
11|2443|27.13404083251953
11|2446|27.60098648071289
11|2462|19.812944412231445
11|2475|49.29020690917969
11|2505|31.752410888671875
11|2518|19.123247146606445
11|2529|17.161020278930664
11|2556|43.97758865356445
12|1070|15.101836204528809
12|1838|15.366232872009277
12|1864|17.323848724365234
12|2001|21.772743225097656
12|2150|32.479549407958984
12|2246|28.653135299682617
12|2332|35.51380920410156
12|2519|14.70297908782959
12|2546|41.225772857666016
13|1487|14.98596477508545
13|1597|21.04446792602539
13|1803|14.297264099121094
13|2180|49.0628662109375
13|2248|22.41157341003418
13|2261|31.4453125
13|2287|41.2463493347168
13|2292|60.02158737182617
13|2296|16.955257415771484
13|2302|43.092899322509766
13|2306|15.420001983642578
13|2343|55.92387771606445
13|2369|44.653202056884766
13|2384|26.301721572875977
13|2424|52.64872360229492
13|2450|47.24512481689453
13|2465|50.959388732910156
13|2491|43.314476013183594
13|2506|45.442325592041016
13|2532|49.313114166259766
13|2547|40.254798889160156
13|2572|39.617916107177734
13|2576|37.30635452270508
14|394|16.88106346130371
14|701|16.49994468688965
14|929|24.604324340820312
14|932|21.34707260131836
14|936|25.123313903808594
14|944|25.917850494384766
14|990|23.68210792541504
14|997|25.378541946411133
14|1091|21.131816864013672
14|1131|18.78943634033203
14|1275|16.41307258605957
14|1285|29.799592971801758
14|1291|19.690370559692383
14|1295|27.936084747314453
14|1300|20.278554916381836
14|1305|20.09569549560547
14|1417|14.637737274169922
14|1427|23.037517547607422
14|1432|27.114879608154297
14|1438|24.23013687133789
14|1447|29.371755599975586
14|1488|14.80872917175293
14|1499|15.131738662719727
14|1505|16.098297119140625
14|1514|22.832712173461914
14|1536|15.13813591003418
14|1538|14.274312973022461
14|1552|14.534568786621094
14|1565|15.448149681091309
14|1572|19.27823829650879
14|1580|27.950103759765625
14|1585|27.912363052368164
14|1589|29.241260528564453
14|1595|19.395151138305664
14|1598|21.975141525268555
14|1610|14.762468338012695
14|1620|17.327560424804688
14|1630|15.220343589782715
14|1641|20.918264389038086
14|1648|24.08645248413086
14|1652|25.61766815185547
14|1691|33.308319091796875
14|1695|16.32883644104004
14|1708|23.495615005493164
14|1743|17.97705841064453
14|1759|18.636404037475586
14|1782|16.42447280883789
14|1824|19.072349548339844
14|1826|17.069425582885742
14|1839|26.866539001464844
14|1854|19.490142822265625
14|1874|22.451345443725586
14|1899|17.706241607666016
14|1921|17.215219497680664
14|1928|18.657564163208008
14|1936|27.35751724243164
14|1942|17.12737274169922
14|1946|22.952728271484375
14|1954|23.040517807006836
14|1968|18.60242462158203
14|1991|14.591802597045898
14|2002|21.39936065673828
14|2035|17.1814022064209
14|2068|18.360837936401367
14|2070|16.4003963470459
14|2075|23.977153778076172
14|2078|25.648880004882812
14|2083|23.543642044067383
14|2091|22.08648681640625
14|2098|29.320892333984375
14|2151|25.329774856567383
14|2156|14.611270904541016
14|2165|40.06409454345703
14|2170|44.74238204956055
14|2187|21.372089385986328
14|2190|58.163455963134766
14|2195|40.10112380981445
14|2206|43.25061798095703
14|2210|55.35332489013672
14|2214|29.694290161132812
14|2221|59.19039535522461
14|2231|58.68170166015625
14|2240|26.976964950561523
14|2320|18.40599822998047
14|2328|70.00839233398438
14|2333|33.98457717895508
14|2346|26.461633682250977
14|2349|23.947572708129883
14|2352|38.71825408935547
14|2358|29.86330223083496
14|2375|19.859725952148438
14|2378|24.360158920288086
14|2385|37.55194091796875
14|2393|47.60041809082031
14|2409|51.72783279418945
14|2434|43.377017974853516
14|2464|42.44032287597656
14|2475|56.25205993652344
14|2490|39.3696403503418
14|2495|48.09880065917969
14|2498|26.280595779418945
14|2521|30.434192657470703
14|2536|41.470970153808594
14|2543|19.82024574279785
14|2548|38.174285888671875
14|2559|19.57921600341797
14|2577|32.9738655090332
14|2579|24.39704132080078
15|702|18.865970611572266
15|1498|19.62253761291504
15|1506|14.984869003295898
15|1564|14.20392894744873
15|1575|14.35062026977539
15|1726|19.46224594116211
15|1827|16.289812088012695
15|2017|26.924287796020508
15|2150|29.611331939697266
15|2227|27.550249099731445
15|2332|38.976627349853516
15|2345|27.759166717529297
15|2365|20.577980041503906
15|2374|24.90730094909668
15|2390|15.021970748901367
15|2413|28.4812068939209
15|2478|29.318267822265625
15|2515|35.929439544677734
15|2527|16.012296676635742
15|2538|22.959796905517578
15|2542|19.828567504882812
15|2556|29.93569564819336
16|121|16.44770622253418
16|303|29.15872573852539
16|489|33.588478088378906
16|495|26.427316665649414
16|512|22.185712814331055
16|567|42.362823486328125
16|600|19.23173713684082
16|677|32.551841735839844
16|685|34.32173156738281
16|690|23.38159942626953
16|695|23.017263412475586
16|699|29.30775260925293
16|703|15.8285551071167
16|846|14.45007038116455
16|862|14.258145332336426
16|1133|21.668846130371094
16|1140|22.596233367919922
16|1143|20.107290267944336
16|1153|21.58620262145996
16|1158|24.477371215820312
16|1161|25.50426483154297
16|1164|22.987825393676758
16|1497|16.13679313659668
16|1784|20.8751220703125
16|1788|26.11570167541504
16|1797|30.34610939025879
16|1804|22.62141990661621
16|1811|24.527835845947266
16|1814|21.845558166503906
16|2082|18.443376541137695
16|2149|33.261817932128906
16|2194|20.115175247192383
16|2251|29.119037628173828
16|2270|30.335153579711914
16|2312|24.746295928955078
16|2349|29.13138771057129
16|2368|14.262491226196289
16|2373|22.026283264160156
16|2436|17.062196731567383
16|2457|18.87886619567871
16|2535|29.394241333007812
16|2546|23.093053817749023
16|2576|29.43495750427246
17|412|24.033275604248047
17|566|35.17097473144531
17|696|17.268857955932617
17|1009|15.048069953918457
17|1579|14.574956893920898
17|1589|27.639490127563477
17|1742|15.471004486083984
17|1753|19.2637996673584
17|1783|20.236906051635742
17|1806|25.244224548339844
17|1815|25.744308471679688
17|1817|21.360488891601562
17|1861|52.75971603393555
17|2163|22.167884826660156
17|2184|15.906110763549805
17|2206|28.259511947631836
17|2245|43.88502883911133
17|2250|31.16632080078125
17|2292|41.69383239746094
17|2306|22.299318313598633
17|2311|23.19944953918457
17|2332|37.208251953125
17|2352|21.873525619506836
17|2369|14.3842191696167
17|2414|25.821321487426758
17|2437|21.098186492919922
17|2440|25.2622013092041
17|2462|20.688688278198242
17|2467|20.47270393371582
17|2490|19.73676872253418
17|2495|31.561819076538086
18|59|43.86717987060547
18|201|53.962623596191406
18|213|40.92328643798828
18|217|40.08631896972656
18|222|37.34861755371094
18|248|69.34614562988281
18|251|71.87385559082031
18|389|59.551998138427734
18|393|55.89657974243164
18|405|30.939632415771484
18|410|27.849088668823242
18|414|18.507850646972656
18|430|49.39889907836914
18|435|48.74785614013672
18|438|51.006893157958984
18|582|58.42277526855469
18|584|58.62028503417969
18|593|53.89713668823242
18|1470|52.21523666381836
18|1512|55.762325286865234
18|1517|28.391250610351562
18|1520|37.09247589111328
18|1526|67.8175048828125
18|1530|50.90884780883789
18|1557|51.05763626098633
18|1559|48.92496109008789
18|1565|63.4205322265625
18|1576|32.079288482666016
18|1591|29.0667724609375
18|1598|27.05518341064453
18|1610|69.19524383544922
18|1626|35.81237030029297
18|1632|26.127286911010742
18|1640|19.47416114807129
18|1652|16.92633056640625
18|1757|37.93110656738281
18|1761|22.556838989257812
18|1774|24.173330307006836
18|1777|19.13872528076172
18|1837|24.511507034301758
18|1850|61.297733306884766
18|1860|55.5294189453125
18|1877|34.83332443237305
18|1883|46.85960006713867
18|1891|62.69681930541992
18|1898|34.85230255126953
18|1906|20.712419509887695
18|1917|27.749433517456055
18|1939|36.760711669921875
18|1951|23.589412689208984
18|1958|16.780208587646484
18|1962|33.609153747558594
18|1966|20.247970581054688
18|2052|16.25397491455078
18|2058|18.876319885253906
18|2069|27.683759689331055
18|2077|14.594612121582031
18|2086|19.1646671295166
18|2099|69.11573791503906
18|2116|17.123531341552734
18|2135|16.48876953125
18|2161|26.766305923461914
18|2166|70.89495086669922
18|2182|15.511214256286621
18|2205|25.411840438842773
18|2224|29.268842697143555
18|2243|64.61579132080078
18|2249|29.01688575744629
18|2264|20.25713348388672
18|2280|33.41741943359375
18|2298|20.95008659362793
18|2303|28.004812240600586
18|2309|18.11835289001465
18|2321|64.68447875976562
18|2353|20.43767738342285
18|2395|21.891584396362305
18|2399|40.84226608276367
18|2405|72.65266418457031
18|2409|45.3974609375
18|2411|43.97464370727539
18|2428|28.782365798950195
18|2434|38.63465881347656
18|2439|19.859411239624023
18|2443|30.595794677734375
18|2460|24.647985458374023
18|2471|21.442344665527344
18|2505|25.820701599121094
18|2564|46.95014572143555
18|2572|35.75202941894531
19|198|44.994590759277344
19|387|55.59288024902344
19|408|25.029123306274414
19|587|52.222103118896484
19|594|44.25362777709961
19|599|27.974260330200195
19|1488|35.3449821472168
19|1589|16.730377197265625
19|1594|38.87798309326172
19|1599|28.065385818481445
19|1605|51.72113800048828
19|1609|78.27650451660156
19|1617|45.03235626220703
19|1653|15.83041000366211
19|1791|14.848416328430176
19|1795|55.13339614868164
19|1821|53.35981369018555
19|1862|23.72898292541504
19|1876|28.9372615814209
19|1916|33.58116912841797
19|1922|61.21171188354492
19|1936|32.67029571533203
19|1954|60.23683166503906
19|1963|34.443336486816406
19|2088|14.768797874450684
19|2098|73.28156280517578
19|2106|27.43379020690918
19|2167|70.63783264160156
19|2208|15.799202919006348
19|2234|23.674333572387695
19|2261|51.843719482421875
19|2269|41.58443069458008
19|2287|18.59912872314453
19|2316|37.94267654418945
19|2329|23.550382614135742
19|2466|23.346630096435547
19|2475|17.88713264465332
19|2506|27.58681869506836
19|2534|24.623552322387695
19|2556|26.048236846923828
19|2576|26.16791534423828
20|197|36.27643585205078
20|386|44.869117736816406
20|565|27.951486587524414
20|598|36.736785888671875
20|1476|29.835206985473633
20|1618|50.96968078613281
20|1756|19.894067764282227
20|1769|34.95497512817383
20|1863|25.535554885864258
20|1875|20.042102813720703
20|1923|52.86336898803711
20|1953|54.684356689453125
20|1964|40.70944595336914
20|2146|115.70205688476562
20|2153|19.23900604248047
20|2168|71.28246307373047
20|2180|29.08330726623535
20|2184|16.373754501342773
20|2221|28.716264724731445
20|2223|22.717164993286133
20|2247|14.33919620513916
20|2250|15.768943786621094
20|2271|33.966148376464844
20|2302|32.00408172607422
20|2315|38.57707595825195
20|2328|25.63801383972168
20|2351|68.97057342529297
20|2377|25.067241668701172
20|2382|53.51024627685547
20|2397|20.479429244995117
20|2413|43.03586959838867
20|2465|25.52170753479004
20|2494|17.221189498901367
20|2532|24.141481399536133
20|2535|23.151687622070312
21|190|55.03268814086914
21|196|37.624481201171875
21|596|47.616363525390625
21|656|58.284420013427734
21|846|14.463921546936035
21|1172|16.345706939697266
21|1203|20.24775505065918
21|1233|15.671507835388184
21|1350|17.18085289001465
21|1376|15.666398048400879
21|1482|47.510337829589844
21|1529|15.211221694946289
21|1622|14.49868106842041
21|1625|24.050045013427734
21|1654|24.63561248779297
21|1676|14.595991134643555
21|1765|15.803955078125
21|1768|29.053394317626953
21|1790|16.453062057495117
21|1803|36.42500686645508
21|1807|57.72345733642578
21|1819|31.925369262695312
21|1823|42.00408172607422
21|1854|17.97003746032715
21|1862|26.94923973083496
21|1885|28.97062873840332
21|1888|18.20961570739746
21|1924|48.853755950927734
21|1945|19.961347579956055
21|1948|14.494956970214844
21|1981|26.66176414489746
21|1987|25.09758186340332
21|2000|14.904706954956055
21|2028|33.689247131347656
21|2093|17.932878494262695
21|2097|70.0945053100586
21|2108|15.923469543457031
21|2133|26.51530647277832
21|2147|104.69374084472656
21|2152|23.50066375732422
21|2155|16.461191177368164
21|2179|30.132850646972656
21|2183|21.718379974365234
21|2190|44.58812713623047
21|2212|22.64774513244629
21|2220|30.854642868041992
21|2222|25.342754364013672
21|2246|14.39218807220459
21|2268|53.31047058105469
21|2272|36.2119140625
21|2292|35.54817581176758
21|2300|33.93971633911133
21|2303|34.6807975769043
21|2314|42.29995346069336
21|2331|19.99742317199707
21|2370|58.27899169921875
21|2383|62.158897399902344
21|2414|52.57347869873047
21|2423|62.82006072998047
21|2426|23.969133377075195
21|2451|30.055004119873047
21|2463|27.34572982788086
21|2474|36.413387298583984
21|2510|22.228654861450195
21|2518|33.70832443237305
21|2525|56.524627685546875
21|2545|46.11467742919922
21|2571|20.90323829650879
22|31|21.590097427368164
22|123|14.310978889465332
22|179|20.591873168945312
22|191|60.1722297668457
22|214|20.677968978881836
22|226|14.671464920043945
22|399|27.098312377929688
22|486|20.841636657714844
22|489|22.681203842163086
22|491|22.723155975341797
22|512|14.463066101074219
22|519|19.36469268798828
22|539|23.252729415893555
22|547|20.253408432006836
22|583|22.794450759887695
22|658|64.4292984008789
22|661|63.711326599121094
22|847|16.611324310302734
22|862|52.4342155456543
22|878|18.59524154663086
22|888|44.75191116333008
22|903|16.349485397338867
22|992|16.804012298583984
22|999|16.824949264526367
22|1010|33.32803726196289
22|1040|73.80583953857422
22|1071|49.55580520629883
22|1081|14.664566993713379
22|1158|16.572166442871094
22|1167|15.703018188476562
22|1174|23.481199264526367
22|1178|20.981483459472656
22|1188|56.84971237182617
22|1204|19.879127502441406
22|1214|39.47317123413086
22|1216|38.32154083251953
22|1336|36.286067962646484
22|1351|18.125049591064453
22|1366|62.89697265625
22|1397|61.61421585083008
22|1406|17.48454475402832
22|1481|49.580078125
22|1486|17.56867790222168
22|1500|24.28177261352539
22|1504|15.644728660583496
22|1513|38.2889289855957
22|1530|17.145572662353516
22|1539|58.20319747924805
22|1544|25.977338790893555
22|1551|31.144512176513672
22|1599|66.26519012451172
22|1603|52.68845748901367
22|1640|18.846471786499023
22|1651|28.213991165161133
22|1682|14.866979598999023
22|1692|58.094688415527344
22|1703|23.742544174194336
22|1722|47.61186599731445
22|1725|38.503658294677734
22|1764|16.702022552490234
22|1786|23.127643585205078
22|1805|48.20287322998047
22|1810|83.3748779296875
22|1818|25.136695861816406
22|1828|27.281103134155273
22|1833|18.450790405273438
22|1839|51.78910446166992
22|1855|16.174348831176758
22|1865|38.13010025024414
22|1868|36.85471725463867
22|1925|36.900081634521484
22|1966|22.0772647857666
22|1975|28.286930084228516
22|1982|25.88117790222168
22|1990|19.644617080688477
22|2002|17.351404190063477
22|2017|58.97349548339844
22|2023|29.29245948791504
22|2029|46.83414077758789
22|2048|63.484405517578125
22|2058|16.64950180053711
22|2089|42.15762710571289
22|2109|17.863422393798828
22|2119|22.734731674194336
22|2131|22.61051368713379
22|2135|37.81710433959961
22|2141|47.58620071411133
22|2151|28.78455352783203
22|2158|19.676055908203125
22|2164|53.67563247680664
22|2178|29.43012237548828
22|2194|23.890195846557617
22|2202|89.59737396240234
22|2209|24.266765594482422
22|2214|23.841379165649414
22|2233|23.984363555908203
22|2263|27.54431915283203
22|2267|57.83256912231445
22|2273|52.83843994140625
22|2280|48.648773193359375
22|2286|74.7982177734375
22|2290|73.8744125366211
22|2296|25.0849609375
22|2312|76.30225372314453
22|2330|17.477333068847656
22|2333|16.37595558166504
22|2342|63.08226013183594
22|2352|53.48126983642578
22|2357|68.7752914428711
22|2364|92.45832824707031
22|2369|53.571067810058594
22|2372|36.563209533691406
22|2376|37.746456146240234
22|2384|84.48258972167969
22|2396|25.86678695678711
22|2416|41.29532241821289
22|2421|63.697731018066406
22|2434|37.218589782714844
22|2441|64.54039001464844
22|2446|33.4663200378418
22|2454|49.291351318359375
22|2457|33.01092529296875
22|2462|25.458980560302734
22|2466|32.78734588623047
22|2477|21.547094345092773
22|2479|21.200124740600586
22|2490|44.05453109741211
22|2506|31.718326568603516
22|2514|58.839515686035156
22|2519|36.092567443847656
22|2526|59.78315353393555
22|2535|50.76171112060547
22|2541|33.96561813354492
22|2552|50.445247650146484
23|530|91.2347412109375
23|626|36.37966537475586
23|1465|42.33879852294922
23|1476|72.07345581054688
23|1508|23.132308959960938
23|1660|39.65533447265625
23|1702|24.745681762695312
23|1782|32.73270797729492
23|1874|17.4088191986084
23|2011|23.658729553222656
23|2033|39.61839294433594
23|2070|20.141159057617188
23|2129|35.91121292114258
23|2231|36.299251556396484
23|2553|50.48316192626953
24|166|34.4991569519043
24|172|31.743024826049805
24|178|23.974637985229492
24|306|15.38183307647705
24|308|14.86629581451416
24|314|14.560696601867676
24|324|17.185596466064453
24|327|15.78251838684082
24|330|14.477749824523926
24|338|23.914669036865234
24|355|76.44667053222656
24|358|70.61333465576172
24|371|14.45685863494873
24|385|50.351173400878906
24|483|43.060123443603516
24|485|26.57877540588379
24|534|44.605716705322266
24|618|40.98841857910156
24|629|49.96314239501953
24|639|35.76887512207031
24|642|33.501502990722656
24|675|18.11557960510254
24|678|19.142051696777344
24|974|14.388527870178223
24|1139|15.597577095031738
24|1146|16.65962028503418
24|1304|21.1693115234375
24|1458|21.15481948852539
24|1467|21.424413681030273
24|1471|17.650114059448242
24|1505|24.41402244567871
24|1545|24.050010681152344
24|1549|24.926912307739258
24|1625|16.448984146118164
24|1636|14.96131420135498
24|1652|15.353330612182617
24|1672|14.550352096557617
24|1696|23.1907958984375
24|1717|16.46356964111328
24|1797|16.803997039794922
24|1872|15.73110580444336
24|1955|18.09147834777832
24|1976|16.19495964050293
24|1995|20.288284301757812
24|1998|18.346683502197266
24|2034|36.38432312011719
24|2039|53.21110534667969
24|2041|52.05516815185547
24|2044|44.022727966308594
24|2109|15.198986053466797
24|2121|17.135700225830078
24|2128|30.2154541015625
24|2190|15.834808349609375
24|2332|17.668237686157227
24|2449|15.544227600097656
24|2464|19.213138580322266
24|2475|31.930335998535156
24|2505|31.79462432861328
24|2576|14.469725608825684
25|177|25.331850051879883
25|303|45.682884216308594
25|339|26.207914352416992
25|364|37.460933685302734
25|372|17.006175994873047
25|384|46.51610565185547
25|482|40.131019592285156
25|528|64.23828125
25|620|38.57251739501953
25|628|60.52811050415039
25|634|31.69274139404297
25|640|35.724212646484375
25|1213|15.285721778869629
25|1678|21.418359756469727
25|2046|37.88446807861328
25|2189|15.868490219116211
25|2288|18.54547119140625
25|2394|50.21519088745117
25|2465|18.647899627685547
25|2515|19.353891372680664
26|304|47.00953674316406
26|480|40.7325325012207
26|487|50.01913833618164
26|501|43.77853012084961
26|621|53.04969024658203
26|625|42.31184768676758
26|2270|26.589916229248047
26|2287|17.840309143066406
26|2302|17.0639705657959
26|2327|22.773393630981445
26|2383|20.756244659423828
26|2450|20.8071346282959
26|2531|25.392417907714844
26|2546|19.873899459838867
27|120|43.089054107666016
27|126|45.15336227416992
27|134|60.30216979980469
27|151|39.8035888671875
27|295|19.19061851501465
27|306|50.807682037353516
27|310|47.787445068359375
27|313|47.566463470458984
27|341|62.558414459228516
27|375|36.36744689941406
27|379|33.255245208740234
27|383|26.607303619384766
27|478|43.52798080444336
27|485|19.20672607421875
27|488|59.659507751464844
27|495|46.01124954223633
27|500|50.735042572021484
27|505|20.04167938232422
27|511|20.427457809448242
27|522|55.5390510559082
27|527|63.27061080932617
27|530|17.735748291015625
27|545|40.14164733886719
27|561|19.12839126586914
27|622|69.60293579101562
27|624|60.2314453125
27|929|51.416412353515625
27|936|25.2347469329834
27|949|25.393672943115234
27|960|35.50590133666992
27|969|65.2713623046875
27|990|37.34040451049805
27|1092|34.886573791503906
27|1097|24.905433654785156
27|1107|40.594635009765625
27|1122|39.25875473022461
27|1254|67.68267822265625
27|1263|15.533723831176758
27|1270|33.243255615234375
27|1285|69.34175872802734
27|1291|22.68319320678711
27|1295|50.16560363769531
27|1307|14.915061950683594
27|1315|41.72195053100586
27|1325|45.92893600463867
27|1417|32.31695556640625
27|1422|27.071271896362305
27|1432|62.10801696777344
27|1458|35.41537857055664
27|1464|27.128015518188477
27|1477|34.54753112792969
27|1580|55.214622497558594
27|1589|22.919092178344727
27|1600|33.23188400268555
27|1610|43.747859954833984
27|1617|17.625045776367188
27|1620|49.366302490234375
27|1641|42.039241790771484
27|1660|21.35039520263672
27|1680|32.19479751586914
27|1684|24.38239288330078
27|1721|22.4405517578125
27|1730|76.60176086425781
27|1738|39.27334213256836
27|1743|46.22114181518555
27|1748|34.252140045166016
27|1758|37.53585433959961
27|1774|38.83907699584961
27|1905|51.62004470825195
27|1921|29.641775131225586
27|1935|43.732112884521484
27|1942|20.154369354248047
27|1946|52.001155853271484
27|1957|16.111967086791992
27|1971|15.68478775024414
27|1977|44.911380767822266
27|2010|50.2230110168457
27|2020|44.531681060791016
27|2052|41.73960494995117
27|2056|59.98177719116211
27|2060|36.774166107177734
27|2065|37.479618072509766
27|2069|38.769142150878906
27|2072|36.93635177612305
27|2083|51.945220947265625
27|2109|31.319055557250977
27|2117|17.79892349243164
27|2149|15.58989429473877
27|2220|22.682897567749023
27|2230|41.54856491088867
27|2239|22.897506713867188
27|2250|28.031675338745117
27|2261|50.57008361816406
27|2269|17.173559188842773
27|2292|29.848812103271484
27|2368|23.00308609008789
27|2398|22.666704177856445
27|2409|61.27214050292969
27|2430|14.922993659973145
27|2486|18.306955337524414
27|2489|37.9029541015625
27|2492|46.482601165771484
27|2557|46.717918395996094
28|119|31.736207962036133
28|135|63.262901306152344
28|256|34.975440979003906
28|319|32.36448287963867
28|381|30.574949264526367
28|475|34.93912887573242
28|497|41.19963455200195
28|504|21.27556610107422
28|521|57.941505432128906
28|944|31.64426040649414
28|1009|14.570045471191406
28|1091|34.38994598388672
28|1269|31.986970901489258
28|1447|43.69877624511719
28|1457|38.8364372253418
28|1468|30.89645767211914
28|1595|19.40007209777832
28|1681|30.817302703857422
28|1689|59.64088439941406
28|1694|41.643558502197266
28|1737|32.15266036987305
28|1742|43.923240661621094
28|1773|36.42609786987305
28|1920|28.26542854309082
28|1966|18.484050750732422
28|2006|48.67763137817383
28|2048|36.93440246582031
28|2055|58.33292007446289
28|2057|53.88786315917969
28|2098|37.25966262817383
28|2129|30.336544036865234
28|2148|15.351679801940918
28|2164|30.983116149902344
28|2205|23.5670223236084
28|2246|51.26621627807617
28|2271|37.3707389831543
28|2372|15.475693702697754
28|2424|41.04047393798828
28|2449|20.688833236694336
28|2464|21.39480209350586
28|2488|25.27367401123047
28|2490|32.74983596801758
28|2546|21.38006019592285
28|2571|49.062103271484375
28|2576|18.71050453186035
29|474|31.508817672729492
29|1965|15.961715698242188
29|2067|21.00665855407715
29|2149|15.963454246520996
29|2180|25.306625366210938
29|2287|16.95589828491211
29|2312|15.20571231842041
29|2332|23.171842575073242
29|2352|14.574094772338867
29|2373|16.814170837402344
29|2495|17.00309181213379
29|2515|17.80152702331543
29|2522|15.03305721282959
30|257|42.5601921081543
30|443|49.1081657409668
30|473|30.727739334106445
30|2169|14.634328842163086
30|2179|25.181291580200195
30|2301|20.72614097595215
30|2368|22.20855140686035
31|258|40.80470657348633
31|277|64.56585693359375
31|321|19.143518447875977
31|472|32.676666259765625
31|560|58.055118560791016
31|2078|18.044431686401367
31|2220|17.721397399902344
31|2327|19.137033462524414
32|74|58.24928665161133
32|103|71.2815933227539
32|108|74.16150665283203
32|259|41.76796340942383
32|276|56.02106475830078
32|280|27.255252838134766
32|287|21.71018409729004
32|445|72.63270568847656
32|463|80.88896179199219
32|471|37.631717681884766
32|505|21.431407928466797
32|559|66.74623107910156
32|674|38.82086944580078
32|681|46.184974670410156
32|686|37.484195709228516
32|924|16.479177474975586
32|1081|14.414983749389648
32|1132|20.445274353027344
32|1249|20.780651092529297
32|1575|17.013755798339844
32|1784|15.96815013885498
32|1900|17.665281295776367
32|2164|17.071563720703125
32|2342|15.261370658874512
32|2454|18.914264678955078
32|2456|17.255128860473633
32|2469|14.744093894958496
33|76|51.99344253540039
33|91|56.2938346862793
33|96|54.237266540527344
33|99|70.58368682861328
33|106|69.6941909790039
33|119|18.123231887817383
33|261|36.717872619628906
33|275|51.929603576660156
33|284|19.563325881958008
33|448|47.28110122680664
33|462|68.13449096679688
33|468|35.79270935058594
33|555|72.95643615722656
33|567|33.020809173583984
33|1082|14.619657516479492
33|1152|33.2487907409668
33|1576|19.17477035522461
33|1803|26.868589401245117
33|2311|18.516767501831055
33|2383|14.575039863586426
33|2389|18.518024444580078
33|2435|15.965442657470703
33|2464|22.745058059692383
33|2571|16.309186935424805
34|77|50.63910675048828
34|90|72.76854705810547
34|97|66.8268051147461
34|262|32.602142333984375
34|1579|17.352046966552734
34|1590|58.8124885559082
34|1756|14.474316596984863
34|2179|18.703765869140625
34|2413|14.642974853515625
34|2454|20.203561782836914
34|2531|16.859811782836914
35|78|52.0643424987793
35|89|79.03445434570312
35|243|15.40955638885498
35|263|32.34262466430664
35|274|64.32682037353516
35|449|43.22198486328125
35|459|57.55687713623047
35|1366|16.236299514770508
35|1469|24.2517032623291
35|1530|26.08395767211914
35|1591|51.11109924316406
35|1847|25.52252960205078
35|1960|16.242712020874023
35|2149|21.675296783447266
35|2194|15.000341415405273
35|2291|14.774694442749023
35|2312|20.67182159423828
35|2327|30.362070083618164
35|2342|19.37560272216797
35|2393|14.835151672363281
35|2505|16.175994873046875
35|2521|16.68290138244629
36|79|53.16991424560547
36|85|91.25850677490234
36|88|88.09220123291016
36|202|22.342700958251953
36|217|14.873741149902344
36|224|18.909683227539062
36|246|27.74127197265625
36|250|26.487144470214844
36|266|39.7210578918457
36|273|59.03188705444336
36|338|27.687480926513672
36|394|19.04950714111328
36|401|15.569684028625488
36|429|17.270437240600586
36|432|14.250226974487305
36|437|37.44950485229492
36|451|60.60944747924805
36|458|62.00386047363281
36|581|40.7255973815918
36|584|30.754972457885742
36|591|28.837108612060547
36|848|28.048261642456055
36|855|28.164684295654297
36|863|19.607030868530273
36|869|21.53771209716797
36|879|21.27147674560547
36|885|29.432891845703125
36|905|16.773855209350586
36|1011|21.081085205078125
36|1017|24.19691276550293
36|1026|20.327219009399414
36|1032|27.106874465942383
36|1041|23.117321014404297
36|1047|15.616172790527344
36|1052|27.46958351135254
36|1056|21.477313995361328
36|1065|26.66499137878418
36|1180|29.30369758605957
36|1189|20.41925621032715
36|1195|20.259828567504883
36|1204|22.28814697265625
36|1210|27.875057220458984
36|1215|20.75189208984375
36|1224|22.764488220214844
36|1230|17.465898513793945
36|1343|24.962078094482422
36|1352|15.263422012329102
36|1358|27.04637908935547
36|1367|16.34514808654785
36|1373|19.111928939819336
36|1378|24.810531616210938
36|1384|21.322547912597656
36|1391|18.12525749206543
36|1512|47.40927505493164
36|1515|40.710174560546875
36|1521|32.20650100708008
36|1525|28.798343658447266
36|1554|43.507686614990234
36|1559|34.73957061767578
36|1566|23.255523681640625
36|1571|41.95130920410156
36|1575|35.98347473144531
36|1592|42.0490837097168
36|1611|58.82099914550781
36|1757|23.00676155090332
36|1837|22.634695053100586
36|1841|46.916900634765625
36|1844|31.382078170776367
36|1846|31.375869750976562
36|1850|29.90476417541504
36|1853|37.1063346862793
36|1877|24.909061431884766
36|1882|39.40285110473633
36|1886|30.38039207458496
36|1890|21.27170753479004
36|1895|35.1025390625
36|1898|36.78548812866211
36|1919|66.9742202758789
36|1938|55.348934173583984
36|1956|33.01940155029297
36|2104|68.72933959960938
36|2157|28.922090530395508
36|2160|21.850509643554688
36|2164|21.229135513305664
36|2167|20.2608642578125
36|2195|14.92242431640625
36|2202|18.285045623779297
36|2206|15.337101936340332
36|2237|17.205867767333984
36|2243|36.00764846801758
36|2286|15.601218223571777
36|2320|33.57572937011719
36|2345|24.270719528198242
36|2352|15.240249633789062
36|2368|17.78293800354004
36|2404|23.789594650268555
36|2413|15.57761287689209
36|2434|15.886476516723633
36|2492|18.599699020385742
36|2520|17.155330657958984
36|2522|14.284610748291016
36|2525|14.60342788696289
36|2535|18.888179779052734
36|2563|60.86209487915039
37|59|26.683855056762695
37|81|62.98416519165039
37|198|16.021718978881836
37|203|20.462251663208008
37|245|30.479137420654297
37|249|25.112247467041016
37|270|38.43632125854492
37|337|22.781150817871094
37|430|19.194677352905273
37|452|63.435420989990234
37|586|28.558977127075195
37|589|30.631221771240234
37|1012|15.855545997619629
37|1213|15.056239128112793
37|1519|30.18222999572754
37|1528|39.022090911865234
37|1552|29.903644561767578
37|1616|27.27528953552246
37|1631|19.02979850769043
37|1759|14.766877174377441
37|1795|31.270456314086914
37|1836|16.84370994567871
37|1842|46.428253173828125
37|1855|34.797584533691406
37|1876|23.961349487304688
37|1883|36.42812728881836
37|1917|36.73750305175781
37|1937|52.0904541015625
37|1955|32.247806549072266
37|2101|56.0313720703125
37|2105|72.13145446777344
37|2316|20.530454635620117
37|2321|28.676305770874023
37|2360|14.262530326843262
37|2475|20.47490119934082
37|2495|26.330995559692383
38|1617|26.568416595458984
38|1815|18.0775089263916
38|1916|36.13227081298828
38|1922|28.707624435424805
38|1936|52.36932373046875
38|2149|19.517587661743164
38|2154|15.311023712158203
38|2190|18.46361541748047
38|2271|24.791414260864258
38|2312|21.239482879638672
38|2454|23.215309143066406
39|1618|23.205963134765625
39|1875|18.254487991333008
39|1923|17.345447540283203
39|1935|44.684242248535156
39|2107|54.488407135009766
39|2291|15.315975189208984
39|2352|14.527192115783691
39|2372|19.38553810119629
39|2434|14.31551742553711
40|294|14.1757173538208
40|1964|16.69564437866211
40|2230|17.54817008972168
40|2464|18.80830955505371
40|2544|14.876623153686523
41|197|14.961258888244629
41|1509|18.31510353088379
41|1551|18.183774948120117
41|2149|16.256458282470703
41|2261|32.556976318359375
41|2315|23.723485946655273
41|2368|15.173795700073242
41|2450|14.48395824432373
41|2474|15.681312561035156
41|2556|22.300949096679688
42|189|17.43775749206543
42|196|18.725055694580078
42|1790|18.105310440063477
42|1807|16.917085647583008
42|1928|16.164461135864258
42|1948|18.34893226623535
42|1951|28.71522331237793
42|2092|24.747112274169922
42|2138|20.482824325561523
42|2148|15.016070365905762
42|2183|20.350345611572266
42|2232|18.08463478088379
42|2247|23.35610008239746
42|2355|46.1639404296875
42|2394|26.247112274169922
42|2409|25.506698608398438
42|2535|28.148521423339844
42|2539|48.72337341308594
42|2572|37.52540969848633
43|190|20.583097457885742
43|195|19.265697479248047
43|992|19.65911293029785
43|1003|15.907146453857422
43|1155|20.02260971069336
43|1166|17.04020881652832
43|1481|31.58930778503418
43|1491|15.084062576293945
43|1499|36.32901382446289
43|1602|47.249324798583984
43|1622|17.07329559326172
43|1643|15.68978500366211
43|1663|16.314699172973633
43|1789|23.5249080657959
43|1806|21.437973022460938
43|1813|79.48665618896484
43|1927|23.74353790283203
43|1971|40.244937896728516
43|1987|25.81884765625
43|2096|28.304229736328125
43|2108|43.52401351928711
43|2111|21.78561019897461
43|2114|21.42612648010254
43|2119|36.630001068115234
43|2133|21.024478912353516
43|2137|19.739450454711914
43|2182|25.62541389465332
43|2192|51.89606857299805
43|2211|15.26643180847168
43|2219|35.520729064941406
43|2222|22.993928909301758
43|2231|24.003807067871094
43|2233|16.96337127685547
43|2246|24.123106002807617
43|2265|35.22450637817383
43|2278|38.152069091796875
43|2284|52.89505386352539
43|2289|20.89129066467285
43|2296|22.92100715637207
43|2303|62.59991455078125
43|2314|28.36256217956543
43|2342|19.222604751586914
43|2354|45.4472541809082
43|2367|46.00527572631836
43|2369|48.8484992980957
43|2373|48.63204574584961
43|2385|16.471189498901367
43|2418|49.94770431518555
43|2424|59.797428131103516
43|2438|24.979169845581055
43|2444|50.99574661254883
43|2452|62.31294631958008
43|2457|49.72774124145508
43|2460|49.15822982788086
43|2467|53.84208679199219
43|2505|14.84688949584961
43|2514|18.850505828857422
43|2531|17.357580184936523
43|2534|19.6033935546875
43|2546|68.86724853515625
43|2550|70.00829315185547
43|2559|16.067012786865234
44|192|24.211551666259766
44|1478|29.90847396850586
44|1619|23.03658103942871
44|1625|24.938695907592773
44|1805|17.14288902282715
44|1823|40.73753356933594
44|1863|55.324989318847656
44|1866|16.42724609375
44|1925|36.794471740722656
44|1946|57.27520751953125
44|1967|35.1577262878418
44|1973|21.076826095581055
44|1976|70.8414077758789
44|1986|30.883106231689453
44|2095|33.18743133544922
44|2131|20.075075149536133
44|2136|25.92242431640625
44|2140|50.60786437988281
44|2149|17.52643394470215
44|2178|44.901458740234375
44|2204|25.492244720458984
44|2216|17.935747146606445
44|2245|16.20914649963379
44|2263|29.373470306396484
44|2283|72.66029357910156
44|2291|50.013671875
44|2299|31.310283660888672
44|2302|68.5085678100586
44|2308|20.365480422973633
44|2365|47.43184280395508
44|2375|41.9832763671875
44|2408|24.34227180480957
44|2414|52.844181060791016
44|2434|53.78053665161133
44|2441|39.81818771362305
44|2447|61.87907409667969
44|2462|39.02379608154297
44|2465|59.94849395751953
44|2512|25.371685028076172
44|2516|33.020633697509766
44|2527|37.92832946777344
44|2537|58.425315856933594
44|2542|58.26626205444336
44|2548|77.86764526367188
44|2576|15.426755905151367
45|1501|20.888957977294922
45|1540|48.98295974731445
45|1620|21.137306213378906
45|1640|31.424461364746094
45|1652|33.5107536315918
45|1661|22.815231323242188
45|1665|14.219441413879395
45|1703|59.40331268310547
45|1767|17.214326858520508
45|1834|17.543018341064453
45|1867|14.9515962600708
45|1874|17.326183319091797
45|1966|39.95388412475586
45|2135|23.11446189880371
45|2170|37.367645263671875
45|2215|17.401775360107422
45|2220|41.80763626098633
45|2232|15.280738830566406
45|2274|24.272031784057617
45|2282|73.71068572998047
45|2287|14.633155822753906
45|2353|55.88828659057617
45|2383|14.24205493927002
45|2536|52.42108917236328
45|2541|59.380496978759766
46|1550|29.381637573242188
46|1833|16.084197998046875
46|2090|75.90214538574219
46|2179|25.78721809387207
46|2209|25.454219818115234
46|2231|15.977323532104492
46|2392|14.446992874145508
46|2490|16.423683166503906
46|2553|35.06086730957031
47|644|34.61086654663086
47|1477|34.396610260009766
47|1508|25.915382385253906
47|1543|26.374818801879883
47|1782|40.493019104003906
47|1873|19.728837966918945
47|2129|62.10006332397461
47|2149|47.40654754638672
47|2327|14.511289596557617
47|2423|14.445117950439453
47|2453|14.396329879760742
47|2505|34.67161560058594
48|164|41.99585723876953
48|172|26.883996963500977
48|354|14.365242004394531
48|361|14.413339614868164
48|532|53.57600784301758
48|617|24.3006649017334
48|632|35.386383056640625
48|643|33.88625717163086
48|971|19.01665687561035
48|1297|19.703285217285156
48|1327|16.27840232849121
48|1460|19.67437744140625
48|1507|34.23588943481445
48|1541|20.777551651000977
48|1549|34.88719177246094
48|1670|21.34283447265625
48|1710|22.12351417541504
48|1718|60.97252655029297
48|1755|15.345065116882324
48|1832|15.666413307189941
48|1868|22.065488815307617
48|1996|41.25584030151367
48|2040|19.11769676208496
48|2284|14.555310249328613
48|2390|28.33370018005371
48|2531|16.305908203125
48|2554|53.21197509765625
49|168|28.417579650878906
49|177|36.85981750488281
49|357|15.506284713745117
49|364|20.247940063476562
49|537|50.8910026550293
49|630|57.7996940612793
49|634|36.44251251220703
49|639|28.945077896118164
49|641|27.440998077392578
49|977|15.588615417480469
49|985|14.674409866333008
49|1134|19.156240463256836
49|1141|14.302970886230469
49|1304|14.6421537399292
49|1334|15.362899780273438
49|1464|18.14493179321289
49|1470|14.548615455627441
49|1506|38.22700500488281
49|1545|43.02213668823242
49|1548|30.722835540771484
49|1668|21.751998901367188
49|1671|20.04218292236328
49|1678|45.895484924316406
49|1709|26.65909194946289
49|1714|25.64606475830078
49|1719|48.56685256958008
49|1869|26.512222290039062
49|1993|28.245161056518555
49|1998|48.2591438293457
49|2035|15.065629005432129
49|2221|14.70305061340332
49|2227|25.115907669067383
49|2287|25.97459602355957
49|2289|17.65399169921875
49|2389|26.684633255004883
49|2449|24.05166244506836
49|2464|14.604958534240723
49|2479|19.263774871826172
49|2482|17.539316177368164
49|2550|14.899121284484863
50|365|18.49077033996582
50|620|31.629518508911133
50|1498|17.720699310302734
50|1540|16.842693328857422
50|1918|16.711599349975586
50|2475|42.45759201049805
50|2484|17.49057960510254
51|1499|20.97943115234375
51|2210|15.636258125305176
52|2394|38.97385787963867
53|243|27.19963264465332
53|1739|23.6716251373291
53|1878|15.246116638183594
53|2204|17.442344665527344
53|2209|17.003082275390625
53|2261|14.66104793548584
53|2371|24.240785598754883
53|2533|33.50442123413086
54|125|38.326316833496094
54|131|38.32099533081055
54|222|16.57093048095703
54|310|37.31329345703125
54|375|30.470415115356445
54|378|29.025259017944336
54|435|15.925249099731445
54|477|41.74905776977539
54|493|62.69768142700195
54|499|26.0863094329834
54|523|34.401580810546875
54|545|18.453895568847656
54|582|14.409647941589355
54|930|17.68185043334961
54|945|33.7676887512207
54|960|28.44378662109375
54|1093|24.58735466003418
54|1108|33.64637756347656
54|1111|14.181591033935547
54|1123|33.88208770751953
54|1256|22.920846939086914
54|1265|14.656886100769043
54|1271|30.012897491455078
54|1286|32.22118377685547
54|1306|22.545948028564453
54|1313|19.045339584350586
54|1418|20.92967987060547
54|1424|22.38878059387207
54|1434|25.07921028137207
54|1449|23.321115493774414
54|1454|20.287689208984375
54|1517|17.150962829589844
54|1553|20.09697723388672
54|1557|16.209901809692383
54|1680|20.610294342041016
54|1685|40.80268096923828
54|1692|27.670963287353516
54|1721|32.191768646240234
54|1724|59.247093200683594
54|1735|38.879032135009766
54|1738|26.450929641723633
54|1838|32.57380294799805
54|1845|42.405174255371094
54|1877|15.146622657775879
54|1880|19.930477142333984
54|1899|15.403614044189453
54|1958|24.539297103881836
54|2051|26.133686065673828
54|2060|14.857532501220703
54|2063|22.04006576538086
54|2103|15.750248908996582
54|2161|34.07582473754883
54|2208|17.518735885620117
54|2237|25.94332504272461
54|2251|15.382795333862305
54|2318|23.91594696044922
54|2367|20.33122444152832
54|2400|25.606365203857422
54|2402|23.9547176361084
54|2454|18.155202865600586
54|2486|48.89308547973633
54|2490|31.842443466186523
54|2494|14.401017189025879
54|2561|26.00238800048828
55|120|42.4066276550293
55|130|40.099613189697266
55|213|14.286154747009277
55|215|14.25947380065918
55|221|17.48941993713379
55|245|15.677098274230957
55|313|27.446022033691406
55|377|30.375131607055664
55|382|30.251380920410156
55|436|14.928942680358887
55|476|47.6816520690918
55|489|64.20437622070312
55|492|62.28311538696289
55|495|53.86671447753906
55|544|18.28244400024414
55|936|19.778696060180664
55|951|21.081933975219727
55|966|20.534021377563477
55|1099|23.51599884033203
55|1114|18.35837173461914
55|1130|23.455541610717773
55|1262|18.715076446533203
55|1277|21.645109176635742
55|1291|22.017677307128906
55|1312|21.10152816772461
55|1439|19.76791763305664
55|1455|21.130308151245117
55|1516|16.241350173950195
55|1520|33.428096771240234
55|1556|15.48958969116211
55|1561|24.14426040649414
55|1683|52.25829315185547
55|1691|27.350595474243164
55|1722|53.4746208190918
55|1733|36.564735412597656
55|1836|31.309335708618164
55|1844|38.3319091796875
55|1885|42.89515686035156
55|1917|33.7629280090332
55|1956|27.276371002197266
55|2006|21.517333984375
55|2058|21.21539878845215
55|2065|23.386137008666992
55|2101|28.934120178222656
55|2236|20.076425552368164
55|2239|32.989044189453125
55|2317|23.646270751953125
55|2487|55.178558349609375
55|2563|19.421175003051758
55|2577|17.76468276977539
56|1682|55.692527770996094
56|2210|19.45098876953125
56|2316|18.735713958740234
56|2398|21.426149368286133
57|474|26.583925247192383
57|2262|15.129278182983398
57|2535|22.167530059814453
58|2261|20.09758949279785
58|2536|20.967079162597656
59|2397|20.12492561340332
60|473|23.96702003479004
61|2234|15.471487998962402
61|2261|22.792015075683594
62|257|25.657869338989258
62|472|20.818321228027344
62|2223|29.71503257751465
62|2397|20.674686431884766
63|196|15.344290733337402
63|288|18.19178581237793
63|1650|33.41436004638672
63|1928|22.408658981323242
63|2093|70.78607940673828
63|2138|26.63041114807129
63|2212|22.64535903930664
64|108|17.47653579711914
64|195|17.6260986328125
64|259|59.388301849365234
64|279|48.29127883911133
64|286|23.37112808227539
64|471|23.09954071044922
64|1499|33.990806579589844
64|1623|27.620027542114258
64|1643|31.667282104492188
64|1789|32.93546676635742
64|1862|16.61713981628418
64|1875|15.142496109008789
64|1947|33.79572296142578
64|1979|49.475643157958984
64|1988|19.40597152709961
64|2092|56.17654800415039
64|2094|54.112884521484375
64|2118|26.819164276123047
64|2132|27.201509475708008
64|2181|29.624103546142578
64|2217|32.76554489135742
64|2467|21.447059631347656
64|2556|16.936792373657227
65|75|25.058958053588867
65|101|30.355405807495117
65|105|30.784656524658203
65|194|18.138729095458984
65|260|62.01371765136719
65|280|47.98676681518555
65|469|31.572168350219727
65|915|25.610071182250977
65|922|20.870830535888672
65|1078|24.051843643188477
65|1084|19.390981674194336
65|1090|14.622159004211426
65|1241|27.76609992980957
65|1247|20.05535316467285
65|1253|15.962014198303223
65|1322|26.571651458740234
65|1398|16.308135986328125
65|1403|27.800363540649414
65|1410|20.302671432495117
65|1415|15.641304969787598
65|1480|18.838918685913086
65|1500|38.0367431640625
65|1642|36.79815673828125
65|1645|24.73601531982422
65|1663|57.90391159057617
65|1764|18.761808395385742
65|1788|30.045644760131836
65|1865|68.15180969238281
65|1927|23.56949806213379
65|1969|40.64170837402344
65|1977|34.065067291259766
65|2091|45.371944427490234
65|2095|36.447444915771484
65|2111|28.496152877807617
65|2176|30.581785202026367
65|2180|30.641298294067383
65|2225|15.55085563659668
65|2262|32.575958251953125
65|2264|31.415590286254883
65|2295|42.5360107421875
65|2297|41.46323013305664
65|2373|15.040240287780762
65|2383|16.568784713745117
65|2387|22.912643432617188
65|2417|26.196746826171875
65|2437|41.782684326171875
65|2445|22.01171875
65|2448|17.371206283569336
65|2451|17.492176055908203
65|2457|24.637502670288086
65|2461|29.88127326965332
66|76|26.012439727783203
66|99|25.692466735839844
66|192|17.478639602661133
66|261|56.25425338745117
66|1479|23.413482666015625
66|1541|28.738651275634766
66|1620|32.13112258911133
66|1641|43.87551498413086
66|1646|28.83448600769043
66|1662|61.028053283691406
66|1664|44.40740203857422
66|1705|75.01422119140625
66|1767|21.980499267578125
66|1967|29.058761596679688
66|1975|22.461467742919922
66|1989|25.605792999267578
66|2131|31.574451446533203
66|2134|17.22437286376953
66|2136|19.078155517578125
66|2172|18.599031448364258
66|2179|38.35890579223633
66|2216|21.10706901550293
66|2263|36.73175048828125
66|2382|14.510613441467285
66|2396|27.03767204284668
66|2416|26.317747116088867
66|2436|41.434669494628906
66|2446|21.32777214050293
66|2512|28.126171112060547
66|2537|17.455577850341797
66|2549|18.385066986083984
66|2552|14.505980491638184
66|2557|14.534645080566406
67|1501|31.938255310058594
67|1542|31.298276901245117
67|1647|27.245468139648438
67|1665|36.7872200012207
67|1706|74.49239349365234
67|1834|26.256288528442383
67|2109|43.16033935546875
67|2135|21.959266662597656
67|2151|18.022878646850586
67|2171|27.943614959716797
67|2214|16.79854393005371
67|2233|18.130348205566406
67|2435|32.14793395996094
67|2506|33.335426330566406
68|77|20.371288299560547
68|262|45.26225662231445
68|1543|27.829944610595703
68|1702|14.487333297729492
68|1783|28.409759521484375
68|1826|59.019805908203125
68|1990|24.14253807067871
68|2130|25.844663619995117
68|2210|29.552576065063477
68|2215|19.208696365356445
68|2556|25.573659896850586
69|1665|30.655010223388672
69|1827|37.130733489990234
69|1833|38.121463775634766
69|1867|42.963294982910156
69|1874|19.391555786132812
69|2150|20.923202514648438
69|2232|30.658767700195312
70|78|18.98068618774414
70|263|45.595542907714844
70|2505|14.722898483276367
70|2555|19.016279220581055
71|459|23.280935287475586
71|1502|25.795480728149414
71|1832|39.343807220458984
71|1872|57.63727951049805
71|1878|14.745030403137207
71|2159|34.22224044799805
72|79|19.212934494018555
72|173|41.03057861328125
72|265|67.92829132080078
72|272|44.024417877197266
72|458|20.060800552368164
72|617|25.309654235839844
72|1389|15.901249885559082
72|1544|29.932703018188477
72|1711|70.42377471923828
72|1831|37.0162239074707
72|1838|18.201068878173828
72|1846|20.492116928100586
72|1871|63.80708694458008
72|1883|18.0670166015625
72|1996|23.151626586914062
72|2158|40.32982635498047
72|2202|29.753576278686523
72|2237|35.22501754760742
72|2282|20.465145111083984
72|2327|19.036638259887695
72|2366|23.975339889526367
72|2525|15.400358200073242
73|82|15.077010154724121
73|170|39.82728576660156
73|174|35.05979537963867
73|268|76.12772369384766
73|456|23.027835845947266
73|615|22.067493438720703
73|633|28.7200984954834
73|636|31.875873565673828
73|641|19.13518714904785
73|891|17.47041130065918
73|896|15.440444946289062
73|901|28.392364501953125
73|907|20.922639846801758
73|1054|18.239261627197266
73|1065|17.866445541381836
73|1070|23.194046020507812
73|1217|22.395620346069336
73|1222|18.277999877929688
73|1227|29.81421661376953
73|1233|23.80547523498535
73|1379|19.29693603515625
73|1384|16.051166534423828
73|1390|23.836200714111328
73|1396|21.0753231048584
73|1505|52.692108154296875
73|1547|58.634307861328125
73|1668|89.20967102050781
73|1672|57.898155212402344
73|1675|57.25338363647461
73|1709|70.14599609375
73|1712|70.28852844238281
73|1715|53.51169204711914
73|1829|62.09337615966797
73|1842|14.503913879394531
73|1869|58.68979263305664
73|1885|27.81955337524414
73|1992|15.84805679321289
73|1997|30.852521896362305
73|2156|33.82032775878906
73|2161|17.93352508544922
73|2183|15.01368522644043
73|2186|16.676469802856445
73|2199|17.69594955444336
73|2236|35.410919189453125
73|2238|30.031810760498047
73|2363|21.263059616088867
73|2401|38.402793884277344
73|2479|42.965576171875
73|2482|39.53571701049805
73|2529|17.261865615844727
73|2559|27.04831886291504
74|81|20.894248962402344
74|619|14.42394733428955
74|634|26.30419921875
74|640|20.553409576416016
74|1673|59.53173828125
74|2155|30.911277770996094
74|2235|26.47661781311035
74|2398|26.225555419921875
74|2477|39.36382293701172
74|2483|43.73225402832031
75|2168|16.58763885498047
75|2476|41.75590515136719
75|2484|40.89674758911133
75|2558|19.038156509399414
77|2154|35.3098258972168
77|2485|25.643247604370117
79|2153|27.99344253540039
79|2234|18.506567001342773
81|1125|14.359993934631348
81|1685|22.294105529785156
81|1724|18.4292049407959
81|2566|15.309708595275879
82|121|15.215046882629395
82|130|14.656792640686035
82|376|47.14894104003906
82|489|20.65555763244629
82|1684|33.65409469604492
82|1722|22.86451530456543
82|1726|16.03665542602539
83|292|17.81707000732422
83|381|24.56525993347168
83|526|19.000675201416016
83|1579|14.558207511901855
83|1683|33.7352409362793
83|2212|24.609920501708984
83|2233|20.170665740966797
83|2261|17.373958587646484
83|2509|35.80769348144531
84|291|17.040138244628906
84|520|14.874933242797852
84|2246|15.978135108947754
84|2301|15.393508911132812
85|1622|40.99834442138672
85|1766|23.898279190063477
85|1948|30.09714698791504
85|1978|29.311565399169922
85|2132|20.678382873535156
85|2138|24.35979652404785
85|2213|19.655345916748047
85|2245|15.932085990905762
86|1621|29.039249420166016
86|1644|71.35657501220703
86|1649|37.059165954589844
86|1663|15.235101699829102
86|1764|21.40220069885254
86|1767|19.189294815063477
86|1785|48.62974166870117
86|1865|16.21891212463379
86|1950|44.675411224365234
86|1971|42.69222640991211
86|1988|33.49232864379883
86|2113|56.067501068115234
86|2139|17.65092658996582
86|2181|29.625551223754883
86|2294|15.132488250732422
86|2301|14.725851058959961
86|2464|18.995203018188477
86|2510|29.39118194580078
87|1480|33.391239166259766
87|1784|33.853851318359375
87|1787|57.392494201660156
87|1863|27.464693069458008
87|1968|23.6612548828125
87|2115|50.86128234863281
87|2176|30.218002319335938
87|2179|22.75181007385254
87|2182|16.331846237182617
87|2264|16.5190372467041
87|2297|16.749351501464844
87|2302|15.130036354064941
87|2417|15.64026927947998
87|2449|14.512537956237793
87|2463|20.167804718017578
87|2511|35.177249908447266
87|2548|24.1168212890625
88|1479|22.416643142700195
88|1646|45.29225540161133
88|1664|19.932863235473633
88|1766|18.795873641967773
88|1967|18.897329330444336
88|1977|53.95952606201172
88|2172|21.170883178710938
88|2178|29.32909393310547
88|2263|18.99944496154785
88|2507|17.942909240722656
88|2512|30.447011947631836
89|1622|14.71579647064209
89|1647|55.8399658203125
89|1665|20.26215171813965
89|1823|28.985767364501953
89|1990|18.50275230407715
89|2135|31.72540855407715
89|2171|15.065652847290039
89|2214|19.14534568786621
89|2216|15.446539878845215
90|211|14.400486946105957
90|2140|16.433095932006836
90|2160|28.994115829467773
90|2215|26.608034133911133
91|212|19.068071365356445
91|215|19.47987937927246
91|1844|15.437417030334473
91|1884|15.905444145202637
91|1918|14.8853178024292
91|2157|18.235036849975586
91|2161|21.155319213867188
91|2232|18.619220733642578
92|213|21.908233642578125
92|290|18.162057876586914
94|289|29.12090492248535
94|1833|14.382244110107422
94|1863|16.3394775390625
95|288|34.07903289794922
95|1832|21.548717498779297
95|1872|30.44635772705078
95|2278|17.9291934967041
96|172|28.141950607299805
96|287|37.42751693725586
96|616|31.32004165649414
96|1831|23.697402954101562
96|1871|32.11580276489258
96|1996|54.908935546875
96|2380|15.115448951721191
96|2555|23.1267032623291
97|105|14.534087181091309
97|171|28.012357711791992
97|174|15.954561233520508
97|286|36.10742950439453
97|615|29.149198532104492
97|1505|18.343082427978516
97|1547|27.3422908782959
97|1671|20.52182388305664
97|1870|26.080995559692383
97|1997|49.19217300415039
97|2381|14.238534927368164
97|2481|31.112844467163086
97|2544|14.922307014465332
98|106|17.618825912475586
98|282|35.59612274169922
98|285|35.142601013183594
98|1506|17.74863624572754
98|1672|17.6169376373291
98|2220|14.281453132629395
98|2482|29.797090530395508
99|2476|15.632726669311523
102|275|14.665769577026367
103|262|19.715137481689453
104|263|22.117801666259766
104|2212|18.903377532958984
105|1763|14.470992088317871
106|1622|26.678932189941406
106|1650|20.585275650024414
106|1765|26.83821678161621
106|1948|59.34275817871094
106|2132|16.430957794189453
106|2138|31.3162841796875
106|2211|16.475141525268555
107|264|21.513391494750977
107|850|23.499582290649414
107|865|24.90908432006836
107|880|35.188106536865234
107|1012|26.006118774414062
107|1028|26.739639282226562
107|1043|26.051454544067383
107|1176|24.34396743774414
107|1190|22.31877326965332
107|1206|24.860586166381836
107|1338|20.18235206604004
107|1369|27.84027671813965
107|1623|26.337305068969727
107|1644|29.089618682861328
107|1649|20.251192092895508
107|1785|39.34632873535156
107|1865|22.3147029876709
107|1969|48.72470474243164
107|1988|19.16244888305664
107|2112|29.194263458251953
107|2159|35.06736755371094
107|2181|37.74943923950195
107|2196|18.230022430419922
107|2423|14.583555221557617
108|126|21.230697631835938
108|265|20.13030242919922
108|311|23.711544036865234
108|852|30.291229248046875
108|867|29.77404022216797
108|882|29.00274658203125
108|903|18.921337127685547
108|1014|23.517269134521484
108|1018|18.337095260620117
108|1029|25.624378204345703
108|1045|28.974760055541992
108|1057|19.2947940826416
108|1062|16.590946197509766
108|1177|29.084447860717773
108|1181|17.19294548034668
108|1184|17.467575073242188
108|1192|27.67578887939453
108|1207|28.36885643005371
108|1225|16.240278244018555
108|1228|16.103796005249023
108|1340|25.03000259399414
108|1344|16.23404884338379
108|1347|17.35936737060547
108|1355|34.4818115234375
108|1359|21.062509536743164
108|1370|36.349098205566406
108|1378|16.329641342163086
108|1559|18.984222412109375
108|1642|28.527507781982422
108|1724|53.3031120300293
108|1764|24.87187385559082
108|1786|37.46398162841797
108|1846|42.6451301574707
108|1866|18.21662139892578
108|1918|33.02909469604492
108|1946|15.31576919555664
108|1978|44.675987243652344
108|1989|17.554529190063477
108|2111|24.719825744628906
108|2114|27.44845962524414
108|2158|33.626625061035156
108|2176|33.51507568359375
108|2180|34.152862548828125
108|2210|15.129822731018066
108|2237|19.34387969970703
108|2279|20.113632202148438
108|2296|15.704666137695312
108|2331|19.415342330932617
108|2524|18.490324020385742
108|2546|17.513072967529297
109|123|23.5739803314209
109|127|22.883544921875
109|266|18.648738861083984
109|272|20.32010841369629
109|308|15.177311897277832
109|312|18.852624893188477
109|395|16.20393943786621
109|453|26.77480125427246
109|488|23.230195999145508
109|864|21.43454360961914
109|891|15.662755012512207
109|894|21.446046829223633
109|900|20.98918914794922
109|905|23.018592834472656
109|1054|20.976390838623047
109|1058|19.247886657714844
109|1063|17.48084831237793
109|1067|20.230363845825195
109|1220|16.08108901977539
109|1226|19.56924057006836
109|1231|17.760908126831055
109|1234|16.755918502807617
109|1337|17.60743522644043
109|1352|15.420784950256348
109|1379|16.226337432861328
109|1382|16.19193458557129
109|1385|18.82770538330078
109|1389|28.98769187927246
109|1392|18.547151565551758
109|1396|15.163237571716309
109|1480|50.46451950073242
109|1520|22.533571243286133
109|1561|21.072114944458008
109|1645|25.688478469848633
109|1649|21.667985916137695
109|1684|64.1965560913086
109|1723|43.36865997314453
109|1726|27.117033004760742
109|1763|20.61989402770996
109|1884|38.83964920043945
109|1950|21.31682586669922
109|1971|16.016298294067383
109|2050|20.519699096679688
109|2110|19.985675811767578
109|2115|28.09630584716797
109|2157|27.175764083862305
109|2179|33.750282287597656
109|2183|14.327964782714844
109|2297|16.156417846679688
109|2347|14.672074317932129
109|2401|15.16208267211914
109|2493|17.21537208557129
109|2511|23.07474136352539
109|2523|17.671159744262695
109|2547|17.561111450195312
109|2561|14.364484786987305
110|271|19.965723037719727
110|452|22.59144401550293
110|850|22.505870819091797
110|865|25.177305221557617
110|868|18.475627899169922
110|880|29.16685676574707
110|883|19.076614379882812
110|885|18.41796112060547
110|1012|25.171709060668945
110|1015|20.25521469116211
110|1018|15.090564727783203
110|1028|21.54824447631836
110|1043|25.108131408691406
110|1045|20.109148025512695
110|1175|22.24734878540039
110|1178|19.035654067993164
110|1180|16.700830459594727
110|1183|16.54002571105957
110|1193|23.276092529296875
110|1206|24.999526977539062
110|1209|19.396215438842773
110|1338|22.511693954467773
110|1341|22.093647003173828
110|1343|15.234017372131348
110|1353|18.3913516998291
110|1356|23.959171295166016
110|1369|20.820297241210938
110|1479|34.50065231323242
110|1727|20.920015335083008
110|1843|17.90277862548828
110|1885|34.552284240722656
110|2049|24.216785430908203
110|2056|16.505718231201172
110|2156|15.031693458557129
111|81|22.757848739624023
111|866|17.4307918548584
111|884|15.048379898071289
111|1029|14.303630828857422
111|1355|19.81696128845215
111|1370|16.572654724121094
111|1681|17.388051986694336
111|1824|19.468347549438477
111|1937|28.237424850463867
111|1978|23.021350860595703
111|2048|21.604862213134766
111|2135|22.36871910095215
111|2210|15.471474647521973
111|2564|15.118780136108398
112|1647|54.453163146972656
112|1936|19.59695816040039
112|1990|15.87537956237793
112|2233|15.308051109313965
112|2281|14.870048522949219
113|2215|15.299392700195312
115|2154|14.259521484375
116|1824|19.433040618896484
118|1824|18.245361328125
119|1832|16.386959075927734
119|1872|20.963176727294922
120|616|18.381183624267578
120|1871|20.156875610351562
120|1994|60.737648010253906
120|2043|21.72429656982422
121|1546|19.30573844909668
121|1670|15.827957153320312
121|1831|16.939151763916016
122|1506|19.89958381652832
122|1545|16.60215187072754
122|1668|15.12903881072998
122|1672|14.840380668640137
122|1830|20.335601806640625
122|1870|18.062990188598633
122|1993|39.257530212402344
122|2038|14.72518253326416
122|2481|29.918397903442383
123|1674|14.749127388000488
123|1998|29.79879379272461
123|2477|16.831716537475586
124|2508|29.094669342041016
125|1762|16.825777053833008
125|2212|17.89784812927246
126|289|15.520052909851074
126|1845|39.856842041015625
126|1881|17.68006134033203
126|2158|28.01657485961914
127|288|18.42844581604004
127|1518|14.766209602355957
127|1556|16.192546844482422
127|1622|48.96183395385742
127|1765|63.27694320678711
127|1842|38.51438522338867
127|1844|27.975833892822266
127|2138|28.627695083618164
127|2211|20.653873443603516
128|73|16.129173278808594
128|287|17.693227767944336
128|1519|15.156408309936523
128|1644|41.13642883300781
128|1813|19.061147689819336
128|1885|17.643211364746094
128|1947|19.5562686920166
128|1967|21.736148834228516
128|2102|30.760456085205078
128|2112|29.722949981689453
129|74|18.224029541015625
129|286|18.158464431762695
129|993|16.049875259399414
129|1001|23.461538314819336
129|1004|18.982864379882812
129|1164|21.410930633544922
129|1167|16.849658966064453
129|1486|14.394509315490723
129|1490|14.956188201904297
129|1493|16.902202606201172
129|1642|52.323970794677734
129|1645|27.69989585876465
129|1649|29.333555221557617
129|1785|55.93532943725586
129|1865|16.609561920166016
129|1968|27.679031372070312
129|1979|25.188570022583008
129|2101|30.855260848999023
129|2113|36.946929931640625
129|2181|16.05120086669922
130|282|22.015907287597656
130|285|21.136001586914062
130|1165|16.84232521057129
130|1620|18.295082092285156
130|1624|23.38905143737793
130|1764|49.798622131347656
130|1766|38.52656173706055
130|1786|49.08790969848633
130|1946|26.892040252685547
130|2114|44.84813690185547
130|2137|23.46507453918457
130|2175|35.072364807128906
130|2296|14.523733139038086
130|2449|18.243967056274414
130|2510|21.15785789489746
131|1007|15.112494468688965
131|1170|16.652393341064453
131|1479|49.381317138671875
131|1489|15.00890064239502
131|1646|24.854326248168945
131|1721|25.789440155029297
131|1864|16.993928909301758
131|2115|42.158851623535156
131|2214|18.05474281311035
131|2297|15.361872673034668
131|2466|24.247024536132812
132|1766|39.059654235839844
132|1783|18.788421630859375
132|1787|37.74646759033203
132|1808|14.385323524475098
132|1811|17.797868728637695
132|1916|20.88238525390625
132|2511|20.25388526916504
133|1540|14.968424797058105
133|1646|25.71104621887207
133|1767|31.1234073638916
133|1810|23.839799880981445
133|2136|35.16498947143555
133|2512|20.47991943359375
134|1647|44.99232482910156
134|1824|16.247209548950195
134|2135|36.689537048339844
134|2210|16.240604400634766
135|126|17.186120986938477
135|1681|30.99823760986328
135|1721|39.89186096191406
135|1724|17.066823959350586
135|2214|19.835777282714844
136|123|20.962871551513672
136|374|14.239933967590332
136|490|16.795637130737305
136|493|15.081074714660645
136|1722|42.15531539916992
136|1782|34.90679931640625
136|2052|25.669219970703125
136|2215|25.87633514404297
137|122|17.452226638793945
137|491|18.376625061035156
137|1729|15.550525665283203
137|2053|17.51139259338379
138|449|14.795560836791992
138|1682|49.2421875
138|1730|15.362689018249512
138|2049|15.250118255615234
138|2054|16.283903121948242
139|1498|14.29681396484375
142|1878|16.641687393188477
143|1544|14.850505828857422
143|1762|30.646764755249023
144|972|17.42658233642578
144|977|14.90987491607666
144|979|16.990083694458008
144|1135|17.059221267700195
144|1139|17.327131271362305
144|1301|15.881645202636719
144|1328|14.18457317352295
144|1333|15.9622163772583
144|1460|16.547983169555664
144|1465|17.31448745727539
144|1470|15.391766548156738
144|1475|19.78795623779297
144|1553|20.295835494995117
144|1838|29.147640228271484
144|1992|37.51800537109375
144|2041|23.59539031982422
144|2108|14.340703010559082
145|632|15.785079002380371
145|971|15.465339660644531
145|980|19.994089126586914
145|982|16.746864318847656
145|987|18.171527862548828
145|990|16.315664291381836
145|1134|16.76799774169922
145|1140|16.055927276611328
145|1142|24.849756240844727
145|1150|18.00080108642578
145|1152|18.10367774963379
145|1297|19.695825576782227
145|1305|17.771738052368164
145|1468|19.548912048339844
145|1514|24.491479873657227
145|1546|23.058982849121094
145|1554|15.246901512145996
145|1715|18.140995025634766
145|1758|16.644309997558594
145|1831|17.03142547607422
145|2157|25.346059799194336
145|2508|15.200641632080078
146|637|14.76764965057373
146|981|14.207666397094727
146|1471|14.366035461425781
146|1505|24.064855575561523
146|1548|20.934555053710938
146|1668|19.110246658325195
146|1671|20.970733642578125
146|1714|14.498411178588867
146|1870|17.518739700317383
146|1957|14.525274276733398
146|2039|14.486419677734375
146|2402|17.41685676574707
146|2478|24.70764923095703
146|2481|21.952598571777344
147|854|14.293957710266113
147|971|14.35106372833252
147|985|16.334999084472656
147|1144|15.263006210327148
147|1194|15.059121131896973
147|1296|14.860650062561035
147|1355|15.894213676452637
147|1619|15.621131896972656
147|1672|22.974246978759766
147|1675|31.12994384765625
147|1719|22.5991153717041
147|1830|17.851640701293945
147|1836|24.40003204345703
147|1869|14.497937202453613
147|1875|15.090621948242188
147|1993|25.379894256591797
147|2035|17.18677520751953
147|2093|27.558155059814453
147|2155|15.526610374450684
147|2464|24.793048858642578
147|2482|17.801488876342773
147|2545|17.767946243286133
148|1763|22.836071014404297
148|2094|16.66238021850586
148|2108|16.73772621154785
148|2132|22.90667724609375
148|2476|38.82511520385742
149|1499|22.486337661743164
149|1621|18.01840591430664
149|1678|31.59767723083496
149|2443|15.108338356018066
150|1552|15.894584655761719
150|1641|27.32853889465332
150|1650|32.388275146484375
150|1812|15.255558967590332
150|1835|21.510009765625
150|1988|18.80820655822754
150|2112|33.42696762084961
151|1663|17.23388671875
151|1865|52.64750671386719
151|2111|33.670494079589844
151|2133|16.858205795288086
151|2174|36.595558166503906
151|2265|15.478703498840332
151|2296|40.43831253051758
151|2453|37.303924560546875
152|1500|15.858572006225586
152|1620|29.040882110595703
152|1763|17.40168571472168
152|1767|20.68766975402832
152|1989|20.898653030395508
152|2110|35.93601608276367
152|2114|18.76880645751953
152|2173|36.76116180419922
152|2297|40.446346282958984
152|2445|43.32304382324219
152|2448|28.80019760131836
152|2462|17.24349594116211
152|2507|14.831995010375977
153|1624|24.8911190032959
153|1662|19.732227325439453
153|1766|17.424047470092773
153|1789|24.724760055541992
153|2109|37.5394401550293
153|2131|19.062482833862305
153|2134|20.792203903198242
153|2154|16.30716323852539
153|2172|24.711727142333984
153|2284|19.63365936279297
153|2446|52.539730072021484
153|2463|17.076818466186523
154|1664|21.529767990112305
154|1705|20.127727508544922
154|1760|19.190288543701172
154|1834|15.992132186889648
154|1966|23.70566749572754
154|2116|28.102558135986328
154|2283|15.26579475402832
155|1551|17.56045913696289
155|1704|21.425310134887695
155|1980|24.534866333007812
155|2090|16.551010131835938
155|2171|21.382034301757812
155|2302|23.45368766784668
155|2434|17.418777465820312
155|2512|21.106813430786133
156|1540|40.90814208984375
156|1624|22.58861541748047
156|1665|27.668212890625
156|2135|22.434160232543945
156|2170|15.599969863891602
157|1834|14.905143737792969
157|1867|23.083221435546875
157|2090|19.056800842285156
158|1501|27.360612869262695
158|1661|17.424848556518555
158|1702|31.89520263671875
158|1826|32.81313705444336
158|1990|23.8685245513916
159|1666|20.94457244873047
159|1754|16.20154571533203
159|1782|16.296297073364258
159|1874|14.30268383026123
159|2130|16.02115821838379
160|1508|21.423465728759766
160|1543|30.579103469848633
160|1867|20.395275115966797
161|447|16.505901336669922
161|1109|14.527865409851074
161|1833|19.91817283630371
162|933|22.795146942138672
162|948|21.016347885131836
162|963|19.282001495361328
162|966|22.765344619750977
162|1096|20.30660629272461
162|1111|18.078584671020508
162|1126|16.84457778930664
162|1258|16.90695571899414
162|1262|16.599809646606445
162|1264|19.889516830444336
162|1274|23.694660186767578
162|1289|24.146526336669922
162|1309|15.326187133789062
162|1421|18.74027442932129
162|1427|16.373044967651367
162|1436|16.698244094848633
162|1666|22.170747756958008
162|1827|21.339832305908203
162|1874|19.61353874206543
162|1991|15.927050590515137
163|936|19.53882598876953
163|945|18.78789710998535
163|951|18.905662536621094
163|960|14.633495330810547
163|1099|17.77566146850586
163|1108|16.961029052734375
163|1114|19.413211822509766
163|1122|15.975141525268555
163|1129|20.427120208740234
163|1261|15.424863815307617
163|1270|15.555887222290039
163|1277|16.42713165283203
163|1285|15.197039604187012
163|1292|18.863805770874023
163|1312|16.334463119506836
163|1424|18.923707962036133
163|1440|22.029071807861328
163|1455|21.769622802734375
163|1502|26.069358825683594
163|1762|14.986730575561523
163|1868|15.062943458557129
163|2007|32.980674743652344
163|2237|15.192420959472656
164|938|14.295689582824707
164|947|20.543603897094727
164|962|21.1433048248291
164|1097|16.37572479248047
164|1107|15.78600025177002
164|1110|19.28864288330078
164|1113|16.67515754699707
164|1130|17.118532180786133
164|1257|19.762882232666016
164|1260|16.744958877563477
164|1275|15.879537582397461
164|1291|18.967634201049805
164|1308|14.22245979309082
164|1423|17.954017639160156
164|1428|14.816380500793457
164|1454|16.637483596801758
164|1544|23.001571655273438
164|1957|25.099361419677734
164|2401|22.11444854736328
165|932|21.6401424407959
165|939|15.090784072875977
165|950|15.536128044128418
165|1095|14.238066673278809
165|1101|16.12981414794922
165|1125|14.961630821228027
165|1264|20.7722225189209
165|1273|18.63686752319336
165|1315|16.75209617614746
165|1420|18.68232536315918
165|1427|19.905071258544922
165|1438|17.648681640625
165|1451|14.869994163513184
165|1453|16.02376937866211
165|1666|24.133827209472656
165|1833|30.67474365234375
166|1422|17.654815673828125
166|1450|14.194685935974121
166|1508|26.64832878112793
166|1827|18.52723503112793
166|1873|41.153228759765625
166|1928|17.325225830078125
167|534|14.29178237915039
167|1543|17.629165649414062
167|1755|16.163471221923828
167|1832|30.709741592407227
167|1872|45.63535690307617
168|533|15.782036781311035
168|1871|32.05339813232422
169|1508|21.112953186035156
169|1547|33.88444900512695
169|1711|51.99533462524414
169|1828|20.332490921020508
169|1831|34.79003143310547
169|2034|17.93136215209961
169|2132|15.852705955505371
169|2225|15.046062469482422
170|1499|14.746874809265137
170|1507|28.46187973022461
170|1546|38.01148223876953
170|1671|48.6472282409668
170|1713|52.24589538574219
170|1870|34.45528030395508
170|1928|18.963619232177734
170|2035|20.458728790283203
170|2038|16.249753952026367
171|1500|15.303131103515625
171|1506|34.1146125793457
171|1545|30.273733139038086
171|1640|16.23630142211914
171|1668|38.55309295654297
171|1672|38.68254089355469
171|1676|43.1626091003418
171|1709|49.44870376586914
171|1715|57.924339294433594
171|1830|43.28078842163086
171|1869|34.364383697509766
171|1988|31.345918655395508
171|2036|20.153348922729492
172|1663|23.585180282592773
172|1674|34.84353256225586
172|2218|17.996212005615234
173|1603|15.629008293151855
173|2225|14.639698028564453
173|2264|19.103601455688477
173|2293|21.437257766723633
173|2455|31.415897369384766
174|1651|14.812685012817383
174|1662|19.316116333007812
174|1926|39.09086608886719
174|2173|18.5604248046875
174|2417|17.475786209106445
174|2437|38.04079818725586
174|2462|27.029979705810547
175|1705|29.913179397583008
175|1789|17.024539947509766
175|2117|22.357786178588867
175|2416|18.65657615661621
176|1541|15.392983436584473
176|1926|25.45306396484375
176|1986|23.331254959106445
176|2172|23.252899169921875
176|2263|24.624296188354492
177|1704|17.12209701538086
177|2171|24.939006805419922
177|2275|18.808597564697266
177|2435|19.11473274230957
178|2170|22.544843673706055
179|2151|14.781632423400879
179|2274|14.557700157165527
180|2032|19.424976348876953
180|2228|16.727298736572266
181|902|15.264449119567871
181|1053|16.05698013305664
181|1057|14.972635269165039
181|1062|15.023716926574707
181|1067|14.221417427062988
181|1228|19.17024803161621
181|1390|15.448878288269043
181|1396|15.939247131347656
181|2227|20.6219482421875
181|2399|18.9352970123291
182|2560|15.971263885498047
183|1570|18.07275390625
183|1959|27.758079528808594
185|1652|19.187559127807617
191|2063|16.869625091552734
192|914|19.960996627807617
192|919|23.82872200012207
192|925|25.325298309326172
192|1075|21.12632179260254
192|1077|26.58970832824707
192|1081|25.37487030029297
192|1087|23.729440689086914
192|1238|20.078203201293945
192|1240|21.600263595581055
192|1244|22.805845260620117
192|1246|25.208810806274414
192|1251|19.252498626708984
192|1320|24.884716033935547
192|1322|24.387739181518555
192|1325|24.35281753540039
192|1400|23.4913387298584
192|1403|20.87696647644043
192|1406|21.552749633789062
192|1410|19.19131851196289
192|1414|20.67572593688965
192|1691|17.513248443603516
192|1733|22.956649780273438
193|913|20.780094146728516
193|917|21.305036544799805
193|920|22.54157829284668
193|927|19.550559997558594
193|929|14.261028289794922
193|1076|23.04703140258789
193|1082|26.586088180541992
193|1090|17.72966766357422
193|1239|21.824344635009766
193|1243|19.072893142700195
193|1245|26.679487228393555
193|1250|19.609636306762695
193|1402|21.182552337646484
193|1408|22.141620635986328
194|918|22.464258193969727
194|1415|23.826377868652344
194|2058|14.821704864501953
194|2369|24.15266990661621
194|2487|14.355793952941895
195|919|22.264284133911133
195|926|16.797391891479492
195|1089|18.26905059814453
195|1251|18.594839096069336
195|1407|19.02722930908203
195|2017|16.68613052368164
195|2229|14.435991287231445
195|2367|34.76420211791992
195|2459|21.84535789489746
196|2375|25.29384422302246
196|2416|14.846476554870605
199|1571|16.4832820892334
199|2364|17.0872745513916
200|1572|19.457687377929688
201|1573|15.247150421142578
203|2030|23.520679473876953
217|1611|16.34534454345703
218|894|14.294524192810059
218|903|14.58254623413086
218|908|15.950235366821289
218|1053|16.442398071289062
218|1065|14.488012313842773
218|1216|15.395057678222656
218|1378|14.789551734924316
218|2060|15.705204010009766
218|2064|14.924792289733887
219|899|15.567424774169922
219|1382|15.794105529785156
219|2059|15.803845405578613
219|2066|18.542774200439453
226|2030|15.66646671295166
241|2041|22.686176300048828
242|2040|25.369741439819336
243|2039|24.784502029418945
244|1692|15.240718841552734
244|2037|15.806877136230469
245|1693|16.11028289794922
245|1704|14.202725410461426
245|1734|15.423285484313965
245|2036|14.849620819091797
246|1733|16.835247039794922
246|2065|15.074006080627441
247|1737|15.656502723693848
248|1732|16.566884994506836
249|2017|17.795398712158203
253|1571|14.207429885864258
254|1572|18.639116287231445
255|1573|17.49637794494629
263|1473|15.718252182006836
269|1829|16.410703659057617
271|1897|15.061278343200684
272|1896|16.964399337768555
272|2063|20.79681968688965
273|2060|20.465972900390625
273|2067|35.30934524536133
274|2059|18.401302337646484
312|1804|17.340822219848633
352|1686|17.56378936767578
355|1726|15.570147514343262
356|1727|20.583311080932617
357|469|14.242525100708008
357|1737|15.566412925720215
388|2452|16.600732803344727
389|2456|14.305234909057617
389|2459|15.015886306762695
390|2460|16.460586547851562
391|2449|15.524219512939453
391|2461|14.670801162719727
517|575|15.172051429748535
518|576|14.682934761047363
520|571|16.175081253051758
542|1692|16.323389053344727
560|2480|16.058656692504883
561|2479|19.163190841674805
565|2174|17.643692016601562