Here with me
Marshmello
Chvrches
EDM
here_with_me
2049x2584
2857

3|1035|93.57256317138672
3|1216|80.95817565917969
3|2504|251.186767578125
3|2510|256.2711181640625
3|2516|257.7325134277344
4|844|365.7013854980469
4|982|230.31027221679688
4|985|219.81285095214844
4|989|223.78680419921875
4|992|223.44944763183594
4|999|222.97494506835938
4|1002|214.47364807128906
4|1005|220.59617614746094
4|1012|453.2295227050781
4|1018|201.9356231689453
4|1026|216.39892578125
4|1029|218.3000030517578
4|1039|275.1781311035156
4|1044|206.4136962890625
4|1189|226.79823303222656
4|1192|220.08236694335938
4|1198|224.59231567382812
4|1201|222.6604461669922
4|1209|223.39158630371094
4|1211|219.7378387451172
4|1221|206.70852661132812
4|1225|202.36474609375
4|1233|215.58724975585938
4|1236|224.8486785888672
4|1251|201.98150634765625
4|1396|222.54171752929688
4|1402|219.3458251953125
4|1405|222.2751007080078
4|1409|221.95755004882812
4|1411|222.1227569580078
4|1416|220.85023498535156
4|1432|199.9766387939453
4|1437|216.0915069580078
4|1441|220.93492126464844
4|1444|219.38430786132812
4|1452|392.2107849121094
4|1457|201.78012084960938
4|1472|235.23194885253906
4|1476|245.89125061035156
4|1482|249.80967712402344
4|1489|230.26495361328125
4|1493|236.2547149658203
4|1498|236.83071899414062
4|1529|360.5212097167969
4|1605|229.39854431152344
4|1610|222.1531524658203
4|1612|222.19082641601562
4|1809|223.9053497314453
4|1814|242.24072265625
4|1819|241.35580444335938
4|1823|229.2228240966797
4|1826|227.41197204589844
4|1831|254.56654357910156
4|1833|251.30828857421875
4|1838|241.77740478515625
4|1844|254.12582397460938
4|1850|232.27685546875
4|1857|255.9573516845703
4|1866|249.73699951171875
4|1869|237.0283660888672
4|1872|250.6056365966797
4|2016|226.9061279296875
4|2020|237.17971801757812
4|2026|245.0363006591797
4|2032|236.40072631835938
4|2039|255.27793884277344
4|2044|245.69720458984375
4|2046|247.399169921875
4|2049|244.6396026611328
4|2056|218.40074157714844
4|2060|231.7698211669922
4|2065|235.67596435546875
4|2071|243.08676147460938
4|2079|268.3763732910156
4|2223|233.81198120117188
4|2226|240.83372497558594
4|2232|251.59536743164062
4|2236|236.93832397460938
4|2240|248.20350646972656
4|2246|253.70367431640625
4|2253|250.33807373046875
4|2258|268.7995300292969
4|2264|261.25640869140625
4|2267|257.1818542480469
4|2270|261.50335693359375
4|2275|268.8755798339844
4|2278|263.8525085449219
4|2281|273.25164794921875
4|2284|258.7741394042969
4|2498|364.7396545410156
5|879|228.22796630859375
5|881|226.5621795654297
5|889|227.2691650390625
5|894|224.13267517089844
5|897|223.6975860595703
5|900|222.51522827148438
5|904|197.21128845214844
5|907|642.4686889648438
5|915|201.23458862304688
5|921|212.69190979003906
5|928|220.80726623535156
5|932|219.4287109375
5|936|222.78782653808594
5|939|223.3212127685547
5|946|428.533447265625
5|959|240.8657989501953
5|963|239.6977081298828
5|966|239.53814697265625
5|973|247.59811401367188
5|980|244.51605224609375
5|1011|495.38275146484375
5|1036|599.7604370117188
5|1050|574.2385864257812
5|1085|226.2317657470703
5|1088|221.3458251953125
5|1091|216.73712158203125
5|1093|218.1576385498047
5|1097|227.4909210205078
5|1102|224.20590209960938
5|1106|224.57244873046875
5|1122|205.84288024902344
5|1127|216.56842041015625
5|1132|214.57579040527344
5|1136|219.69789123535156
5|1139|223.58700561523438
5|1143|221.30239868164062
5|1146|221.1468048095703
5|1153|541.7239990234375
5|1160|213.1710662841797
5|1164|238.5700225830078
5|1170|240.60595703125
5|1173|238.67503356933594
5|1178|243.15237426757812
5|1180|240.80613708496094
5|1183|245.71205139160156
5|1186|246.98219299316406
5|1217|547.9639282226562
5|1243|566.4388427734375
5|1256|604.7216796875
5|1292|223.7842254638672
5|1297|221.44125366210938
5|1301|222.0426483154297
5|1303|221.1080780029297
5|1306|219.36814880371094
5|1310|223.5365753173828
5|1313|227.1792755126953
5|1321|623.3585815429688
5|1328|193.21661376953125
5|1335|214.12503051757812
5|1340|216.8245086669922
5|1344|219.863037109375
5|1348|221.18698120117188
5|1351|221.14381408691406
5|1360|503.26007080078125
5|1374|246.8899383544922
5|1379|246.3666534423828
5|1388|239.623779296875
5|1393|240.12547302246094
5|1424|514.109375
5|1450|557.1168212890625
5|1462|570.4755859375
5|1502|217.86761474609375
5|1506|221.68612670898438
5|1510|222.597412109375
5|1514|219.50743103027344
5|1519|219.82891845703125
5|1522|217.6811981201172
5|1527|622.5103759765625
5|1535|204.3370361328125
5|1539|203.96275329589844
5|1544|218.6669464111328
5|1546|218.32891845703125
5|1552|219.41209411621094
5|1557|222.76368713378906
5|1560|222.76210021972656
5|1566|476.9171447753906
5|1580|226.2279815673828
5|1584|229.5641326904297
5|1596|225.95570373535156
5|1600|227.41839599609375
5|1710|306.552490234375
5|1715|311.3519287109375
5|1717|309.4285888671875
5|1720|324.55841064453125
5|1723|311.4554748535156
5|1730|326.058837890625
5|1736|334.85150146484375
5|1741|335.26239013671875
5|1752|345.8536682128906
5|1759|313.2237548828125
5|1762|315.77752685546875
5|1767|328.376708984375
5|1776|300.7622985839844
5|1787|312.401611328125
5|1793|287.3823547363281
5|1798|270.9676818847656
5|1807|322.6534423828125
5|1873|228.3798828125
5|1913|316.9044189453125
5|1916|331.96453857421875
5|1923|355.51458740234375
5|1929|345.7668762207031
5|1933|346.38775634765625
5|1936|352.3592529296875
5|1938|353.2585754394531
5|1942|346.6845703125
5|1946|347.6773376464844
5|1953|324.5293884277344
5|1957|316.7748718261719
5|1961|306.2437744140625
5|1966|298.59515380859375
5|1973|312.4090576171875
5|1977|291.3199157714844
5|1984|298.9727478027344
5|1988|296.7297058105469
5|1994|320.6164855957031
5|1999|315.7420654296875
5|2010|309.0206298828125
5|2014|275.52532958984375
5|2120|315.81292724609375
5|2124|323.581298828125
5|2127|326.334716796875
5|2131|331.8802185058594
5|2135|320.8372497558594
5|2139|316.65966796875
5|2142|313.24249267578125
5|2145|311.53741455078125
5|2150|311.3023986816406
5|2153|307.8114013671875
5|2160|258.7698059082031
5|2167|270.1048278808594
5|2172|285.7274169921875
5|2177|294.0550537109375
5|2180|291.9222412109375
5|2186|283.046875
5|2194|304.92669677734375
5|2200|320.6839599609375
5|2205|310.3207092285156
5|2213|307.2673645019531
5|2219|325.2767028808594
5|2290|567.9192504882812
5|2328|246.74557495117188
5|2335|269.5456848144531
5|2342|554.2202758789062
5|2350|276.8069152832031
5|2358|310.541259765625
5|2368|531.2974243164062
5|2383|337.6083068847656
5|2536|642.5413208007812
5|2542|237.33819580078125
5|2545|252.80322265625
5|2548|262.5530700683594
5|2553|264.5596618652344
5|2555|252.38751220703125
5|2567|227.20785522460938
5|2574|226.91270446777344
5|2578|232.2128448486328
5|2580|233.18051147460938
5|2582|237.6263427734375
6|841|692.4688720703125
6|846|222.1475372314453
6|851|246.3981475830078
6|858|260.12200927734375
6|861|259.1456298828125
6|870|249.46449279785156
6|876|248.4485626220703
6|906|617.072998046875
6|945|527.3860473632812
6|1009|567.3025512695312
6|1035|657.53955078125
6|1048|548.7130126953125
6|1059|247.51287841796875
6|1063|253.49249267578125
6|1067|257.2010498046875
6|1077|238.92263793945312
6|1080|248.3685302734375
6|1083|248.26783752441406
6|1113|566.7222900390625
6|1151|534.2589721679688
6|1216|585.8729858398438
6|1242|622.0654296875
6|1255|663.3140869140625
6|1275|257.9270935058594
6|1283|243.1730194091797
6|1287|251.20884704589844
6|1319|565.5977172851562
6|1358|529.00244140625
6|1423|567.6537475585938
6|1448|606.5339965820312
6|1461|601.2837524414062
6|1526|641.90966796875
6|1565|544.3729858398438
6|1670|282.54278564453125
6|1678|292.7638244628906
6|1680|291.09722900390625
6|1689|320.0725402832031
6|1703|370.0975036621094
6|1876|389.5722351074219
6|1881|405.5052795410156
6|1887|422.3171691894531
6|1890|429.6438293457031
6|1897|433.2044982910156
6|1905|427.6667785644531
6|1908|433.209716796875
6|2082|395.28692626953125
6|2091|409.8959655761719
6|2103|372.9349060058594
6|2111|336.7774658203125
6|2118|321.3482666015625
6|2289|643.8422241210938
6|2297|257.0905456542969
6|2305|281.73876953125
6|2309|300.42608642578125
6|2314|591.9843139648438
6|2323|283.6664123535156
6|2340|606.8905029296875
6|2366|588.4048461914062
6|2495|745.5220336914062
6|2500|161.99342346191406
6|2502|147.36500549316406
6|2507|160.1305694580078
6|2514|119.19596862792969
6|2520|192.420654296875
6|2534|701.4588623046875
6|2560|685.9618530273438
7|840|481.1985778808594
7|905|489.59515380859375
7|1008|425.9275207519531
7|1034|511.8221435546875
7|1047|474.27191162109375
7|1215|453.6514587402344
7|1318|423.7523193359375
7|1357|425.0330810546875
7|1525|517.0171508789062
7|1810|152.54405212402344
7|1814|154.2144775390625
7|1818|175.44615173339844
7|1823|164.0144500732422
7|1825|167.3693389892578
7|1832|190.6685028076172
7|1838|163.55873107910156
7|1845|170.29481506347656
7|1854|146.9228973388672
7|1857|149.48745727539062
7|1863|138.62754821777344
7|1866|136.2586212158203
7|1871|130.25071716308594
7|2018|157.23500061035156
7|2021|157.2388153076172
7|2025|171.86697387695312
7|2032|165.96116638183594
7|2039|168.8080596923828
7|2044|156.2722930908203
7|2050|161.21279907226562
7|2055|144.0553436279297
7|2059|146.12705993652344
7|2064|137.91949462890625
7|2067|134.17201232910156
7|2072|129.5679931640625
7|2077|129.11277770996094
7|2223|149.0032196044922
7|2232|184.47882080078125
7|2238|178.86988830566406
7|2243|172.27316284179688
7|2247|166.91575622558594
7|2256|174.3330535888672
7|2265|167.56991577148438
7|2277|155.1452178955078
7|2284|140.91604614257812
7|2494|553.5409545898438
8|1111|339.3539733886719
8|1869|127.91334533691406
8|2076|134.1595458984375
8|2222|85.76496887207031
8|2282|145.03550720214844
8|2558|395.65301513671875
9|904|278.9211120605469
9|1046|265.0403137207031
9|1808|85.9625015258789
9|2505|100.99444580078125
9|2507|97.63214874267578
9|2512|93.57523345947266
9|2515|83.13068389892578
9|2536|117.63167572021484
9|2543|151.9984130859375
9|2550|128.3610382080078
9|2555|140.62631225585938
9|2568|182.08120727539062
9|2574|163.15170288085938
9|2576|169.33531188964844
10|1162|61.32609939575195
10|1168|62.78031539916992
10|1666|81.2610092163086
10|1771|179.5857696533203
10|1781|168.63465881347656
10|1786|196.55218505859375
10|1799|110.4300308227539
10|1804|136.43777465820312
10|1977|186.441162109375
10|1980|165.5789794921875
10|1983|153.3572235107422
10|1988|139.6854705810547
10|1993|155.41844177246094
10|2000|150.08590698242188
10|2005|114.54912567138672
10|2010|138.62767028808594
10|2184|156.49417114257812
10|2189|119.42719268798828
10|2195|142.5605926513672
10|2200|162.88075256347656
10|2205|144.75404357910156
10|2213|113.91922760009766
10|2338|247.0684814453125
10|2388|78.31965637207031
11|746|61.86138916015625
11|904|277.18817138671875
11|1033|295.8783874511719
11|1149|204.96188354492188
11|1214|276.5627746582031
11|1240|296.20709228515625
11|1356|238.78077697753906
11|1524|266.16351318359375
11|1563|277.0311584472656
11|1580|59.878902435302734
11|1612|73.96592712402344
11|1707|244.39833068847656
11|1711|258.3215026855469
11|1716|221.2379913330078
11|1722|228.07192993164062
11|1726|220.1163330078125
11|1736|169.2771759033203
11|1740|174.58421325683594
11|1747|156.65159606933594
11|1752|156.77015686035156
11|1759|140.17164611816406
11|1805|163.63632202148438
11|1818|65.79107666015625
11|1823|64.93067932128906
11|1832|67.59029388427734
11|1837|70.22276306152344
11|1845|66.99991607666016
11|1850|72.71539306640625
11|1855|70.49263000488281
11|1859|66.4677734375
11|1865|72.25442504882812
11|1869|91.43814849853516
11|1917|226.88983154296875
11|1921|200.39544677734375
11|1924|200.42208862304688
11|1927|200.2999267578125
11|1929|204.9771728515625
11|1936|209.2665252685547
11|1942|175.723388671875
11|1948|182.67791748046875
11|1952|159.66746520996094
11|1954|161.29054260253906
11|1957|158.42559814453125
11|1961|155.3502655029297
11|1966|144.08074951171875
11|2012|148.63462829589844
11|2028|62.07025909423828
11|2039|64.35804748535156
11|2043|61.60579299926758
11|2046|71.4643325805664
11|2061|70.36016845703125
11|2067|62.36330795288086
11|2070|63.84176254272461
11|2075|88.80995178222656
11|2121|226.24734497070312
11|2125|241.71713256835938
11|2130|209.4760284423828
11|2137|207.16513061523438
11|2139|206.21282958984375
11|2142|198.83633422851562
11|2153|164.1320037841797
11|2160|140.57476806640625
11|2170|160.927490234375
11|2175|142.29209899902344
11|2219|159.90211486816406
11|2225|61.51797103881836
11|2233|64.1005859375
11|2265|70.64390563964844
11|2271|65.77628326416016
11|2275|62.335487365722656
11|2278|64.72515869140625
11|2282|111.07505798339844
11|2286|273.9528503417969
11|2312|240.4553985595703
11|2327|201.41822814941406
11|2336|192.2390899658203
11|2346|178.01866149902344
11|2352|160.78997802734375
11|2359|155.30101013183594
11|2364|326.03875732421875
11|2372|149.0082244873047
11|2375|137.44508361816406
11|2380|163.3137969970703
11|2532|361.3198547363281
12|429|69.92719268798828
12|433|68.2244644165039
12|441|67.27330780029297
12|839|274.27435302734375
12|1007|246.16390991210938
12|1046|324.21929931640625
12|1317|244.0941925048828
12|1421|240.33734130859375
12|1447|264.707275390625
12|1669|106.85340118408203
12|1675|71.30429077148438
12|1680|74.29129028320312
12|1686|88.84418487548828
12|1694|75.39683532714844
12|1702|62.17987060546875
12|1875|170.96142578125
12|1880|152.66375732421875
12|1894|100.72949981689453
12|1897|98.60533905029297
12|1903|83.00736236572266
12|2084|87.89248657226562
12|2103|63.84149932861328
12|2110|65.8304214477539
12|2294|84.0508041381836
12|2299|79.74000549316406
12|2304|75.43209838867188
12|2308|65.17343139648438
12|2500|68.89181518554688
12|2505|87.94075775146484
12|2508|106.34049987792969
12|2513|90.82659149169922
12|2515|89.9604263305664
13|1446|238.28155517578125
13|1459|242.32225036621094
13|1666|67.3485336303711
13|1704|77.93085479736328
13|2286|277.1683044433594
13|2324|65.6597900390625
13|2338|257.917236328125
13|2493|295.2795104980469
13|2569|67.90897369384766
14|156|81.43225860595703
14|163|66.29119110107422
14|165|66.59981536865234
14|1149|194.8505859375
14|1170|90.53939056396484
14|1396|78.3644027709961
14|1771|61.8287467956543
14|1775|65.07037353515625
14|1785|64.2643814086914
14|1806|62.156131744384766
14|1809|61.48312759399414
14|1860|64.34168243408203
14|1980|69.22311401367188
14|1984|72.30675506591797
14|1992|71.97042846679688
14|1998|101.29776763916016
14|2006|72.07332611083984
14|2186|66.16377258300781
14|2190|63.831695556640625
14|2195|59.65876770019531
14|2199|71.31205749511719
14|2204|67.51658630371094
14|2207|65.39979553222656
14|2212|61.3904914855957
14|2221|96.71171569824219
14|2259|83.6664047241211
14|2272|71.38487243652344
14|2276|67.94529724121094
14|2279|62.208248138427734
14|2542|60.995811462402344
14|2544|66.14421081542969
14|2548|66.41283416748047
14|2554|88.94837951660156
14|2557|240.84727478027344
14|2562|63.61219787597656
14|2565|62.422584533691406
14|2568|73.67272186279297
14|2571|71.24011993408203
14|2574|84.35347747802734
14|2580|86.42728424072266
15|942|146.16671752929688
15|1110|163.28370666503906
15|1562|156.5453643798828
15|1770|65.80859375
15|1804|62.92357635498047
15|1807|64.26321411132812
15|1873|70.0718765258789
15|1976|72.12979125976562
15|2011|72.69026184082031
15|2014|85.85050201416016
15|2079|70.90908813476562
15|2183|90.82359313964844
15|2203|65.64244079589844
15|2208|61.32875442504883
15|2217|61.05466842651367
15|2274|66.72982025146484
16|635|83.75276947021484
16|647|67.57191467285156
16|1471|83.43777465820312
16|1474|87.36542510986328
16|1706|75.93708038330078
16|1710|88.30836486816406
16|1716|99.63005065917969
16|1720|84.77474212646484
16|1726|97.71817016601562
16|1736|71.01728820800781
16|1739|79.80184173583984
16|1749|67.68644714355469
16|1752|73.6651382446289
16|1763|84.40328979492188
16|1769|83.39620971679688
16|1808|62.14655685424805
16|1913|66.96073150634766
16|1922|103.88888549804688
16|1927|91.84817504882812
16|1933|88.31736755371094
16|1937|90.2697525024414
16|1942|92.873046875
16|1947|85.06334686279297
16|1958|71.74801635742188
16|1961|66.57381439208984
16|1971|85.77566528320312
16|1975|81.81991577148438
16|2130|89.35623168945312
16|2133|79.04885864257812
16|2135|77.63484191894531
16|2138|82.91250610351562
16|2140|80.87831115722656
16|2143|81.26211547851562
16|2152|86.53488159179688
16|2156|81.67243957519531
16|2161|71.84574127197266
16|2167|71.08490753173828
16|2171|73.23808288574219
16|2174|68.43048858642578
16|2177|82.73887634277344
16|2182|92.52706146240234
16|2330|63.18732833862305
16|2338|181.7770233154297
16|2342|69.56776428222656
16|2349|87.50452423095703
16|2359|92.66424560546875
16|2377|72.69981384277344
16|2384|84.73497009277344
17|1705|68.25506591796875
17|1807|72.09900665283203
17|1873|76.23792266845703
17|1912|72.58631134033203
17|2126|72.32078552246094
17|2363|134.7447967529297
18|982|75.73082733154297
18|1007|113.30524444580078
18|1420|116.12387084960938
18|1499|60.56288528442383
18|1667|117.94357299804688
18|1675|159.7435760498047
18|1686|87.36660766601562
18|1704|72.28942108154297
18|1808|66.34549713134766
18|1875|126.98487854003906
18|1880|123.02067565917969
18|1886|112.7324447631836
18|1896|83.99736022949219
18|2083|98.32259368896484
18|2090|80.85486602783203
18|2098|72.86043548583984
18|2118|70.55072784423828
18|2223|66.51329040527344
18|2289|74.8543701171875
18|2296|103.03746795654297
18|2303|112.74454498291016
18|2308|99.68315124511719
18|2364|100.19760131835938
18|2519|144.3328857421875
18|2571|151.45834350585938
19|646|76.81764221191406
19|839|110.61981201171875
19|904|99.66693115234375
19|1149|112.1907730102539
19|1480|66.22151184082031
19|1774|111.99359130859375
19|1782|69.8990707397461
19|1789|81.25071716308594
19|1795|64.39309692382812
19|1983|122.42583465576172
19|1985|121.33740234375
19|1992|71.93757629394531
19|2187|105.02385711669922
19|2191|106.641845703125
19|2202|59.73341369628906
19|2307|118.33084106445312
20|648|95.36882781982422
20|652|71.69160461425781
20|1479|79.30140686035156
20|2286|99.27413177490234
20|2305|99.36583709716797
20|2312|78.9451904296875
20|2363|92.39149475097656
20|2493|111.02605438232422
21|52|68.22645568847656
21|258|80.8787612915039
21|649|132.52880859375
21|879|83.03470611572266
21|1214|59.789520263671875
21|1317|118.01848602294922
21|1332|69.07599639892578
21|1356|66.06491088867188
21|1478|67.2779541015625
21|1523|118.83446502685547
21|1563|96.37491607666016
21|1810|81.49437713623047
21|1912|136.24610900878906
21|1950|70.34248352050781
21|2015|114.79800415039062
21|2055|70.55509185791016
21|2065|86.3319320678711
21|2303|72.22044372558594
21|2338|92.82498931884766
21|2365|61.877960205078125
21|2370|73.50709533691406
22|53|60.86800765991211
22|66|67.15764617919922
22|70|71.5431137084961
22|77|66.1205825805664
22|80|64.25364685058594
22|259|80.76768493652344
22|271|64.90467834472656
22|274|64.1939468383789
22|362|72.43975830078125
22|466|65.24199676513672
22|478|61.69829177856445
22|484|59.81756591796875
22|491|60.7392578125
22|650|144.5396728515625
22|673|73.1690673828125
22|685|63.375946044921875
22|689|64.40184020996094
22|697|60.27942657470703
22|880|79.744140625
22|885|59.79043197631836
22|889|68.739501953125
22|892|84.29962921142578
22|896|68.63288116455078
22|915|68.56687927246094
22|919|67.56946563720703
22|1086|89.66041564941406
22|1089|88.40769958496094
22|1092|94.54528045654297
22|1096|95.00984191894531
22|1098|98.6720199584961
22|1102|96.10879516601562
22|1128|62.282318115234375
22|1213|74.84561920166016
22|1325|71.4761962890625
22|1328|73.40411376953125
22|1335|77.62175750732422
22|1338|71.7888412475586
22|1514|89.6457290649414
22|1518|90.563232421875
22|1521|85.75415802001953
22|1524|99.7461929321289
22|1530|60.795406341552734
22|1572|67.0303955078125
22|1706|147.1069793701172
22|1708|137.1060028076172
22|1712|134.59825134277344
22|1748|91.9388656616211
22|1752|90.70536804199219
22|1809|82.8779525756836
22|1814|87.96961975097656
22|1819|81.1334457397461
22|1824|64.1753921508789
22|1868|67.34042358398438
22|1917|124.44815063476562
22|1921|131.36473083496094
22|1951|77.03460693359375
22|1956|113.991943359375
22|2017|99.81642150878906
22|2020|89.81541442871094
22|2029|80.85372161865234
22|2034|64.64868927001953
22|2038|70.88105773925781
22|2051|85.65923309326172
22|2053|86.37104034423828
22|2056|70.02503967285156
22|2062|78.40912628173828
22|2119|93.14607238769531
22|2122|100.17009735107422
22|2125|112.34425354003906
22|2128|111.9461669921875
22|2132|81.47748565673828
22|2145|69.9510269165039
22|2148|71.80887603759766
22|2223|77.12255096435547
22|2227|77.38018035888672
22|2230|65.88575744628906
22|2234|60.4328727722168
22|2258|60.74563217163086
22|2273|63.66809844970703
22|2276|80.44164276123047
22|2282|62.230613708496094
22|2299|95.61029815673828
22|2337|86.007568359375
22|2349|82.669677734375
22|2355|62.674259185791016
22|2369|74.27924346923828
23|1473|60.04411315917969
23|2311|89.69548797607422
23|2493|88.81358337402344
23|2557|84.92351531982422
24|14|85.33622741699219
24|19|66.13079833984375
24|25|61.7202262878418
24|135|60.842376708984375
24|343|75.42521667480469
24|427|70.32760620117188
24|549|78.80235290527344
24|853|73.26272583007812
24|963|69.29692840576172
24|1033|85.9781494140625
24|1269|66.85670471191406
24|1376|72.47769165039062
24|1380|66.12313842773438
24|1446|74.24512481689453
24|1459|83.40782928466797
24|1668|147.599853515625
24|1686|77.66633605957031
24|1794|60.4023551940918
24|1873|103.30067443847656
24|1887|101.53478240966797
24|2081|121.40460968017578
24|2085|103.74227142333984
24|2092|111.50393676757812
24|2095|111.29031372070312
24|2156|178.50718688964844
24|2202|108.9334487915039
24|2220|76.1246566772461
24|2298|108.48216247558594
24|2301|93.75639343261719
24|2310|80.44581604003906
24|2336|71.64086151123047
24|2338|61.7341423034668
24|2344|62.076690673828125
24|2363|75.98777770996094
24|2532|63.420188903808594
25|839|100.0218734741211
25|1007|66.94591522216797
25|1110|68.5250473022461
25|1214|83.09123992919922
25|1253|99.91301727294922
25|1356|65.62117004394531
25|1420|66.16963958740234
25|1599|114.48838806152344
25|2337|68.5390853881836
25|2355|61.03916549682617
25|2422|197.90016174316406
26|771|81.3996810913086
26|1600|139.11691284179688
26|1637|92.1911849975586
26|2311|112.57548522949219
26|2423|220.02101135253906
26|2582|66.23118591308594
27|759|69.46249389648438
27|864|64.67120361328125
27|1282|60.37417984008789
27|1484|68.27576446533203
27|1583|61.982566833496094
27|1636|79.57366180419922
27|1756|77.75261688232422
27|1922|66.55195617675781
27|2118|70.95674896240234
27|2355|73.67303466796875
27|2463|134.35252380371094
27|2583|60.48259735107422
28|179|62.252174377441406
28|392|60.47114562988281
28|511|78.96524047851562
28|515|77.89570617675781
28|536|70.21505737304688
28|722|105.98899841308594
28|744|114.53643035888672
28|781|96.86335754394531
28|861|61.60587692260742
28|1006|61.40648651123047
28|1066|86.22291564941406
28|1069|63.07666778564453
28|1222|70.48104858398438
28|1273|84.21639251708984
28|1342|133.9816436767578
28|1366|84.39541625976562
28|1551|118.88967895507812
28|1601|157.27890014648438
28|1614|143.00674438476562
28|1635|67.03623962402344
28|2156|162.95765686035156
28|2363|124.78994750976562
28|2367|95.02459716796875
28|2425|283.4673767089844
28|2429|104.89265441894531
28|2431|91.84187316894531
28|2462|100.8294448852539
29|33|72.72249603271484
29|37|70.7671890258789
29|175|88.98578643798828
29|180|78.44686889648438
29|184|123.69004821777344
29|188|69.30708312988281
29|242|90.08946228027344
29|382|146.60560607910156
29|385|152.66468811035156
29|388|99.83314514160156
29|446|70.92753601074219
29|513|92.93462371826172
29|517|108.40790557861328
29|519|101.21483612060547
29|530|157.00302124023438
29|535|88.86494445800781
29|542|121.90050506591797
29|549|83.7452163696289
29|556|92.0234603881836
29|562|124.72357177734375
29|693|125.95404052734375
29|696|118.5491714477539
29|712|173.6066436767578
29|716|180.78660583496094
29|743|87.46675109863281
29|747|125.56902313232422
29|750|120.3647689819336
29|755|160.71484375
29|774|177.46920776367188
29|776|180.62869262695312
29|779|122.23497772216797
29|795|61.931121826171875
29|839|63.903907775878906
29|860|61.66995620727539
29|889|81.64263153076172
29|987|63.47473907470703
29|1004|76.10193634033203
29|1046|68.5792236328125
29|1149|69.4684829711914
29|1221|74.96627807617188
29|1343|143.7275848388672
29|1348|64.7326889038086
29|1367|100.91386413574219
29|1373|111.5783462524414
29|1388|81.31845092773438
29|1420|65.74051666259766
29|1427|62.29341125488281
29|1459|60.79470443725586
29|1520|121.30281066894531
29|1523|112.77157592773438
29|1526|86.02114868164062
29|1529|88.53053283691406
29|1540|156.68603515625
29|1546|113.19441223144531
29|1549|108.01664733886719
29|1554|85.60076904296875
29|1572|114.41356658935547
29|1582|141.18492126464844
29|1587|104.9448013305664
29|1589|101.08814239501953
29|1602|196.79754638671875
29|1605|177.6234130859375
29|1610|136.48915100097656
29|1615|157.4163055419922
29|1630|117.0978012084961
29|1639|69.01226043701172
29|1686|63.177181243896484
29|1783|69.91861724853516
29|1818|77.70956420898438
29|1830|96.09568786621094
29|1837|143.82952880859375
29|1843|137.42771911621094
29|1893|77.97881317138672
29|2011|75.9552230834961
29|2024|78.00615692138672
29|2034|134.6929931640625
29|2049|99.18888854980469
29|2060|65.11927795410156
29|2067|77.70984649658203
29|2157|139.38182067871094
29|2173|63.02391052246094
29|2177|99.28284454345703
29|2195|68.95738220214844
29|2215|141.0308380126953
29|2219|227.6574249267578
29|2224|86.93694305419922
29|2228|105.52476501464844
29|2242|119.5916748046875
29|2245|109.94342041015625
29|2251|108.3291244506836
29|2277|77.58753967285156
29|2307|82.7590103149414
29|2311|86.42472076416016
29|2352|171.2511749267578
29|2364|127.07344818115234
29|2370|167.03599548339844
29|2373|178.35928344726562
29|2397|157.15481567382812
29|2403|207.90126037597656
29|2409|208.41329956054688
29|2414|152.58067321777344
29|2434|171.34832763671875
29|2438|187.76991271972656
29|2458|118.08064270019531
29|2461|107.59683227539062
30|173|67.98776245117188
30|389|100.57359313964844
30|553|63.333290100097656
30|890|67.3537826538086
30|1033|67.05097198486328
30|1110|67.00556945800781
30|1214|61.26383590698242
30|1252|64.5151596069336
30|1344|109.9892578125
30|1356|69.9597396850586
30|1446|64.20235443115234
30|1548|121.56465148925781
30|1562|98.83263397216797
30|1569|72.16529083251953
30|2047|63.85987091064453
30|2378|92.58283233642578
30|2396|131.83975219726562
30|2427|171.5269317626953
31|94|79.98725891113281
31|119|63.09206771850586
31|376|84.87556457519531
31|380|108.12883758544922
31|690|82.82195281982422
31|864|67.3780517578125
31|870|156.34454345703125
31|893|82.49180603027344
31|1377|75.54159545898438
31|1517|72.40270233154297
31|1993|66.11956024169922
31|2069|63.62263870239258
32|40|69.43414306640625
32|42|61.560142517089844
32|64|109.57913970947266
32|93|108.67283630371094
32|118|71.12381744384766
32|129|93.12687683105469
32|135|76.88078308105469
32|139|133.25498962402344
32|146|161.1689910888672
32|164|131.2660369873047
32|169|84.83373260498047
32|172|80.62081909179688
32|243|81.68997955322266
32|245|72.2894287109375
32|275|115.84880828857422
32|297|64.57328796386719
32|301|61.97370147705078
32|343|69.65048217773438
32|352|92.9622802734375
32|361|116.13105010986328
32|379|114.92726135253906
32|595|87.41434478759766
32|658|63.531455993652344
32|689|102.50255584716797
32|738|114.39518737792969
32|937|157.92510986328125
32|941|155.4733123779297
32|973|96.04663848876953
32|1098|152.76466369628906
32|1122|111.3737564086914
32|1125|91.12792205810547
32|1171|60.277008056640625
32|1183|72.97752380371094
32|1187|73.45852661132812
32|1485|71.48252868652344
32|1516|93.29818725585938
32|1565|73.10417938232422
32|1568|71.25782012939453
32|1713|61.9855842590332
32|1723|89.27074432373047
32|1756|118.31365203857422
32|1911|87.55757904052734
32|1940|100.0742416381836
32|1947|78.88307189941406
32|1988|69.49737548828125
32|1994|75.66605377197266
32|2070|87.5848617553711
32|2136|87.00708770751953
32|2140|66.57710266113281
32|2146|67.00321197509766
32|2154|73.71202087402344
32|2157|60.88959503173828
32|2252|96.12605285644531
32|2312|95.05340576171875
32|2324|82.48018646240234
32|2327|72.48480987548828
32|2337|198.78411865234375
32|2343|146.39321899414062
32|2347|173.5025177001953
32|2353|93.97802734375
32|2358|97.90910339355469
32|2388|198.904541015625
33|38|119.4926986694336
33|43|70.3194580078125
33|63|104.59188079833984
33|69|138.8948516845703
33|90|65.00355529785156
33|116|88.22212982177734
33|137|145.51290893554688
33|143|131.33799743652344
33|148|136.4985809326172
33|158|80.63130950927734
33|168|105.728759765625
33|244|79.26802062988281
33|250|87.16614532470703
33|270|168.1259002685547
33|300|61.36962890625
33|348|64.2422866821289
33|354|104.75077056884766
33|365|109.51128387451172
33|375|121.7907485961914
33|569|109.87089538574219
33|594|71.9901351928711
33|688|93.12881469726562
33|737|141.9849090576172
33|741|101.65044403076172
33|865|94.94507598876953
33|891|134.62457275390625
33|897|139.2908172607422
33|939|165.18040466308594
33|974|89.22630310058594
33|995|59.865478515625
33|1097|197.60873413085938
33|1123|142.87826538085938
33|1126|94.61088562011719
33|1138|67.04248046875
33|1188|86.4164047241211
33|1395|88.91944122314453
33|1426|88.61927795410156
33|1512|65.81867218017578
33|1563|117.4242935180664
33|1567|72.89654541015625
33|1725|71.22257232666016
33|1757|99.54896545410156
33|1762|62.848819732666016
33|1912|88.34310150146484
33|1962|76.82381439208984
33|1989|64.3646240234375
33|2038|69.1844482421875
33|2071|67.7610092163086
33|2124|70.04627227783203
33|2139|62.81465148925781
33|2141|62.48576736450195
33|2145|64.43235778808594
33|2200|66.55244445800781
33|2221|110.48563385009766
33|2325|92.1581039428711
33|2328|74.50531768798828
33|2336|225.65692138671875
33|2340|130.3131103515625
33|2345|158.33050537109375
33|2350|100.78299713134766
33|2355|91.96700286865234
33|2357|102.36573028564453
33|2362|105.19005584716797
33|2389|284.4502868652344
33|2394|146.72018432617188
33|2469|61.72944259643555
33|2583|88.29818725585938
34|89|61.88962173461914
34|105|78.67589569091797
34|593|60.080718994140625
34|682|142.43052673339844
34|686|80.29893493652344
34|934|70.59789276123047
34|1149|70.052490234375
34|1168|164.43455505371094
34|1641|83.49974060058594
34|2335|181.35897827148438
34|2468|92.85748291015625
35|44|64.52125549316406
35|104|102.58984375
35|337|62.6005973815918
35|500|76.32927703857422
35|578|129.732177734375
35|680|95.08698272705078
35|683|139.91651916503906
35|1086|152.587158203125
35|1137|63.90383529663086
35|1167|165.06884765625
35|1310|83.28802490234375
35|1398|69.56771087646484
35|1421|71.05982971191406
35|1756|67.78423309326172
35|2180|225.42901611328125
35|2199|98.04306030273438
35|2234|69.97247314453125
35|2286|65.91053009033203
35|2312|96.16655731201172
35|2334|109.42860412597656
35|2338|102.4439468383789
35|2532|62.75544357299805
35|2558|66.91851806640625
36|45|92.28923797607422
36|50|84.71512603759766
36|53|75.19791412353516
36|73|193.50814819335938
36|98|121.69811248779297
36|103|137.95826721191406
36|252|107.14987182617188
36|256|81.18621826171875
36|281|96.8187026977539
36|285|127.0530776977539
36|314|133.62718200683594
36|319|191.32791137695312
36|362|65.81377410888672
36|483|133.7664031982422
36|486|141.7308349609375
36|490|119.39226531982422
36|496|132.19464111328125
36|501|136.00987243652344
36|576|91.08036041259766
36|583|70.30455780029297
36|585|69.31246185302734
36|591|88.74778747558594
36|678|105.90045166015625
36|684|150.32965087890625
36|872|169.8605194091797
36|876|158.48635864257812
36|882|141.4589080810547
36|901|174.40150451660156
36|904|145.3809814453125
36|1007|62.39070129394531
36|1080|69.388671875
36|1084|137.4044952392578
36|1107|151.93560791015625
36|1115|138.09490966796875
36|1131|64.48213958740234
36|1136|69.62190246582031
36|1148|64.09209442138672
36|1166|175.78433227539062
36|1189|66.06989288330078
36|1213|75.17301177978516
36|1239|75.67845916748047
36|1315|96.6812515258789
36|1319|77.30744171142578
36|1329|112.99182891845703
36|1403|127.05509948730469
36|1410|166.77430725097656
36|1414|111.98279571533203
36|1420|74.31745147705078
36|1508|152.6551055908203
36|1640|124.86450958251953
36|1647|79.45472717285156
36|1672|87.21198272705078
36|1678|63.78902053833008
36|1697|79.74108123779297
36|1702|63.932960510253906
36|1762|78.99110412597656
36|1834|64.54637145996094
36|1839|178.13247680664062
36|1874|127.30286407470703
36|1885|65.7392578125
36|1895|79.54605865478516
36|1905|82.35126495361328
36|2028|110.11198425292969
36|2034|61.927181243896484
36|2042|71.0036849975586
36|2049|69.3648681640625
36|2053|60.90347671508789
36|2061|235.45669555664062
36|2081|106.3232192993164
36|2090|100.708984375
36|2095|122.07225799560547
36|2102|67.42790985107422
36|2117|63.42060852050781
36|2177|101.14462280273438
36|2220|60.24076843261719
36|2230|286.9178466796875
36|2233|94.34275817871094
36|2241|112.93558502197266
36|2246|111.35148620605469
36|2288|72.58108520507812
36|2292|84.7890853881836
36|2298|83.00911712646484
36|2324|77.06184387207031
36|2473|83.3647232055664
36|2476|59.720462799072266
36|2493|72.47928619384766
36|2557|61.54767990112305
37|48|69.44779968261719
37|72|195.9092254638672
37|97|160.15570068359375
37|254|75.50363159179688
37|261|66.63785552978516
37|278|140.22006225585938
37|317|178.43377685546875
37|321|134.223388671875
37|457|63.19581604003906
37|467|91.19568634033203
37|484|175.37179565429688
37|492|119.03221893310547
37|495|124.84727478027344
37|581|108.27881622314453
37|675|81.03096771240234
37|873|203.7891387939453
37|881|146.98602294921875
37|899|182.47946166992188
37|902|189.39755249023438
37|1079|116.32642364501953
37|1083|124.04512023925781
37|1106|193.18914794921875
37|1110|181.041748046875
37|1114|141.9422149658203
37|1135|59.696014404296875
37|1149|95.19471740722656
37|1162|81.30577850341797
37|1309|97.54385375976562
37|1312|135.1796417236328
37|1400|116.84561157226562
37|1409|177.60250854492188
37|1509|153.7539825439453
37|1667|95.7822036743164
37|1671|89.78704833984375
37|1686|65.79206848144531
37|1757|138.68856811523438
37|1788|72.1258773803711
37|1791|61.87181854248047
37|1794|64.3193359375
37|1809|64.84724426269531
37|1835|81.89619445800781
37|1841|231.1190948486328
37|1848|171.63278198242188
37|1853|65.07088470458984
37|1861|75.72606658935547
37|1873|123.72201538085938
37|1877|103.2151870727539
37|1894|70.72542572021484
37|2015|105.46646881103516
37|2021|93.56687927246094
37|2027|109.68016052246094
37|2058|176.55221557617188
37|2182|90.06397247314453
37|2236|133.73680114746094
37|2286|64.96601867675781
37|2323|65.44290924072266
37|2333|100.97989654541016
37|2337|62.26168441772461
38|305|83.45249938964844
38|460|107.07661437988281
38|466|132.03842163085938
38|481|117.136962890625
38|646|87.19624328613281
38|653|83.35193634033203
38|1160|111.07828521728516
38|1288|90.63964080810547
38|1295|118.08180236816406
38|1308|84.86361694335938
38|1985|103.87415313720703
38|1989|107.36675262451172
38|1993|102.09305572509766
38|2041|98.594482421875
38|2183|93.88835906982422
38|2235|143.98741149902344
38|2467|166.0602264404297
39|334|84.4910659790039
39|459|141.9100341796875
39|465|139.7333984375
39|477|132.81964111328125
39|1155|65.25559997558594
39|1291|119.70368957519531
39|1305|123.49530792236328
39|1480|90.59839630126953
39|1967|66.62291717529297
39|1986|110.86518096923828
39|1990|131.18995666503906
40|1285|151.11927795410156
40|1641|168.7659454345703
40|1995|81.76258087158203
40|2468|222.1161346435547
41|1642|149.5068817138672
41|1786|69.94035339355469
41|1851|86.0367202758789
41|1963|97.08867645263672
41|1969|73.96487426757812
41|1976|86.92522430419922
41|2304|65.24878692626953
41|2469|171.06707763671875
42|1787|93.68502807617188
42|1792|228.76950073242188
42|1804|62.91370391845703
42|2213|108.71154022216797
43|53|89.38345336914062
43|62|64.79434204101562
43|89|92.57994079589844
43|93|80.990234375
43|99|60.62108612060547
43|284|66.75714111328125
43|301|60.253334045410156
43|362|61.99241638183594
43|879|65.52345275878906
43|885|59.96199035644531
43|899|83.49910736083984
43|901|80.03400421142578
43|907|61.36174392700195
43|910|65.90493774414062
43|928|61.05171203613281
43|1086|86.71348571777344
43|1475|81.5574722290039
43|1650|108.33795928955078
43|1706|118.18268585205078
43|1712|79.21470642089844
43|1718|59.834571838378906
43|1727|97.93958282470703
43|1733|128.6460418701172
43|1743|74.82366180419922
43|1749|92.60069274902344
43|1753|89.09600830078125
43|1769|158.89442443847656
43|1780|100.47390747070312
43|1784|79.77472686767578
43|1791|239.68313598632812
43|1808|72.81201934814453
43|1814|104.078125
43|1817|96.18978881835938
43|1819|136.38194274902344
43|1852|84.98988342285156
43|1854|87.0003662109375
43|1920|68.39901733398438
43|1932|80.05474090576172
43|1938|84.10205841064453
43|1944|61.84850311279297
43|1959|65.51140594482422
43|1964|155.4199981689453
43|1970|87.05404663085938
43|1992|73.9435806274414
43|1994|71.6096420288086
43|2000|123.79854583740234
43|2040|81.41866302490234
43|2045|126.09295654296875
43|2051|114.90081787109375
43|2120|77.29643249511719
43|2126|94.81312561035156
43|2138|89.7839126586914
43|2143|113.76417541503906
43|2148|117.97767639160156
43|2156|74.01933288574219
43|2169|68.33021545410156
43|2198|63.31534957885742
43|2212|109.64766693115234
43|2215|83.9822998046875
43|2223|69.97368621826172
43|2231|70.2708740234375
43|2300|354.9231872558594
43|2306|70.28699493408203
43|2345|64.61360168457031
43|2350|60.94620132446289
43|2372|107.83995056152344
43|2400|187.01927185058594
43|2429|121.4085922241211
43|2431|130.781494140625
43|2434|112.40083312988281
43|2471|100.93254089355469
43|2477|123.57401275634766
43|2517|70.8028335571289
44|904|59.93583297729492
44|1474|89.34915161132812
44|1646|96.27735137939453
44|1705|112.66140747070312
44|1761|111.89288330078125
44|1777|76.95548248291016
44|1790|183.3528594970703
44|1794|121.69977569580078
44|1820|178.95120239257812
44|1835|171.51205444335938
44|1912|68.74658203125
44|1937|80.46736145019531
44|1950|62.52166748046875
44|1963|113.1478271484375
44|1969|127.71720886230469
44|1976|74.815673828125
44|2048|115.09254455566406
44|2119|86.7560043334961
44|2222|81.15082550048828
44|2299|278.3830871582031
44|2307|61.42247772216797
44|2369|71.534912109375
44|2408|86.23548889160156
44|2428|123.12409973144531
44|2433|136.00010681152344
44|2472|99.58438873291016
45|1021|68.59306335449219
45|1176|66.79093933105469
45|1383|60.28173065185547
45|1770|158.14048767089844
45|1977|72.60213470458984
45|2041|96.85174560546875
45|2480|97.19932556152344
45|2486|61.678958892822266
46|917|67.15798950195312
46|1124|59.64772415161133
46|1434|73.35472106933594
46|1473|82.49651336669922
46|1537|62.76998519897461
46|1589|66.11622619628906
46|1860|170.3540496826172
46|1976|82.03106689453125
46|2454|103.5560073852539
47|865|60.99196243286133
47|1020|69.36160278320312
47|1227|76.13227081298828
47|1330|59.812286376953125
48|138|60.420589447021484
48|549|65.47561645507812
48|866|69.1978988647461
48|963|78.21556091308594
48|1021|72.84330749511719
48|1124|70.43122100830078
48|1176|87.42015838623047
48|1279|69.21695709228516
48|1331|63.85997009277344
48|1382|78.91212463378906
48|1486|62.93437576293945
48|1589|68.95484161376953
48|1775|70.14238739013672
48|2078|199.95361328125
48|2203|120.37699890136719
48|2208|79.1886978149414
48|2393|105.63585662841797
49|136|91.86595916748047
49|1376|70.23445892333984
49|1790|121.28704833984375
49|1943|64.59211730957031
49|2057|106.8008041381836
49|2148|107.11285400390625
49|2156|78.21703338623047
49|2193|88.36833190917969
49|2197|69.98981475830078
49|2204|123.06509399414062
49|2352|118.85137176513672
49|2357|74.7306137084961
49|2382|85.36859893798828
49|2391|115.00645446777344
49|2395|107.85761260986328
50|1317|60.578369140625
50|1446|61.98313522338867
50|2286|72.31459045410156
50|2390|92.91029357910156
50|2422|68.0605697631836
51|1033|60.578678131103516
51|1124|64.4384536743164
51|2423|69.68740844726562
54|1666|102.598876953125
54|2086|67.78162384033203
54|2293|82.62076568603516
54|2311|91.6170425415039
54|2337|66.26830291748047
55|1881|71.63709259033203
55|2207|66.55056762695312
55|2294|90.08412170410156
55|2430|191.85256958007812
56|511|162.13906860351562
56|744|124.01004028320312
56|2366|61.74415588378906
56|2429|136.68215942382812
56|2431|167.6779327392578
57|33|108.0464096069336
57|40|79.33163452148438
57|241|106.33708190917969
57|512|175.9044952392578
57|541|76.36103057861328
57|550|123.48365020751953
57|556|155.0266571044922
57|713|59.79167938232422
57|745|91.01602935791016
57|756|133.07931518554688
57|774|72.6881103515625
57|1067|85.17253875732422
57|1073|68.46920776367188
57|1273|105.88035583496094
57|1362|64.9637680053711
57|1369|127.36004638671875
57|1372|76.7530746459961
57|1381|82.989990234375
57|1386|111.83470916748047
57|1544|77.84581756591797
57|1584|108.20721435546875
57|1603|91.3807373046875
57|1608|84.15166473388672
57|1635|130.79933166503906
57|1692|60.29690933227539
57|1694|68.73502349853516
57|1873|104.866455078125
57|2029|80.37734985351562
57|2048|182.75662231445312
57|2069|68.3301010131836
57|2100|104.20846557617188
57|2107|88.87815856933594
57|2184|138.0547332763672
57|2193|75.67794799804688
57|2212|111.38507080078125
57|2286|78.5687484741211
57|2367|68.05887603759766
57|2371|94.89714813232422
57|2375|93.52857208251953
57|2398|287.51080322265625
57|2411|255.79527282714844
57|2435|82.85526275634766
57|2462|130.17312622070312
58|239|87.38684844970703
58|446|108.90013885498047
58|509|81.00546264648438
58|513|185.8297576904297
58|517|155.30455017089844
58|531|208.62030029296875
58|534|197.5212860107422
58|554|89.80985260009766
58|657|64.86199951171875
58|746|75.22621154785156
58|755|131.2848358154297
58|773|71.65050506591797
58|860|98.37890625
58|1006|76.48023223876953
58|1066|82.49205780029297
58|1070|63.4709358215332
58|1339|75.88150787353516
58|1361|62.09803009033203
58|1373|78.5594482421875
58|1388|125.06907653808594
58|1542|89.14450073242188
58|1570|103.06761932373047
58|1577|83.88780212402344
58|1583|92.62479400634766
58|1587|107.447021484375
58|1602|93.63545227050781
58|1607|79.05264282226562
58|1629|266.4527282714844
58|1632|146.3836212158203
58|1634|177.4394073486328
58|1686|88.87181854248047
58|1691|60.67497253417969
58|1893|131.09017944335938
58|1996|60.028568267822266
58|2016|83.92639923095703
58|2024|91.45877838134766
58|2034|76.75711059570312
58|2054|176.58181762695312
58|2057|70.17528533935547
58|2059|87.94078063964844
58|2068|70.5125732421875
58|2071|61.554542541503906
58|2074|127.77442169189453
58|2159|80.08289337158203
58|2186|114.197021484375
58|2217|155.5599365234375
58|2232|61.6675910949707
58|2292|76.04483795166016
58|2307|115.40571594238281
58|2373|146.83224487304688
58|2400|224.3009796142578
58|2403|182.79058837890625
58|2410|219.36769104003906
58|2413|185.15855407714844
58|2428|144.72738647460938
58|2432|166.51812744140625
58|2439|85.09532928466797
58|2456|350.5326232910156
58|2461|222.48472595214844
59|549|162.42987060546875
59|553|96.92768859863281
59|777|73.7693862915039
59|1007|79.55351257324219
59|1378|98.17123413085938
59|1569|66.1233901977539
59|2158|104.48771667480469
59|2162|68.40431213378906
59|2209|77.44774627685547
59|2216|136.6616973876953
59|2364|61.139549255371094
59|2396|166.43667602539062
59|2409|192.6991729736328
59|2414|127.50416564941406
59|2427|162.51620483398438
60|1072|62.7769775390625
60|1278|72.13021087646484
60|1356|111.04659271240234
60|1377|76.35917663574219
60|2047|165.36631774902344
60|2056|108.73500061035156
60|2204|231.99462890625
61|509|67.10189819335938
61|1123|62.31214904785156
62|376|62.5499153137207
62|2046|183.32864379882812
62|2163|64.25799560546875
63|119|144.22006225585938
63|739|95.6815185546875
63|893|133.66851806640625
63|997|78.84043884277344
63|2454|83.94059753417969
64|65|244.7612762451172
64|118|192.25082397460938
64|139|80.77705383300781
64|169|60.86385726928711
64|298|190.51112365722656
64|350|81.25227355957031
64|742|74.20621490478516
64|951|177.66909790039062
64|958|98.74475860595703
64|984|146.18667602539062
64|1171|70.15806579589844
64|1199|84.80438995361328
64|1203|74.32803344726562
64|1377|73.2391357421875
64|2223|124.68680572509766
64|2392|123.2476577758789
64|2395|87.4211196899414
65|39|114.29495239257812
65|64|211.72918701171875
65|66|221.19427490234375
65|91|61.35167694091797
65|117|146.4733428955078
65|138|76.69789123535156
65|141|65.36913299560547
65|154|130.2353973388672
65|245|119.3778305053711
65|248|67.9231185913086
65|297|200.49209594726562
65|300|181.0728759765625
65|343|150.2662353515625
65|348|77.61848449707031
65|357|159.1846160888672
65|504|130.87606811523438
65|507|149.66571044921875
65|658|201.36143493652344
65|741|114.53640747070312
65|867|171.51437377929688
65|892|113.68820190429688
65|949|168.0394744873047
65|954|196.3988800048828
65|960|85.66385650634766
65|978|108.34120178222656
65|982|161.86109924316406
65|985|146.11776733398438
65|1074|66.55493927001953
65|1125|109.34596252441406
65|1170|84.06503295898438
65|1174|96.56941223144531
65|1183|162.41921997070312
65|1190|84.61515045166016
65|1202|79.39786529541016
65|1513|75.69206237792969
65|1709|61.14635467529297
65|1728|74.70191955566406
65|1735|78.81123352050781
65|1758|96.41413116455078
65|1771|67.46183013916016
65|1842|61.30949783325195
65|1867|74.93218994140625
65|1942|80.15064239501953
65|1946|66.72215270996094
65|1952|85.03240203857422
65|1978|59.71003723144531
65|1992|86.92396545410156
65|2045|215.9585418701172
65|2128|70.8369140625
65|2146|78.58810424804688
65|2151|79.70631408691406
65|2162|73.50706481933594
65|2165|65.67879486083984
65|2172|93.11407470703125
65|2184|65.19449615478516
65|2186|65.81824493408203
65|2207|98.73153686523438
65|2211|93.63936614990234
65|2252|86.53824615478516
65|2255|69.62388610839844
65|2270|62.47949981689453
65|2280|82.5019302368164
65|2343|85.58551025390625
65|2359|79.6462631225586
65|2394|125.94147491455078
66|168|102.74767303466797
66|355|122.1965560913086
66|375|64.55591583251953
66|570|147.98179626464844
66|866|197.56463623046875
66|891|112.533935546875
66|943|90.59009552001953
66|975|72.95040893554688
66|1189|80.48747253417969
66|1201|114.84398651123047
66|1486|158.5166778564453
66|1563|66.24772644042969
66|2042|90.50991821289062
66|2057|67.67124938964844
66|2209|92.8949966430664
66|2339|64.23866271972656
66|2390|83.87596130371094
67|137|82.96293640136719
67|995|181.15223693847656
67|1169|69.66503143310547
67|1627|136.1584930419922
67|2389|100.34796905517578
67|2454|129.1316375732422
68|38|104.04950714111328
68|90|90.57717895507812
68|503|108.83052825927734
68|2312|171.2447509765625
70|1813|71.53380584716797
71|99|123.1109619140625
71|685|77.04112243652344
71|1081|93.33967590332031
71|1137|87.29116821289062
71|1760|64.45275115966797
71|1839|94.29119873046875
71|2042|126.96037292480469
71|2164|121.38032531738281
72|45|114.21257019042969
72|75|110.3591079711914
72|257|116.67926025390625
72|281|191.34169006347656
72|284|173.74972534179688
72|312|67.04078674316406
72|323|215.6963348388672
72|486|150.03634643554688
72|496|67.1190185546875
72|502|125.1724853515625
72|663|62.95885467529297
72|665|71.69815063476562
72|672|86.553466796875
72|878|148.30120849609375
72|883|66.10009765625
72|900|97.6997299194336
72|1108|70.56983947753906
72|1111|68.1583480834961
72|1136|110.55271911621094
72|1151|158.66827392578125
72|1399|61.50078201293945
72|1402|93.94923400878906
72|1410|92.65019226074219
72|1503|130.5508270263672
72|1662|131.11395263671875
72|1692|62.86226272583008
72|1796|114.73086547851562
72|1801|158.04354858398438
72|1810|170.85426330566406
72|1817|138.6975860595703
72|2041|125.16788482666016
72|2060|127.8071517944336
72|2197|144.69442749023438
72|2238|88.20085144042969
72|2240|100.05045318603516
72|2244|99.58431243896484
72|2331|147.56703186035156
72|2489|141.41116333007812
73|46|102.43033599853516
73|51|117.13182830810547
73|72|83.23716735839844
73|98|101.25684356689453
73|101|75.21817016601562
73|252|166.16265869140625
73|255|109.87873077392578
73|283|208.84011840820312
73|310|72.93062591552734
73|485|114.56336212158203
73|489|139.44029235839844
73|491|139.92372131347656
73|493|135.78269958496094
73|575|105.8858413696289
73|582|59.9375114440918
73|664|88.51592254638672
73|670|73.01502990722656
73|676|152.49423217773438
73|877|142.0112762451172
73|879|137.44204711914062
73|899|90.74925231933594
73|902|82.06824493408203
73|932|62.2301139831543
73|1083|100.46720886230469
73|1131|190.74514770507812
73|1135|98.48603057861328
73|1152|128.9829559326172
73|1163|124.48690795898438
73|1316|175.0112762451172
73|1329|108.23666381835938
73|1400|89.66453552246094
73|1403|88.73965454101562
73|1409|67.82227325439453
73|1414|92.22551727294922
73|1491|71.4549560546875
73|1501|104.09516143798828
73|1660|142.837890625
73|1679|60.40311813354492
73|1694|83.94607543945312
73|1698|74.18511199951172
73|1758|85.20851135253906
73|1771|74.18909454345703
73|1795|105.26654815673828
73|1799|124.89834594726562
73|1822|65.48458862304688
73|1838|75.64852142333984
73|1840|79.03360748291016
73|1850|68.15768432617188
73|1863|64.40704345703125
73|1865|60.71360778808594
73|1869|153.77122497558594
73|1878|82.14273071289062
73|1893|83.91228485107422
73|1902|91.00165557861328
73|1905|62.13437271118164
73|2009|113.32654571533203
73|2014|192.67625427246094
73|2016|181.61114501953125
73|2022|178.2114715576172
73|2029|341.6885986328125
73|2034|290.21923828125
73|2045|60.98851013183594
73|2057|68.95985412597656
73|2059|106.24867248535156
73|2068|361.21600341796875
73|2072|312.50775146484375
73|2074|330.23919677734375
73|2082|113.13195037841797
73|2086|64.67965698242188
73|2102|88.7188491821289
73|2109|99.52162170410156
73|2115|62.73994445800781
73|2164|117.27554321289062
73|2175|163.2000274658203
73|2226|136.30882263183594
73|2242|127.61167907714844
73|2292|75.51985168457031
73|2312|77.77069091796875
73|2323|104.29291534423828
73|2330|108.89085388183594
73|2332|147.8505859375
73|2484|138.05026245117188
73|2487|123.14347839355469
73|2526|104.8690185546875
73|2529|136.75010681152344
74|97|93.74674224853516
74|254|109.8304672241211
74|484|94.0164566040039
74|669|75.45723724365234
74|1079|71.2752456665039
74|1109|67.02409362792969
74|1500|87.46308135986328
74|1761|63.24884033203125
74|1770|72.3895492553711
74|1776|72.38748168945312
74|1790|85.30776977539062
74|1809|187.03541564941406
74|1849|81.37736511230469
74|1901|71.97734832763672
74|1970|64.63626861572266
74|2015|202.43833923339844
74|2027|283.5172424316406
74|2058|96.29110717773438
74|2168|60.76310729980469
74|2184|331.3903503417969
74|2196|148.62969970703125
74|2236|68.39659881591797
74|2322|102.11180114746094
74|2328|95.98607635498047
74|2481|66.80120849609375
75|325|157.4071044921875
75|1848|66.53218078613281
75|2185|307.7716979980469
75|2195|181.12681579589844
76|306|138.59832763671875
76|336|105.55228424072266
76|461|67.50471496582031
76|479|108.6656494140625
76|1153|63.73295211791992
76|1821|78.7784194946289
76|1847|66.51119995117188
76|1984|77.39715576171875
77|328|284.1571044921875
77|335|126.56609344482422
77|462|60.224281311035156
77|478|100.93821716308594
77|924|155.89254760742188
77|1156|137.28817749023438
77|1306|118.93964385986328
77|1828|60.42125701904297
77|1977|73.46683502197266
77|1997|114.72933959960938
77|2005|92.38130187988281
77|2187|381.45562744140625
77|2189|363.2527770996094
78|326|270.5862731933594
78|459|82.86869812011719
78|464|83.37745666503906
78|477|71.73519134521484
78|1155|128.630615234375
78|1827|72.88943481445312
78|1991|124.30341339111328
78|2202|61.70919418334961
79|1072|62.01655578613281
79|1154|114.60111999511719
79|1995|108.52192687988281
80|453|86.1019515991211
80|1280|62.057044982910156
80|1285|68.6717529296875
82|1760|65.52845001220703
82|1814|177.92526245117188
82|2315|82.4539566040039
83|1002|217.35511779785156
83|1358|89.40245056152344
83|2207|185.2253875732422
84|865|62.40737533569336
84|1020|61.68811798095703
84|1072|63.7012939453125
84|1175|80.92644500732422
84|1227|75.10404968261719
84|1281|95.38327026367188
84|1357|66.84074401855469
84|1433|64.20752716064453
84|1537|64.3124008178711
84|1792|154.13214111328125
84|1815|167.15496826171875
84|1970|61.44169616699219
84|1976|112.54485321044922
84|2001|80.19397735595703
85|454|112.41861724853516
85|1010|158.5832061767578
85|1217|122.51016998291016
85|1337|114.91327667236328
85|1761|62.50999069213867
85|1798|243.23065185546875
85|1978|129.97544860839844
85|2000|85.95042419433594
85|2167|70.95037841796875
85|2213|105.52133178710938
86|532|65.29693603515625
86|551|181.56158447265625
86|555|143.64491271972656
86|1005|262.9146423339844
86|1009|161.60263061523438
86|1071|67.6672592163086
86|1208|220.88658142089844
86|1212|250.70709228515625
86|1277|100.23075866699219
86|1346|148.16465759277344
86|1362|131.41488647460938
86|1380|273.1990966796875
86|1628|68.22029113769531
86|1631|189.39056396484375
86|1659|218.21279907226562
86|1663|278.87213134765625
86|1687|72.2177734375
86|1772|177.77609252929688
86|1778|181.08990478515625
86|1801|250.5252685546875
86|1816|150.9539337158203
86|1854|63.370269775390625
86|1868|214.65232849121094
86|1977|119.44290161132812
86|1980|137.1526641845703
86|2172|95.19622039794922
86|2184|69.86628723144531
86|2211|93.89254760742188
86|2214|121.81636810302734
86|2406|73.71482849121094
86|2458|225.94308471679688
86|2516|62.17839813232422
86|2521|76.12088012695312
86|2542|64.47286224365234
87|533|62.9990234375
87|1012|139.51901245117188
87|1211|249.8946075439453
87|1218|63.88689041137695
87|1339|80.77306365966797
87|1345|121.91120910644531
87|1347|119.84859466552734
87|1356|72.91986846923828
87|1361|121.56246185302734
87|1364|112.5685806274414
87|1373|61.64328384399414
87|1378|217.8184356689453
87|1382|278.2149658203125
87|1632|175.19143676757812
87|1662|291.1866455078125
87|1777|183.82730102539062
87|1790|110.24832916259766
87|1796|212.0023651123047
87|1800|265.90704345703125
87|1822|102.35192108154297
87|1833|60.814876556396484
87|1863|276.216796875
87|1869|231.0218048095703
87|1965|60.02869415283203
87|1969|67.40961456298828
87|2009|65.28192138671875
87|2013|74.6140365600586
87|2052|217.66249084472656
87|2159|222.2963409423828
87|2188|89.17017364501953
87|2208|72.04224395751953
87|2215|113.76688385009766
87|2311|60.952762603759766
87|2320|134.20884704589844
87|2323|137.62059020996094
87|2404|71.81602478027344
87|2459|222.71102905273438
87|2489|337.2109069824219
88|451|88.14617156982422
88|552|140.089599609375
88|1007|201.69366455078125
88|1210|236.38128662109375
88|1215|139.78945922851562
88|1219|86.60116577148438
88|1278|78.0427017211914
88|1340|78.25379943847656
88|1344|107.77909088134766
88|1348|90.63641357421875
88|1629|124.22065734863281
88|1761|66.01457214355469
88|1771|149.81341552734375
88|1789|107.28321075439453
88|1795|248.69630432128906
88|1817|119.67249298095703
88|2158|181.4578094482422
88|2216|100.5460205078125
88|2456|143.11642456054688
89|553|184.4799346923828
89|1000|86.9170150756836
89|1655|186.9057159423828
89|2008|70.88410186767578
89|2204|106.97254180908203
89|2209|102.1153564453125
89|2482|203.17176818847656
90|1070|127.94921875
90|1207|88.9105453491211
90|1824|67.72537231445312
90|1976|84.5060806274414
90|2001|138.104736328125
91|1821|217.72105407714844
91|1977|79.56797790527344
91|2008|67.86737823486328
93|1377|61.40495681762695
95|997|197.09619140625
95|1207|97.29701232910156
95|2002|73.9225082397461
96|65|158.50021362304688
96|246|102.43085479736328
96|298|110.90438842773438
96|345|94.8924331665039
96|350|88.86649322509766
96|451|65.63134765625
96|996|130.09832763671875
96|998|184.6475067138672
96|1203|243.89939880371094
96|1828|135.6795196533203
96|1999|81.4852294921875
96|2005|90.96317291259766
97|40|161.69261169433594
97|66|143.82423400878906
97|91|105.32030487060547
97|245|99.4843521118164
97|247|92.4383544921875
97|297|107.9223861694336
97|344|102.62220001220703
97|357|78.3179931640625
97|505|108.35896301269531
97|659|180.9274139404297
97|867|97.9339370727539
97|950|99.3026123046875
97|957|108.6808853149414
97|964|183.05709838867188
97|970|102.65473937988281
97|977|88.51778411865234
97|984|77.08104705810547
97|999|225.16966247558594
97|1071|124.77519226074219
97|1170|134.1322784423828
97|1184|70.6612777709961
97|1194|178.1439208984375
97|1197|161.58155822753906
97|1202|206.68113708496094
97|1205|215.37059020996094
97|1278|68.827880859375
97|1332|71.02632141113281
97|1487|189.2528839111328
97|1827|113.53099822998047
97|1829|106.22457885742188
97|1998|102.80438995361328
97|2195|60.15357971191406
97|2558|88.28934478759766
97|2562|66.14046478271484
97|2568|68.9896240234375
97|2583|62.09720993041992
98|90|68.46215057373047
98|156|109.37008666992188
98|244|92.1541748046875
98|248|83.7103271484375
98|300|60.33820724487305
98|348|91.23905944824219
98|356|77.7951431274414
98|506|105.52283477783203
98|660|177.9714813232422
98|865|88.63404083251953
98|868|108.11290740966797
98|918|167.8526611328125
98|944|65.7308120727539
98|962|229.9329833984375
98|1074|76.62186431884766
98|1174|107.45935821533203
98|1191|144.77830505371094
98|1331|75.62702178955078
98|1334|65.91558074951172
98|1377|82.11697387695312
98|1488|169.28631591796875
98|1826|125.4005126953125
98|2003|115.59263610839844
98|2045|84.90821075439453
98|2315|114.44851684570312
99|243|92.300537109375
99|249|60.42947006225586
99|661|153.3201904296875
100|90|68.24823760986328
100|995|97.01788330078125
100|1072|145.81344604492188
102|1278|79.19367980957031
103|865|82.28511047363281
103|969|59.80712127685547
103|1020|72.3953857421875
103|1175|61.20451736450195
103|1330|120.34759521484375
103|1382|62.21577453613281
103|1589|69.43022155761719
104|662|163.342041015625
104|1279|82.08486938476562
104|1489|141.32371520996094
104|2002|87.13578796386719
104|2316|101.01081848144531
105|1072|68.82626342773438
105|1278|70.87589263916016
106|308|70.10761260986328
106|1071|68.60594940185547
107|666|245.03746032714844
107|926|136.0509033203125
107|2002|70.44927215576172
107|2167|100.89381408691406
107|2172|76.86341094970703
107|2325|111.88430786132812
108|257|192.6806640625
108|312|69.54320526123047
108|323|65.54206085205078
108|486|88.99143981933594
108|671|207.94786071777344
108|931|88.65592956542969
108|1493|263.2293395996094
108|1503|73.56431579589844
108|2061|148.21749877929688
108|2164|82.75480651855469
108|2173|82.06515502929688
109|46|162.9650421142578
109|50|184.90045166015625
109|253|167.49169921875
109|307|71.9830093383789
109|311|115.61201477050781
109|485|69.10613250732422
109|488|113.1446762084961
109|491|119.06478118896484
109|495|179.80081176757812
109|575|97.35641479492188
109|664|250.88536071777344
109|670|170.04490661621094
109|673|138.3632354736328
109|930|98.30876922607422
109|1132|139.55587768554688
109|1136|71.93677520751953
109|1278|70.15947723388672
109|1315|85.5143814086914
109|1492|250.22950744628906
109|1497|201.7945098876953
109|1502|81.10602569580078
109|1849|60.035057067871094
109|2008|183.81649780273438
109|2032|84.94456481933594
109|2059|71.6231460571289
109|2063|207.68177795410156
109|2174|68.18132019042969
109|2197|96.58126068115234
109|2319|243.4123992919922
109|2324|149.515869140625
109|2503|68.48169708251953
110|48|173.65902709960938
110|51|139.111083984375
110|254|154.8782196044922
110|260|59.836185455322266
110|310|123.10626220703125
110|494|165.5763702392578
110|501|74.64263153076172
110|667|200.20997619628906
110|674|150.5244140625
110|925|99.1311264038086
110|1070|138.3931427001953
110|1134|131.67391967773438
110|1312|62.028385162353516
110|1491|240.07481384277344
110|1496|219.13851928710938
110|1499|152.24366760253906
110|1501|116.9375991821289
110|2010|162.08424377441406
110|2020|72.4627914428711
110|2034|70.76191711425781
110|2064|189.67247009277344
110|2196|61.245094299316406
110|2207|87.35404205322266
110|2318|224.2667694091797
110|2327|87.03911590576172
110|2329|83.19342803955078
110|2502|67.66246032714844
111|484|70.3226318359375
111|1002|117.20698547363281
111|1495|268.0591125488281
111|1500|147.71290588378906
111|1822|89.16128540039062
111|2027|64.45655822753906
111|2058|85.64154052734375
111|2322|227.81138610839844
112|306|61.35383987426758
112|668|241.75726318359375
112|928|118.73328399658203
112|2169|114.95335388183594
113|865|74.92900085449219
113|917|78.06156921386719
113|924|95.58159637451172
113|1020|68.9076919555664
113|1071|112.30477142333984
113|1124|65.0009536743164
113|1175|72.25048065185547
113|1217|72.76500701904297
113|1227|62.092464447021484
113|1330|66.95960235595703
113|1382|71.93112182617188
113|1434|60.53337478637695
113|1589|74.30046081542969
113|2206|98.57981872558594
114|1010|69.06429290771484
114|1208|105.00440216064453
114|1278|64.68456268310547
114|1588|61.1289176940918
114|1994|60.72919464111328
114|2006|126.90751647949219
115|328|84.51815032958984
115|332|87.47356414794922
115|1004|92.39918518066406
115|1213|93.31102752685547
115|1279|70.79314422607422
115|1346|85.12096405029297
115|1363|63.40342330932617
115|1380|80.8182144165039
115|1997|107.19677734375
115|2005|144.6349639892578
115|2048|64.9012222290039
115|2321|66.42716979980469
115|2405|73.95306396484375
115|2496|60.224857330322266
116|330|81.0608139038086
116|335|149.4462432861328
116|1347|65.3076400756836
116|1364|69.46327209472656
116|1379|74.55021667480469
116|1580|70.37132263183594
116|1996|88.33163452148438
116|2004|110.78076171875
116|2160|109.3726806640625
116|2205|150.6799774169922
116|2208|85.69056701660156
116|2210|97.90316772460938
116|2320|81.51869201660156
116|2497|62.32074737548828
117|1007|64.66255187988281
117|1072|68.84623718261719
117|1210|122.0419692993164
117|1280|85.6983642578125
117|1995|105.18081665039062
117|2003|92.62783813476562
117|2047|87.55171966552734
117|2054|95.45609283447266
117|2204|151.6326904296875
118|452|60.7347526550293
118|1215|99.75967407226562
118|1219|66.58517456054688
119|2210|156.49331665039062
120|2002|90.11524963378906
127|997|162.0311737060547
128|345|66.54225158691406
128|996|106.77632141113281
128|1203|102.52344512939453
129|91|91.42704772949219
129|298|106.50418853759766
129|504|74.37397003173828
129|951|93.81639099121094
129|966|143.54861450195312
129|999|119.18560028076172
129|1202|75.83551025390625
129|1205|102.33928680419922
129|1332|92.60610961914062
129|2043|113.90088653564453
130|42|69.83728790283203
130|66|72.58706665039062
130|917|89.6064224243164
130|949|144.53330993652344
130|962|67.54485321044922
130|969|153.2762451171875
130|2044|118.31853485107422
131|67|61.96250534057617
131|347|73.12590789794922
131|506|62.66581344604492
131|1201|60.62128448486328
131|1333|88.36286163330078
131|1822|132.58746337890625
132|244|66.54238891601562
132|1334|99.83830261230469
132|1824|65.7839584350586
133|1794|101.02622985839844
134|1821|66.61181640625
137|1358|72.59815979003906
138|1002|76.62358093261719
142|926|63.652374267578125
143|1346|107.35680389404297
143|1574|94.5093002319336
144|45|67.28595733642578
144|1381|102.41256713867188
144|1403|138.39418029785156
144|1410|64.34790802001953
144|1493|107.23306274414062
144|1573|98.8167495727539
144|1576|83.9455337524414
144|2161|120.30794525146484
145|46|69.24690246582031
145|1347|71.6182632446289
145|1382|74.84712982177734
145|1492|104.23863220214844
145|1497|70.68411254882812
145|1828|114.22010040283203
145|2031|65.27112579345703
146|664|78.08198547363281
146|1131|107.95335388183594
146|1312|130.30377197265625
146|1383|86.86852264404297
146|1400|67.94388580322266
146|1491|138.20509338378906
146|2009|79.90494537353516
146|2032|61.34556198120117
146|2215|67.60374450683594
147|1826|103.44510650634766
147|2011|68.7114486694336
148|1409|120.28058624267578
148|1495|115.69377899169922
148|2165|81.98970031738281
148|2322|61.73397445678711
149|2169|84.37145233154297
150|668|69.54180145263672
150|928|79.97781372070312
153|924|84.94721221923828
153|1997|113.9655990600586
153|2006|99.41053771972656
154|330|215.55470275878906
154|1071|76.78562927246094
154|1996|106.42708587646484
154|2005|143.4304962158203
155|326|134.8318328857422
157|459|66.18132019042969
157|1071|107.15302276611328
159|118|70.80425262451172
160|65|123.87681579589844
160|345|115.73600006103516
160|1171|171.46865844726562
160|1203|69.47205352783203
160|1285|93.93782806396484
161|66|97.7991714477539
161|91|62.9761962890625
161|349|85.50568389892578
161|505|81.41378021240234
161|659|131.6158447265625
161|951|96.54203033447266
161|958|73.42185974121094
161|964|142.07675170898438
161|979|67.46697998046875
161|984|161.05508422851562
161|1071|60.56671905517578
161|1125|76.96049499511719
161|1172|163.72679138183594
161|1199|95.18608856201172
161|1332|93.2198486328125
161|1335|93.59449768066406
161|1487|127.80191040039062
162|42|133.29769897460938
162|245|123.87928009033203
162|357|122.77556610107422
162|944|89.40442657470703
162|954|116.9633560180664
162|962|150.85365295410156
162|977|87.40096282958984
162|985|112.52302551269531
162|1173|127.75935363769531
162|1193|97.46841430664062
162|1195|99.2430191040039
162|1198|97.06041717529297
163|154|173.70736694335938
163|158|102.36470031738281
163|661|71.2912826538086
163|918|66.68913269042969
163|943|66.43096923828125
163|947|60.613216400146484
163|961|152.0980987548828
163|971|84.37191009521484
163|982|121.56758117675781
163|986|77.3471908569336
163|1189|82.61996459960938
163|1202|66.4715805053711
164|249|63.07167053222656
164|347|120.90786743164062
164|506|83.72962188720703
164|917|80.26664733886719
164|975|66.8530502319336
164|1072|73.02490997314453
164|2121|67.05894470214844
165|67|87.49300384521484
165|300|82.28952026367188
165|865|63.4954833984375
165|1201|108.80227661132812
165|1334|106.71397399902344
166|891|75.05450439453125
167|68|72.92167663574219
169|90|84.44354248046875
169|374|60.39053726196289
170|1797|69.27926635742188
171|1337|84.10010528564453
172|1346|89.4582748413086
172|1362|97.30438995361328
172|1398|72.12400817871094
173|454|82.13829040527344
173|1363|101.5634536743164
173|1570|73.8108901977539
173|1865|62.79404067993164
173|1969|62.72887420654297
173|2159|72.05841827392578
174|1339|65.78022003173828
174|1347|62.90336227416992
174|1364|82.79464721679688
174|1385|112.91902923583984
174|1583|60.320884704589844
174|1789|107.21954345703125
174|1853|111.23360443115234
175|308|113.85528564453125
176|1796|60.69211959838867
176|2216|67.12446594238281
176|2461|76.98104858398438
177|1330|83.2537841796875
177|1839|59.85347366333008
177|1969|72.01200866699219
178|926|80.94779205322266
179|323|157.70480346679688
179|553|74.59818267822266
179|1111|59.77781677246094
179|2325|99.00142669677734
180|252|106.48936462402344
180|309|67.83464050292969
180|671|103.37979125976562
180|1410|120.61824798583984
180|1770|92.00281524658203
180|1810|76.4743423461914
180|2172|81.43622589111328
181|46|163.34942626953125
181|253|93.70072174072266
181|280|81.3250961303711
181|312|104.82133483886719
181|931|152.1443328857422
181|1132|120.20697784423828
181|1411|156.94667053222656
181|1497|60.082088470458984
181|1811|64.39938354492188
182|49|112.78526306152344
182|311|121.36453247070312
182|575|123.13330078125
182|1131|91.3164291381836
182|1412|187.58554077148438
182|1502|71.70040130615234
182|1849|66.4386978149414
182|1861|61.96927261352539
182|2009|66.17879486083984
183|48|137.79336547851562
183|51|68.96312713623047
183|279|87.24925231933594
183|310|148.16014099121094
183|673|64.46491241455078
183|1084|60.365657806396484
183|1413|187.4614715576172
183|2010|82.62667083740234
183|2013|144.09841918945312
183|2022|135.1579132080078
183|2069|98.09627532958984
183|2323|68.09353637695312
184|254|63.425132751464844
184|932|78.55433654785156
184|1083|82.0876235961914
184|1109|80.71631622314453
184|1134|74.4140853881836
184|1279|96.76276397705078
184|1501|109.54217529296875
184|2012|163.2621612548828
184|2329|70.38813781738281
185|97|70.43507385253906
185|1072|67.867919921875
185|1135|76.377197265625
185|1500|127.4232406616211
185|1809|60.77104187011719
185|1849|60.215484619140625
185|2170|65.3412094116211
185|2328|73.17150115966797
186|2169|73.01667785644531
187|928|79.42906188964844
187|1842|64.19519805908203
188|306|62.30472946166992
189|1848|60.58504867553711
191|118|73.09780883789062
191|478|99.27491760253906
191|1288|59.8460807800293
191|1396|61.351890563964844
192|1306|176.55450439453125
193|246|95.67761993408203
193|659|61.920413970947266
193|958|98.29631042480469
193|1991|107.58799743652344
194|40|104.39715576171875
194|247|90.33965301513672
194|351|84.86967468261719
194|478|89.30430603027344
194|957|90.68313598632812
194|977|107.99244689941406
194|1170|72.01600646972656
194|1183|109.85118103027344
194|1186|76.22225189208984
194|1193|86.16742706298828
194|1287|61.154598236083984
195|41|98.651123046875
195|117|59.95861053466797
195|156|72.83362579345703
195|459|94.05883026123047
195|956|89.11573791503906
195|960|72.7595443725586
195|976|85.10877990722656
195|1182|77.59210205078125
195|1185|81.86770629882812
195|1190|120.77679443359375
195|1197|63.160072326660156
196|129|72.81068420410156
196|158|97.5582504272461
196|248|103.36709594726562
196|477|129.62149047851562
196|961|61.84938049316406
196|1189|107.04865264892578
197|453|63.67424774169922
197|943|60.200706481933594
197|1286|62.983402252197266
199|1286|67.63236236572266
199|1370|75.80900573730469
202|1585|71.23043060302734
203|1388|62.78730010986328
203|1633|113.91876220703125
203|2459|106.31481170654297
204|1365|84.12531280517578
204|2460|108.6413345336914
204|2468|104.72952270507812
205|1642|69.1251449584961
210|1278|74.38496398925781
211|1081|65.42465209960938
213|1964|114.49861145019531
213|1978|87.52753448486328
215|1151|59.66789245605469
215|1504|88.24279022216797
215|1772|79.87503051757812
215|2238|64.02831268310547
216|1150|60.68290710449219
216|1410|69.93425750732422
216|1657|94.17920684814453
216|1659|94.18362426757812
216|1778|70.77395629882812
216|1784|104.9637680053711
216|1980|118.58739471435547
216|2486|115.96663665771484
217|875|66.39929962158203
217|1163|69.74041748046875
217|1420|71.90895080566406
217|1661|77.80459594726562
217|1774|112.05734252929688
217|1781|61.0086784362793
217|1835|60.700653076171875
217|1867|101.05243682861328
217|2173|65.99214172363281
217|2331|78.06631469726562
218|1136|70.27576446533203
218|1419|123.2126235961914
218|1656|64.75442504882812
218|1776|93.6758041381836
218|1783|75.47193145751953
218|1973|66.55238342285156
218|2227|77.9278335571289
218|2387|71.50179290771484
218|2488|89.55105590820312
219|1417|145.65469360351562
219|1655|100.80724334716797
219|2073|83.14833068847656
219|2174|80.07666778564453
219|2482|117.16925048828125
220|675|85.32606506347656
220|2017|90.93595123291016
220|2074|76.38488006591797
220|2175|89.00567626953125
221|582|65.45928955078125
221|1135|64.3638916015625
221|1376|60.791561126708984
221|2015|67.35003662109375
221|2018|86.09578704833984
222|1654|109.17884826660156
222|2481|130.41900634765625
223|2236|91.99396514892578
225|139|67.03440856933594
225|1079|60.49772262573242
226|1183|59.84821319580078
227|1185|76.06156158447266
228|461|107.65928649902344
228|1293|76.34149169921875
228|1567|63.25162887573242
229|479|61.02299118041992
229|1123|69.96769714355469
229|1288|68.58939361572266
230|1157|107.51590728759766
231|1156|85.21977996826172
231|1587|66.28778839111328
232|462|66.51512145996094
232|1292|73.11752319335938
232|1295|83.82840728759766
232|1307|74.71024322509766
233|1155|65.8604507446289
233|1289|68.16532135009766
234|167|67.10018920898438
234|464|93.96355438232422
234|1290|105.05010986328125
234|2221|77.70225524902344
235|1987|82.49164581298828
236|1154|77.58098602294922
244|1642|95.1033706665039
244|2469|109.52596282958984
250|2239|69.34465789794922
252|584|84.36210632324219
252|2248|65.34343719482422
253|585|83.98904418945312
253|900|75.93051147460938
253|1163|63.51124572753906
253|1411|84.03013610839844
253|2247|85.62625122070312
254|2244|85.2725830078125
254|2391|78.4030990600586
255|586|91.4211196899414
255|591|81.92294311523438
255|1412|73.81080627441406
255|2242|81.33316040039062
256|587|106.08003234863281
256|590|98.37318420410156
257|588|96.50179290771484
258|2342|67.91636657714844
258|2392|69.74115753173828
259|1513|73.61689758300781
259|2341|71.21361541748047
260|1780|119.4377670288086
260|2251|91.3319091796875
260|2393|88.21903991699219
261|1649|124.95377349853516
261|1781|117.53474426269531
261|2476|140.1002655029297
262|142|59.857398986816406
262|1645|100.73319244384766
262|1648|102.74651336669922
262|1782|86.01022338867188
262|2472|127.17549896240234
263|2345|67.26275634765625
264|1647|100.1951904296875
264|2474|94.8126220703125
269|1159|75.08111572265625
273|464|65.82652282714844
273|1290|61.827388763427734
286|1642|87.74864196777344
286|2239|69.29927062988281
286|2469|101.68079376220703
287|1643|87.84327697753906
288|1585|60.88734436035156
288|2470|92.10935974121094
289|2247|67.97132873535156
290|1419|69.76171112060547
290|2244|82.21155548095703
290|2351|71.25129699707031
291|1418|83.96001434326172
291|1513|62.79180908203125
291|2067|60.776058197021484
291|2243|72.0569076538086
292|1416|96.90908813476562
292|1515|78.00725555419922
292|1851|60.666847229003906
292|2066|60.51158905029297
292|2072|62.6488037109375
292|2242|67.46748352050781
293|1400|77.07747650146484
293|2022|60.027259826660156
295|150|62.2653694152832
296|2345|73.64472198486328
298|1841|77.40007019042969
302|2183|73.0234146118164
304|1293|60.13064956665039
304|1649|85.4324722290039
304|1781|61.86298751831055
304|2476|97.14599609375
305|1645|73.19352722167969
305|1648|75.33940887451172
305|2472|92.65453338623047
305|2475|78.99691009521484
305|2477|75.340576171875
306|1158|76.16967010498047
306|1783|61.32685470581055
307|1159|73.39631652832031
308|1647|83.17727661132812
308|2474|97.4468994140625
309|1307|61.64497375488281
311|1991|106.05399322509766
312|464|67.38999938964844
315|1987|64.2732925415039
317|2435|63.60061264038086
322|2238|97.6046371459961
323|1183|62.08616638183594
323|2237|60.080448150634766
324|584|69.88912200927734
324|1184|62.42827606201172
324|1514|66.3658447265625
324|1810|64.77452087402344
325|900|64.25587463378906
325|1185|62.499629974365234
325|2247|67.51293182373047
326|1163|61.443153381347656
326|2246|73.59706115722656
327|157|62.151817321777344
327|490|62.144996643066406
327|2243|68.1830062866211
328|2242|64.69316101074219
329|492|63.58124923706055
329|587|63.089263916015625
329|590|69.21356201171875
329|2021|62.384952545166016
329|2226|66.9884033203125
330|588|73.39944458007812
330|2022|64.83744812011719