Let me Love You
DJ Snake
Justin Bieber
EDM
let_me_love_you
2049x2584
3800

3|2098|59.39069366455078
3|2102|59.11240005493164
3|2118|58.60979080200195
3|2147|68.1622085571289
3|2153|75.49933624267578
3|2158|71.0155029296875
3|2162|77.32025909423828
3|2172|87.95176696777344
3|2176|81.85565948486328
3|2183|89.9410171508789
4|486|192.7907257080078
4|539|225.28616333007812
4|544|64.87953186035156
4|550|78.15823364257812
4|553|77.12879180908203
4|556|67.65219116210938
4|566|148.26934814453125
4|577|60.56466293334961
4|582|65.07633209228516
4|590|254.54443359375
4|597|109.30142211914062
4|611|171.01748657226562
4|621|119.88945770263672
4|629|266.9370422363281
4|634|108.45894622802734
4|657|123.54443359375
4|695|150.90725708007812
4|798|151.38343811035156
4|939|196.30946350097656
4|952|226.12327575683594
4|962|82.345947265625
4|965|78.21369934082031
4|969|65.82581329345703
4|983|69.10147857666016
4|988|97.74610137939453
4|992|98.80040740966797
4|994|99.10548400878906
4|1003|230.60641479492188
4|1015|95.73042297363281
4|1034|99.6969985961914
4|1043|247.3519287109375
4|1047|100.15623474121094
4|1108|150.31365966796875
4|1174|143.60153198242188
4|1187|118.0340347290039
4|1212|148.2801513671875
4|1263|200.6699676513672
4|1354|156.2524871826172
4|1417|184.19430541992188
4|1572|272.7866516113281
4|1577|134.92166137695312
4|1582|140.44342041015625
4|1585|136.6733856201172
4|1589|107.0456314086914
4|1599|244.44375610351562
4|1604|128.32781982421875
4|1614|146.28880310058594
4|1634|155.0400848388672
4|1644|278.90576171875
4|1654|148.15579223632812
4|1667|118.77281951904297
4|1676|191.2397003173828
4|1767|162.0569610595703
4|1830|181.72158813476562
4|1985|258.0183410644531
4|1990|116.21467590332031
4|1995|134.98365783691406
4|2003|132.53736877441406
4|2012|264.56597900390625
4|2024|163.39068603515625
4|2027|168.22508239746094
4|2048|157.788818359375
4|2057|279.5490417480469
4|2067|151.02835083007812
4|2081|122.30001068115234
4|2186|94.39070129394531
4|2190|56.51028823852539
4|2203|72.72651672363281
4|2207|91.61588287353516
4|2211|100.70536804199219
4|2218|112.4503173828125
4|2230|65.56436920166016
4|2237|76.43495178222656
4|2239|68.22113037109375
4|2255|89.22438049316406
4|2257|92.04187774658203
4|2261|71.23920440673828
4|2263|71.09492492675781
4|2266|72.73633575439453
4|2273|92.48468017578125
4|2277|109.2227783203125
4|2280|104.63898468017578
4|2288|112.47703552246094
4|2292|130.95184326171875
4|2311|131.51412963867188
4|2395|138.4202880859375
4|2414|138.825439453125
5|240|56.521148681640625
5|250|61.359012603759766
5|253|59.68586730957031
5|258|73.99737548828125
5|265|58.87881088256836
5|271|66.96381378173828
5|274|80.6068115234375
5|277|64.44354248046875
5|280|65.97441864013672
5|283|61.91465759277344
5|286|68.9585189819336
5|289|76.39832305908203
5|292|84.26716613769531
5|305|58.77849578857422
5|312|82.77538299560547
5|316|57.51558303833008
5|318|61.28750228881836
5|321|66.55014038085938
5|324|74.23933410644531
5|345|66.71739959716797
5|349|59.09352111816406
5|354|64.94892883300781
5|356|69.12815856933594
5|364|89.62610626220703
5|370|61.063411712646484
5|377|79.72883605957031
5|384|65.99251556396484
5|386|59.828033447265625
5|390|74.41532897949219
5|392|73.53602600097656
5|396|87.25969696044922
5|402|59.2865104675293
5|408|58.66456985473633
5|412|73.87139892578125
5|414|77.48147583007812
5|416|78.79893493652344
5|425|61.018943786621094
5|433|377.0926513671875
5|459|428.5261535644531
5|462|221.57118225097656
5|488|216.84291076660156
5|504|385.6969909667969
5|506|254.8204345703125
5|523|427.9004821777344
5|536|416.90130615234375
5|562|429.220947265625
5|588|394.8186950683594
5|610|178.57725524902344
5|653|139.250244140625
5|659|148.4725799560547
5|675|158.69203186035156
5|685|181.77032470703125
5|704|173.26016235351562
5|713|293.56427001953125
5|723|183.1367950439453
5|730|452.26531982421875
5|737|154.78111267089844
5|743|370.3369445800781
5|754|144.1611785888672
5|756|146.94247436523438
5|762|145.04466247558594
5|778|165.0880126953125
5|781|166.4033660888672
5|787|179.12252807617188
5|807|179.42330932617188
5|814|454.270751953125
5|817|292.4647216796875
5|826|177.2542724609375
5|840|154.11802673339844
5|846|395.1502685546875
5|850|176.53240966796875
5|872|448.6280517578125
5|898|467.1578674316406
5|901|249.96363830566406
5|937|417.766845703125
5|940|220.25071716308594
5|1040|420.79412841796875
5|1053|386.608642578125
5|1060|117.72384643554688
5|1065|135.0556182861328
5|1068|144.09228515625
5|1072|163.66961669921875
5|1079|364.42913818359375
5|1086|162.0854034423828
5|1092|169.74447631835938
5|1098|185.4846649169922
5|1118|181.13636779785156
5|1124|461.8200988769531
5|1127|295.4897155761719
5|1137|173.21771240234375
5|1150|146.80596923828125
5|1164|118.21021270751953
5|1168|137.6744842529297
5|1171|148.63511657714844
5|1176|175.24803161621094
5|1190|169.23175048828125
5|1202|181.480712890625
5|1221|179.54124450683594
5|1230|301.7126159667969
5|1235|173.09036254882812
5|1239|171.7820587158203
5|1241|171.17543029785156
5|1247|435.18914794921875
5|1254|149.57565307617188
5|1271|184.08131408691406
5|1277|157.20425415039062
5|1279|157.056396484375
5|1288|249.89451599121094
5|1293|151.45977783203125
5|1302|168.25286865234375
5|1305|169.1680145263672
5|1314|296.47021484375
5|1320|173.52572631835938
5|1324|187.29017639160156
5|1331|458.8509826660156
5|1341|183.77574157714844
5|1343|183.5487060546875
5|1357|164.9276580810547
5|1363|380.9685363769531
5|1389|434.4686584472656
5|1392|190.82382202148438
5|1415|423.5660400390625
5|1418|239.84994506835938
5|1436|246.9739532470703
5|1457|220.19384765625
5|1474|179.8863983154297
5|1480|202.90725708007812
5|1486|184.3567657470703
5|1492|417.2182312011719
5|1500|185.37161254882812
5|1504|184.1477813720703
5|1511|194.5694580078125
5|1518|394.7861022949219
5|1520|308.3677673339844
5|1530|200.72247314453125
5|1550|186.81387329101562
5|1557|458.5748291015625
5|1562|183.72796630859375
5|1570|400.07171630859375
5|1625|173.9161376953125
5|1641|396.18768310546875
5|1660|436.7419738769531
5|1673|389.92279052734375
5|1679|155.11521911621094
5|1683|186.27345275878906
5|1686|171.13888549804688
5|1693|184.0552215576172
5|1699|408.7008972167969
5|1702|268.4131164550781
5|1708|167.98773193359375
5|1717|182.70114135742188
5|1725|426.6813049316406
5|1728|292.0448913574219
5|1738|186.91134643554688
5|1757|179.85023498535156
5|1771|171.95248413085938
5|1780|155.51808166503906
5|1806|224.84335327148438
5|1828|442.2689514160156
5|1831|230.58236694335938
5|1850|241.295654296875
5|1867|433.3858947753906
5|1870|201.9684295654297
5|1880|433.0568542480469
5|1887|172.8904266357422
5|1892|186.8549041748047
5|1900|182.54165649414062
5|1913|174.94874572753906
5|1920|188.8853759765625
5|1923|198.0518798828125
5|1934|327.2289733886719
5|1943|194.14901733398438
5|1951|434.6534423828125
5|1957|171.57057189941406
5|1964|195.05172729492188
5|1975|180.74366760253906
5|2009|400.5558166503906
5|2035|409.5438232421875
5|2038|185.2738494873047
5|2074|412.4991760253906
5|2296|130.41905212402344
5|2298|129.86782836914062
5|2304|145.95849609375
5|2307|153.65945434570312
5|2313|152.20184326171875
5|2315|153.96356201171875
5|2319|158.18898010253906
5|2327|178.19354248046875
5|2336|160.87149047851562
5|2340|177.35768127441406
5|2348|185.31344604492188
5|2356|195.0026397705078
5|2359|195.62057495117188
5|2364|158.3612518310547
5|2368|153.99005126953125
5|2372|170.22434997558594
5|2378|183.67381286621094
5|2386|175.67320251464844
5|2391|182.3910369873047
5|2397|140.7465362548828
5|2402|143.875244140625
5|2408|148.7616424560547
5|2411|164.21102905273438
5|2422|180.2664794921875
5|2429|189.60963439941406
5|2437|172.17486572265625
5|2443|180.46421813964844
5|2451|169.46217346191406
5|2454|169.901611328125
5|2460|181.51397705078125
5|2462|187.78208923339844
5|2465|175.3027801513672
5|2468|171.5914764404297
5|2479|191.55482482910156
5|2482|188.8262176513672
5|2486|167.2476043701172
5|2489|171.5889892578125
5|2494|183.2816619873047
5|2497|162.88836669921875
6|25|93.1396255493164
6|35|116.78880310058594
6|44|99.4342041015625
6|50|110.10160827636719
6|53|115.25646209716797
6|59|98.77367401123047
6|64|102.90473937988281
6|67|97.66349792480469
6|71|99.4176254272461
6|75|103.22955322265625
6|80|106.35960388183594
6|84|104.36522674560547
6|92|92.33322143554688
6|97|104.37916564941406
6|106|116.72239685058594
6|110|87.5373764038086
6|116|92.93744659423828
6|158|113.90216827392578
6|432|540.7845458984375
6|438|193.64071655273438
6|446|221.99972534179688
6|452|217.98486328125
6|458|545.595703125
6|463|223.9182586669922
6|467|210.47775268554688
6|473|219.44944763183594
6|477|227.6917724609375
6|483|583.9163208007812
6|497|221.91558837890625
6|503|631.8095092773438
6|515|224.6259765625
6|522|556.89794921875
6|527|204.6361541748047
6|530|196.87486267089844
6|535|579.6118774414062
6|561|617.4773559570312
6|587|588.648681640625
6|606|590.7669067382812
6|626|560.3928833007812
6|664|602.6808471679688
6|690|611.98095703125
6|710|549.7927856445312
6|729|603.3250732421875
6|742|575.06787109375
6|768|578.776611328125
6|813|606.4154052734375
6|832|596.216552734375
6|845|534.2577514648438
6|851|209.65023803710938
6|855|219.65452575683594
6|860|225.43995666503906
6|866|228.40631103515625
6|871|593.5354614257812
6|876|222.3777618408203
6|880|214.43374633789062
6|885|221.970947265625
6|891|237.3394317626953
6|897|622.949951171875
6|911|226.09808349609375
6|916|605.616455078125
6|923|205.10150146484375
6|930|227.95892333984375
6|936|526.1200561523438
6|941|221.13803100585938
6|943|203.85179138183594
6|974|599.8714599609375
6|1000|594.0571899414062
6|1020|560.6227416992188
6|1039|600.2891235351562
6|1052|579.8175048828125
6|1078|594.9790649414062
6|1104|545.576416015625
6|1123|621.6802978515625
6|1142|572.5108642578125
6|1155|556.4209594726562
6|1181|622.1808471679688
6|1207|599.80810546875
6|1226|609.2872924804688
6|1246|584.3204956054688
6|1259|508.60601806640625
6|1284|576.1500244140625
6|1310|583.2890625
6|1330|615.3659057617188
6|1349|568.1397705078125
6|1362|533.7887573242188
6|1368|219.70648193359375
6|1374|228.3190155029297
6|1378|229.30023193359375
6|1382|235.3913116455078
6|1388|566.5784912109375
6|1393|221.29287719726562
6|1398|209.79176330566406
6|1408|247.34942626953125
6|1414|563.681884765625
6|1426|225.41583251953125
6|1433|630.8675537109375
6|1447|230.10865783691406
6|1458|210.4890899658203
6|1460|194.32968139648438
6|1465|555.505126953125
6|1487|186.7725067138672
6|1491|571.7623291015625
6|1517|593.8699951171875
6|1536|553.5930786132812
6|1556|591.2555541992188
6|1569|563.4580688476562
6|1595|545.5454711914062
6|1620|587.3575439453125
6|1640|606.0164794921875
6|1659|593.6015625
6|1672|581.5093383789062
6|1698|598.260009765625
6|1724|585.655029296875
6|1743|591.7269897460938
6|1762|534.3632202148438
6|1772|113.0284423828125
6|1775|493.3210754394531
6|1781|212.44085693359375
6|1787|225.98402404785156
6|1796|220.94541931152344
6|1801|561.980224609375
6|1807|220.79489135742188
6|1809|211.66615295410156
6|1820|233.97496032714844
6|1827|566.3944091796875
6|1832|217.24253845214844
6|1841|226.89511108398438
6|1846|570.58935546875
6|1853|196.9613037109375
6|1860|220.80726623535156
6|1866|559.9049682617188
6|1871|225.29762268066406
6|1874|205.61338806152344
6|1879|561.6500854492188
6|1901|165.49468994140625
6|1905|514.7277221679688
6|1930|559.6065673828125
6|1946|170.7751007080078
6|1950|578.645751953125
6|1969|599.6378784179688
6|1982|578.7263793945312
6|2008|607.9791259765625
6|2034|620.674072265625
6|2053|631.5482788085938
6|2073|552.0513916015625
6|2086|163.6970672607422
6|2094|175.69683837890625
6|2099|182.5654296875
6|2105|161.07650756835938
6|2107|162.32421875
6|2110|170.96475219726562
6|2118|176.15658569335938
6|2125|156.3345489501953
6|2130|163.9534454345703
6|2133|162.8134765625
6|2138|156.52590942382812
6|2144|160.79006958007812
6|2147|160.23468017578125
6|2151|163.48361206054688
6|2157|153.36708068847656
6|2164|153.44418334960938
6|2170|149.11256408691406
6|2177|128.51116943359375
6|2186|108.58314514160156
6|2500|216.1212921142578
6|2506|223.4759521484375
6|2512|233.4588165283203
6|2520|225.06602478027344
6|2523|226.86050415039062
6|2531|243.28631591796875
6|2538|224.41819763183594
6|2541|220.99514770507812
6|2546|221.64219665527344
6|2555|222.77162170410156
6|2558|227.3387451171875
6|2565|237.58314514160156
6|2570|227.14669799804688
6|2572|225.137451171875
6|2576|220.84075927734375
6|2580|220.3199462890625
6|2582|221.12448120117188
7|121|165.45668029785156
7|125|167.84361267089844
7|128|173.84043884277344
7|131|160.83969116210938
7|140|177.6558074951172
7|144|184.16464233398438
7|147|186.18582153320312
7|160|152.41925048828125
7|163|160.27133178710938
7|166|150.30877685546875
7|173|169.977783203125
7|177|172.77365112304688
7|191|162.72154235839844
7|195|160.26646423339844
7|199|179.0426788330078
7|211|161.3485565185547
7|215|171.42510986328125
7|218|174.58038330078125
7|222|168.78402709960938
7|261|66.68669891357422
7|431|519.8546752929688
7|457|581.8841552734375
7|499|169.921630859375
7|502|549.606689453125
7|538|129.411376953125
7|542|129.13278198242188
7|544|130.042724609375
7|546|130.1999053955078
7|550|126.82086181640625
7|554|141.73043823242188
7|560|509.66766357421875
7|565|105.5418472290039
7|567|108.9477310180664
7|573|131.54580688476562
7|577|141.85206604003906
7|580|143.6383819580078
7|586|525.3338012695312
7|613|62.04981994628906
7|616|58.001827239990234
7|619|58.87095642089844
7|625|582.852294921875
7|628|81.8665542602539
7|638|543.7245483398438
7|709|551.5782470703125
7|728|514.9111328125
7|741|512.3342895507812
7|767|573.1410522460938
7|793|567.6346435546875
7|812|512.4253540039062
7|870|512.3329467773438
7|896|549.7495727539062
7|935|548.0576171875
7|945|175.0589141845703
7|948|541.1371459960938
7|951|141.56951904296875
7|954|111.33174133300781
7|959|122.17568969726562
7|963|117.84210968017578
7|966|133.4570770263672
7|969|130.67092895507812
7|983|127.24595642089844
7|989|70.5665054321289
7|994|96.81253051757812
7|1009|123.54911041259766
7|1014|113.41439056396484
7|1019|556.6242065429688
7|1022|128.65533447265625
7|1030|111.5660400390625
7|1038|490.27685546875
7|1044|66.85890197753906
7|1046|67.79560089111328
7|1051|494.3072204589844
7|1077|563.8665161132812
7|1103|555.1048583984375
7|1122|498.75872802734375
7|1206|510.7373046875
7|1245|543.1497192382812
7|1258|485.69720458984375
7|1329|590.11181640625
7|1348|442.8214111328125
7|1361|440.1905822753906
7|1387|537.3539428710938
7|1413|518.8414916992188
7|1452|533.6536865234375
7|1516|499.174560546875
7|1555|512.3084716796875
7|1568|524.912353515625
7|1594|550.2745971679688
7|1639|561.4343872070312
7|1671|449.1206970214844
7|1697|506.994873046875
7|1723|526.703125
7|1826|431.96795654296875
7|1865|522.25439453125
7|1875|184.50634765625
7|1878|483.1446533203125
7|1904|507.3338928222656
7|1949|496.1069641113281
7|2007|513.3790283203125
7|2033|550.5789794921875
7|2072|547.8743286132812
7|2188|136.0409393310547
7|2192|151.1972198486328
7|2198|155.88052368164062
7|2203|160.27828979492188
7|2208|91.76757049560547
7|2211|76.13182830810547
7|2227|156.4390106201172
7|2230|160.2911376953125
7|2234|151.21913146972656
7|2239|153.15174865722656
7|2243|148.2386932373047
7|2250|143.939453125
7|2259|150.3622283935547
7|2264|135.4176025390625
7|2267|141.7484893798828
7|2281|92.8026351928711
7|2285|93.6151351928711
8|242|63.32362365722656
8|313|64.77069854736328
8|844|406.528076171875
8|1582|57.61956787109375
8|1589|110.59598541259766
8|1598|70.82533264160156
8|1602|71.63031005859375
8|1607|96.8406753540039
8|1613|95.56529998779297
8|1662|69.50776672363281
8|1665|66.82440185546875
8|1990|73.15723419189453
8|1993|73.83456420898438
8|1999|60.7122917175293
8|2040|59.83949279785156
8|2078|64.39248657226562
8|2082|74.5255126953125
8|2290|85.15574645996094
8|2394|80.50978088378906
9|226|122.57328033447266
9|228|130.52342224121094
9|233|143.95555114746094
9|240|87.37938690185547
9|275|102.79759979248047
9|328|128.88890075683594
9|334|134.0272674560547
9|430|558.0540771484375
9|456|618.0980224609375
9|501|626.499755859375
9|520|604.8919067382812
9|533|606.2313842773438
9|559|646.9215087890625
9|585|599.7214965820312
9|604|613.9320678710938
9|624|598.864990234375
9|647|118.9539794921875
9|688|642.7557373046875
9|692|80.88876342773438
9|708|574.8516845703125
9|727|621.9034423828125
9|740|597.9929809570312
9|766|654.5983276367188
9|778|98.99906921386719
9|811|600.0498046875
9|869|663.4913330078125
9|895|620.0635986328125
9|934|596.1141357421875
9|947|553.096923828125
9|998|605.2299194335938
9|1018|587.2630615234375
9|1037|629.1452026367188
9|1050|616.0198974609375
9|1061|143.7940216064453
9|1067|119.5247573852539
9|1076|669.2454223632812
9|1102|592.6787719726562
9|1121|646.3834228515625
9|1159|102.21930694580078
9|1163|134.8784637451172
9|1170|89.89368438720703
9|1179|703.6726684570312
9|1205|654.708251953125
9|1209|66.23511505126953
9|1244|586.9947509765625
9|1257|526.3847045898438
9|1283|563.71826171875
9|1328|606.9583740234375
9|1347|581.8414306640625
9|1360|601.6778564453125
9|1386|656.4314575195312
9|1412|537.8927001953125
9|1431|613.2459106445312
9|1489|652.3073120117188
9|1515|623.7435913085938
9|1554|611.4699096679688
9|1567|559.2914428710938
9|1593|589.08349609375
9|1638|620.3359375
9|1657|584.7703857421875
9|1674|102.89624786376953
9|1696|625.2050170898438
9|1722|577.8809204101562
9|1741|589.927490234375
9|1761|548.0337524414062
9|1825|603.9295654296875
9|1864|613.6396484375
9|1877|583.7664794921875
9|1903|598.8546752929688
9|1948|586.5126342773438
9|1967|600.6972045898438
9|1980|579.4927368164062
9|2006|641.1729125976562
9|2032|636.9107055664062
9|2051|666.42138671875
9|2071|558.548095703125
9|2294|131.048095703125
9|2297|131.71002197265625
9|2397|82.73725128173828
9|2404|82.16111755371094
9|2408|78.06910705566406
10|244|130.555419921875
10|251|134.39454650878906
10|263|134.35470581054688
10|265|136.4266815185547
10|268|144.99063110351562
10|276|110.35861206054688
10|283|128.36126708984375
10|295|170.78089904785156
10|300|171.0830078125
10|303|174.8141326904297
10|317|110.02124786376953
10|319|111.75879669189453
10|326|97.33546447753906
10|346|109.25437927246094
10|352|128.45433044433594
10|354|117.72608184814453
10|358|107.458251953125
10|366|126.40050506591797
10|371|122.20914459228516
10|379|135.14903259277344
10|381|135.98150634765625
10|384|129.94810485839844
10|393|68.14617919921875
10|398|142.7177276611328
10|400|139.33901977539062
10|405|146.3362579345703
10|418|158.77577209472656
10|421|159.7381134033203
10|425|141.39590454101562
10|429|490.6710205078125
10|455|603.1410522460938
10|481|606.436279296875
10|623|604.6408081054688
10|636|591.8869018554688
10|658|186.6028289794922
10|662|696.40380859375
10|670|138.52516174316406
10|677|81.37564849853516
10|682|84.59688568115234
10|697|148.7792205810547
10|700|132.98838806152344
10|703|119.40874481201172
10|707|612.0252685546875
10|716|64.88326263427734
10|734|127.39069366455078
10|736|122.8879165649414
10|762|173.50885009765625
10|765|625.2955932617188
10|775|131.18421936035156
10|780|93.0946273803711
10|785|87.50513458251953
10|788|85.82691955566406
10|791|614.156494140625
10|804|68.08921813964844
10|820|119.78424072265625
10|823|112.97466278076172
10|825|106.95995330810547
10|830|598.0982055664062
10|835|96.34761047363281
10|839|105.6779556274414
10|843|566.6764526367188
10|914|617.0716552734375
10|933|544.2452392578125
10|946|567.9470825195312
10|972|616.9490966796875
10|1017|571.7177734375
10|1071|132.16183471679688
10|1075|594.0786743164062
10|1084|99.79493713378906
10|1088|137.3791046142578
10|1091|128.81509399414062
10|1094|130.79183959960938
10|1101|570.117919921875
10|1110|123.6714096069336
10|1114|115.98344421386719
10|1130|154.53692626953125
10|1133|149.22686767578125
10|1140|595.2527465820312
10|1148|147.93084716796875
10|1153|606.0579833984375
10|1171|80.4528579711914
10|1173|70.43761444091797
10|1198|169.28936767578125
10|1214|113.2793197631836
10|1220|96.11041259765625
10|1224|640.7608642578125
10|1233|75.128173828125
10|1243|521.8306274414062
10|1253|131.61912536621094
10|1256|544.8229370117188
10|1266|101.1424331665039
10|1269|103.35181427001953
10|1272|92.87986755371094
10|1279|179.3544158935547
10|1282|588.8019409179688
10|1300|236.2524871826172
10|1308|603.4935302734375
10|1318|60.33838653564453
10|1324|57.153076171875
10|1327|568.4466552734375
10|1334|107.47644805908203
10|1336|105.59512329101562
10|1340|107.27349090576172
10|1343|92.87039947509766
10|1355|119.7737045288086
10|1411|498.67218017578125
10|1450|588.9480590820312
10|1463|572.138916015625
10|1534|577.25830078125
10|1566|497.2978820800781
10|1592|595.6256713867188
10|1618|611.7252197265625
10|1670|591.295166015625
10|1677|167.9268035888672
10|1679|181.2960205078125
10|1683|155.44747924804688
10|1689|113.06549835205078
10|1704|105.33165740966797
10|1708|164.72547912597656
10|1711|165.52218627929688
10|1721|503.03277587890625
10|1730|157.34185791015625
10|1734|140.00949096679688
10|1737|129.6256561279297
10|1750|164.0410919189453
10|1753|163.25628662109375
10|1760|548.921142578125
10|1773|577.5146484375
10|1799|645.5271606445312
10|1844|577.8171997070312
10|1895|140.31570434570312
10|1902|589.9589233398438
10|1928|603.7762451171875
10|2070|553.7723388671875
10|2313|166.2357940673828
10|2316|176.73785400390625
10|2321|186.9541015625
10|2329|200.6588592529297
10|2334|204.7463836669922
10|2345|69.44985961914062
10|2347|64.62097930908203
10|2362|176.59568786621094
10|2364|178.74703979492188
10|2368|177.90658569335938
10|2381|152.7220458984375
10|2414|92.94743347167969
10|2420|94.5163345336914
10|2429|61.75093078613281
10|2435|151.00926208496094
10|2438|157.62184143066406
10|2446|164.90834045410156
10|2453|178.1654052734375
10|2456|165.41403198242188
10|2460|142.31307983398438
10|2463|136.88650512695312
10|2468|115.10578155517578
10|2473|112.88320922851562
10|2476|101.04378509521484
10|2480|84.99361419677734
10|2485|64.48255157470703
10|2488|67.47512817382812
11|313|60.9931526184082
11|984|56.52461242675781
11|992|63.463016510009766
11|1479|90.96614837646484
11|1483|191.76637268066406
11|1486|181.45606994628906
11|1495|86.87235260009766
11|1499|78.2897720336914
11|1506|200.01943969726562
11|1508|199.03125
11|1523|136.47647094726562
11|1542|171.74380493164062
11|1561|125.01326751708984
11|1811|79.702392578125
11|1885|239.0954132080078
11|1888|246.5254364013672
11|1891|224.35760498046875
11|1896|146.7416229248047
11|1899|156.0314178466797
11|1910|162.07301330566406
11|1921|220.8153839111328
11|1937|184.5152130126953
11|1956|175.49261474609375
11|1974|144.8597412109375
11|1976|142.5979461669922
12|21|193.31130981445312
12|39|226.98419189453125
12|59|239.62742614746094
12|68|194.34791564941406
12|74|178.0176239013672
12|90|184.79933166503906
12|93|186.90225219726562
12|107|231.65296936035156
12|110|234.43482971191406
12|118|130.0811767578125
12|428|135.86911010742188
12|438|154.16104125976562
12|442|142.31564331054688
12|445|145.11862182617188
12|449|230.02243041992188
12|452|231.77711486816406
12|462|146.93539428710938
12|472|207.71714782714844
12|488|140.1140899658203
12|499|162.15304565429688
12|509|122.17921447753906
12|526|123.76116180419922
12|583|143.16656494140625
12|656|156.1531219482422
12|756|116.0321273803711
12|761|106.69414520263672
12|764|203.8870849609375
12|850|77.78650665283203
12|853|78.32388305664062
12|856|77.67122650146484
12|859|87.05792236328125
12|863|98.77134704589844
12|867|165.39231872558594
12|885|167.3762664794922
12|903|142.4267578125
12|923|138.12307739257812
12|930|90.2294921875
12|932|163.77615356445312
12|939|69.5069808959961
12|1048|126.09846496582031
12|1069|140.79913330078125
12|1074|260.0771789550781
12|1078|78.031005859375
12|1172|167.2287139892578
12|1177|205.0339813232422
12|1382|290.43048095703125
12|1392|213.60183715820312
12|1402|88.22517395019531
12|1410|157.4781494140625
12|1427|86.46981048583984
12|1439|137.56199645996094
12|1458|157.3321533203125
12|1575|63.79261016845703
12|1578|66.97279357910156
12|1720|115.6178970336914
12|1785|64.7850112915039
12|1788|67.79608154296875
12|1793|122.59258270263672
12|1806|100.02989196777344
12|1823|174.58221435546875
12|1831|101.25963592529297
12|1853|195.6547393798828
12|1870|120.16287231445312
12|1873|104.55154418945312
12|1901|131.4516143798828
12|1927|185.78680419921875
12|1984|60.013607025146484
12|1987|75.43436431884766
12|1990|74.03448486328125
12|1994|71.76968383789062
12|1997|64.13675689697266
12|2086|166.3061065673828
12|2089|164.09535217285156
12|2096|80.09908294677734
12|2106|175.03622436523438
12|2111|177.2477264404297
12|2115|160.84230041503906
12|2122|231.56732177734375
12|2125|246.99754333496094
12|2135|258.76861572265625
12|2138|258.6738586425781
12|2158|185.32797241210938
12|2161|184.06356811523438
12|2176|257.5516052246094
12|2500|231.953857421875
12|2503|230.5604705810547
12|2517|150.73211669921875
12|2519|140.00865173339844
12|2536|186.08819580078125
12|2541|207.76113891601562
12|2548|240.89422607421875
12|2552|231.62857055664062
12|2568|194.49148559570312
12|2571|188.6856689453125
12|2581|109.02438354492188
13|467|143.33197021484375
13|481|146.32211303710938
13|558|150.70071411132812
13|654|110.41059875488281
13|706|146.89544677734375
13|755|119.83621215820312
13|868|163.9124298095703
13|881|104.62641906738281
13|893|160.79165649414062
13|1065|62.09679412841797
13|1169|135.931396484375
13|1204|151.62417602539062
13|1450|133.13104248046875
13|1463|105.2778549194336
13|1721|114.55638885498047
13|1799|138.84515380859375
13|1862|150.1349334716797
13|1875|144.32252502441406
13|1979|126.04011535644531
13|2185|146.1102752685547
14|119|134.9417266845703
14|122|130.9710693359375
14|124|129.49905395507812
14|127|123.41465759277344
14|158|199.09559631347656
14|161|201.99000549316406
14|171|140.7211151123047
14|174|124.92295837402344
14|179|118.25053405761719
14|191|101.20765686035156
14|193|102.52813720703125
14|198|102.23909759521484
14|211|132.6190185546875
14|215|138.96878051757812
14|429|142.79278564453125
14|454|144.48092651367188
14|500|144.9894561767578
14|519|154.79190063476562
14|532|121.27301788330078
14|542|103.32618713378906
14|553|132.9033966064453
14|555|134.19485473632812
14|566|79.60484313964844
14|572|210.81210327148438
14|575|212.58419799804688
14|584|145.89903259277344
14|594|138.38507080078125
14|597|138.24073791503906
14|600|121.87920379638672
14|603|123.08395385742188
14|610|87.42730712890625
14|613|90.86454010009766
14|623|202.8411102294922
14|632|184.8733367919922
14|653|68.40232849121094
14|687|165.322998046875
14|726|147.3179168701172
14|735|120.5609359741211
14|739|119.20250701904297
14|765|164.7999725341797
14|787|66.28205108642578
14|790|163.19757080078125
14|810|154.61990356445312
14|829|176.39036560058594
14|842|123.63689422607422
14|894|170.3429412841797
14|913|161.85885620117188
14|933|151.12930297851562
14|946|100.88684844970703
14|967|178.38238525390625
14|971|222.11651611328125
14|978|81.32170104980469
14|988|175.7681427001953
14|997|151.56312561035156
14|1006|83.40237426757812
14|1016|146.70321655273438
14|1024|103.53611755371094
14|1026|108.9375991821289
14|1036|219.7235107421875
14|1046|182.1239776611328
14|1101|140.29827880859375
14|1120|147.93614196777344
14|1139|160.41769409179688
14|1149|129.1075897216797
14|1152|229.98175048828125
14|1223|172.59124755859375
14|1243|122.45724487304688
14|1255|118.29098510742188
14|1327|148.828125
14|1346|150.46774291992188
14|1359|134.81809997558594
14|1385|159.7503662109375
14|1411|138.7196044921875
14|1430|135.0293731689453
14|1449|151.71897888183594
14|1452|57.514251708984375
14|1462|116.60981750488281
14|1488|151.52542114257812
14|1492|74.72026824951172
14|1498|109.25004577636719
14|1509|74.30416870117188
14|1514|140.79278564453125
14|1553|169.78656005859375
14|1565|124.04596710205078
14|1569|67.06144714355469
14|1592|152.26126098632812
14|1637|156.1384735107422
14|1656|187.31802368164062
14|1669|118.84403991699219
14|1674|62.432613372802734
14|1684|58.4965705871582
14|1695|172.32362365722656
14|1740|150.53543090820312
14|1772|122.52322387695312
14|1844|145.54132080078125
14|1863|174.01296997070312
14|1876|144.7398681640625
14|1887|81.42278289794922
14|1902|138.0739288330078
14|1928|125.40666198730469
14|1936|62.45806121826172
14|1947|147.03675842285156
14|1971|93.5927505493164
14|2005|157.6208953857422
14|2016|103.77957153320312
14|2031|132.83580017089844
14|2069|117.71004486083984
14|2079|102.22876739501953
14|2187|161.0001678466797
14|2208|104.12014770507812
14|2212|99.6790771484375
14|2229|132.70803833007812
14|2238|170.6174774169922
14|2243|153.87083435058594
14|2247|138.83253479003906
14|2260|191.4561767578125
14|2266|176.05038452148438
14|2277|241.0928955078125
14|2291|60.10545349121094
14|2394|57.59138870239258
15|222|63.135894775390625
15|480|143.7393798828125
15|583|149.25575256347656
15|601|128.9568634033203
15|611|89.77804565429688
15|633|168.4757080078125
15|674|61.92518615722656
15|736|134.1546173095703
15|764|139.3843231201172
15|788|68.5874252319336
15|1023|131.38113403320312
15|1025|112.96658325195312
15|1028|99.80718231201172
15|1042|149.6984100341797
15|1051|68.1725845336914
15|1147|88.3145980834961
15|1202|64.07839965820312
15|1266|127.63263702392578
15|1281|176.67825317382812
15|1286|114.28685760498047
15|1291|82.64922332763672
15|1303|156.40931701660156
15|1316|105.10331726074219
15|1326|128.23094177246094
15|1336|100.2001953125
15|1350|109.21282958984375
15|1356|116.73709106445312
15|1362|68.98594665527344
15|1369|114.73672485351562
15|1380|82.14083099365234
15|1389|88.88140869140625
15|1395|120.02812194824219
15|1407|98.33231353759766
15|1420|75.88304901123047
15|1439|95.08706665039062
15|1454|72.67748260498047
15|1460|111.25360107421875
15|1466|104.04902648925781
15|1487|138.2215118408203
15|1491|78.5526351928711
15|1533|125.0465316772461
15|1557|123.91397094726562
15|1568|75.80171966552734
15|1591|155.6328887939453
15|1596|103.5641860961914
15|1602|138.07247924804688
15|1604|64.77548217773438
15|1614|106.25985717773438
15|1660|63.759334564208984
15|1673|80.25019073486328
15|1679|127.06757354736328
15|1681|125.91967010498047
15|1699|112.44424438476562
15|1705|84.1146011352539
15|1716|132.69415283203125
15|1729|109.46507263183594
15|1749|100.67769622802734
15|1759|137.06881713867188
15|1764|112.8921890258789
15|1770|118.09431457519531
15|1777|71.77057647705078
15|1782|102.84281158447266
15|1794|93.50138854980469
15|1798|169.0148162841797
15|1802|91.01343536376953
15|1808|123.34256744384766
15|1820|103.30540466308594
15|1833|87.08293151855469
15|1843|153.2605438232422
15|1852|88.68862915039062
15|1867|66.38638305664062
15|1873|122.0106201171875
15|1880|94.08763885498047
15|1901|166.84202575683594
15|1913|106.21135711669922
15|1966|169.98184204101562
15|1970|111.23241424560547
15|2004|158.50697326660156
15|2010|95.36688232421875
15|2017|86.55609893798828
15|2026|141.40879821777344
15|2075|107.3446273803711
15|2094|67.38531494140625
15|2099|59.114017486572266
15|2206|99.68644714355469
15|2209|105.93800354003906
15|2213|99.19970703125
15|2233|121.07696533203125
15|2235|116.23967742919922
15|2257|185.9628448486328
16|189|58.124271392822266
16|454|131.82266235351562
16|506|61.2437858581543
16|614|131.0930938720703
16|616|108.0713882446289
16|622|219.86793518066406
16|639|135.4618377685547
16|716|152.1223602294922
16|719|116.38864135742188
16|725|208.37620544433594
16|729|93.57061004638672
16|741|92.02190399169922
16|743|96.50479888916016
16|1021|104.09992980957031
16|1030|81.20570373535156
16|1033|82.91783142089844
16|1039|77.7672348022461
16|1053|61.392555236816406
16|1130|86.88573455810547
16|1133|70.26449584960938
16|1135|73.01639556884766
16|1139|158.97686767578125
16|1141|65.24398040771484
16|1144|79.59532165527344
16|1156|84.80632019042969
16|1410|135.9934844970703
16|1449|144.84866333007812
16|1467|117.25906372070312
16|1470|179.51287841796875
16|1472|228.4954833984375
16|1475|194.69354248046875
16|1483|209.0916748046875
16|1486|204.86920166015625
16|1494|162.43760681152344
16|1496|205.85581970214844
16|1499|205.6603546142578
16|1502|73.65196990966797
16|1508|120.76959228515625
16|1511|153.44557189941406
16|1522|191.70489501953125
16|1525|130.82810974121094
16|1542|162.86964416503906
16|1545|174.769775390625
16|1550|191.12965393066406
16|1552|201.07049560546875
16|1558|98.42679595947266
16|1561|191.91259765625
16|1564|149.2748565673828
16|1570|113.30001831054688
16|1573|166.52699279785156
16|1576|255.96905517578125
16|1579|248.34593200683594
16|1581|241.86514282226562
16|1587|189.59519958496094
16|1599|92.08036041259766
16|1625|166.09783935546875
16|1633|121.36841583251953
16|1645|210.4996795654297
16|1648|181.95315551757812
16|1652|167.92404174804688
16|1664|120.9733657836914
16|1667|189.2165069580078
16|1720|109.63053131103516
16|1862|144.827880859375
16|1882|77.08940887451172
16|1885|134.35940551757812
16|1888|98.25835418701172
16|1891|64.5811767578125
16|1897|204.0293426513672
16|1899|168.2012176513672
16|1904|71.74050903320312
16|1907|108.15816497802734
16|1910|105.43029022216797
16|1921|244.33877563476562
16|1924|238.76959228515625
16|1935|157.60887145996094
16|1938|232.25953674316406
16|1941|249.12454223632812
16|1955|137.0396728515625
16|1958|146.7868194580078
16|1960|139.8822479248047
16|1973|149.3055419921875
16|1977|176.9827880859375
16|1987|184.72314453125
16|1990|198.0466766357422
16|1993|150.9078369140625
16|2000|180.837646484375
16|2003|137.04551696777344
16|2012|85.44134521484375
16|2015|153.6265869140625
16|2030|189.3636016845703
16|2038|147.69290161132812
16|2041|111.28723907470703
16|2057|106.67089080810547
16|2060|134.0076904296875
16|2064|128.03868103027344
16|2078|144.1499786376953
16|2080|153.06382751464844
16|2087|75.21675109863281
16|2091|85.96995544433594
17|105|60.90357208251953
17|325|95.08540344238281
17|428|123.0050277709961
17|519|136.7039794921875
17|557|137.66226196289062
17|619|90.51824188232422
17|627|59.2139778137207
17|654|58.48758316040039
17|726|185.0323486328125
17|738|107.69416809082031
17|790|161.4405975341797
17|829|147.30210876464844
17|833|65.6568374633789
17|861|62.66667175292969
17|1036|154.8052215576172
17|1074|146.48794555664062
17|1157|77.86695861816406
17|1178|151.40550231933594
17|1227|87.49600219726562
17|1358|115.95196533203125
17|1462|114.4049301147461
17|1487|169.75038146972656
17|1513|138.0630340576172
17|1565|177.59141540527344
17|1590|121.72293853759766
17|1617|142.76126098632812
17|1636|166.3458709716797
17|1772|109.99003601074219
17|1824|137.80142211914062
17|1843|164.0012664794922
17|1927|206.64959716796875
17|1946|199.52003479003906
17|1956|85.24110412597656
17|1979|92.62237548828125
17|2004|124.157470703125
17|2016|114.1112289428711
17|2031|155.61151123046875
17|2059|74.72596740722656
17|2069|169.97764587402344
17|2172|70.36306762695312
18|16|148.76138305664062
18|21|142.07008361816406
18|24|143.92689514160156
18|28|130.01231384277344
18|35|132.41384887695312
18|39|133.391845703125
18|42|137.0854034423828
18|47|132.08309936523438
18|55|162.83314514160156
18|58|157.11680603027344
18|67|197.192626953125
18|79|172.35276794433594
18|87|190.49354553222656
18|91|170.57554626464844
18|94|166.76316833496094
18|99|139.78790283203125
18|107|105.17192840576172
18|117|99.33283233642578
18|223|177.52906799316406
18|226|173.62265014648438
18|230|174.59471130371094
18|234|162.09580993652344
18|273|82.35262298583984
18|326|171.7356719970703
18|329|169.0486602783203
18|333|154.45506286621094
18|337|143.24700927734375
18|340|133.89830017089844
18|344|97.29571533203125
18|396|135.15774536132812
18|437|123.91700744628906
18|441|125.61540985107422
18|449|155.72332763671875
18|463|106.80976867675781
18|468|105.11319732666016
18|471|100.1938247680664
18|490|133.22518920898438
18|493|138.5477752685547
18|499|192.4712371826172
18|508|226.70742797851562
18|513|200.84872436523438
18|529|96.8346176147461
18|545|62.98075866699219
18|581|116.38289642333984
18|583|171.70082092285156
18|599|58.147029876708984
18|645|258.40985107421875
18|661|181.222900390625
18|748|193.92160034179688
18|752|90.54481506347656
18|756|70.78478240966797
18|764|179.55380249023438
18|777|63.71279525756836
18|849|139.67514038085938
18|853|145.22607421875
18|857|138.08001708984375
18|862|69.79120635986328
18|867|132.19293212890625
18|874|56.45502853393555
18|877|57.270164489746094
18|882|156.4798583984375
18|884|153.07667541503906
18|893|216.65989685058594
18|903|104.18878936767578
18|906|95.80929565429688
18|920|173.82058715820312
18|925|92.16656494140625
18|932|182.98941040039062
18|971|160.95994567871094
18|992|93.14971160888672
18|1001|92.91594696044922
18|1006|69.78853607177734
18|1010|72.26034545898438
18|1049|165.4482421875
18|1057|168.4017791748047
18|1059|168.8214569091797
18|1065|118.29072570800781
18|1100|181.85816955566406
18|1161|138.43356323242188
18|1166|71.44868469238281
18|1204|143.83834838867188
18|1223|153.13604736328125
18|1229|88.08606719970703
18|1375|213.73284912109375
18|1379|162.2838592529297
18|1394|81.6793212890625
18|1402|120.12399291992188
18|1446|147.3061065673828
18|1458|173.8954315185547
18|1740|100.92044067382812
18|1780|94.99300384521484
18|1789|123.34452056884766
18|1796|123.09099578857422
18|1806|89.30829620361328
18|1811|56.899166107177734
18|1840|101.22770690917969
18|1860|139.40867614746094
18|1863|133.25717163085938
18|1871|96.18846130371094
18|1901|168.96983337402344
18|1966|150.81349182128906
18|2086|103.76261901855469
18|2090|142.47216796875
18|2092|128.70159912109375
18|2094|131.8965301513672
18|2103|155.44618225097656
18|2109|140.12928771972656
18|2115|95.73114776611328
18|2122|130.54122924804688
18|2126|121.00081634521484
18|2130|118.1064224243164
18|2139|103.70916748046875
18|2142|107.89850616455078
18|2158|128.13922119140625
18|2162|144.1615753173828
18|2174|139.35400390625
18|2183|56.70363998413086
18|2198|82.37211608886719
18|2202|78.2686767578125
18|2205|95.09371185302734
18|2208|92.11629486083984
18|2210|91.93711853027344
18|2236|65.04869079589844
18|2290|146.6320343017578
18|2294|95.91897583007812
18|2297|94.9481201171875
18|2301|89.021484375
18|2327|81.06204223632812
18|2393|115.46344757080078
18|2497|122.8310317993164
18|2500|111.55732727050781
18|2505|129.24234008789062
18|2508|118.42603302001953
18|2511|126.33246612548828
18|2516|167.6658935546875
18|2527|105.9500732421875
18|2538|111.63501739501953
18|2543|100.79498291015625
18|2548|154.6925811767578
18|2555|121.25337982177734
18|2560|109.38797760009766
18|2568|156.29454040527344
18|2574|109.97946166992188
19|243|200.56683349609375
19|247|201.1068572998047
19|250|189.53536987304688
19|254|152.40756225585938
19|257|114.42683410644531
19|261|200.84591674804688
19|265|182.83755493164062
19|268|176.9241485595703
19|275|141.16131591796875
19|282|173.59298706054688
19|285|151.1740264892578
19|294|123.63688659667969
19|298|131.2705841064453
19|301|135.0051727294922
19|313|189.46572875976562
19|315|183.81617736816406
19|345|132.12014770507812
19|349|141.1953125
19|353|137.3842315673828
19|356|105.45917510986328
19|360|69.5586929321289
19|364|181.47625732421875
19|368|177.5161895751953
19|370|171.33311462402344
19|375|129.92169189453125
19|378|104.28182983398438
19|382|105.3745346069336
19|385|108.01958465576172
19|389|91.43314361572266
19|399|283.4385986328125
19|403|271.6288757324219
19|406|155.90818786621094
19|410|122.76805877685547
19|413|135.90252685546875
19|416|324.53955078125
19|420|264.4327392578125
19|424|284.1493225097656
19|454|196.91836547851562
19|467|108.4475326538086
19|480|213.17068481445312
19|557|132.8663787841797
19|578|107.70085906982422
19|584|152.25753784179688
19|603|158.73626708984375
19|653|119.76216125488281
19|656|177.90823364257812
19|660|193.9910888671875
19|667|85.81137084960938
19|670|86.68359375
19|674|159.5902557373047
19|677|165.67782592773438
19|680|172.69534301757812
19|686|244.9842529296875
19|695|110.99130249023438
19|698|112.68135833740234
19|702|90.99131774902344
19|706|201.82850646972656
19|714|134.83200073242188
19|717|107.9188232421875
19|733|100.21737670898438
19|760|106.52664184570312
19|780|132.07435607910156
19|783|134.17584228515625
19|799|120.10044860839844
19|802|92.19666290283203
19|809|203.48004150390625
19|817|182.7229766845703
19|820|150.55892944335938
19|823|137.40216064453125
19|832|109.635986328125
19|837|111.32087707519531
19|841|213.48170471191406
19|868|137.54173278808594
19|945|161.50775146484375
19|989|81.0440444946289
19|1048|177.10047912597656
19|1071|201.01927185058594
19|1082|109.2017593383789
19|1085|108.84525299072266
19|1088|93.85196685791016
19|1091|97.63484954833984
19|1095|104.23816680908203
19|1098|76.04875946044922
19|1109|85.86486053466797
19|1119|157.61244201660156
19|1128|125.20252990722656
19|1149|64.43428802490234
19|1175|152.0572509765625
19|1186|83.90843200683594
19|1190|107.96110534667969
19|1203|165.15943908691406
19|1212|109.1454849243164
19|1215|108.50288391113281
19|1225|67.741455078125
19|1232|172.90304565429688
19|1235|151.30642700195312
19|1239|102.98875427246094
19|1248|65.7403793334961
19|1251|90.92029571533203
19|1255|161.98873901367188
19|1263|115.31189727783203
19|1275|199.3566131591797
19|1280|246.59263610839844
19|1287|87.4065170288086
19|1292|134.2716064453125
19|1298|112.80351257324219
19|1315|189.47792053222656
19|1336|92.50545501708984
19|1345|166.26040649414062
19|1354|114.59598541259766
19|1359|166.3896484375
19|1384|164.04006958007812
19|1396|80.37467956542969
19|1430|144.46107482910156
19|1448|109.2842788696289
19|1488|155.2143096923828
19|1552|122.62289428710938
19|1572|66.10234069824219
19|1585|108.52308654785156
19|1591|174.51290893554688
19|1602|108.93974304199219
19|1607|155.5512237548828
19|1624|78.36212921142578
19|1631|112.06214904785156
19|1655|150.25830078125
19|1664|157.45726013183594
19|1674|107.09162139892578
19|1681|90.7398910522461
19|1689|118.77499389648438
19|1694|168.64981079101562
19|1704|142.9923553466797
19|1708|164.41000366210938
19|1714|132.1488494873047
19|1733|123.291259765625
19|1746|133.91563415527344
19|1759|146.31838989257812
19|1767|108.6409683227539
19|1770|100.68134307861328
19|1792|66.3994369506836
19|1797|157.4160919189453
19|1862|172.14291381835938
19|1875|206.2500457763672
19|1985|66.02669525146484
19|2001|211.88357543945312
19|2005|151.42691040039062
19|2014|106.63003540039062
19|2017|164.9439697265625
19|2025|79.50694274902344
19|2030|214.3335418701172
19|2039|123.20100402832031
19|2043|86.5407485961914
19|2049|203.9214324951172
19|2060|82.49443054199219
19|2076|63.514400482177734
19|2080|89.14251708984375
19|2083|120.7451400756836
19|2309|197.128662109375
19|2312|161.12332153320312
19|2316|150.86083984375
19|2319|133.23504638671875
19|2323|105.83150482177734
19|2326|74.04337310791016
19|2329|96.00814819335938
19|2332|126.7483139038086
19|2335|125.85272216796875
19|2339|88.0137710571289
19|2342|131.0343780517578
19|2346|142.08250427246094
19|2349|144.58868408203125
19|2361|134.6924591064453
19|2364|134.29891967773438
19|2367|141.04930114746094
19|2380|106.89505767822266
19|2383|102.05413055419922
19|2392|103.27408599853516
19|2413|170.39292907714844
19|2417|143.91741943359375
19|2420|140.5123291015625
19|2424|103.8261947631836
19|2433|138.75711059570312
19|2436|132.95591735839844
19|2444|75.20564270019531
19|2447|76.22828674316406
19|2454|103.23551940917969
19|2458|87.86222076416016
19|2466|107.5621109008789
19|2469|109.83348083496094
19|2472|111.71852111816406
19|2476|125.09114837646484
19|2478|128.32505798339844
19|2483|175.3273468017578
19|2486|172.09649658203125
20|105|67.96546936035156
20|241|150.18553161621094
20|293|102.19783782958984
20|519|135.82974243164062
20|532|161.7351531982422
20|577|126.01477813720703
20|583|179.33135986328125
20|635|171.1522674560547
20|655|167.20460510253906
20|738|180.28665161132812
20|758|132.0740203857422
20|790|180.69850158691406
20|826|82.41056823730469
20|838|129.1969757080078
20|867|136.17604064941406
20|913|191.96389770507812
20|997|168.6599884033203
20|1016|200.65286254882812
20|1139|146.0002899169922
20|1152|172.41152954101562
20|1177|170.0301055908203
20|1229|91.17610931396484
20|1242|208.0716094970703
20|1307|191.5069580078125
20|1326|209.02574157714844
20|1346|139.97097778320312
20|1353|99.03157043457031
20|1358|216.63479614257812
20|1410|196.83018493652344
20|1429|163.73995971679688
20|1584|146.83779907226562
20|1616|145.0369415283203
20|1636|189.2615966796875
20|1668|216.9330596923828
20|1688|117.29524230957031
20|1720|201.70419311523438
20|1740|127.43608093261719
20|1771|144.2130584716797
20|1791|71.79132080078125
20|1798|149.33050537109375
20|1824|155.0199737548828
20|1843|163.468994140625
20|1894|78.30784606933594
20|1927|183.5492401123047
20|1946|151.1020965576172
20|1966|133.55117797851562
20|1979|152.72242736816406
20|2004|217.88009643554688
20|2069|171.241455078125
20|2172|91.46825408935547
20|2321|93.5869369506836
20|2463|124.5423355102539
20|2534|82.63081359863281
21|425|202.1583709716797
21|467|95.4580307006836
21|515|159.55718994140625
21|518|158.0921630859375
21|551|148.04896545410156
21|613|64.52305603027344
21|631|83.44713592529297
21|634|134.10198974609375
21|725|103.9244384765625
21|777|57.778968811035156
21|824|110.81737518310547
21|827|118.70574951171875
21|839|143.48890686035156
21|861|89.09619903564453
21|865|79.07917785644531
21|944|152.1187744140625
21|981|133.46820068359375
21|986|197.58985900878906
21|1074|126.62923431396484
21|1382|114.91200256347656
21|1396|93.75936889648438
21|1449|168.9092254638672
21|1456|80.20297241210938
21|1462|167.23190307617188
21|1508|65.6619873046875
21|1513|165.5653839111328
21|1533|162.58738708496094
21|1552|162.67080688476562
21|1778|80.7203140258789
21|1790|73.46334075927734
21|1793|104.70543670654297
21|1797|162.54774475097656
21|1807|147.49703979492188
21|1837|105.95868682861328
21|1858|64.0932846069336
21|1881|65.46154022216797
21|1895|105.83826446533203
21|1965|122.29534149169922
21|2088|85.89030456542969
21|2102|102.43597412109375
21|2533|62.647281646728516
22|19|79.2567138671875
22|22|86.04181671142578
22|35|84.04031372070312
22|39|101.00733184814453
22|42|103.80503845214844
22|55|64.20252227783203
22|59|73.9632568359375
22|61|76.06666564941406
22|68|76.16325378417969
22|72|88.92607879638672
22|94|110.21223449707031
22|107|99.30099487304688
22|110|108.4703140258789
22|123|116.84369659423828
22|125|119.0992660522461
22|138|103.7694091796875
22|142|103.99430847167969
22|145|107.47908020019531
22|158|108.09087371826172
22|161|103.12482452392578
22|171|112.10939025878906
22|174|113.76417541503906
22|177|116.50019836425781
22|196|127.92151641845703
22|210|112.10778045654297
22|213|101.95169067382812
22|222|75.88512420654297
22|228|87.14581298828125
22|326|96.29335021972656
22|330|107.97281646728516
22|332|109.545654296875
22|411|155.42022705078125
22|428|259.7723083496094
22|437|61.41177749633789
22|450|100.68995666503906
22|473|59.76926040649414
22|488|59.6064338684082
22|507|77.31295776367188
22|510|67.70665740966797
22|521|70.7337875366211
22|526|136.1478271484375
22|534|84.57803344726562
22|538|117.02588653564453
22|541|83.2882308959961
22|550|141.5325469970703
22|557|271.034423828125
22|563|64.2021255493164
22|578|82.3611068725586
22|611|82.84724426269531
22|614|65.49813079833984
22|630|97.5478744506836
22|746|75.81847381591797
22|749|67.86510467529297
22|825|145.0794677734375
22|828|130.3174285888672
22|841|202.21575927734375
22|850|71.37117004394531
22|852|58.4085807800293
22|864|76.4670639038086
22|867|88.10172271728516
22|885|72.13485717773438
22|901|63.23768997192383
22|920|80.6616439819336
22|930|148.31163024902344
22|937|73.0163345336914
22|943|115.3013916015625
22|951|131.38365173339844
22|954|72.66065979003906
22|969|83.58654022216797
22|975|167.7508544921875
22|978|152.41494750976562
22|984|274.8814392089844
22|996|147.20721435546875
22|1006|77.81542205810547
22|1025|57.72607421875
22|1056|63.265525817871094
22|1091|60.6547737121582
22|1095|62.89632797241211
22|1159|77.07227325439453
22|1162|64.6634750366211
22|1194|59.456756591796875
22|1198|60.857337951660156
22|1368|70.2890396118164
22|1401|89.41825866699219
22|1405|96.89905548095703
22|1427|67.84562683105469
22|1434|73.60884094238281
22|1440|87.85369873046875
22|1455|82.17759704589844
22|1461|177.6273956298828
22|1470|85.14176177978516
22|1487|104.83594512939453
22|1509|73.84909057617188
22|1524|126.02588653564453
22|1527|130.20223999023438
22|1532|211.24923706054688
22|1548|77.97350311279297
22|1564|145.18106079101562
22|1687|85.31912231445312
22|1694|109.33009338378906
22|1733|71.62841796875
22|1779|88.84402465820312
22|1795|107.15377044677734
22|1805|190.3649444580078
22|1810|169.94924926757812
22|1819|136.1709442138672
22|1823|218.60183715820312
22|1839|142.09042358398438
22|1842|192.56210327148438
22|1846|91.93765258789062
22|1859|59.192893981933594
22|1868|86.91661071777344
22|1870|81.89310455322266
22|1889|67.28861999511719
22|1897|111.79595184326172
22|1900|166.0327911376953
22|1912|59.13034439086914
22|1917|78.0336685180664
22|1926|152.059326171875
22|1934|100.7138900756836
22|1957|108.02460479736328
22|1960|109.46936798095703
22|1974|143.3708038330078
22|2089|93.5684814453125
22|2106|107.03510284423828
22|2121|67.82039642333984
22|2128|88.98949432373047
22|2134|73.36969757080078
22|2138|72.92304229736328
22|2145|88.60972595214844
22|2154|92.4915771484375
22|2159|113.6819839477539
22|2161|119.01360321044922
22|2163|119.47268676757812
22|2178|112.09791564941406
22|2183|77.09668731689453
22|2189|122.1844711303711
22|2209|156.60154724121094
22|2225|71.16080474853516
22|2227|72.10569763183594
22|2231|69.4722671508789
22|2235|68.937255859375
22|2248|64.28165435791016
22|2257|84.103271484375
22|2264|96.7450180053711
22|2277|98.91352081298828
22|2282|99.89269256591797
22|2290|61.909751892089844
22|2292|67.6898193359375
22|2296|58.481449127197266
22|2395|120.09563446044922
22|2398|126.68433380126953
22|2499|68.6751708984375
22|2504|70.68943786621094
22|2513|77.18729400634766
22|2520|64.98919677734375
22|2524|77.777099609375
22|2528|63.663509368896484
22|2531|63.4961051940918
22|2543|110.31680297851562
22|2555|68.83517456054688
22|2558|64.34078979492188
22|2567|128.60113525390625
23|34|67.84326171875
23|105|59.990684509277344
23|447|183.32017517089844
23|549|127.61664581298828
23|757|123.58513641357422
23|931|134.77499389648438
23|1222|57.646812438964844
23|1358|181.39662170410156
23|1397|190.0618133544922
23|1584|155.72190856933594
23|1616|140.39630126953125
23|1655|65.73332977294922
23|1797|97.12032318115234
23|1862|58.285400390625
23|2049|105.63388061523438
23|2379|56.56690216064453
24|241|105.2695083618164
24|246|84.9624252319336
24|264|63.14859390258789
24|275|82.88277435302734
24|280|84.36885833740234
24|294|89.33333587646484
24|299|82.79707336425781
24|312|105.70161437988281
24|318|85.33853149414062
24|345|80.25330352783203
24|350|78.72301483154297
24|365|80.8984375
24|369|73.10511016845703
24|379|56.47645568847656
24|384|68.86450958251953
24|397|98.9189453125
24|403|87.75467681884766
24|410|62.15262985229492
24|416|88.21326446533203
24|418|85.48965454101562
24|423|88.8371353149414
24|443|155.87210083007812
24|448|206.93162536621094
24|468|227.3775177001953
24|480|265.896240234375
24|484|107.62700653076172
24|500|211.1001739501953
24|532|234.0402069091797
24|536|71.82183074951172
24|544|62.20643615722656
24|552|220.45265197753906
24|556|106.72503662109375
24|571|246.0810089111328
24|583|233.29617309570312
24|603|256.2917785644531
24|635|235.81031799316406
24|655|206.0211944580078
24|674|233.62791442871094
24|687|244.7687530517578
24|692|111.44207763671875
24|706|257.2874755859375
24|713|82.21378326416016
24|725|63.63508605957031
24|739|211.77525329589844
24|758|197.2615203857422
24|778|238.910400390625
24|790|235.5074005126953
24|809|222.791748046875
24|842|193.706298828125
24|844|139.00743103027344
24|852|92.0689697265625
24|858|133.58636474609375
24|862|205.13427734375
24|866|88.04012298583984
24|881|228.4396514892578
24|893|237.35202026367188
24|913|232.72369384765625
24|945|248.01739501953125
24|951|67.83167266845703
24|965|256.69384765625
24|997|229.0106964111328
24|1016|242.94308471679688
24|1049|220.70736694335938
24|1068|298.01678466796875
24|1088|301.6650390625
24|1100|244.87449645996094
24|1120|235.55789184570312
24|1145|65.09436798095703
24|1152|249.2608184814453
24|1172|326.6119689941406
24|1191|309.44342041015625
24|1204|209.7779083251953
24|1210|59.861427307128906
24|1229|83.37921142578125
24|1255|209.63771057128906
24|1259|142.47410583496094
24|1270|115.0152359008789
24|1275|229.2598876953125
24|1280|162.8977508544922
24|1294|165.18553161621094
24|1307|214.23648071289062
24|1322|196.6572723388672
24|1326|201.64111328125
24|1334|63.25377655029297
24|1344|87.57540130615234
24|1354|75.83433532714844
24|1356|62.34370040893555
24|1359|210.46719360351562
24|1379|235.40512084960938
24|1381|217.9010467529297
24|1393|89.17496490478516
24|1398|219.04151916503906
24|1410|227.9131317138672
24|1425|68.62939453125
24|1427|67.86456298828125
24|1430|281.43896484375
24|1462|223.9700164794922
24|1482|231.6259307861328
24|1501|221.47718811035156
24|1514|227.36868286132812
24|1526|68.8668441772461
24|1533|232.2406005859375
24|1565|174.47882080078125
24|1576|75.13623809814453
24|1582|108.0201416015625
24|1585|196.15545654296875
24|1599|90.35516357421875
24|1605|198.20518493652344
24|1608|147.579833984375
24|1614|125.53631591796875
24|1636|252.58493041992188
24|1651|96.73758697509766
24|1669|211.95111083984375
24|1672|137.9775848388672
24|1682|84.1939697265625
24|1689|267.82415771484375
24|1705|70.55789947509766
24|1708|223.69712829589844
24|1731|67.2320785522461
24|1735|101.23324584960938
24|1740|244.23028564453125
24|1756|92.83719635009766
24|1767|149.17115783691406
24|1772|234.07139587402344
24|1776|74.62123107910156
24|1792|261.9681396484375
24|1811|193.5123291015625
24|1813|152.42828369140625
24|1843|256.5284729003906
24|1875|211.992431640625
24|1895|201.91578674316406
24|1915|223.54147338867188
24|1921|73.0602035522461
24|1927|247.34439086914062
24|1946|229.6503448486328
24|1979|200.8199462890625
24|1988|127.93220520019531
24|1999|170.98828125
24|2018|301.91357421875
24|2030|218.52406311035156
24|2044|84.7120132446289
24|2057|94.88313293457031
24|2059|89.23747253417969
24|2062|101.96996307373047
24|2075|57.44300079345703
24|2082|70.45732879638672
24|2102|71.03754425048828
24|2105|74.70425415039062
24|2135|59.37468719482422
24|2311|204.11642456054688
24|2318|160.65469360351562
24|2323|129.86317443847656
24|2326|132.29478454589844
24|2328|133.47845458984375
24|2338|65.7843017578125
24|2348|61.38457107543945
24|2351|59.589195251464844
24|2361|108.41471099853516
24|2367|91.28099822998047
24|2380|80.00752258300781
24|2386|71.94391632080078
24|2418|71.59211730957031
24|2424|75.51911163330078
24|2433|136.43716430664062
24|2437|89.59387969970703
24|2464|103.7623519897461
24|2469|127.14677429199219
24|2484|88.10160827636719
24|2489|71.60067749023438
24|2535|66.94666290283203
24|2547|93.20555114746094
25|344|71.68965911865234
25|364|83.4000015258789
25|546|67.76446533203125
25|638|88.99027252197266
25|738|217.54855346679688
25|761|123.90967559814453
25|829|67.53675079345703
25|861|164.29156494140625
25|1082|60.255226135253906
25|1243|90.01976776123047
25|1283|94.49810028076172
25|1345|92.6927490234375
25|1380|214.62608337402344
25|1392|73.3792495727539
25|1429|236.91932678222656
25|1449|60.60709762573242
25|1568|78.44184875488281
25|1580|75.1701431274414
25|1617|240.802001953125
25|1656|75.48056030273438
25|1695|56.876136779785156
25|1720|214.80044555664062
25|1732|66.93328857421875
25|1734|88.80620574951172
25|1759|75.34742736816406
25|1774|123.10555267333984
25|1824|219.3474884033203
25|1848|73.55408477783203
25|1862|60.027008056640625
25|1899|94.92867279052734
25|2069|64.68281555175781
25|2076|57.35036849975586
25|2094|63.6463508605957
25|2322|124.85293579101562
25|2331|101.54467010498047
25|2340|75.64968872070312
25|2412|89.97484588623047
25|2419|67.91000366210938
25|2425|62.38733673095703
25|2483|83.42344665527344
25|2509|70.49301147460938
26|447|76.06658935546875
26|1306|118.86717987060547
26|1584|127.79966735839844
26|1616|167.1882781982422
26|1655|78.27227020263672
26|1694|114.3322525024414
26|1940|119.70191192626953
26|2095|72.40650177001953
27|106|83.60993957519531
27|109|77.20155334472656
27|210|84.88903045654297
27|213|83.54521179199219
27|448|79.50426483154297
27|1470|77.51791381835938
27|1482|72.39852905273438
27|1486|60.81117248535156
27|1499|65.31016540527344
27|1502|118.57845306396484
27|1511|62.186527252197266
27|1527|125.12725830078125
27|1532|121.78519439697266
27|1774|111.74042510986328
27|1790|90.35697937011719
27|1796|164.91610717773438
27|1892|103.42723083496094
27|1895|132.27760314941406
27|1911|78.07620239257812
27|1933|67.81334686279297
27|1941|118.86002349853516
27|1953|85.44631958007812
27|1964|91.0499038696289
27|1971|62.66552734375
27|1973|69.35635375976562
27|2173|82.05853271484375
27|2217|132.27133178710938
27|2236|104.65320587158203
27|2277|79.8049087524414
27|2280|78.7330093383789
27|2308|60.913204193115234
28|312|69.91825866699219
28|603|74.00234985351562
28|632|73.04549407958984
28|635|97.47891998291016
28|945|82.96973419189453
28|1042|60.426231384277344
28|1047|101.71156311035156
28|1074|59.38446807861328
28|1203|82.22203826904297
28|1255|86.44271087646484
28|1281|60.806312561035156
28|1306|95.7876205444336
28|1320|64.33740234375
28|1371|56.52627944946289
28|1380|84.17452239990234
28|1383|61.4544677734375
28|1399|70.82328796386719
28|1449|70.40519714355469
28|1461|90.86121368408203
28|1485|98.31417083740234
28|1513|73.53826904296875
28|1548|135.7788848876953
28|1552|68.80463409423828
28|1656|76.28285217285156
28|1668|80.01616668701172
28|1688|143.08657836914062
28|1693|111.27598571777344
28|1739|99.5438232421875
28|1778|63.27947235107422
28|1781|71.01338958740234
28|1788|106.76116943359375
28|1791|83.90180969238281
28|1794|168.78045654296875
28|1893|92.94597625732422
28|1998|97.63970947265625
28|2050|62.87644577026367
28|2096|89.9143295288086
28|2175|64.27078247070312
28|2200|66.07240295410156
28|2218|121.68914794921875
28|2238|112.52477264404297
28|2246|65.97643280029297
28|2411|74.63665771484375
28|2482|83.54303741455078
29|16|73.50883483886719
29|35|113.76174926757812
29|58|57.231868743896484
29|68|84.15972137451172
29|70|81.00761413574219
29|87|102.18460845947266
29|90|99.17577362060547
29|122|85.2772216796875
29|138|125.7822265625
29|141|123.27772521972656
29|158|107.38653564453125
29|171|111.22312927246094
29|173|109.70697021484375
29|190|140.4478759765625
29|222|75.23249053955078
29|242|84.59368896484375
29|245|79.84083557128906
29|275|90.20964813232422
29|294|112.88980102539062
29|313|67.11664581298828
29|327|94.10436248779297
29|345|60.303131103515625
29|348|59.37843322753906
29|380|83.0739974975586
29|397|81.83867645263672
29|400|77.77626037597656
29|416|72.90703582763672
29|419|65.88265228271484
29|448|78.92875671386719
29|452|74.96654510498047
29|468|62.71934509277344
29|471|59.247886657714844
29|571|79.85083770751953
29|634|84.4175796508789
29|655|80.4443359375
29|674|72.69206237792969
29|738|72.36238098144531
29|759|64.22889709472656
29|761|63.488990783691406
29|778|73.77511596679688
29|863|104.53131103515625
29|866|91.99493408203125
29|882|57.93253707885742
29|965|56.78361892700195
29|968|57.61048889160156
29|987|85.12407684326172
29|1069|67.70848083496094
29|1072|68.64501953125
29|1088|60.35552215576172
29|1091|58.9997444152832
29|1106|58.2906494140625
29|1120|62.15966033935547
29|1151|92.10986328125
29|1174|64.29673767089844
29|1191|100.61624908447266
29|1194|84.02560424804688
29|1261|56.95005416870117
29|1269|96.9113540649414
29|1273|130.684326171875
29|1278|92.16099548339844
29|1300|60.82298278808594
29|1319|67.54651641845703
29|1344|75.56063079833984
29|1352|74.51966094970703
29|1365|118.28134155273438
29|1373|75.44898223876953
29|1376|75.32487487792969
29|1382|77.35009765625
29|1401|74.99551391601562
29|1409|96.51449584960938
29|1439|57.18218994140625
29|1456|70.89734649658203
29|1460|73.58291625976562
29|1484|151.4508514404297
29|1546|118.31671905517578
29|1570|66.69515228271484
29|1577|76.0582275390625
29|1606|103.91077423095703
29|1616|77.82575988769531
29|1670|68.04075622558594
29|1692|124.1126480102539
29|1709|95.28964233398438
29|1718|128.68202209472656
29|1731|80.20655059814453
29|1747|85.05423736572266
29|1807|78.20225524902344
29|1810|95.11271667480469
29|1832|66.42041015625
29|1834|71.10285186767578
29|1850|83.63855743408203
29|1861|59.787109375
29|1875|83.83576202392578
29|1897|171.02415466308594
29|1994|57.9970703125
29|1999|96.8871078491211
29|2018|65.10767364501953
29|2029|65.49678802490234
29|2055|64.02597045898438
29|2077|61.323917388916016
29|2082|56.95026397705078
29|2086|82.51993560791016
29|2097|97.72543334960938
29|2115|138.30169677734375
29|2121|109.14313507080078
29|2126|113.90377807617188
29|2134|183.1398162841797
29|2145|66.4427261352539
29|2155|98.06903839111328
29|2163|72.53184509277344
29|2172|82.44908142089844
29|2186|60.925987243652344
29|2205|58.424617767333984
29|2219|86.4306640625
29|2221|87.49412536621094
29|2223|87.60733795166016
29|2239|109.26182556152344
29|2241|117.39119720458984
29|2257|58.713600158691406
29|2293|85.99986267089844
29|2303|61.387245178222656
29|2309|106.22715759277344
29|2322|67.842529296875
29|2329|73.63700103759766
29|2341|100.4734878540039
29|2365|69.75917053222656
29|2396|113.7252197265625
29|2412|89.90823364257812
29|2432|68.46174621582031
29|2435|66.23233032226562
29|2445|103.12944793701172
29|2448|100.40940856933594
29|2464|61.34697723388672
29|2473|92.01432800292969
29|2483|91.87261199951172
29|2499|82.13800811767578
29|2518|73.06572723388672
29|2527|181.45452880859375
29|2532|61.231224060058594
29|2535|62.70731735229492
29|2539|89.9385986328125
29|2547|163.2013702392578
29|2558|63.36176681518555
29|2571|108.94280242919922
30|1146|61.14697265625
30|1152|66.96428680419922
30|1545|118.46383666992188
30|1682|145.02166748046875
30|2153|63.341060638427734
30|2164|71.2107162475586
30|2237|76.92649841308594
31|1528|82.66747283935547
32|456|68.09854125976562
32|602|59.311431884765625
32|640|96.8338623046875
32|716|80.11666107177734
32|723|61.17695236206055
32|742|114.77901458740234
32|1023|66.8253402709961
32|1464|58.83661651611328
32|1478|72.06150817871094
32|1490|78.88616943359375
32|1529|71.21422576904297
32|1539|113.00499725341797
32|1617|58.364505767822266
32|1887|90.75045776367188
32|1946|76.62178802490234
32|1953|64.36597442626953
32|2066|123.9849853515625
32|2166|94.70411682128906
32|2483|62.97854995727539
32|2580|119.39520263671875
33|639|102.98004913330078
33|721|64.31419372558594
33|1016|56.96842956542969
33|1024|60.23965835571289
33|1334|136.3343048095703
33|1360|57.31364059448242
33|1474|137.63380432128906
33|1533|70.9214096069336
33|1538|113.28032684326172
33|1897|61.78057098388672
33|1903|85.337890625
33|2167|88.76459503173828
33|2258|82.00025939941406
33|2479|154.74432373046875
33|2581|114.62140655517578
34|455|100.83211517333984
34|506|67.23087310791016
34|1462|95.30001068115234
34|1554|101.0947494506836
34|1768|77.28057861328125
34|1877|65.5637435913086
35|2177|57.62038803100586
35|2362|72.11141967773438
36|402|163.13565063476562
36|418|161.86386108398438
36|453|173.34646606445312
36|507|164.8956756591797
36|580|124.53727722167969
36|818|89.40375518798828
36|821|70.56257629394531
36|830|66.39421844482422
36|920|89.22789764404297
36|924|81.73075866699219
36|1448|126.13764953613281
36|1455|130.57244873046875
36|1459|122.7551040649414
36|1565|62.39380645751953
36|1767|96.67998504638672
36|1862|78.48695373535156
36|1963|127.43347930908203
36|2070|118.02039337158203
36|2084|71.0762710571289
36|2121|66.90938568115234
36|2176|93.40788269042969
36|2180|56.870277404785156
36|2279|122.63713073730469
36|2284|141.24087524414062
36|2292|95.12083435058594
36|2301|59.26860809326172
36|2383|127.89350891113281
36|2391|151.10015869140625
36|2401|73.87995147705078
36|2408|58.966060638427734
36|2411|63.42675018310547
36|2469|60.034629821777344
36|2484|142.25241088867188
37|403|157.84127807617188
37|417|147.2871856689453
37|509|172.77902221679688
37|578|85.4458236694336
37|644|72.26685333251953
37|747|100.61817169189453
37|756|64.79551696777344
37|817|86.16716766357422
37|822|67.2051010131836
37|829|67.49864959716797
37|922|90.78234100341797
37|992|105.65972900390625
37|1001|100.77559661865234
37|1058|59.74446487426758
37|1162|56.944091796875
37|1344|104.14649200439453
37|1348|90.09992980957031
37|1353|149.7889862060547
37|1457|138.98565673828125
37|1563|59.71461486816406
37|1758|64.13494110107422
37|1868|79.59596252441406
37|1968|85.588623046875
37|2073|102.3201904296875
37|2174|174.5954132080078
37|2179|80.1301040649414
37|2281|136.635009765625
37|2288|151.0087432861328
37|2298|61.18941879272461
37|2381|83.65149688720703
37|2386|130.37399291992188
37|2390|155.99069213867188
37|2402|78.76656341552734
37|2406|56.895137786865234
38|823|63.12806701660156
38|869|65.14472961425781
38|2076|72.50944519042969
38|2276|62.99176788330078
38|2463|57.83510208129883
38|2490|88.82085418701172
39|577|63.647518157958984
39|865|57.67840576171875
39|868|85.18340301513672
39|2056|59.36743927001953
39|2275|72.8287582397461
39|2489|74.78136444091797
40|867|71.53853607177734
40|1702|86.46727752685547
42|425|154.23770141601562
42|552|112.3817138671875
42|575|59.76041030883789
42|735|57.26011657714844
42|965|128.29290771484375
42|2333|112.70121765136719
42|2436|94.41471099853516
43|412|164.75845336914062
43|426|157.93409729003906
43|515|156.74197387695312
43|523|67.36151123046875
43|527|89.68578338623047
43|551|119.31749725341797
43|554|110.16014862060547
43|556|113.29523468017578
43|559|66.9776382446289
43|567|78.8500747680664
43|631|93.6705322265625
43|935|102.62781524658203
43|938|116.35538482666016
43|944|99.94820404052734
43|964|151.84268188476562
43|977|114.80885314941406
43|980|149.4836883544922
43|987|159.38145446777344
43|1045|74.26348114013672
43|1148|82.40006256103516
43|1274|56.359127044677734
43|1378|71.18022918701172
43|1401|56.56670379638672
43|1720|65.46528625488281
43|1801|104.34834289550781
43|1916|57.189964294433594
43|2225|93.02711486816406
43|2257|73.55004119873047
44|411|154.6906280517578
44|520|60.38378143310547
44|525|90.9679183959961
44|535|121.1363296508789
44|550|109.84757232666016
44|557|106.0558090209961
44|565|89.70159912109375
44|569|87.17974853515625
44|734|71.94587707519531
44|825|107.46334075927734
44|931|170.07801818847656
44|937|109.44335174560547
44|950|147.37437438964844
44|963|134.05381774902344
44|984|121.26862335205078
44|1044|56.72758483886719
44|1147|78.6715316772461
44|1810|59.713783264160156
44|1839|97.17761993408203
44|2547|63.47812271118164
45|430|68.4328842163086
45|841|167.60894775390625
45|1505|79.11468505859375
45|2515|57.8914680480957
46|548|57.007354736328125
46|952|118.8932113647461
46|1656|69.40535736083984
47|844|74.90193176269531
47|1613|62.49614334106445
47|1811|99.52410125732422
48|431|81.0547866821289
48|447|79.876708984375
48|615|77.47234344482422
48|622|104.22032165527344
48|641|63.19908905029297
48|659|73.52127075195312
48|717|86.64696502685547
48|724|98.11561584472656
48|728|64.22395324707031
48|761|82.22543334960938
48|763|86.89286804199219
48|845|97.80531311035156
48|854|154.0594482421875
48|872|60.74007034301758
48|953|155.60067749023438
48|1041|83.53771209716797
48|1052|118.52110290527344
48|1086|57.077552795410156
48|1129|66.05340576171875
48|1137|93.66000366210938
48|1143|75.14307403564453
48|1172|76.899658203125
48|1229|65.53890991210938
48|1231|64.69808197021484
48|1247|176.50730895996094
48|1337|59.666526794433594
48|1389|79.55497741699219
48|1428|147.52847290039062
48|1582|72.27674102783203
48|1604|85.19480895996094
48|1608|93.77103424072266
48|1612|77.69886779785156
48|1657|106.7406005859375
48|1663|149.97532653808594
48|1666|185.70346069335938
48|1699|84.41129302978516
48|1737|109.15164947509766
48|1952|58.341773986816406
48|2057|60.89628219604492
48|2312|91.08769989013672
48|2319|79.65794372558594
48|2324|97.50762176513672
48|2328|166.0718231201172
48|2416|72.67857360839844
48|2422|126.44200897216797
48|2428|136.29324340820312
49|28|67.24363708496094
49|234|67.15788269042969
49|432|74.24169921875
49|437|122.70262145996094
49|443|114.59201049804688
49|541|118.200927734375
49|546|116.832763671875
49|613|75.76653289794922
49|716|117.77870178222656
49|721|101.80217742919922
49|725|86.760986328125
49|727|71.95935821533203
49|756|63.88048553466797
49|762|86.02505493164062
49|847|141.91102600097656
49|851|150.1215362548828
49|861|149.2177734375
49|873|71.2056655883789
49|955|195.7023162841797
49|958|179.77178955078125
49|1026|113.77891540527344
49|1032|98.74109649658203
49|1037|69.11260223388672
49|1053|132.64871215820312
49|1067|65.47938537597656
49|1085|63.49782943725586
49|1126|64.30302429199219
49|1134|105.3270034790039
49|1138|81.19827270507812
49|1141|76.93730926513672
49|1157|150.10635375976562
49|1171|75.0494613647461
49|1189|59.41092300415039
49|1230|68.04080963134766
49|1233|69.45195770263672
49|1244|146.23448181152344
49|1283|70.68740844726562
49|1322|186.8252410888672
49|1336|70.70850372314453
49|1387|108.13207244873047
49|1426|168.40509033203125
49|1476|67.41096496582031
49|1585|116.98725891113281
49|1600|114.12079620361328
49|1605|92.8336410522461
49|1609|81.1396484375
49|1658|82.96768188476562
49|1693|61.42084503173828
49|1696|79.75128936767578
49|1735|129.28094482421875
49|1739|160.64500427246094
49|1947|57.41421890258789
49|1999|62.161949157714844
49|2019|108.51253509521484
49|2301|119.78720092773438
49|2316|104.581298828125
49|2322|105.3271255493164
49|2327|137.38577270507812
49|2331|192.12648010253906
49|2341|73.67876434326172
49|2380|56.33976745605469
49|2421|112.94951629638672
49|2426|119.68185424804688
49|2429|145.9806365966797
49|2433|208.16986083984375
49|2470|63.50308609008789
50|619|94.53273010253906
50|726|85.3462142944336
50|1038|60.13487243652344
50|1066|57.77640151977539
50|1139|89.37803649902344
50|1668|72.85701751708984
50|1695|69.31326293945312
50|1812|125.05000305175781
51|1917|97.98262786865234
51|2057|59.82421875
53|1821|115.72486877441406
53|2470|115.16226196289062
54|397|112.89191436767578
54|588|120.39359283447266
54|598|134.8118896484375
54|819|166.58676147460938
54|831|88.79756927490234
54|1010|188.66905212402344
54|1057|77.380615234375
54|1098|70.776611328125
54|1113|100.30583190917969
54|1201|66.90311431884766
54|1217|101.46794891357422
54|1224|80.67768859863281
54|1232|91.29829406738281
54|1238|83.669189453125
54|1448|74.34776306152344
54|1481|92.35120391845703
54|1785|168.78155517578125
54|1789|163.39837646484375
54|1795|61.253143310546875
54|1814|56.91254425048828
54|1826|108.64230346679688
54|1830|86.31282806396484
54|1969|67.53022003173828
54|2204|105.5450439453125
54|2208|118.41209411621094
54|2227|89.5440902709961
54|2232|142.8081817626953
54|2243|102.41349029541016
55|587|125.36437225341797
55|591|120.52491760253906
55|597|130.93724060058594
55|830|89.53124237060547
55|923|154.9912872314453
55|1003|161.11265563964844
55|1011|209.26406860351562
55|1058|100.14490509033203
55|1115|89.45356750488281
55|1162|94.1100845336914
55|1202|81.8552474975586
55|1218|92.6197280883789
55|1223|83.0605697631836
55|1447|92.88329315185547
55|1564|70.30473327636719
55|1775|124.25663757324219
55|1784|168.35501098632812
55|1793|80.28353881835938
55|1820|146.41122436523438
55|1827|137.74740600585938
55|1833|112.77388763427734
55|1963|81.83634185791016
55|1968|56.91933059692383
55|1988|61.32123947143555
55|2201|172.06198120117188
55|2210|121.76078796386719
55|2219|184.39112854003906
55|2226|92.91271209716797
55|2230|126.58074188232422
55|2239|140.92750549316406
56|1099|91.8208999633789
56|1110|64.63896179199219
56|1203|92.5851821899414
56|1214|57.927669525146484
56|1693|97.78011322021484
57|1204|104.00186157226562
57|1213|65.55252075195312
57|1310|85.47816467285156
57|1405|96.01172637939453
57|1415|97.84719848632812
57|1418|177.3344268798828
57|1547|84.02430725097656
57|1571|97.11270904541016
57|1578|111.1893081665039
57|1710|90.13167572021484
57|1719|131.6476287841797
57|1973|69.43146514892578
57|1999|67.38860321044922
57|2006|79.59864044189453
57|2102|84.48579406738281
57|2120|94.58909606933594
57|2129|105.89086151123047
57|2134|84.28771209716797
57|2161|104.89988708496094
57|2514|80.64081573486328
57|2538|101.28590393066406
57|2542|125.67591857910156
58|35|73.54753112792969
58|87|67.34906768798828
58|119|74.9178466796875
58|138|121.42106628417969
58|170|89.5358657836914
58|190|72.7737808227539
58|313|56.898414611816406
58|552|57.58290481567383
58|758|82.8268814086914
58|778|81.74419403076172
58|965|72.59590911865234
58|1108|85.16344451904297
58|1191|62.12508773803711
58|1211|86.94612884521484
58|1257|157.499267578125
58|1261|215.75428771972656
58|1278|106.20446014404297
58|1303|117.73546600341797
58|1362|122.36854553222656
58|1368|122.7776870727539
58|1374|167.71563720703125
58|1399|165.92608642578125
58|1404|109.90382385253906
58|1417|179.44898986816406
58|1574|111.33263397216797
58|1577|122.16810607910156
58|1605|86.47412109375
58|1686|174.19326782226562
58|1691|165.96279907226562
58|1706|66.6111068725586
58|1711|96.62720489501953
58|1718|135.28408813476562
58|1720|112.593994140625
58|1727|80.93319702148438
58|1733|85.20002746582031
58|1755|61.88609313964844
58|1792|100.12812805175781
58|1811|70.4588623046875
58|1976|83.99311828613281
58|1997|148.72662353515625
58|2001|81.46315002441406
58|2009|131.3767852783203
58|2014|76.39940643310547
58|2017|58.16211700439453
58|2020|57.33541488647461
58|2058|187.4638214111328
58|2083|97.65291595458984
58|2097|172.33839416503906
58|2101|81.74406433105469
58|2107|144.24192810058594
58|2116|207.3441619873047
58|2123|105.74742889404297
58|2128|103.09940338134766
58|2136|211.5469207763672
58|2143|117.44000244140625
58|2162|145.1424560546875
58|2186|72.05683898925781
58|2190|64.55076599121094
58|2195|66.71908569335938
58|2225|63.51791000366211
58|2257|62.68001937866211
58|2289|62.73459243774414
58|2299|71.90303039550781
58|2302|66.05722045898438
58|2309|108.14576721191406
58|2318|69.03104400634766
58|2328|72.06890106201172
58|2341|76.77168273925781
58|2380|81.8423843383789
58|2393|68.518310546875
58|2403|59.997581481933594
58|2406|62.60496520996094
58|2412|132.4985809326172
58|2422|76.45692443847656
58|2426|76.64917755126953
58|2431|117.62630462646484
58|2444|69.08259582519531
58|2463|56.38224411010742
58|2472|218.05044555664062
58|2482|77.79827117919922
58|2499|58.27464294433594
58|2505|60.68613815307617
58|2510|209.16493225097656
58|2518|122.01536560058594
58|2520|124.65272521972656
58|2531|148.1158905029297
58|2540|139.09715270996094
58|2550|137.69393920898438
58|2553|129.9552459716797
58|2558|104.51111602783203
58|2574|85.48467254638672
58|2577|98.77528381347656
59|1295|157.9625701904297
59|1412|131.42169189453125
59|1978|76.21650695800781
59|1994|80.2905044555664
59|2327|57.063533782958984
59|2535|83.8786392211914
60|757|84.53736877441406
60|760|77.47977447509766
60|1709|68.65311431884766
60|1850|86.9580307006836
61|758|70.291015625
61|761|79.86001586914062
61|1437|99.85324096679688
61|2134|61.301273345947266
61|2548|61.929622650146484
63|1993|95.76622772216797
63|2165|71.24769592285156
64|523|122.65061950683594
64|528|129.73587036132812
64|567|133.764404296875
64|615|139.47508239746094
64|621|99.78465270996094
64|723|115.93136596679688
64|933|84.1672134399414
64|939|89.65626525878906
64|1035|115.00369262695312
64|1136|165.2625732421875
64|1143|99.01614379882812
64|1470|130.89938354492188
64|1477|157.40048217773438
64|1491|149.19232177734375
64|1502|126.0642318725586
64|1511|72.02897644042969
64|1543|126.44613647460938
64|1852|144.8352508544922
64|1890|143.21209716796875
64|1942|126.27371215820312
64|1949|106.40396118164062
64|1955|138.01950073242188
64|2166|94.1062240600586
64|2289|62.826133728027344
65|15|73.6794204711914
65|54|90.05158996582031
65|138|106.48530578613281
65|158|57.670799255371094
65|171|76.38180541992188
65|209|56.35075378417969
65|517|194.18621826171875
65|524|117.29857635498047
65|527|148.24880981445312
65|552|90.5170669555664
65|563|119.18077850341797
65|566|119.03726959228516
65|568|125.31793212890625
65|572|109.71526336669922
65|583|72.80240631103516
65|613|81.6702651977539
65|617|115.63609313964844
65|620|87.82676696777344
65|624|75.12692260742188
65|719|135.64776611328125
65|722|125.16364288330078
65|725|73.28569793701172
65|728|69.41795349121094
65|932|82.9188003540039
65|935|81.3779067993164
65|938|84.20610809326172
65|940|74.64108276367188
65|947|56.4210319519043
65|965|59.28791809082031
65|1029|107.7838134765625
65|1033|114.30448913574219
65|1036|76.01917266845703
65|1040|81.89541625976562
65|1131|139.34092712402344
65|1135|165.0924530029297
65|1138|103.82185363769531
65|1141|64.23712921142578
65|1144|83.05155181884766
65|1466|159.88462829589844
65|1478|109.8920669555664
65|1492|168.6216278076172
65|1495|178.20677185058594
65|1499|192.32608032226562
65|1510|66.1637191772461
65|1513|77.22537231445312
65|1535|132.53970336914062
65|1542|173.5326690673828
65|1552|72.88392639160156
65|1748|156.10345458984375
65|1840|89.51010131835938
65|1879|146.89759826660156
65|1884|122.83890533447266
65|1889|145.1397705078125
65|1906|233.83103942871094
65|1911|231.27413940429688
65|1913|229.5330047607422
65|1919|70.82847595214844
65|1923|66.35293579101562
65|1944|214.9806365966797
65|1948|101.10202026367188
65|1992|134.48513793945312
65|2122|57.2618293762207
65|2167|112.238037109375
65|2187|97.12181854248047
65|2238|71.16416931152344
65|2276|62.6306037902832
65|2497|61.79851531982422
65|2535|87.10092163085938
65|2548|66.81040954589844
65|2581|96.12220764160156
66|520|138.55955505371094
66|525|142.7705535888672
66|537|144.5147705078125
66|565|124.78755950927734
66|569|144.92469787597656
66|619|107.63302612304688
66|721|129.72654724121094
66|726|84.46101379394531
66|825|124.50982666015625
66|842|73.20542907714844
66|1038|62.92676544189453
66|1133|161.5399932861328
66|1139|103.99899291992188
66|1340|240.5931396484375
66|1505|58.39710998535156
66|1529|179.47166442871094
66|1540|135.83474731445312
66|1556|126.3225326538086
66|1877|74.58467102050781
66|1981|65.37908172607422
67|538|117.65178680419922
67|841|64.52759552001953
67|1337|230.74952697753906
67|1441|229.7777862548828
67|1558|61.090858459472656
67|1855|102.54843139648438
67|1990|68.31982421875
70|1504|68.14125061035156
70|1559|65.04439544677734
71|539|71.07267761230469
71|1342|64.03802490234375
71|1656|77.45206451416016
71|2259|161.0110626220703
71|2363|287.1633605957031
72|820|113.25426483154297
72|1007|65.54669952392578
72|1300|61.85805892944336
72|1390|73.58368682861328
72|1445|57.7865104675293
72|1559|70.0301742553711
72|1584|102.35971069335938
72|1604|68.0928726196289
72|1657|79.9423828125
72|1661|78.20677185058594
72|1754|70.31105041503906
72|1762|82.96449279785156
72|1969|93.12557220458984
72|2083|192.83889770507812
72|2186|235.0072784423828
72|2260|224.0466766357422
72|2279|57.57186508178711
72|2298|181.70932006835938
72|2364|300.9232177734375
72|2382|90.75206756591797
72|2394|286.08245849609375
72|2432|58.398353576660156
72|2497|163.48574829101562
73|106|67.26116943359375
73|222|91.95660400390625
73|261|89.15547943115234
73|365|60.577186584472656
73|377|112.94823455810547
73|416|59.97858810424805
73|540|96.6571273803711
73|543|124.69538116455078
73|595|128.76986694335938
73|674|91.1780014038086
73|758|91.9847412109375
73|849|75.24270629882812
73|852|61.509788513183594
73|858|75.22522735595703
73|862|77.2103271484375
73|923|83.20844268798828
73|960|65.24972534179688
73|1004|65.57820129394531
73|1191|59.253150939941406
73|1275|60.92068862915039
73|1294|76.391845703125
73|1344|94.45378875732422
73|1391|79.41522216796875
73|1398|58.0661735534668
73|1447|80.4170913696289
73|1564|149.55442810058594
73|1582|125.44503021240234
73|1585|111.87340545654297
73|1589|145.57041931152344
73|1599|88.13813018798828
73|1606|86.455810546875
73|1658|73.6416244506836
73|1660|70.97526550292969
73|1688|59.47293472290039
73|1708|77.7024154663086
73|1738|107.87347412109375
73|1757|126.45724487304688
73|1761|87.06441497802734
73|1764|90.44300842285156
73|1858|157.91087341308594
73|1862|99.30533599853516
73|1961|94.18348693847656
73|1970|114.62752532958984
73|1987|128.82632446289062
73|1998|119.67461395263672
73|2018|111.17719268798828
73|2079|193.80404663085938
73|2082|184.30299377441406
73|2102|66.61228942871094
73|2134|97.46233367919922
73|2175|101.66653442382812
73|2182|335.3110046386719
73|2185|294.4332580566406
73|2261|237.3323516845703
73|2280|57.71708679199219
73|2289|265.8064880371094
73|2292|199.53274536132812
73|2322|64.95123291015625
73|2328|160.1303253173828
73|2341|96.60807800292969
73|2361|69.4543228149414
73|2365|270.51019287109375
73|2380|68.32611846923828
73|2387|72.55812072753906
73|2395|293.2175598144531
73|2402|225.96388244628906
73|2412|103.27793884277344
73|2425|57.79037857055664
73|2431|70.80882263183594
73|2444|86.28258514404297
73|2464|68.61311340332031
73|2492|284.2149963378906
73|2504|69.93795013427734
74|541|101.80687713623047
74|1562|143.94943237304688
74|1659|74.7695083618164
74|1739|93.4260025024414
74|2073|65.87467193603516
74|2258|66.37478637695312
74|2262|204.12973022460938
74|2362|76.37852478027344
74|2366|248.35601806640625
74|2403|156.28981018066406
74|2486|137.02621459960938
75|2263|168.509765625
75|2367|212.31031799316406
76|2264|217.8336181640625
76|2375|173.15267944335938
76|2404|95.02308654785156
77|241|79.79591369628906
77|378|57.052711486816406
77|1088|59.77634811401367
77|1974|59.8584098815918
77|2265|309.3319091796875
77|2271|257.2059020996094
77|2299|66.72671508789062
77|2308|59.8811149597168
77|2371|332.8245544433594
78|2266|314.91461181640625
78|2269|307.6321105957031
80|2159|122.72574615478516
81|1216|62.78053283691406
81|1482|59.207279205322266
81|2227|91.39486694335938
81|2232|67.27888488769531
81|2247|97.59551239013672
82|1115|58.4870719909668
82|1117|58.7227783203125
82|1218|59.67959213256836
82|1501|59.46265411376953
82|1778|190.98863220214844
82|1780|189.40699768066406
82|1792|56.66451644897461
82|1816|198.83853149414062
82|1832|132.78656005859375
82|2207|113.16976928710938
82|2219|97.36469268798828
82|2222|119.11676788330078
82|2237|107.59383392333984
82|2246|120.51044464111328
83|1222|56.31625747680664
83|2202|93.38642120361328
83|2230|78.4269790649414
83|2574|85.03705596923828
85|1100|58.77088165283203
85|1578|59.121734619140625
85|2160|167.4031219482422
86|15|88.82747650146484
86|34|95.599609375
86|54|99.85161590576172
86|517|89.87016296386719
86|527|69.70280456542969
86|551|103.2291488647461
86|567|59.23447799682617
86|861|75.3359603881836
86|1204|63.66068649291992
86|1378|101.19983673095703
86|1400|281.6653137207031
86|1571|127.85249328613281
86|1711|154.01759338378906
86|1895|63.393829345703125
86|1996|106.06466674804688
86|1998|108.58165740966797
86|2004|65.9089584350586
86|2024|64.40267944335938
86|2103|142.23655700683594
86|2140|164.98780822753906
86|2153|74.30242156982422
86|2161|182.70497131347656
86|2224|73.8382568359375
86|2495|58.849639892578125
86|2529|104.22621154785156
86|2537|116.95427703857422
86|2550|105.90680694580078
86|2574|241.32188415527344
87|119|57.63138961791992
87|190|70.95464324951172
87|222|57.58609390258789
87|325|71.75324249267578
87|345|73.2718505859375
87|448|83.57230377197266
87|519|62.83684539794922
87|526|62.64128494262695
87|557|78.29385375976562
87|571|111.46467590332031
87|674|67.290283203125
87|965|106.42410278320312
87|1108|58.756935119628906
87|1191|95.43803405761719
87|1300|245.26783752441406
87|1365|138.70858764648438
87|1379|103.23292541503906
87|1401|293.6709899902344
87|1574|146.84007263183594
87|1688|83.8157958984375
87|1714|197.43063354492188
87|1729|143.60296630859375
87|1793|56.45283889770508
87|1995|110.59539031982422
87|2001|121.4598388671875
87|2013|57.231143951416016
87|2059|91.76753997802734
87|2101|136.22116088867188
87|2117|133.8167724609375
87|2119|139.70584106445312
87|2123|113.80402374267578
87|2127|85.35359191894531
87|2134|80.61871337890625
87|2143|172.03741455078125
87|2154|74.72959899902344
87|2162|177.2593994140625
87|2186|87.47510528564453
87|2205|87.4742202758789
87|2225|87.66030883789062
87|2238|61.866031646728516
87|2257|88.58839416503906
87|2379|64.18233489990234
87|2444|57.40531539916992
87|2472|91.62544250488281
87|2515|199.00100708007812
87|2518|86.99382019042969
87|2531|137.74085998535156
87|2534|169.99697875976562
87|2541|93.50540161132812
87|2557|184.62510681152344
87|2568|63.755653381347656
87|2575|227.75364685058594
88|520|69.77938079833984
88|525|63.92589569091797
88|570|95.44059753417969
88|1568|61.73587417602539
88|1994|68.98463439941406
88|2163|124.55048370361328
88|2552|61.45805740356445
89|2164|106.48249053955078
89|2573|63.866153717041016
95|1656|81.79239654541016
96|1035|62.59638214111328
96|1603|68.10600280761719
96|1657|69.50532531738281
96|1662|114.49756622314453
96|1749|122.06476593017578
97|396|82.23795318603516
97|543|77.96112060546875
97|655|62.647705078125
97|674|67.005859375
97|758|85.35446166992188
97|777|58.981502532958984
97|1030|81.67576599121094
97|1033|69.26494598388672
97|1294|71.33350372314453
97|1498|59.66947937011719
97|1581|80.81868743896484
97|1587|95.1426010131836
97|1591|83.72361755371094
97|1597|68.77619171142578
97|1599|68.78494262695312
97|1606|95.94847106933594
97|1660|86.44702911376953
97|1664|141.97763061523438
97|1688|62.907318115234375
97|1708|58.73019027709961
97|1736|78.0782699584961
97|1750|176.66607666015625
97|1853|105.78668212890625
97|1889|57.41059875488281
97|1911|59.5733757019043
97|1914|83.53314208984375
97|1992|74.94160461425781
97|2328|73.22627258300781
97|2341|78.38191223144531
97|2379|61.72297286987305
97|2431|74.91600036621094
97|2444|57.86603927612305
97|2580|146.6356964111328
98|542|68.86231231689453
98|545|80.29195404052734
98|1032|80.74679565429688
98|1500|62.36199188232422
98|1531|67.66533660888672
98|1557|58.842933654785156
98|1600|64.00574493408203
98|1659|106.48139190673828
98|1738|68.67631530761719
98|1751|158.3785400390625
98|1913|62.966243743896484
98|1991|85.22175598144531
98|2167|123.85541534423828
98|2327|76.10678100585938
98|2581|166.56536865234375
99|1530|61.2706298828125
99|1752|111.15062713623047
99|2168|119.5835189819336
100|1855|73.3214111328125
102|1753|86.67225646972656
102|1917|71.8526382446289
103|1856|63.06106185913086
106|1753|73.97711944580078
107|567|75.02135467529297
107|572|83.35664367675781
108|562|62.4520378112793
108|571|84.9471206665039
108|964|68.57616424560547
108|2178|72.53076934814453
108|2227|77.5354995727539
108|2393|70.55426025390625
109|106|57.80282211303711
109|209|58.537044525146484
109|563|67.57870483398438
109|761|64.82766723632812
109|924|72.22130584716797
109|963|56.822322845458984
109|1501|66.47313690185547
109|1565|60.29597091674805
109|1754|92.16651916503906
109|1811|60.96832275390625
109|1857|98.40765380859375
109|2083|60.269752502441406
109|2179|91.10897827148438
109|2205|91.932373046875
109|2222|66.37889862060547
109|2226|70.29308319091797
109|2243|96.21233367919922
109|2289|78.579833984375
109|2296|82.95895385742188
109|2401|81.71759796142578
109|2496|76.58623504638672
110|569|57.156028747558594
110|923|75.95449829101562
110|1117|76.15108489990234
110|1222|80.13288879394531
110|1563|88.95909881591797
110|1757|153.5471954345703
110|1858|108.8759765625
110|1986|88.52743530273438
110|2076|92.21278381347656
110|2082|70.47825622558594
110|2183|65.27922058105469
110|2291|64.02947235107422
110|2495|90.32846069335938
111|2490|130.10971069335938
112|376|58.07655715942383
112|1136|77.36849975585938
113|1030|105.45600128173828
113|1034|131.4597625732422
113|1100|66.78460693359375
113|1130|84.4040298461914
113|1135|74.45944213867188
114|381|58.83211135864258
114|1032|139.65965270996094
114|1040|59.86197280883789
114|1134|76.80500793457031
114|1272|91.3449478149414
114|2005|79.83074188232422
114|2538|63.34938049316406
115|376|65.98522186279297
115|1037|74.75922393798828
115|1133|91.19991302490234
115|1296|61.45745849609375
115|1405|60.332332611083984
115|1998|103.8051986694336
115|2004|78.94816589355469
115|2012|78.70980072021484
115|2101|110.82007598876953
115|2140|74.94441223144531
115|2161|69.9815673828125
115|2472|100.28376770019531
115|2532|61.63135528564453
115|2537|62.41677474975586
115|2554|71.07599639892578
115|2576|93.08561706542969
116|189|58.49245071411133
116|1038|75.3591079711914
116|1258|92.18621063232422
116|1261|77.06285858154297
116|1275|160.60508728027344
116|1299|98.22481536865234
116|1403|116.36430358886719
116|1708|60.452308654785156
116|1720|58.65702438354492
116|1729|69.20861053466797
116|1974|70.84918975830078
116|1976|70.15899658203125
116|1995|56.79563522338867
116|1997|82.304931640625
116|2003|81.12178802490234
116|2009|59.5420036315918
116|2013|60.663814544677734
116|2059|103.09293365478516
116|2119|95.61000061035156
116|2127|69.35771942138672
116|2139|64.18768310546875
116|2162|120.08717346191406
116|2512|78.38079071044922
116|2533|59.64924240112305
116|2553|74.55207061767578
117|374|70.01349639892578
117|377|86.42276000976562
117|787|71.19620513916016
117|1977|66.09017181396484
117|2008|76.19146728515625
117|2121|57.09493637084961
118|376|89.18254089355469
118|382|56.37168502807617
118|789|78.9054946899414
121|758|70.50550842285156
121|1588|78.09320068359375
121|1591|84.4072265625
121|1596|130.92733764648438
121|1603|77.02288055419922
121|1608|153.63330078125
121|2323|92.90602111816406
121|2427|88.03006744384766
121|2432|73.14737701416016
122|1584|59.27459716796875
122|1595|124.27725219726562
122|1605|72.47052764892578
122|1609|115.72317504882812
122|2322|113.7561264038086
122|2426|107.80054473876953
124|2331|58.88697052001953
128|1533|58.24224853515625
128|1748|100.26900482177734
128|1915|76.0887680053711
129|562|91.29314422607422
129|572|108.38999938964844
129|1028|115.2691879272461
129|1501|115.68941497802734
129|1511|64.66243743896484
129|1750|76.17047119140625
129|1906|83.2316665649414
129|1914|84.66450500488281
130|1493|132.37783813476562
130|1498|136.39016723632812
130|1514|62.51378631591797
130|1751|82.83821105957031
130|1904|56.597469329833984
130|1907|89.81490325927734
130|1911|87.1824951171875
130|1913|83.32838439941406
135|2227|138.08868408203125
135|2232|72.20668029785156
136|1776|78.37842559814453
136|1834|67.19688415527344
136|2207|172.6719207763672
136|2223|107.2632827758789
136|2231|76.13848114013672
136|2243|143.46705627441406
137|1779|67.5567398071289
137|1833|76.130126953125
137|2203|116.1374282836914
137|2226|150.58506774902344
137|2246|120.98973083496094
138|2229|121.21630859375
138|2573|70.42704772949219
141|1753|58.16650390625
142|2124|121.57828521728516
142|2160|63.447044372558594
143|1296|84.1726303100586
143|1570|71.7653579711914
143|2115|62.779788970947266
143|2125|132.04869079589844
143|2394|62.088951110839844
143|2538|141.15940856933594
144|1572|77.12873077392578
144|1581|86.39643096923828
144|1724|119.9311752319336
144|1996|79.21009063720703
144|1999|84.7503433227539
144|2078|69.9299545288086
144|2101|168.00299072265625
144|2119|168.41354370117188
144|2134|70.12884521484375
144|2138|214.17311096191406
144|2181|80.4776382446289
144|2492|80.20999908447266
144|2515|154.4026336669922
144|2517|153.0068359375
144|2539|106.40281677246094
144|2554|157.15093994140625
145|1302|94.70562744140625
145|1575|88.39730834960938
145|1588|92.22871398925781
145|1717|154.29208374023438
145|1722|83.25969696044922
145|1726|140.7294464111328
145|2014|77.2041015625
145|2100|144.83828735351562
145|2105|173.64324951171875
145|2120|188.27664184570312
145|2127|149.95848083496094
145|2143|123.00796508789062
145|2176|94.6050796508789
145|2186|93.70016479492188
145|2288|75.9651107788086
145|2296|229.4493865966797
145|2392|96.04444122314453
145|2400|167.81405639648438
145|2519|163.50811767578125
145|2534|166.5287628173828
145|2540|145.86825561523438
145|2552|172.7516632080078
145|2556|175.8787384033203
145|2575|66.9754638671875
146|544|67.24532318115234
146|1026|92.33854675292969
146|1298|60.491546630859375
146|1303|92.32649230957031
146|1576|73.83155059814453
146|1585|120.24584197998047
146|1611|84.70299530029297
146|1754|85.93026733398438
146|1758|111.4077377319336
146|1987|90.1477279663086
146|2080|152.90911865234375
146|2106|156.2847442626953
146|2121|176.53880310058594
146|2180|112.3741683959961
146|2183|103.5498275756836
146|2185|109.39372253417969
146|2287|63.81165313720703
146|2292|177.58984375
146|2315|72.12364196777344
146|2398|192.32757568359375
146|2495|155.94712829589844
146|2520|157.64141845703125
146|2535|186.73223876953125
147|545|66.19293975830078
147|1562|86.67949676513672
147|1756|135.52603149414062
147|1858|90.8608169555664
147|1985|106.17494201660156
147|2077|128.90176391601562
147|2122|170.44822692871094
147|2184|107.18390655517578
147|2316|72.38134002685547
147|2419|70.89555358886719
147|2486|77.14256286621094
147|2491|93.84308624267578
147|2547|61.280784606933594
148|2420|65.25202178955078
151|559|57.398075103759766
152|964|69.8065185546875
153|1840|65.61304473876953
154|1975|123.94324493408203
154|2272|62.50152587890625
155|1974|107.6208267211914
155|2268|60.75060272216797
156|1977|98.49624633789062
156|2269|63.06877899169922
161|1464|68.14386749267578
161|1536|58.469017028808594
161|1852|92.19205474853516
161|1954|102.52140808105469
162|1465|74.1541976928711
162|1535|56.53074645996094
162|1878|86.0182876586914
162|1889|135.39889526367188
162|1943|79.46269226074219
162|1955|108.12754821777344
162|2232|105.00336456298828
163|1476|69.78169250488281
163|1541|131.44444274902344
163|1556|75.12786865234375
163|1817|74.02684783935547
163|1830|79.7748031616211
163|1944|80.92012786865234
163|1948|68.49891662597656
163|2200|122.47941589355469
163|2204|79.05371856689453
163|2220|142.537353515625
163|2240|143.91195678710938
164|592|65.83845520019531
164|596|98.59574127197266
164|1530|123.26538848876953
164|1782|130.20191955566406
164|1816|84.85271453857422
164|1877|74.21365356445312
164|2201|142.6132354736328
164|2210|73.73575592041016
164|2239|155.77734375
164|2246|71.86741638183594
165|597|86.67719268798828
165|1783|113.21276092529297
165|1815|77.65935516357422
165|1819|63.72108840942383
165|1828|94.59058380126953
165|2202|123.06459045410156
166|2230|58.217681884765625
167|961|62.71333312988281
167|1697|77.48464965820312
167|2096|85.29859161376953
167|2417|60.27733612060547
167|2509|77.40243530273438
168|1698|73.00684356689453
168|2510|77.82547760009766
169|1439|86.55509948730469
169|1699|81.81523895263672
169|2313|75.87368774414062
170|960|90.4432601928711
170|2314|83.40508270263672
171|959|85.95613861083984
172|1710|82.62277221679688
172|2549|72.5958023071289
173|1362|70.63690948486328
173|1366|76.84303283691406
173|1712|79.74944305419922
173|2116|85.84226989746094
173|2530|99.2401351928711
174|1364|100.92738342285156
174|1373|61.8194580078125
174|2098|56.44773864746094
174|2108|58.144630432128906
174|2135|75.454345703125
174|2521|56.63427734375
175|2259|124.29209899902344
175|2362|76.55577850341797
180|588|58.94987869262695
181|589|66.4158706665039
181|1007|99.92488098144531
181|2279|56.78388595581055
181|2364|89.95076751708984
181|2388|81.84815216064453
182|590|62.480472564697266
182|592|57.11601257324219
182|1005|80.93401336669922
182|1009|86.54193878173828
182|1012|70.9337158203125
182|1761|69.10205841064453
182|1861|129.14804077148438
182|1959|79.29899597167969
182|2261|134.30386352539062
182|2280|56.697021484375
182|2283|116.6612777709961
182|2365|115.1058349609375
183|1011|70.39897155761719
183|1564|58.859588623046875
183|1760|91.3833236694336
183|2175|97.18583679199219
183|2282|89.03569030761719
183|2486|136.8562469482422
184|598|56.59222412109375
184|1563|77.21090698242188
184|2072|82.11161804199219
184|2174|96.4725570678711
184|2262|106.63907623291016
185|2263|102.59233093261719
186|2367|58.15878677368164
188|2263|89.93482208251953
188|2367|63.63631057739258
191|1789|74.43893432617188
191|2264|63.250518798828125
192|1815|59.618839263916016
192|1819|59.29732131958008
193|1820|67.6000747680664
193|2265|69.78752899169922
193|2370|130.00189208984375
194|1334|118.62628173828125
194|1477|68.94231414794922
194|2266|77.6260986328125
194|2268|74.42510986328125
194|2373|65.80333709716797
195|957|109.25264739990234
195|1335|101.2418212890625
195|1478|78.60614013671875
195|2269|59.422760009765625
196|956|102.37115478515625
199|1340|63.99128723144531
201|1012|66.52234649658203
201|1015|58.92179489135742
201|1443|69.90583801269531
201|1686|96.79517364501953
202|1014|77.6136245727539
202|1415|62.076229095458984
202|1689|83.41488647460938
203|1375|65.48698425292969
203|1684|69.71759796142578
203|1690|92.05188751220703
204|1416|65.4537353515625
204|1691|94.63040924072266
205|1683|69.20038604736328
216|2310|64.20891571044922
216|2383|133.97787475585938
217|1455|80.77613830566406
217|1866|93.35225677490234
217|1963|74.4452133178711
217|2278|121.59548950195312
217|2384|138.57203674316406
218|1346|117.00233459472656
218|1351|101.33152770996094
218|1449|96.37592315673828
218|1452|83.1983642578125
218|1862|65.1275863647461
218|1865|85.04562377929688
218|2279|110.66321563720703
218|2484|108.27041625976562
219|1345|110.18012237548828
219|1348|90.36858367919922
219|1350|93.17161560058594
219|1448|88.71086883544922
219|1765|95.95993041992188
219|1864|77.08262634277344
219|2173|77.07208251953125
219|2280|109.5217056274414
219|2385|126.62640380859375
219|2485|116.71398162841797
220|1344|94.31436157226562
220|1349|88.09697723388672
220|1447|88.6056900024414
220|1793|69.43280029296875
220|1961|97.09890747070312
220|2281|88.34490966796875
220|2386|124.0477523803711
221|1457|61.46085739135742
239|2416|59.608123779296875
242|2070|68.49629974365234
247|1793|59.70143508911133
247|2201|57.53742980957031
252|2383|63.17637634277344
253|2382|77.60578155517578
254|2279|60.0224494934082
254|2295|82.45135498046875
254|2381|77.86740112304688
255|1765|61.515350341796875
255|2182|61.18312454223633
255|2293|70.44634246826172
255|2400|60.66640853881836
256|2081|69.33369445800781
256|2183|79.52879333496094
256|2280|66.89423370361328
256|2291|73.98904418945312
256|2397|72.89600372314453
256|2494|78.4842300415039
257|2184|75.83740997314453
257|2386|63.079795837402344
258|2174|81.7066879272461
258|2549|76.38874816894531
260|2118|63.04383087158203
260|2532|65.5479736328125
261|2136|60.463008880615234
261|2511|58.20855712890625
271|2268|60.84279251098633