Play Hard
David Guetta

EDM
play_hard
2049x2584
2174

0|130|104.25151062011719
0|133|66.4638671875
1|120|78.091064453125
1|127|194.46014404296875
1|164|59.80628967285156
2|121|111.51720428466797
2|124|120.16978454589844
2|145|185.64170837402344
2|148|141.72744750976562
2|152|114.17357635498047
2|176|78.50656127929688
2|185|62.266536712646484
3|162|158.79946899414062
3|165|132.37734985351562
3|168|70.07767486572266
3|173|66.5146255493164
3|195|67.49288940429688
4|122|219.42547607421875
4|128|639.689697265625
4|132|739.8563232421875
4|137|687.8790283203125
4|141|419.949462890625
4|146|428.82177734375
4|151|211.46360778808594
4|445|358.7243957519531
4|465|386.8697509765625
4|485|389.1853942871094
4|505|380.5563049316406
4|525|350.3285827636719
4|545|364.8846130371094
4|565|353.4132995605469
4|584|355.1108093261719
4|605|395.7580871582031
4|625|371.6467590332031
4|645|356.9928283691406
4|664|393.56744384765625
4|684|377.8246154785156
4|692|253.42787170410156
4|704|375.8398742675781
4|713|221.37091064453125
4|724|387.8646545410156
4|744|398.75079345703125
4|763|389.353515625
4|783|390.3113098144531
4|804|358.8100891113281
4|824|381.5709533691406
4|843|384.6787414550781
4|863|390.3322448730469
4|883|363.8370666503906
4|902|370.94342041015625
4|922|393.72271728515625
4|943|376.2614440917969
4|963|406.3811340332031
4|983|355.6200256347656
4|1010|234.3537139892578
4|1031|232.7310791015625
4|1081|380.3306884765625
4|1101|400.8760681152344
4|1122|386.1753234863281
4|1142|370.23431396484375
4|1162|327.5300598144531
4|1169|232.94020080566406
4|1181|357.1661682128906
4|1190|239.92092895507812
4|1201|358.1020202636719
4|1240|360.5543212890625
4|1260|407.2194519042969
4|1281|364.2530822753906
4|1301|380.77093505859375
4|1399|384.2004089355469
4|1420|395.53753662109375
4|1439|375.1070556640625
4|1460|405.891357421875
4|1479|350.8092041015625
4|1487|242.34262084960938
4|1499|363.2679748535156
4|1507|235.00587463378906
4|1518|349.5523986816406
4|1539|382.0477600097656
4|1558|382.2473449707031
4|1578|382.4010009765625
4|1598|363.49383544921875
4|1618|386.8943176269531
4|1646|237.90322875976562
4|1665|219.42303466796875
4|1725|93.69790649414062
4|1804|76.15595245361328
5|125|492.36700439453125
5|139|519.1771850585938
5|150|205.47811889648438
5|154|342.0430908203125
5|443|419.9093017578125
5|454|276.1291809082031
5|463|449.4202880859375
5|473|258.1419372558594
5|483|452.0518798828125
5|493|276.7149963378906
5|503|463.22430419921875
5|513|281.56982421875
5|522|436.6349792480469
5|534|269.4476318359375
5|542|459.2050476074219
5|553|255.46995544433594
5|562|450.05859375
5|573|267.7983703613281
5|582|439.3410949707031
5|592|265.6541442871094
5|602|461.43829345703125
5|609|195.31539916992188
5|622|461.8893737792969
5|629|216.7375946044922
5|642|458.58099365234375
5|649|207.2621612548828
5|662|425.7874755859375
5|669|218.0541534423828
5|681|428.7991027832031
5|701|446.40576171875
5|721|419.2735900878906
5|741|458.97467041015625
5|761|471.07464599609375
5|772|270.65118408203125
5|781|425.22796630859375
5|792|265.16357421875
5|801|426.1396484375
5|811|270.552001953125
5|821|468.58526611328125
5|832|267.67486572265625
5|841|436.1079406738281
5|852|269.953125
5|860|441.428466796875
5|871|267.18084716796875
5|880|431.3569641113281
5|892|275.3160400390625
5|900|458.6154479980469
5|911|281.9140625
5|920|468.5706787109375
5|927|165.6682891845703
5|940|444.068115234375
5|947|194.54754638671875
5|960|416.5677185058594
5|967|194.37147521972656
5|980|408.0252685546875
5|987|192.15017700195312
5|1079|455.30322265625
5|1090|269.0019836425781
5|1099|456.34918212890625
5|1110|241.71897888183594
5|1119|447.4526062011719
5|1126|191.38580322265625
5|1139|416.6584777832031
5|1146|201.43508911132812
5|1158|425.579833984375
5|1178|400.0998840332031
5|1198|420.8324890136719
5|1238|442.9056091308594
5|1249|272.6484375
5|1258|481.6744689941406
5|1269|261.36236572265625
5|1278|427.7038879394531
5|1285|177.93663024902344
5|1298|405.5905456542969
5|1305|202.01449584960938
5|1397|444.653076171875
5|1408|267.7812194824219
5|1417|485.31640625
5|1426|257.2234191894531
5|1437|410.6224670410156
5|1444|196.6249542236328
5|1457|429.92913818359375
5|1464|196.40164184570312
5|1476|399.3643798828125
5|1496|445.4999084472656
5|1516|418.2679748535156
5|1536|444.7024841308594
5|1556|461.56036376953125
5|1567|281.9793701171875
5|1576|463.8497619628906
5|1586|235.06320190429688
5|1596|427.25225830078125
5|1603|181.58352661132812
5|1616|411.807373046875
5|1623|195.54344177246094
5|1715|170.76173400878906
5|1727|86.12277221679688
5|1794|100.24149322509766
6|152|296.4748840332031
6|159|249.37594604492188
6|162|266.29241943359375
6|167|256.8686828613281
6|171|224.8907012939453
6|178|127.82353210449219
6|183|118.04853820800781
6|442|379.0802307128906
6|501|359.7057800292969
6|521|367.41436767578125
6|541|377.6400146484375
6|561|389.39886474609375
6|581|364.6708679199219
6|601|418.5998840332031
6|612|258.396484375
6|633|258.77044677734375
6|651|256.8031921386719
6|660|334.8038024902344
6|671|250.83670043945312
6|680|357.67376708984375
6|700|375.9314270019531
6|720|400.7102355957031
6|732|229.40780639648438
6|740|417.5694274902344
6|752|229.0200958251953
6|760|412.94732666015625
6|819|380.0326232910156
6|839|368.7032470703125
6|859|380.0634460449219
6|879|391.8465270996094
6|899|393.947021484375
6|919|390.5305480957031
6|931|272.1265869140625
6|951|266.80712890625
6|971|283.16632080078125
6|978|322.7721862792969
6|991|265.2046203613281
6|1078|387.6275634765625
6|1130|274.23638916015625
6|1150|267.0005187988281
6|1157|375.46014404296875
6|1177|341.3087463378906
6|1197|396.6150207519531
6|1237|392.1369323730469
6|1289|266.0799865722656
6|1296|315.9994201660156
6|1308|248.70074462890625
6|1396|370.292236328125
6|1416|420.0539855957031
6|1448|257.9578552246094
6|1455|332.1809387207031
6|1467|253.99313354492188
6|1475|349.5387268066406
6|1495|376.1073913574219
6|1515|368.5122375488281
6|1535|371.413330078125
6|1555|382.81622314453125
6|1575|382.7855529785156
6|1606|256.5705261230469
6|1614|309.0923156738281
6|1627|287.3207092285156
6|1714|184.06494140625
6|1729|71.42813873291016
7|122|267.7052307128906
7|127|321.92498779296875
7|441|319.3326721191406
7|461|296.3098449707031
7|560|273.7782897949219
7|580|283.09832763671875
7|600|332.6375427246094
7|620|288.6265869140625
7|719|297.1610107421875
7|739|317.1125793457031
7|759|329.0482177734375
7|779|283.7381591796875
7|878|269.32537841796875
7|898|307.1732177734375
7|918|303.8087463378906
7|938|296.27264404296875
7|958|312.3408508300781
7|1077|300.9860534667969
7|1097|329.7182922363281
7|1196|291.76666259765625
7|1236|329.6610107421875
7|1256|299.73419189453125
7|1276|303.4028015136719
7|1395|300.4242248535156
7|1415|341.32745361328125
7|1435|292.1175231933594
7|1534|248.32528686523438
7|1554|295.515625
7|1574|302.0081481933594
7|1594|312.0152587890625
7|1694|65.18000793457031
7|1713|145.7577362060547
7|1793|107.62481689453125
7|1838|101.9064712524414
7|1874|116.75125122070312
7|1910|128.1353759765625
7|1931|163.72987365722656
7|1937|145.3056182861328
7|1950|107.15324401855469
7|2195|98.01093292236328
7|2199|70.73875427246094
7|2208|114.6970443725586
7|2213|125.15171813964844
7|2231|122.33473205566406
7|2247|72.1894302368164
7|2253|72.3874740600586
7|2509|89.41400909423828
7|2514|61.944435119628906
7|2553|62.4345817565918
7|2570|75.80230712890625
7|2576|104.09160614013672
8|128|211.43797302246094
8|156|84.33988952636719
8|181|67.53292083740234
8|520|222.03521728515625
8|659|229.78213500976562
8|679|255.22775268554688
8|838|237.9127197265625
8|977|212.6222686767578
8|1136|191.31927490234375
8|1156|271.65667724609375
8|1316|77.38066864013672
8|1336|67.86559295654297
8|1474|258.03302001953125
8|1797|167.41319274902344
8|1801|171.80368041992188
8|1815|106.51786804199219
8|1818|105.94598388671875
8|1823|111.90560150146484
8|1832|105.99268341064453
8|1842|109.65017700195312
8|1846|98.02351379394531
8|1851|102.0378189086914
8|1854|100.37701416015625
8|1863|98.97454833984375
8|2119|83.4401626586914
8|2123|80.5844955444336
8|2127|90.49482727050781
8|2140|103.26848602294922
8|2144|104.29520416259766
8|2147|97.97924041748047
8|2149|95.63347625732422
8|2159|65.66278839111328
8|2172|77.74954986572266
8|2175|80.933349609375
8|2188|66.06092834472656
8|2475|78.52458953857422
8|2480|60.63551330566406
8|2491|68.06084442138672
8|2499|88.15872192382812
8|2505|85.93635559082031
9|129|139.3734893798828
9|135|139.5952911376953
9|142|143.7394561767578
9|145|66.78483581542969
9|160|65.34600830078125
9|169|84.42655944824219
9|173|104.25594329833984
9|179|84.18230438232422
9|182|60.39527893066406
9|184|76.63713836669922
9|195|60.7039680480957
9|460|194.42837524414062
9|480|206.51771545410156
9|500|218.8507843017578
9|689|92.9439926147461
9|692|109.4468994140625
9|696|105.13663482666016
9|708|93.68244934082031
9|716|123.1293716430664
9|778|190.19448852539062
9|798|211.04100036621094
9|998|69.42875671386719
9|1006|103.77601623535156
9|1010|102.7723388671875
9|1014|95.46884155273438
9|1026|111.06755828857422
9|1032|109.35160064697266
9|1034|109.0921401977539
9|1096|210.86456298828125
9|1106|78.19739532470703
9|1116|206.6426239013672
9|1166|103.9654769897461
9|1169|111.31975555419922
9|1172|106.86151885986328
9|1176|238.48748779296875
9|1193|131.31280517578125
9|1255|193.53997802734375
9|1275|198.25177001953125
9|1375|69.80715942382812
9|1414|214.2507781982422
9|1424|61.6025276184082
9|1434|193.53807067871094
9|1483|100.11019897460938
9|1488|117.01988983154297
9|1494|238.96051025390625
9|1504|95.33007049560547
9|1507|119.26595306396484
9|1510|132.46641540527344
9|1564|63.75941848754883
9|1573|196.021728515625
9|1593|199.61972045898438
9|1643|137.4191436767578
9|1648|116.85940551757812
9|1651|111.88941955566406
9|1663|129.18927001953125
9|1669|135.92164611816406
9|2053|67.47187042236328
9|2055|65.63520812988281
9|2066|67.38575744628906
9|2068|67.23724365234375
9|2071|70.61333465576172
9|2081|96.34754943847656
9|2101|71.27947998046875
10|125|268.51873779296875
10|134|112.05436706542969
10|146|110.75372314453125
10|153|81.50321197509766
10|168|67.7799072265625
10|186|60.18117141723633
10|440|163.43588256835938
10|455|115.82488250732422
10|458|111.07612609863281
10|475|114.40430450439453
10|477|116.48995971679688
10|492|107.37712097167969
10|497|125.97168731689453
10|511|118.97702026367188
10|514|125.1144027709961
10|517|123.3537368774414
10|534|120.4281997680664
10|556|122.0654296875
10|573|119.30245971679688
10|575|119.35030364990234
10|591|112.04798889160156
10|597|123.7248764038086
10|619|164.02044677734375
10|639|192.15818786621094
10|659|199.59776306152344
10|773|119.09271240234375
10|775|119.69596862792969
10|783|59.39058303833008
10|791|110.25738525390625
10|795|122.41829681396484
10|809|106.42216491699219
10|814|134.7733917236328
10|835|127.36003112792969
10|854|119.44511413574219
10|875|121.76075744628906
10|888|110.25642395019531
10|892|116.76341247558594
10|912|122.87234497070312
10|915|130.0850830078125
10|937|162.95587158203125
10|957|190.15093994140625
10|977|173.62939453125
10|1057|71.85314178466797
10|1060|66.0368881225586
10|1062|66.2490463256836
10|1065|70.27011108398438
10|1085|59.65264129638672
10|1093|118.20429992675781
10|1105|78.40680694580078
10|1107|75.9638900756836
10|1112|92.269287109375
10|1114|92.72818756103516
10|1136|177.68499755859375
10|1244|64.82185363769531
10|1253|103.20651245117188
10|1263|73.59310913085938
10|1270|99.23046875
10|1273|102.86040496826172
10|1295|187.68397521972656
10|1408|98.37769317626953
10|1411|106.18528747558594
10|1423|68.34171295166016
10|1429|84.69296264648438
10|1432|88.58946228027344
10|1571|111.85185241699219
10|1581|67.0361328125
10|1587|79.95318603515625
10|1591|89.35993957519531
10|1613|152.83889770507812
10|1672|71.48757934570312
10|1693|68.53681945800781
10|1953|89.6108627319336
10|1965|76.69673919677734
10|1980|85.72254943847656
10|2003|73.0240707397461
10|2010|72.06214904785156
10|2021|75.27229309082031
10|2280|67.52362823486328
10|2344|71.46534729003906
11|124|270.8601379394531
11|126|262.0548095703125
11|138|122.69992065429688
11|144|65.59625244140625
11|148|113.39911651611328
11|152|83.55728149414062
11|156|117.69429779052734
11|166|84.58699035644531
11|170|63.89909744262695
11|292|61.60913848876953
11|294|61.35248565673828
11|313|69.31209564208984
11|333|61.5536003112793
11|353|69.08792114257812
11|609|86.55326843261719
11|612|95.12504577636719
11|628|90.84223175048828
11|631|89.09992980957031
11|634|100.0339584350586
11|636|100.45415496826172
11|648|81.34959411621094
11|652|101.97596740722656
11|656|103.00254821777344
11|674|96.73689270019531
11|676|97.80565643310547
11|738|148.49900817871094
11|758|153.38467407226562
11|927|80.89911651611328
11|934|99.2088394165039
11|946|82.44950103759766
11|954|106.6468734741211
11|966|82.3602066040039
11|968|78.64379119873047
11|974|105.76725769042969
11|986|79.46146392822266
11|994|102.66291046142578
11|1126|109.5770034790039
11|1132|132.2901611328125
11|1153|132.76736450195312
11|1289|134.5266876220703
11|1310|133.7071533203125
11|1446|117.53331756591797
11|1449|129.33047485351562
11|1470|122.1333236694336
11|1553|151.46327209472656
11|1607|127.49980926513672
11|1627|130.78085327148438
11|1673|67.62039184570312
12|123|261.3749084472656
12|129|81.53691101074219
12|137|71.81084442138672
12|140|78.92784118652344
12|162|83.02005767822266
12|169|65.1974105834961
12|539|99.73480224609375
12|559|130.1046142578125
12|579|149.59165954589844
12|606|70.08856201171875
12|615|86.93701171875
12|877|135.61199951171875
12|897|149.87608337402344
12|917|120.71195220947266
12|1195|144.45144653320312
12|1315|82.98487091064453
12|1335|60.686119079589844
12|1375|67.45332336425781
13|125|180.28553771972656
13|130|77.88207244873047
13|619|100.06143188476562
13|639|114.76597595214844
13|678|112.63507080078125
13|730|94.65116119384766
13|733|84.28204345703125
13|736|91.12965393066406
13|749|94.2785873413086
13|755|104.67489624023438
13|937|111.16814422607422
13|957|111.67833709716797
13|1136|110.76537322998047
13|1155|115.90021514892578
13|1295|105.96601104736328
13|1454|95.67158508300781
13|1485|67.218994140625
13|1488|69.3260726928711
13|1526|65.06385803222656
13|1531|77.99095916748047
13|1550|71.25328063964844
13|1613|89.48799896240234
13|1684|72.55704498291016
13|1689|78.14226531982422
13|1702|81.72714233398438
13|1706|71.6176986694336
13|1708|83.78143310546875
14|123|115.64344024658203
14|154|61.461265563964844
14|192|59.90253448486328
14|421|130.33509826660156
14|738|94.4644775390625
14|758|100.13369750976562
14|917|99.73365020751953
14|1267|72.68181610107422
14|1270|63.10261917114258
14|1533|81.91287231445312
14|1553|92.63713073730469
14|1633|63.94492721557617
14|1673|67.04235076904297
14|1711|69.0672378540039
14|1772|102.27306365966797
14|1873|69.97600555419922
14|1881|75.32442474365234
14|1897|74.30384826660156
14|2260|66.5413589477539
14|2538|65.04615020751953
15|121|60.849632263183594
15|124|141.46791076660156
15|131|71.33606719970703
15|155|61.369354248046875
15|539|60.66958236694336
15|857|81.37450408935547
15|1265|67.13861083984375
15|1792|67.20689392089844
15|1802|59.34382247924805
15|1812|85.18147277832031
15|1822|64.31083679199219
15|1830|64.81305694580078
15|1872|69.84195709228516
15|1948|75.26844024658203
15|2131|79.99341583251953
15|2185|102.22361755371094
16|127|116.4808578491211
16|977|90.2733154296875
16|1374|72.70970153808594
16|1493|60.81806182861328
16|2507|92.77912139892578
17|122|73.72605895996094
17|1255|60.470428466796875
17|1454|65.89768981933594
17|1533|91.10155487060547
17|1613|65.46687316894531
17|2031|64.88082122802734
17|2187|85.17485046386719
18|124|100.26202392578125
18|131|64.42472839355469
18|1394|65.9393310546875
19|132|65.83907318115234
19|660|59.958457946777344
19|1048|79.51136016845703
19|1393|68.82312774658203
19|1671|85.58234405517578
19|1674|60.23188781738281
19|2001|73.49510955810547
19|2248|84.53197479248047
19|2256|65.60304260253906
19|2260|64.72779083251953
19|2264|67.56858825683594
19|2277|75.77694702148438
19|2286|59.3723258972168
19|2331|138.1759796142578
19|2408|64.60948181152344
20|133|60.434627532958984
20|163|59.5315055847168
20|170|63.26868438720703
20|520|80.2410659790039
20|968|67.64276885986328
20|1067|72.50126647949219
20|1673|67.849609375
20|2188|80.97110748291016
20|2279|87.61014556884766
20|2337|89.50224304199219
20|2508|70.94711303710938
21|124|74.16101837158203
21|795|74.26185607910156
21|858|61.69831848144531
21|864|67.74439239501953
21|997|83.08900451660156
21|2228|64.93325805664062
21|2246|90.49067687988281
21|2340|80.05066680908203
21|2388|80.97740936279297
21|2442|63.850101470947266
22|600|59.741615295410156
22|615|81.00263977050781
22|812|79.29447937011719
22|847|60.43414306640625
22|863|66.06890869140625
22|901|59.775917053222656
22|929|62.910701751708984
22|998|73.34903717041016
22|1011|59.619354248046875
22|1036|62.972686767578125
22|1307|88.51122283935547
22|1428|137.95733642578125
22|1448|67.3670425415039
22|1473|133.20677185058594
22|1490|83.58715057373047
22|1584|64.9189682006836
22|1643|70.00814819335938
22|1652|73.97223663330078
22|1656|65.38115692138672
22|2243|81.13574981689453
22|2339|79.813720703125
22|2389|64.5487060546875
22|2443|61.84278106689453
23|122|66.46683502197266
23|444|84.81961822509766
23|469|64.23248291015625
23|475|87.74434661865234
23|535|68.02204132080078
23|544|59.33682632446289
23|558|187.64810180664062
23|592|74.59252166748047
23|623|62.41450500488281
23|630|70.93785095214844
23|639|71.12950897216797
23|671|79.78217315673828
23|707|119.48802947998047
23|793|134.9095458984375
23|946|99.2186279296875
23|950|60.072689056396484
23|957|74.43640899658203
23|1105|61.27326965332031
23|1151|101.37870025634766
23|1170|61.61117172241211
23|1189|67.19849395751953
23|1310|64.79485321044922
23|1317|62.39600372314453
23|1320|65.59913635253906
23|1323|61.11495590209961
23|1332|60.264007568359375
23|1343|82.63258361816406
23|1433|130.50856018066406
23|1439|70.7685317993164
23|1511|66.7282943725586
23|1594|80.10858917236328
23|1602|92.93688201904297
23|1607|62.635902404785156
23|1627|69.79845428466797
23|1632|119.39228057861328
23|1636|62.44607162475586
23|1648|76.65576934814453
23|1890|124.03904724121094
23|2020|91.14524841308594
23|2242|86.85442352294922
23|2348|148.9458465576172
23|2401|68.88362121582031
23|2413|137.466064453125
23|2508|60.950992584228516
24|125|59.453182220458984
24|791|105.83051300048828
24|1891|75.58547973632812
24|2189|69.82433319091797
24|2241|85.08489227294922
24|2251|91.25289154052734
24|2347|133.1172637939453
24|2349|117.75593566894531
24|2411|136.20278930664062
24|2414|137.3874969482422
24|2443|62.14081954956055
24|2481|127.68476104736328
25|778|94.91425323486328
25|790|107.17232513427734
25|1374|60.27880859375
25|1888|103.7702865600586
25|1905|70.20313262939453
25|2058|78.27489471435547
25|2094|62.903236389160156
25|2240|68.22624206542969
25|2346|92.79640197753906
25|2360|65.84212493896484
25|2415|123.07933807373047
25|2480|113.7421875
25|2523|60.84297561645508
25|2560|97.60260009765625
25|2573|76.18140411376953
26|759|173.70892333984375
26|777|86.75640869140625
26|1216|65.78993225097656
26|2020|87.65089416503906
26|2090|152.6165771484375
26|2095|72.3109359741211
26|2123|85.8211898803711
26|2359|89.2220230102539
26|2417|130.36215209960938
26|2421|128.1976776123047
26|2428|118.61324310302734
26|2468|63.01296615600586
26|2492|64.91048431396484
26|2509|59.474552154541016
26|2548|101.378173828125
26|2561|97.39907836914062
27|760|138.75634765625
27|771|61.05201721191406
27|776|65.40705871582031
27|798|64.89850616455078
27|2345|86.7888412475586
27|2358|103.48554992675781
27|2469|82.29163360595703
28|775|70.56640625
28|1268|121.67298126220703
28|1852|100.31914520263672
28|1909|149.05091857910156
28|2026|187.9206085205078
28|2118|72.06736755371094
28|2194|62.92935562133789
28|2212|149.66510009765625
28|2357|118.14266204833984
28|2369|149.2034912109375
28|2372|152.95962524414062
28|2377|136.8536376953125
28|2477|76.7808837890625
28|2558|66.163330078125
29|761|157.9878387451172
29|769|115.86259460449219
29|773|110.3572006225586
29|1116|73.2375717163086
29|1123|73.05473327636719
29|1132|93.62605285644531
29|1228|73.31510162353516
29|1269|134.22267150878906
29|1285|60.07883071899414
29|1388|69.0438461303711
29|1546|67.93124389648438
29|1707|80.20970153808594
29|1710|78.36275482177734
29|1884|127.39958190917969
29|1903|83.65499114990234
29|1911|102.59481811523438
29|1923|63.20390701293945
29|2021|158.0444793701172
29|2029|203.0006561279297
29|2044|163.3185272216797
29|2056|92.97238159179688
29|2099|78.60945892333984
29|2103|63.59523010253906
29|2107|69.8843994140625
29|2110|79.34004211425781
29|2117|79.3367691040039
29|2197|166.0673828125
29|2205|89.07908630371094
29|2209|95.7020263671875
29|2213|148.45428466796875
29|2218|160.0986328125
29|2366|90.1820068359375
29|2373|156.02220153808594
29|2378|145.6322784423828
29|2476|85.24981689453125
29|2557|60.63047409057617
30|1125|92.50900268554688
30|1275|85.53964233398438
30|1283|67.61322784423828
30|1902|69.86434173583984
30|2030|158.37094116210938
30|2055|94.01936340332031
30|2185|131.76304626464844
30|2214|105.74491119384766
30|2365|105.80570983886719
30|2384|60.964698791503906
31|2045|139.93174743652344
31|2219|110.72886657714844
31|2351|135.0254669189453
31|2379|107.19810485839844
32|1892|73.045654296875
32|1912|82.45183563232422
32|2046|91.95752716064453
32|2088|61.02238464355469
33|1969|60.37234115600586
33|2069|179.048828125
33|2576|98.27400207519531
33|2582|114.80974578857422
34|670|59.664493560791016
34|1147|81.33977508544922
34|1221|68.99335479736328
34|1604|65.70584106445312
34|1628|60.58690643310547
34|1743|64.009765625
34|1893|66.3595199584961
34|1931|101.5898208618164
34|2034|71.1912612915039
34|2036|75.78126525878906
34|2049|84.33406066894531
34|2066|118.66107940673828
34|2070|164.1179656982422
34|2075|65.80450439453125
34|2579|90.15129089355469
35|1374|59.35444641113281
35|1378|72.09407043457031
35|1533|67.88545989990234
35|1932|135.51889038085938
35|1968|84.30465698242188
35|2031|84.56806182861328
35|2047|117.23371124267578
35|2062|137.00827026367188
35|2577|142.17893981933594
37|1426|65.54037475585938
37|1966|118.75752258300781
37|2084|60.19652557373047
37|2087|63.731319427490234
37|2284|101.10445404052734
38|731|106.44701385498047
38|898|66.17585754394531
38|1049|60.423458099365234
38|1697|103.56887817382812
38|1937|63.154388427734375
38|1958|101.78658294677734
38|1961|100.23117065429688
38|1965|115.77081298828125
38|2256|109.84425354003906
38|2262|113.15216064453125
38|2268|120.43380737304688
38|2274|143.9534149169922
38|2283|124.92162322998047
39|493|69.1736831665039
39|572|96.89582824707031
39|652|143.6140594482422
39|730|149.19944763183594
39|749|75.43280029296875
39|1041|76.8789291381836
39|1044|72.01515197753906
39|1070|106.72847747802734
39|1229|84.45723724365234
39|1233|101.09420013427734
39|1366|64.3878173828125
39|1386|166.48719787597656
39|1390|87.52102661132812
39|1526|71.65065002441406
39|1545|163.2929229736328
39|1549|106.76729583740234
39|1673|74.67008209228516
39|1694|88.20426940917969
39|1703|83.35594940185547
39|1938|67.70034790039062
39|1951|91.84999084472656
39|2081|141.96682739257812
39|2258|119.45405578613281
39|2272|148.94105529785156
39|2276|145.81593322753906
39|2278|149.6156005859375
39|2282|144.9381866455078
39|2307|60.13922119140625
39|2336|87.5075912475586
40|492|74.7616958618164
40|520|132.72308349609375
40|968|145.24037170410156
40|1037|64.587646484375
40|2254|69.62887573242188
40|2281|145.2917022705078
40|2331|75.21935272216797
42|868|62.394840240478516
43|212|80.63055419921875
43|372|74.80297088623047
43|377|67.56120300292969
43|522|78.26070404052734
43|582|77.43867492675781
43|811|92.82482147216797
43|862|71.62867736816406
43|1022|61.00847244262695
43|1217|100.9753189086914
43|1377|79.4984359741211
43|1503|69.49784088134766
43|1535|76.51571655273438
43|1656|144.56825256347656
43|1710|65.9337387084961
43|1882|62.84446716308594
43|1885|65.66233825683594
43|2041|60.969181060791016
43|2201|60.49336242675781
43|2203|60.91667175292969
43|2339|63.223480224609375
43|2364|69.26378631591797
44|523|72.51153564453125
44|590|88.3792495727539
44|810|141.60043334960938
44|847|60.286094665527344
44|918|60.84123229980469
44|998|114.05592346191406
44|1027|82.37254333496094
44|1484|108.4407958984375
44|1490|129.2917022705078
44|1502|93.2453842163086
44|1652|92.86022186279297
44|1713|89.94619750976562
45|123|81.44451141357422
45|457|179.85494995117188
45|459|175.6124267578125
45|462|155.26112365722656
45|524|62.022464752197266
45|541|167.85623168945312
45|552|79.466552734375
45|584|99.11346435546875
45|591|88.34980010986328
45|664|63.749942779541016
45|676|86.74163055419922
45|689|92.61919403076172
45|705|62.38855743408203
45|712|61.53588104248047
45|783|87.64744567871094
45|819|71.03240966796875
45|828|63.97954559326172
45|869|81.90380096435547
45|890|116.93656158447266
45|927|79.49199676513672
45|943|89.02288055419922
45|1036|92.15155029296875
45|1470|62.01175308227539
45|1500|152.5971221923828
45|1585|123.78350067138672
45|1603|63.59047317504883
45|1636|131.20416259765625
45|1651|99.46812438964844
45|2145|88.16297149658203
45|2290|63.211036682128906
45|2306|71.88243103027344
46|126|76.27728271484375
46|145|77.56070709228516
46|148|70.32588195800781
46|172|59.30567169189453
46|178|67.16487884521484
46|193|83.26908874511719
46|282|75.12459564208984
46|287|71.12165832519531
46|305|78.49665069580078
46|337|72.67578125
46|352|80.74638366699219
46|355|86.28707885742188
46|357|86.04133605957031
46|451|63.562225341796875
46|542|140.3419952392578
46|551|113.02685546875
46|600|116.0825424194336
46|624|61.22675323486328
46|671|113.77613067626953
46|675|69.45663452148438
46|704|77.29468536376953
46|793|83.0202407836914
46|827|64.64414978027344
46|889|155.78416442871094
46|908|88.97535705566406
46|926|74.03263854980469
46|948|96.93749237060547
46|957|60.010135650634766
46|1011|72.98026275634766
46|1165|87.6303482055664
46|1310|81.09953308105469
46|1317|145.12449645996094
46|1323|151.91957092285156
46|1332|120.82000732421875
46|1342|165.14735412597656
46|1430|104.89984893798828
46|1436|66.33140563964844
46|1461|138.78810119628906
46|1469|79.31087493896484
46|1480|115.38360595703125
46|1584|114.65283966064453
46|1587|134.30995178222656
46|1620|121.21208190917969
46|1793|72.4107666015625
46|1796|74.93637084960938
46|1813|69.2712631225586
46|1844|75.22978973388672
46|1862|62.66984558105469
46|1972|73.50523376464844
46|2003|74.18853759765625
46|2005|73.93302154541016
46|2023|67.83544158935547
46|2027|74.90155029296875
46|2113|62.787418365478516
46|2131|91.26285552978516
46|2135|109.96007537841797
46|2161|63.93871307373047
46|2165|76.42711639404297
46|2181|74.72795867919922
46|2253|73.27743530273438
46|2274|71.96226501464844
46|2292|104.3451919555664
46|2296|88.04227447509766
46|2300|77.94654083251953
46|2320|81.41371154785156
46|2322|78.41574096679688
46|2339|91.38282775878906
46|2344|63.78298568725586
46|2401|68.18702697753906
46|2483|60.8254508972168
46|2498|88.513427734375
46|2504|92.22415161132812
47|471|97.79483795166016
47|536|68.25988006591797
47|545|68.21421813964844
47|550|88.3458023071289
47|640|73.23762512207031
47|680|88.48006439208984
47|709|86.50399780273438
47|791|62.39448165893555
47|888|99.80675506591797
47|947|78.14153289794922
47|1105|95.15367889404297
47|1159|75.96891784667969
47|1608|112.2482681274414
47|2413|90.55906677246094
48|2241|85.76341247558594
48|2411|63.63848876953125
49|1236|80.1082763671875
49|1395|86.08428955078125
49|1554|70.33470916748047
49|2252|103.67325592041016
49|2481|68.10672760009766
49|2509|70.80655670166016
50|778|104.25935363769531
50|1057|83.93841552734375
50|2415|63.59214782714844
51|779|114.50863647460938
51|871|67.40708923339844
51|1058|84.17341613769531
51|1218|67.94273376464844
51|1376|67.453369140625
51|1697|130.34629821777344
51|2094|160.79139709472656
51|2123|73.85577392578125
51|2418|139.5417022705078
51|2426|178.09681701660156
51|2452|69.67179107666016
51|2455|68.57036590576172
51|2490|82.88822937011719
51|2494|88.83491516113281
51|2529|78.60975646972656
51|2534|85.34049224853516
51|2551|107.37708282470703
51|2560|109.60005950927734
51|2566|68.36559295654297
52|776|59.81516647338867
52|1060|99.95217895507812
52|1219|68.75394439697266
52|1694|142.84356689453125
52|1698|106.52842712402344
52|2020|59.506858825683594
52|2122|72.54647827148438
52|2191|149.37123107910156
52|2417|150.20523071289062
52|2425|167.5736846923828
52|2429|171.45819091796875
52|2432|88.67974090576172
52|2449|88.22443389892578
52|2472|125.2511215209961
52|2487|75.39714050292969
52|2492|88.54816436767578
52|2532|84.75474548339844
52|2550|108.86900329589844
52|2552|106.27645874023438
52|2559|67.00151824951172
52|2565|62.619483947753906
53|977|61.46635055541992
53|1425|69.6274185180664
53|2093|174.60804748535156
53|2096|104.69270324707031
53|2121|72.51138305664062
53|2193|90.87902069091797
53|2230|61.8819694519043
53|2359|101.60967254638672
53|2391|65.46406555175781
53|2430|121.03523254394531
53|2473|105.64576721191406
53|2511|97.6373519897461
53|2549|156.3304443359375
53|2562|64.30223083496094
53|2571|82.29061126708984
54|798|110.01341247558594
54|1426|64.73626708984375
54|2358|88.36436462402344
54|2390|66.43819427490234
54|2447|64.62926483154297
54|2509|166.13125610351562
55|776|66.70677185058594
55|2120|62.57268524169922
55|2524|60.687904357910156
56|2119|67.14759063720703
56|2357|70.12986755371094
56|2369|75.28092956542969
56|2377|66.11664581298828
56|2434|67.19794464111328
56|2469|134.717529296875
57|775|129.42384338378906
57|1138|79.0371322631836
57|1296|71.61524200439453
57|1856|110.72212982177734
57|1860|133.54859924316406
57|1908|66.22732543945312
57|1923|60.60186004638672
57|2021|84.63792419433594
57|2115|69.97465515136719
57|2118|73.7195816040039
57|2194|87.99364471435547
57|2256|97.44952392578125
57|2268|68.3900375366211
57|2354|144.5017547607422
57|2371|95.57551574707031
57|2374|107.2560806274414
57|2436|122.4432601928711
57|2474|99.81507110595703
57|2476|89.18192291259766
57|2517|124.92140197753906
57|2524|90.34744262695312
57|2555|112.31993103027344
57|2564|63.882144927978516
58|272|97.61669921875
58|276|85.97461700439453
58|431|101.4347915649414
58|436|96.85291290283203
58|572|79.93062591552734
58|769|113.6644058227539
58|774|154.49546813964844
58|1049|78.86284637451172
58|1054|84.2448501586914
58|1074|162.54452514648438
58|1112|63.57988357543945
58|1121|138.59689331054688
58|1133|122.21936798095703
58|1215|64.06199645996094
58|1231|72.97112274169922
58|1238|67.15409851074219
58|1241|66.25489044189453
58|1245|89.70519256591797
58|1270|64.96687316894531
58|1281|140.7660675048828
58|1294|85.9167709350586
58|1535|59.25541305541992
58|1551|77.237548828125
58|1558|69.09278869628906
58|1665|162.8824462890625
58|1675|168.48423767089844
58|1680|151.6427001953125
58|1687|162.94969177246094
58|1714|145.2423095703125
58|1716|119.48262023925781
58|1734|88.08924865722656
58|1783|90.84476470947266
58|1788|86.90467071533203
58|1853|162.32591247558594
58|1859|121.50840759277344
58|1884|97.12459564208984
58|1903|60.27763748168945
58|1946|66.06294250488281
58|2025|71.57083892822266
58|2043|75.52400970458984
58|2098|62.82054901123047
58|2103|101.82298278808594
58|2110|70.57081604003906
58|2112|72.6197738647461
58|2195|118.58909606933594
58|2198|117.62882995605469
58|2205|96.26970672607422
58|2209|102.34976959228516
58|2216|93.33417510986328
58|2260|150.1308135986328
58|2269|83.2723159790039
58|2333|138.9617462158203
58|2352|100.69927978515625
58|2367|97.76134490966797
58|2378|66.20558166503906
58|2420|79.80038452148438
58|2475|92.28933715820312
58|2515|123.87483215332031
58|2554|115.51748657226562
58|2563|80.78030395507812
58|2578|71.00907897949219
58|2582|78.67623138427734
59|571|59.803680419921875
59|660|104.0107192993164
59|898|74.99198150634766
59|1077|84.10636901855469
59|1111|68.11041259765625
59|1118|153.636962890625
59|1126|87.06449127197266
59|1282|152.59759521484375
59|1284|160.85293579101562
59|1713|149.02830505371094
59|1733|95.77510833740234
59|2024|81.9990005493164
59|2214|112.01456451416016
59|2366|81.87772369384766
59|2382|86.11576080322266
59|2445|88.46112060546875
60|899|82.02632904052734
60|1076|73.57315826416016
60|1276|184.38877868652344
60|1279|117.81429290771484
60|1283|169.21356201171875
60|1293|85.061279296875
60|1711|68.929443359375
60|1865|72.52592468261719
60|2023|99.30487060546875
60|2221|61.426815032958984
60|2351|87.22318267822266
60|2383|73.95405578613281
60|2484|68.47920989990234
61|401|96.5123519897461
61|404|96.80229949951172
61|407|102.32909393310547
61|416|91.94571685791016
61|422|82.05862426757812
61|1277|167.05833435058594
61|1291|108.11866760253906
61|1753|148.00210571289062
61|1757|122.92633819580078
61|1768|123.78349304199219
61|1862|134.92442321777344
61|1866|73.71770477294922
61|2071|75.06095886230469
61|2076|74.81370544433594
61|2089|82.36380004882812
61|2384|78.60073852539062
61|2389|69.30255126953125
61|2393|69.28762817382812
61|2395|72.16038513183594
61|2404|89.78202056884766
61|2408|85.28670501708984
62|1863|112.5225830078125
62|1867|78.12155151367188
62|2219|65.14481353759766
62|2223|93.74362182617188
63|900|61.25771713256836
63|1474|67.99900817871094
63|1530|67.57172393798828
63|2380|64.06017303466797
64|1209|67.22903442382812
64|1371|64.9424057006836
64|1475|59.414066314697266
64|1529|81.6033935546875
65|442|72.79290008544922
65|840|70.19866180419922
65|845|96.2660903930664
65|855|92.67081451416016
65|858|95.11444854736328
65|1000|180.1829833984375
65|1038|65.6895980834961
65|1208|68.28096008300781
65|1653|105.31968688964844
65|1912|63.976959228515625
65|1919|60.243255615234375
66|583|136.60452270507812
66|839|78.37909698486328
66|854|87.3355941772461
66|918|134.8202362060547
66|999|138.26475524902344
66|1013|76.54472351074219
66|1368|64.61727142333984
66|1478|88.73693084716797
66|1652|117.97307586669922
67|523|158.2969512939453
67|584|93.54330444335938
67|663|98.66975402832031
67|828|116.68385314941406
67|853|73.87676239013672
67|919|131.86317443847656
67|983|71.1137466430664
67|1265|62.27962112426758
67|1501|81.36749267578125
67|1527|61.522891998291016
67|1651|150.55706787109375
67|1829|111.70962524414062
67|1876|78.82108306884766
67|1912|65.30850982666016
67|2035|109.45777893066406
68|446|135.3311767578125
68|541|62.099151611328125
68|664|64.70974731445312
68|793|72.40058135986328
68|920|99.48627471923828
68|934|145.6609649658203
68|959|62.827301025390625
68|1012|123.21649932861328
68|1036|129.10621643066406
68|1058|71.85023498535156
68|1164|119.00032806396484
68|1187|64.49517059326172
68|1205|94.6048583984375
68|1266|64.0806655883789
68|1366|100.49308013916016
68|1397|62.879241943359375
68|1434|73.91802215576172
68|1444|88.3407974243164
68|1470|65.70513916015625
68|1500|67.34830474853516
68|1526|74.35700988769531
68|1556|72.8397216796875
68|1585|145.3531036376953
68|1650|165.90147399902344
68|1828|118.01374816894531
68|1848|60.684173583984375
68|1875|84.141845703125
68|1895|128.90176391601562
68|1911|80.74555969238281
68|2033|66.44786071777344
68|2049|76.00189208984375
68|2064|68.90744018554688
68|2073|107.7792739868164
69|245|115.16521453857422
69|259|112.17485809326172
69|393|66.23619842529297
69|447|150.37684631347656
69|451|125.3429183959961
69|473|65.98467254638672
69|529|61.388519287109375
69|537|184.9148712158203
69|561|69.14508056640625
69|602|106.67168426513672
69|619|82.46078491210938
69|640|64.09465026855469
69|675|118.20820617675781
69|680|75.24832153320312
69|695|80.43923950195312
69|710|96.23638916015625
69|838|61.924991607666016
69|903|99.31798553466797
69|922|98.43919372558594
69|937|133.8756103515625
69|940|126.46247863769531
69|948|90.70183563232422
69|957|94.32846069335938
69|989|158.62742614746094
69|1150|60.33890151977539
69|1160|187.02297973632812
69|1166|120.63641357421875
69|1172|106.4813003540039
69|1177|82.99301147460938
69|1183|113.89543914794922
69|1201|60.68792724609375
69|1311|109.42688751220703
69|1321|148.5554656982422
69|1324|64.82522583007812
69|1333|185.05140686035156
69|1357|116.35055541992188
69|1361|152.24172973632812
69|1430|72.2650146484375
69|1435|75.4688720703125
69|1441|101.01146697998047
69|1443|89.81633758544922
69|1515|85.83844757080078
69|1522|91.74344635009766
69|1587|145.5187225341797
69|1595|124.22408294677734
69|1597|126.0282974243164
69|1628|110.30181121826172
69|1649|141.3421173095703
69|1685|97.25018310546875
69|1743|86.77168273925781
69|1747|73.96223449707031
69|1816|169.53775024414062
69|1821|162.83126831054688
69|1824|165.02842712402344
69|1836|130.09552001953125
69|1844|99.78353118896484
69|1894|133.576904296875
69|1904|68.72177124023438
69|1917|153.77369689941406
69|1927|117.06539154052734
69|1932|68.38751983642578
69|1934|75.20933532714844
69|1968|60.53471374511719
69|2062|90.21070861816406
69|2072|91.58317565917969
69|2074|95.29478454589844
69|2232|97.19474029541016
69|2236|77.99211883544922
69|2245|91.32128143310547
69|2248|102.76632690429688
69|2540|61.5208854675293
69|2543|62.98777770996094
69|2548|91.98231506347656
69|2550|88.35429382324219
69|2554|78.99773406982422
69|2563|69.2756118774414
69|2567|72.69212341308594
70|482|120.78085327148438
70|630|66.17591857910156
70|641|75.80485534667969
70|719|79.11425018310547
70|977|70.87606048583984
70|1105|76.42589569091797
70|1182|95.561279296875
70|1197|76.0934066772461
70|1325|84.96856689453125
70|1356|128.45938110351562
70|1440|100.94971466064453
70|1514|79.88477325439453
70|1594|106.16236877441406
70|1648|117.25381469726562
70|1819|174.99559020996094
70|1838|112.08607482910156
70|2047|63.082275390625
71|1196|83.17362976074219
71|1609|145.4691162109375
71|1874|90.37800598144531
71|1935|108.9949722290039
71|2032|95.10787200927734
72|1718|142.548095703125
72|1914|89.76557159423828
73|870|70.01396942138672
73|1106|96.74311065673828
74|978|68.42548370361328
74|1783|60.80329895019531
74|1936|63.68487548828125
74|2084|72.3577651977539
75|1722|64.57823181152344
75|1966|74.3542709350586
76|801|65.27133178710938
76|881|91.02571105957031
76|1615|126.57962036132812
76|1782|75.9476318359375
76|2489|163.1781768798828
76|2567|155.0382843017578
77|730|61.89488220214844
77|871|84.15506744384766
77|978|63.25490951538086
77|1080|94.91432189941406
77|1106|78.29216003417969
77|1213|68.38516998291016
77|1216|59.511192321777344
77|1242|85.81002807617188
77|1398|63.30796813964844
77|1403|85.33826446533203
77|1455|133.5718536376953
77|1533|70.237548828125
77|1563|73.85535430908203
77|1614|124.17214965820312
77|1678|87.02134704589844
77|1681|76.14472198486328
77|1686|62.169734954833984
77|1703|62.034095764160156
77|1828|76.93048858642578
77|1937|83.92485046386719
77|1941|62.0815315246582
77|1945|68.38914489746094
77|1950|101.90032196044922
77|1956|117.05612182617188
77|1963|128.767822265625
77|2085|75.66709899902344
77|2123|170.0602264404297
77|2144|73.98344421386719
77|2303|61.98920822143555
77|2306|60.37443161010742
77|2432|75.53966522216797
77|2451|153.8816680908203
77|2459|61.23678207397461
77|2463|71.36839294433594
77|2488|159.6066436767578
77|2491|184.805908203125
77|2530|184.9295654296875
77|2533|149.43624877929688
77|2551|63.927490234375
77|2561|60.420040130615234
77|2566|120.6659927368164
77|2569|122.76001739501953
78|800|88.97203826904297
78|1079|98.80127716064453
78|1142|107.88055419921875
78|1397|63.279052734375
78|1454|138.830810546875
78|1532|68.0311279296875
78|1562|63.119590759277344
78|1613|158.75201416015625
78|1938|89.69317626953125
78|2449|139.32769775390625
78|2471|62.48799133300781
78|2487|126.08353424072266
78|2531|155.94674682617188
78|2565|92.15216827392578
79|879|76.82694244384766
79|1078|79.8160400390625
79|1107|84.4546127319336
79|2121|77.50906372070312
79|2232|91.76754760742188
79|2392|98.71648406982422
79|2448|130.09251403808594
79|2511|84.48301696777344
79|2570|116.33678436279297
80|899|60.335514068603516
80|979|75.44878387451172
80|1141|90.65210723876953
80|1300|79.82254028320312
80|2092|61.41843032836914
80|2193|65.85597229003906
80|2230|79.21015930175781
80|2233|60.52029037475586
80|2281|85.53160095214844
80|2391|85.95867156982422
80|2393|60.96308898925781
80|2447|103.71142578125
80|2513|61.39835739135742
81|1057|70.01935577392578
81|2096|107.58065795898438
81|2390|74.05269622802734
81|2486|88.30430603027344
81|2510|67.05079650878906
82|2393|63.97336196899414
82|2526|107.29353332519531
83|2120|96.53225708007812
83|2194|60.7533073425293
83|2565|63.907440185546875
84|1474|98.1423568725586
84|2119|104.93022155761719
84|2233|61.88938903808594
84|2446|112.40291595458984
84|2485|67.34294891357422
85|1139|101.77173614501953
85|1209|77.28910827636719
85|1298|100.08885192871094
85|1371|111.38115692138672
85|1475|91.4378890991211
85|2097|148.73947143554688
86|662|63.98946762084961
86|842|63.08860778808594
86|980|100.74110412597656
86|1138|105.56096649169922
86|1208|127.3303451538086
86|1217|63.42709732055664
86|1295|110.72529602050781
86|1370|120.33775329589844
86|1476|93.92231750488281
86|1503|79.95551300048828
86|1529|91.04236602783203
86|1654|188.05972290039062
86|1715|69.5326919555664
86|1736|74.41667938232422
86|1858|84.70116424560547
86|2098|211.25070190429688
86|2101|241.5299072265625
86|2115|218.2613983154297
86|2207|59.67335510253906
86|2235|164.65357971191406
86|2355|71.80488586425781
86|2361|77.65029907226562
86|2397|131.54086303710938
86|2517|78.4493408203125
86|2524|176.1876678466797
87|829|100.81201934814453
87|840|78.2493667602539
87|855|70.89752197265625
87|981|128.7332763671875
87|998|59.655418395996094
87|1014|190.4910430908203
87|1038|158.21739196777344
87|1133|95.79804229736328
87|1135|97.41802215576172
87|1207|111.1889419555664
87|1280|134.8397674560547
87|1477|88.17779541015625
87|1718|111.63851165771484
87|1721|61.39706039428711
87|2099|234.63729858398438
87|2104|229.0128936767578
87|2108|253.10641479492188
87|2237|141.3825225830078
87|2396|163.71888732910156
87|2485|73.09706115722656
87|2515|71.27561950683594
87|2563|142.81698608398438
88|854|60.2021484375
88|982|123.92700958251953
88|1108|104.49203491210938
88|1206|69.98358917236328
88|1502|122.21288299560547
88|2195|65.88957977294922
89|977|74.31755065917969
89|1109|112.3482437133789
89|1282|66.38627624511719
89|1293|92.14088439941406
89|1501|85.35922241210938
89|2221|72.01742553710938
89|2382|87.3421630859375
89|2445|138.5856170654297
90|616|125.95819854736328
90|1011|64.18164825439453
90|1283|72.89022064208984
90|1367|91.96269226074219
90|1500|84.59074401855469
90|1651|72.05126190185547
90|1695|66.73528289794922
90|1865|110.22811126708984
90|2484|150.8927459716797
91|484|117.73486328125
91|539|177.21578979492188
91|585|133.02110290527344
91|711|160.91905212402344
91|720|201.5931396484375
91|959|194.81683349609375
91|1203|125.3861312866211
91|1279|102.14415740966797
91|1292|91.2766342163086
91|1343|63.0980339050293
91|1359|202.48956298828125
91|1365|129.0457305908203
91|1521|74.56292724609375
91|1524|66.48101806640625
91|1866|110.86769104003906
91|1891|61.464290618896484
91|2384|151.56631469726562
92|198|61.8873405456543
92|288|59.69253158569336
92|307|59.98982238769531
92|334|63.0871467590332
92|356|62.22958755493164
92|448|183.137939453125
92|452|124.12034606933594
92|538|163.34963989257812
92|545|65.47633361816406
92|562|177.75242614746094
92|618|160.64901733398438
92|632|180.08860778808594
92|642|217.68605041503906
92|697|206.58245849609375
92|773|63.23457717895508
92|1160|91.80760192871094
92|1163|101.75689697265625
92|1167|96.54588317871094
92|1174|172.74319458007812
92|1177|135.9026336669922
92|1184|136.0197296142578
92|1200|140.98651123046875
92|1278|107.85462188720703
92|1326|123.48640441894531
92|1361|162.852783203125
92|1442|101.7799301147461
92|1516|86.31917572021484
92|1522|79.46154022216797
92|1587|124.48140716552734
92|1796|59.61122131347656
92|1813|66.64537811279297
92|1864|108.66007995605469
92|1978|76.36406707763672
92|2002|61.35655975341797
92|2005|65.577880859375
92|2020|87.10994720458984
92|2163|63.098167419433594
92|2166|60.1717414855957
92|2182|66.0754623413086
92|2294|60.31767654418945
92|2320|61.90148162841797
92|2323|62.83995819091797
92|2499|67.00955200195312
92|2504|60.51641082763672
93|630|96.66197967529297
93|1863|74.6235580444336
93|1867|126.36831665039062
93|1892|71.14614868164062
93|2223|133.82347106933594
96|1084|107.0092544555664
96|1214|67.73558044433594
96|1562|80.24683380126953
96|1678|93.71261596679688
96|1685|72.09345245361328
96|2274|60.47076416015625
96|2276|61.001930236816406
97|1400|64.44227600097656
97|1536|78.8507080078125
97|1684|77.38493347167969
97|2278|69.31013488769531
98|1892|92.81742858886719
99|520|80.17469024658203
99|661|73.53451538085938
99|1212|63.319557189941406
100|521|69.62984466552734
101|1211|79.88663482666016
101|1720|60.893070220947266
101|2567|98.16831970214844
102|801|116.39100646972656
102|881|107.27467346191406
102|899|60.68728256225586
102|1895|74.3216552734375
102|2192|65.98799896240234
102|2453|76.65410614013672
102|2488|59.99523162841797
102|2528|79.60786437988281
103|871|77.1340103149414
103|1611|62.50489044189453
103|1614|60.632301330566406
103|1696|69.55685424804688
103|1743|84.97980499267578
103|1749|67.93641662597656
103|1892|114.87196350097656
103|1917|77.95391845703125
103|2061|67.80599975585938
103|2450|95.24987030029297
103|2527|62.904579162597656
103|2569|67.20559692382812
104|1612|83.4791259765625
104|1893|162.21360778808594
104|1916|69.43006896972656
104|2449|96.10657501220703
105|1377|60.774452209472656
106|798|81.32235717773438
106|1210|70.0041732788086
106|1373|82.34774017333984
106|1474|83.5145263671875
106|1694|62.5574836730957
106|1935|81.3972396850586
106|2061|67.65061950683594
107|1208|89.97390747070312
107|1370|97.30723571777344
107|1529|95.8592300415039
107|2230|69.87591552734375
107|2390|68.97904968261719
108|1528|91.57841491699219
108|2430|83.1981430053711
109|1207|101.21084594726562
109|1527|64.54183197021484
109|1933|67.24992370605469
110|1206|92.10287475585938
110|2510|101.07923889160156
112|524|61.048500061035156
112|983|60.486637115478516
112|1037|69.05461883544922
112|1206|82.60944366455078
112|1936|71.0242691040039
113|616|71.30538177490234
113|1367|70.65328979492188
113|1500|82.89677429199219
113|2353|89.44271087646484
114|482|67.28264617919922
114|561|106.08441925048828
114|632|98.23440551757812
114|750|77.74989318847656
114|978|61.92204284667969
114|1011|60.762516021728516
114|1183|98.82772064208984
114|1199|144.8961639404297
114|1203|187.43663024902344
114|1323|98.71611022949219
114|1359|103.70000457763672
114|1366|96.52326965332031
114|1516|84.57981872558594
114|1520|138.8118438720703
114|1525|155.69577026367188
114|1961|78.02899932861328
115|536|110.30696868896484
115|642|69.74691772460938
115|719|65.97753143310547
115|1084|70.98707580566406
115|1161|90.3866958618164
115|1168|81.00154113769531
115|1175|125.18042755126953
115|1177|155.95030212402344
115|1187|72.96931457519531
115|1198|143.8090362548828
115|1201|157.31654357910156
115|1325|86.21834564208984
115|1334|76.60568237304688
115|1357|61.08266067504883
115|1364|106.84613800048828
115|1518|112.13533020019531
115|1649|78.78253936767578
115|1715|65.56362915039062
115|1721|59.26089859008789
115|1942|304.5777587890625
115|1954|115.26841735839844
115|1959|107.32146453857422
115|1962|95.13587188720703
115|1981|67.2967300415039
115|2261|84.35072326660156
115|2266|80.2682876586914
116|158|59.655479431152344
116|272|71.03392791748047
116|274|70.29654693603516
116|277|72.97196197509766
116|431|72.6843490600586
116|437|74.75053405761719
116|957|83.39736938476562
116|978|64.2446060180664
116|1197|145.84890747070312
116|1648|74.24508666992188
116|1676|82.89629364013672
116|1782|65.6576156616211
116|1787|67.08699798583984
116|1940|303.8248291015625
116|1946|195.3683624267578
116|1950|161.24351501464844
116|2259|72.27008056640625
117|1884|69.83139038085938
117|1939|259.00189208984375
117|2382|66.3592529296875
120|870|64.80098724365234
120|979|83.36734771728516
120|1284|79.54652404785156
121|1277|114.34698486328125
122|401|73.14994812011719
122|407|70.41934204101562
122|416|80.51262664794922
122|1278|93.0367660522461
122|1291|68.89372253417969
122|1753|101.07537078857422
122|1759|81.06391143798828
122|1770|117.15836334228516
122|1772|106.60860443115234
122|2389|59.494422912597656
122|2407|66.72325897216797
123|1059|72.92756652832031
123|1776|65.42020416259766
123|1863|64.22272491455078
123|1867|61.32426834106445
123|2223|64.7704086303711
127|801|117.17666625976562
127|881|59.24712371826172
128|1475|100.12671661376953
128|1871|61.32098388671875
128|2191|88.38658905029297
128|2453|131.59371948242188
129|900|78.25631713867188
129|1001|79.32980346679688
129|2432|105.62168884277344
129|2451|64.52680969238281
129|2533|86.03770446777344
129|2548|62.85569381713867
130|750|85.89762878417969
130|1000|71.02420043945312
130|1002|74.19198608398438
130|1016|97.24927520751953
130|1018|107.3609390258789
130|1038|61.20033264160156
130|1697|71.06928253173828
130|2492|68.687744140625
130|2523|72.0818862915039
131|1003|68.28334045410156
131|1013|64.90482330322266
131|2232|66.28536987304688
131|2392|76.33356475830078
131|2511|109.42552185058594
132|2256|69.50980377197266
132|2512|105.28543853759766
132|2571|86.98775482177734
134|1082|73.01840209960938
134|1875|129.3392333984375
134|2549|68.37882995605469
135|616|82.39718627929688
135|1398|76.3666763305664
136|617|82.00668334960938
136|958|98.86333465576172
136|1322|62.303916931152344
136|1358|64.55608367919922
136|1874|76.64198303222656
136|1895|111.84028625488281
137|242|80.22198486328125
137|244|73.66908264160156
137|261|83.66329956054688
137|301|69.0621109008789
137|1172|163.64894104003906
137|1332|79.4218521118164
137|1360|67.39688110351562
137|1596|127.78765869140625
137|1628|65.92040252685547
137|1743|73.63665771484375
137|1875|82.79985809326172
137|1927|81.29457092285156
137|1932|128.035888671875
137|2136|93.5960464477539
137|2233|105.65135955810547
137|2248|87.10391998291016
137|2296|93.52822875976562
137|2549|97.23451232910156
137|2552|67.02017974853516
137|2554|62.889549255371094
137|2565|67.5594253540039
138|175|66.10380554199219
138|241|74.88484954833984
138|245|74.24649047851562
138|260|77.47764587402344
138|263|80.95159149169922
138|285|72.59859466552734
138|288|72.34222412109375
138|302|70.5420150756836
138|352|65.91141510009766
138|561|74.45498657226562
138|618|83.641845703125
138|697|78.20719909667969
138|721|64.03671264648438
138|1326|82.65413665771484
138|1333|61.99392318725586
138|1361|68.85269927978516
138|1597|139.12135314941406
138|1842|66.82313537597656
138|1846|70.25242614746094
138|1869|75.21246337890625
138|1896|86.64800262451172
138|1915|61.636566162109375
138|1973|68.17195892333984
138|1976|90.5840072631836
138|1979|80.54832458496094
138|2134|99.01522827148438
138|2142|62.64442825317383
138|2181|64.85724639892578
138|2230|71.02915954589844
138|2292|89.91014099121094
138|2295|91.62627410888672
138|2345|66.85274505615234
138|2434|75.19417572021484
138|2548|90.06560516357422
138|2562|79.50386810302734
138|2566|64.22351837158203
139|619|61.3331184387207
139|1818|63.116844177246094
139|1874|87.81420135498047
139|1894|76.50315856933594
139|1897|93.31398010253906
139|1981|66.44422912597656
139|2469|107.22171783447266
140|1060|93.30243682861328
140|1608|96.48257446289062
141|1909|71.87583923339844
141|1932|95.05783081054688
142|1874|77.09178924560547
142|1908|103.00123596191406
142|1935|71.45268249511719
142|2437|83.75151062011719
142|2518|60.63716506958008
143|1873|79.65972900390625
143|1933|76.71804809570312
143|2235|137.6530303955078
143|2436|69.03886413574219
143|2517|85.69307708740234
144|1714|61.05909729003906
144|2197|69.0420150756836
144|2516|60.900665283203125
145|2237|86.02166748046875
145|2352|67.71757507324219
145|2395|128.23316955566406
145|2515|77.85325622558594
146|1933|98.39806365966797
147|2221|105.82453918457031
148|2382|59.72459030151367
149|2220|65.13248443603516
150|1109|73.64584350585938
150|2221|60.01039123535156
151|2220|75.25267028808594
152|1292|67.88512420654297
152|2381|75.22380065917969
153|1083|68.95215606689453
154|918|68.23346710205078
154|1615|89.98928833007812
154|1863|97.35214233398438
154|2380|73.48597717285156
154|2456|72.80207824707031
155|1611|68.16666412353516
155|1616|60.405235290527344
155|2219|101.3135757446289
155|2455|74.8298568725586
155|2494|75.2888412475586
155|2534|89.5670166015625
156|1061|62.999874114990234
156|1453|66.37616729736328
156|1612|97.07322692871094
156|2471|66.48660278320312
157|2231|112.02471160888672
157|2392|102.99845886230469
158|616|69.35749816894531
158|2380|143.58360290527344
159|934|75.03705596923828
160|695|60.28319549560547
160|699|63.070831298828125
161|700|62.85807800292969
161|2230|103.7626953125
161|2391|85.2885971069336
162|2390|88.2691421508789
166|2228|78.35171508789062
169|2241|78.82337188720703
170|1298|60.02134323120117
171|1139|62.95644760131836
171|1297|76.3886947631836
172|1138|75.47677612304688
172|1296|74.7510986328125
172|1743|61.120445251464844
172|1746|66.51356506347656
172|1749|60.94765853881836
172|1815|94.69598388671875
172|1822|76.20426940917969
172|1824|87.09147644042969
172|1828|68.28429412841797
172|1835|60.379730224609375
172|1842|62.96086120605469
172|1856|160.6731414794922
172|1916|148.81204223632812
172|2072|100.60279083251953
173|272|63.38695526123047
173|274|61.41569519042969
173|433|61.21430587768555
173|1295|64.52751922607422
173|1788|59.42787170410156
173|1817|86.81583404541016
173|1821|74.1045150756836
173|1826|98.4129867553711
173|1836|70.23420715332031
173|1857|143.04347229003906
173|2071|104.03082275390625
173|2204|75.69158935546875
173|2334|106.84585571289062
173|2398|67.91508483886719
174|856|76.3531494140625
174|1819|84.88262176513672
174|1903|65.91752624511719
174|2397|71.90808868408203
174|2515|61.008262634277344
175|1120|75.6618881225586
176|1915|84.76449584960938
176|2062|68.7507553100586
179|1914|124.96000671386719
179|2032|104.37584686279297
180|2365|83.24373626708984
182|920|61.534305572509766
183|2084|136.19113159179688
183|2184|81.8358154296875
184|401|62.93881607055664
184|405|61.87614440917969
184|408|67.2311782836914
184|418|59.21476364135742
184|921|74.12149047851562
184|939|68.10844421386719
184|1318|98.80010986328125
184|1462|62.233192443847656
184|1753|86.44932556152344
184|1757|80.33731842041016
184|1759|82.04681396484375
184|1769|92.66227722167969
184|2392|63.31362533569336
184|2404|71.86212158203125
184|2407|70.29972839355469
185|759|61.91750717163086
185|938|68.46897888183594
185|1621|65.2300033569336
187|2083|72.4595718383789
190|2345|71.60833740234375
195|846|61.265235900878906
196|861|67.59551239013672
197|2082|75.94908142089844
201|2034|66.9988021850586
201|2208|99.9050064086914
202|2042|90.4756851196289
202|2206|96.554931640625
202|2375|91.19452667236328
203|1895|97.75592041015625
203|2041|89.94688415527344
203|2205|138.2825469970703
203|2216|109.42857360839844
204|2049|121.422607421875
204|2064|61.920448303222656
204|2215|125.67596435546875
205|2063|62.5618782043457
205|2073|83.1296157836914
206|243|66.9331283569336
206|259|65.4955825805664
206|262|62.862457275390625
206|927|63.81173324584961
206|948|64.86763000488281
206|1913|69.3093490600586
206|1929|79.0779037475586
207|924|74.63055419921875
207|926|82.7042007446289
207|2214|86.70963287353516
208|925|78.02359771728516
208|2075|87.71455383300781
212|2047|73.87718963623047
212|2185|70.11625671386719
228|2080|98.59778594970703
228|2557|115.04095458984375
228|2580|59.761409759521484
229|2081|100.98800659179688
229|2437|61.539268493652344
229|2477|117.56449890136719
231|2475|85.23919677734375
238|2050|63.596187591552734
243|2411|59.3194580078125
256|2556|71.599853515625
257|2477|67.15032196044922
259|2475|64.45584106445312
260|2375|59.64081954956055
260|2581|64.66670989990234
263|2041|78.52171325683594
269|1957|62.48995590209961
269|2365|63.35535430908203
270|1948|59.80918502807617
270|1954|61.64369583129883
270|2065|62.83287811279297
271|1947|61.462921142578125
271|1952|83.24401092529297
271|2064|67.20293426513672
280|2489|59.888389587402344
281|2550|63.04562759399414
284|2450|65.4888916015625
285|2032|59.424659729003906
286|2198|67.3517074584961
287|2207|85.17420959472656
308|1072|75.92730712890625
349|1884|73.41512298583984
350|2578|110.2723159790039
356|2082|67.62830352783203
372|2065|116.46831512451172
651|1963|71.94701385498047
690|1963|61.993255615234375