Closer
The Chainsmokers
Halsey
EDM
closer
2049x1292
1292

4.4934942707186565e-05|1897|0
0.00011708615784300491|1898|1
0.00017671805107966065|1600|2
0.0002109742199536413|1600|3
0.00022762360458727926|1600|4
0.0002274478756589815|1600|5
0.00022556223848368973|1600|6
9.781001091003418|57|7
71.04006958007812|57|8
140.2868194580078|58|9
153.0414276123047|58|10
128.3430633544922|58|11
131.54945373535156|58|12
139.89608764648438|58|13
131.80601501464844|58|14
107.6703109741211|58|15
82.92916107177734|58|16
83.42272186279297|58|17
76.13707733154297|58|18
69.86341094970703|58|19
58.89669418334961|58|20
40.11965560913086|58|21
29.553905487060547|65|22
29.15106773376465|77|23
32.188236236572266|77|24
34.05363464355469|77|25
34.847572326660156|77|26
36.012916564941406|77|27
36.903480529785156|77|28
36.60936737060547|77|29
33.00557327270508|77|30
26.246858596801758|77|31
18.900840759277344|77|32
14.833333015441895|38|33
22.017005920410156|64|34
20.254146575927734|65|35
17.823293685913086|77|36
17.80250358581543|77|37
16.421634674072266|38|38
15.071881294250488|38|39
14.086586952209473|39|40
19.708881378173828|58|41
58.485294342041016|57|42
106.74004364013672|58|43
120.7308120727539|58|44
119.0090103149414|58|45
115.4576416015625|58|46
116.41593170166016|58|47
108.44213104248047|58|48
90.74761199951172|58|49
78.28620910644531|58|50
74.88208770751953|58|51
68.35936737060547|58|52
53.90949630737305|58|53
49.11029815673828|115|54
38.53404998779297|58|55
35.239376068115234|167|56
31.95795249938965|29|57
30.49693489074707|29|58
28.449928283691406|29|59
26.35334014892578|29|60
25.28146743774414|29|61
51.85325241088867|57|62
107.1912841796875|58|63
138.4656524658203|58|64
139.29312133789062|58|65
113.82353210449219|58|66
98.75514221191406|58|67
90.39864349365234|58|68
75.8913345336914|77|69
66.44468688964844|77|70
56.19377899169922|77|71
60.192569732666016|58|72
58.297325134277344|58|73
48.54295349121094|58|74
44.50062942504883|58|75
47.694190979003906|58|76
45.016578674316406|58|77
40.802650451660156|58|78
37.931488037109375|58|79
36.29811477661133|58|80
33.330299377441406|58|81
27.535438537597656|58|82
23.627094268798828|58|83
25.98031234741211|58|84
34.53336715698242|58|85
31.64958953857422|58|86
22.49611473083496|58|87
16.29265022277832|57|88
13.143704414367676|115|89
15.035904884338379|58|90
12.869131088256836|58|91
14.990083694458008|173|92
13.967460632324219|58|93
11.808042526245117|58|94
13.919307708740234|173|95
42.34360885620117|57|96
94.90801239013672|58|97
109.07278442382812|58|98
101.68362426757812|58|99
96.4571533203125|58|100
92.16049194335938|58|101
89.54058074951172|58|102
81.8411636352539|58|103
71.39656066894531|58|104
64.60581970214844|58|105
68.75751495361328|174|106
64.85416412353516|174|107
46.45827102661133|29|108
44.54475402832031|29|109
41.452972412109375|29|110
64.85245513916016|146|111
102.7154541015625|146|112
104.58610534667969|146|113
86.56336212158203|146|114
92.47071838378906|145|115
77.45477294921875|144|116
127.3078842163086|58|117
209.0631866455078|58|118
215.18751525878906|58|119
203.95716857910156|58|120
187.93841552734375|58|121
152.44839477539062|58|122
129.9184112548828|58|123
102.5324478149414|58|124
71.43299865722656|77|125
64.21098327636719|58|126
58.07521438598633|58|127
48.5890998840332|58|128
42.36701965332031|58|129
43.29716491699219|58|130
44.27592086791992|77|131
45.39573287963867|77|132
40.48508071899414|77|133
33.67942810058594|77|134
31.165185928344727|26|135
29.937671661376953|26|136
28.12578010559082|26|137
28.909317016601562|77|138
30.044082641601562|77|139
27.090755462646484|77|140
22.07103157043457|39|141
20.810277938842773|39|142
20.14459991455078|39|143
20.197298049926758|58|144
22.795854568481445|58|145
27.620845794677734|58|146
27.293729782104492|26|147
22.17487907409668|26|148
24.381855010986328|173|149
36.461669921875|58|150
92.70781707763672|58|151
136.63064575195312|58|152
126.4966049194336|58|153
104.25825500488281|58|154
93.73131561279297|29|155
87.88433074951172|29|156
73.90245056152344|29|157
68.43395233154297|29|158
72.0411148071289|29|159
72.80929565429688|29|160
71.13873291015625|29|161
74.7139663696289|29|162
76.70772552490234|29|163
73.380615234375|29|164
69.46188354492188|29|165
69.82572937011719|29|166
70.61267852783203|29|167
62.19925308227539|29|168
49.79705810546875|29|169
46.00050735473633|29|170
77.0475082397461|97|171
167.4635772705078|97|172
170.14382934570312|97|173
150.75648498535156|58|174
112.80767822265625|58|175
97.78290557861328|58|176
92.75623321533203|97|177
78.45989990234375|58|178
76.35140228271484|58|179
73.3927993774414|58|180
80.21219635009766|58|181
77.05474853515625|58|182
71.98208618164062|58|183
67.67610168457031|58|184
49.43901062011719|58|185
39.38539505004883|58|186
41.67499542236328|154|187
36.17348861694336|97|188
41.39726638793945|97|189
43.185447692871094|97|190
36.16632843017578|97|191
26.631855010986328|97|192
32.4212532043457|58|193
37.11249923706055|58|194
23.42731285095215|58|195
27.056516647338867|97|196
27.165573120117188|97|197
24.24889373779297|97|198
21.761463165283203|97|199
22.11966323852539|58|200
25.782318115234375|173|201
19.945419311523438|174|202
24.758865356445312|173|203
22.094768524169922|172|204
46.753421783447266|57|205
96.33373260498047|58|206
107.29796600341797|58|207
99.97444915771484|58|208
95.03886413574219|58|209
86.29944610595703|58|210
76.55184936523438|116|211
76.31533813476562|116|212
70.46976470947266|115|213
59.4910888671875|116|214
55.39354705810547|116|215
49.316349029541016|116|216
36.73881530761719|116|217
31.44704818725586|116|218
33.54345703125|115|219
53.58790588378906|146|220
78.86691284179688|146|221
79.29563903808594|146|222
80.57304382324219|146|223
67.2154541015625|146|224
121.10052490234375|17|225
231.67640686035156|17|226
355.3641357421875|9|227
372.5806884765625|8|228
309.4327697753906|8|229
193.26364135742188|8|230
102.64358520507812|29|231
85.1101303100586|29|232
53.30835723876953|29|233
23.29448699951172|29|234
5.666226387023926|30|235
4.093299865722656|57|236
3.2502565383911133|58|237
2.780442237854004|58|238
9.253223419189453|445|239
14.730459213256836|474|240
11.995729446411133|450|241
4.984558582305908|518|242
2.1255760192871094|495|243
0.6572437286376953|559|244
0.45742008090019226|559|245
0.3459473252296448|530|246
0.39743584394454956|47|247
0.427474707365036|57|248
0.5631388425827026|57|249
0.5419585704803467|57|250
0.3614994287490845|57|251
0.2385844737291336|29|252
0.19234347343444824|29|253
0.15530025959014893|58|254
0.16102749109268188|58|255
0.15136629343032837|58|256
0.16367775201797485|29|257
3.687859535217285|29|258
119.58991241455078|17|259
242.4282989501953|17|260
360.20220947265625|9|261
373.37359619140625|8|262
308.5429382324219|8|263
190.21531677246094|8|264
86.12627410888672|8|265
36.5014533996582|38|266
79.7723617553711|38|267
119.1448974609375|38|268
107.82433319091797|38|269
96.11196899414062|57|270
111.29561614990234|29|271
116.5416488647461|29|272
88.93605041503906|27|273
73.80351257324219|58|274
93.01004791259766|58|275
50.19057846069336|29|276
24.61544418334961|28|277
10.748398780822754|1677|278
52.353431701660156|18|279
208.44703674316406|17|280
298.56414794921875|10|281
385.5795593261719|9|282
355.2598571777344|8|283
239.33279418945312|8|284
128.8936309814453|24|285
110.39115905761719|24|286
66.57938385009766|24|287
36.90580749511719|23|288
11.964448928833008|22|289
10.55886459350586|1848|290
42.276451110839844|75|291
72.44416046142578|73|292
103.88126373291016|97|293
89.5226058959961|97|294
41.7387580871582|98|295
20.10276222229004|136|296
40.92725372314453|44|297
73.3112564086914|44|298
102.6539077758789|43|299
149.29029846191406|43|300
180.876708984375|43|301
142.71629333496094|43|302
140.6600341796875|44|303
101.16948699951172|44|304
80.38639068603516|43|305
46.819950103759766|21|306
16.01746368408203|677|307
19.739797592163086|677|308
14.447857856750488|598|309
31.498104095458984|57|310
78.24873352050781|38|311
91.01466369628906|19|312
128.0404815673828|19|313
228.18923950195312|19|314
298.8426513671875|10|315
387.85711669921875|9|316
356.752685546875|8|317
241.709716796875|8|318
126.86096954345703|8|319
61.51353073120117|36|320
68.81712341308594|36|321
94.36164093017578|36|322
121.71463775634766|37|323
115.76803588867188|36|324
90.60807800292969|29|325
62.02285385131836|38|326
31.01701545715332|39|327
55.21521759033203|59|328
127.60254669189453|58|329
145.3275146484375|58|330
135.19561767578125|58|331
123.23797607421875|29|332
133.890625|29|333
158.0403289794922|17|334
248.76023864746094|14|335
390.337890625|9|336
384.6600341796875|8|337
290.9487609863281|8|338
170.56578063964844|8|339
71.52125549316406|8|340
51.19546127319336|47|341
106.87505340576172|48|342
131.44973754882812|49|343
118.0805892944336|24|344
107.2254638671875|24|345
97.13095092773438|49|346
78.56187438964844|24|347
39.906959533691406|24|348
15.169769287109375|474|349
16.858489990234375|41|350
88.76871490478516|42|351
136.986572265625|43|352
168.6299591064453|44|353
173.99359130859375|44|354
128.78736877441406|44|355
117.7035140991211|43|356
67.74028778076172|43|357
29.949176788330078|21|358
23.84014129638672|672|359
19.70160675048828|626|360
39.58924865722656|47|361
89.99739837646484|48|362
108.92463684082031|48|363
100.18681335449219|25|364
120.75546264648438|25|365
109.1205062866211|26|366
83.69197845458984|26|367
144.97396850585938|18|368
267.8052978515625|14|369
378.5918273925781|9|370
380.0513000488281|8|371
291.98895263671875|8|372
170.66360473632812|8|373
70.1247329711914|8|374
39.64958190917969|38|375
62.59172058105469|38|376
124.06831359863281|38|377
119.0814208984375|36|378
114.712158203125|36|379
80.7098388671875|38|380
49.00453567504883|38|381
31.796466827392578|88|382
76.54450988769531|87|383
103.7104263305664|86|384
81.93618774414062|86|385
59.379215240478516|22|386
60.593631744384766|23|387
107.56696319580078|23|388
226.4200439453125|17|389
328.09991455078125|9|390
369.65936279296875|8|391
336.2745361328125|8|392
217.97677612304688|8|393
107.58267211914062|8|394
48.49831008911133|38|395
26.431419372558594|38|396
11.426634788513184|38|397
4.644227981567383|86|398
4.04230260848999|58|399
3.5550897121429443|16|400
3.013730764389038|16|401
6.761349201202393|435|402
11.905216217041016|446|403
11.94493579864502|519|404
6.18437385559082|518|405
2.259535312652588|507|406
0.6824853420257568|494|407
0.5145963430404663|494|408
0.3949664235115051|491|409
0.5402243137359619|87|410
0.9427409768104553|86|411
1.1091063022613525|86|412
1.0571351051330566|87|413
0.49456605315208435|88|414
0.15973183512687683|57|415
0.1796818971633911|108|416
0.29806724190711975|108|417
0.1712188869714737|92|418
0.16087782382965088|89|419
0.09562685340642929|70|420
0.23361997306346893|39|421
88.54652404785156|17|422
255.5747528076172|16|423
330.15203857421875|9|424
368.58636474609375|8|425
334.62994384765625|8|426
217.65484619140625|8|427
107.41710662841797|8|428
33.52360534667969|8|429
40.371219635009766|17|430
100.8166732788086|16|431
120.26744842529297|16|432
101.35880279541016|38|433
91.05952453613281|38|434
75.50365447998047|38|435
151.9889373779297|16|436
246.61842346191406|13|437
165.29266357421875|11|438
93.9574966430664|72|439
93.47908782958984|36|440
82.42254638671875|36|441
64.31737518310547|36|442
167.76307678222656|16|443
273.5564880371094|10|444
387.48260498046875|9|445
369.21832275390625|8|446
263.1387939453125|8|447
146.01654052734375|8|448
113.50568389892578|29|449
108.76318359375|29|450
87.8804702758789|29|451
50.82981872558594|29|452
39.2450065612793|39|453
43.42780685424805|39|454
32.90869140625|39|455
20.01760482788086|39|456
11.025890350341797|503|457
16.117341995239258|494|458
10.104721069335938|470|459
11.442476272583008|39|460
18.985565185546875|39|461
19.231882095336914|39|462
13.112028121948242|39|463
17.626630783081055|39|464
28.236024856567383|39|465
21.874544143676758|60|466
31.781085968017578|44|467
38.85187530517578|43|468
29.219179153442383|43|469
14.748899459838867|60|470
9.53248405456543|60|471
4.241673946380615|43|472
6.814026832580566|43|473
14.789222717285156|43|474
29.119253158569336|43|475
43.2003173828125|43|476
177.732177734375|17|477
266.8233947753906|10|478
377.89306640625|9|479
365.0611877441406|8|480
262.9204406738281|8|481
145.87388610839844|8|482
55.75515365600586|8|483
33.65916442871094|38|484
65.80633544921875|15|485
99.1458511352539|14|486
104.17007446289062|38|487
72.73473358154297|38|488
61.61641311645508|57|489
106.8929443359375|58|490
109.2221908569336|59|491
78.07304382324219|59|492
55.83761978149414|29|493
38.02946090698242|28|494
14.60625171661377|115|495
13.52142333984375|58|496
104.31779479980469|16|497
233.05145263671875|14|498
356.2012634277344|9|499
374.85247802734375|8|500
309.508544921875|8|501
190.10035705566406|8|502
117.31743621826172|50|503
104.79739379882812|48|504
121.87538146972656|48|505
103.18097686767578|49|506
106.86410522460938|48|507
108.20189666748047|49|508
55.94792175292969|49|509
48.025169372558594|23|510
73.75850677490234|49|511
97.27571868896484|49|512
82.98584747314453|48|513
74.40945434570312|48|514
45.805301666259766|23|515
27.565031051635742|22|516
17.41582489013672|39|517
56.746971130371094|43|518
126.1087646484375|44|519
145.82493591308594|43|520
137.38206481933594|43|521
107.3617935180664|43|522
109.12045288085938|43|523
82.0764389038086|43|524
31.7232608795166|21|525
8.462782859802246|21|526
11.217666625976562|42|527
36.62273025512695|39|528
82.76187133789062|39|529
86.86420440673828|39|530
148.17283630371094|19|531
239.71815490722656|15|532
366.56732177734375|9|533
378.0983581542969|8|534
310.43035888671875|8|535
194.51907348632812|8|536
89.37635803222656|8|537
29.554304122924805|36|538
62.49140930175781|36|539
82.3873519897461|36|540
110.62086486816406|72|541
120.77436065673828|72|542
100.61189270019531|72|543
58.127315521240234|90|544
73.63084411621094|113|545
53.68790817260742|39|546
91.06831359863281|72|547
105.33428192138672|146|548
119.52597045898438|146|549
130.35655212402344|146|550
75.74116516113281|146|551
198.7527618408203|15|552
299.7418518066406|10|553
385.6698913574219|9|554
352.4446716308594|8|555
236.8836669921875|8|556
123.62628173828125|8|557
42.379886627197266|8|558
36.93226623535156|44|559
52.43175506591797|108|560
68.96993255615234|44|561
97.63896942138672|43|562
143.20526123046875|43|563
152.538818359375|43|564
148.6842041015625|44|565
140.2715301513672|44|566
87.20941162109375|44|567
90.01654815673828|43|568
88.20557403564453|43|569
80.88748168945312|43|570
62.148521423339844|21|571
49.409366607666016|38|572
54.70205307006836|57|573
58.6546745300293|57|574
46.281734466552734|19|575
31.51605224609375|44|576
34.845645904541016|43|577
30.245641708374023|25|578
45.93703842163086|57|579
91.46281433105469|57|580
99.47517395019531|58|581
104.33943939208984|58|582
113.38483428955078|39|583
105.03312683105469|39|584
99.53349304199219|19|585
191.02835083007812|14|586
301.1605224609375|10|587
387.61090087890625|9|588
356.4888000488281|8|589
241.00787353515625|8|590
125.87535095214844|8|591
104.80064392089844|29|592
97.36036682128906|29|593
75.66900634765625|39|594
82.57737731933594|39|595
100.54761505126953|38|596
93.89820861816406|38|597
55.29325485229492|39|598
59.52891540527344|39|599
54.29331970214844|65|600
51.92215347290039|67|601
73.42362213134766|74|602
83.69596099853516|74|603
82.43421173095703|72|604
61.489173889160156|86|605
139.00865173339844|15|606
244.15306091308594|15|607
378.4917297363281|9|608
375.5644836425781|8|609
285.77410888671875|8|610
168.1641845703125|8|611
114.80882263183594|48|612
101.2176513671875|24|613
103.19922637939453|24|614
87.00773620605469|24|615
47.00040817260742|25|616
44.140594482421875|39|617
33.01405334472656|39|618
18.88848876953125|53|619
24.326078414916992|49|620
20.47667121887207|49|621
12.47026538848877|518|622
21.378265380859375|52|623
23.29459571838379|53|624
21.152530670166016|62|625
19.056303024291992|61|626
18.403759002685547|70|627
19.400480270385742|61|628
18.478132247924805|61|629
30.68073272705078|44|630
35.703006744384766|43|631
27.877532958984375|43|632
18.56082534790039|59|633
15.228096008300781|71|634
15.46481990814209|76|635
13.19587516784668|76|636
10.64354419708252|71|637
24.959136962890625|43|638
39.958457946777344|43|639
155.12396240234375|17|640
245.0970458984375|10|641
386.8587646484375|9|642
381.42767333984375|8|643
289.3606872558594|8|644
168.88671875|8|645
70.79740905761719|8|646
27.25177574157715|36|647
29.757753372192383|159|648
38.93735122680664|174|649
45.248924255371094|174|650
38.47595977783203|174|651
24.93033218383789|115|652
24.95051383972168|115|653
29.70025634765625|167|654
51.39545822143555|146|655
92.63935089111328|146|656
105.28913116455078|146|657
99.12430572509766|146|658
82.05907440185547|145|659
79.14093780517578|18|660
211.13427734375|13|661
303.6582946777344|9|662
355.75054931640625|8|663
325.6827087402344|8|664
211.15994262695312|8|665
125.159423828125|13|666
114.26396179199219|13|667
96.68150329589844|13|668
71.68336486816406|13|669
60.88373947143555|58|670
54.67456817626953|58|671
46.18899154663086|58|672
39.615379333496094|58|673
44.79718017578125|57|674
42.97944641113281|57|675
32.554039001464844|77|676
37.552005767822266|77|677
36.78775405883789|77|678
38.13135528564453|155|679
67.92845916748047|39|680
161.2689666748047|39|681
184.1001739501953|39|682
127.65174865722656|39|683
95.9052734375|77|684
89.71061706542969|116|685
75.19062805175781|116|686
47.6016960144043|77|687
32.797607421875|36|688
55.17633056640625|79|689
100.14295196533203|78|690
107.729248046875|77|691
74.93846893310547|77|692
29.338695526123047|35|693
76.6563491821289|18|694
214.3338623046875|16|695
316.11669921875|9|696
364.3099365234375|8|697
332.4746398925781|8|698
211.2681427001953|8|699
146.33457946777344|87|700
128.7615509033203|87|701
115.71194458007812|130|702
183.9444580078125|130|703
186.8152618408203|130|704
132.80142211914062|129|705
119.01371765136719|216|706
92.82682037353516|216|707
74.41250610351562|131|708
82.72998046875|131|709
45.3006706237793|43|710
26.800607681274414|77|711
53.51771926879883|38|712
131.05496215820312|38|713
181.32899475097656|39|714
180.1693115234375|16|715
253.1324920654297|16|716
360.14801025390625|9|717
346.9020690917969|8|718
251.33229064941406|8|719
138.96714782714844|8|720
110.1365737915039|16|721
100.92792510986328|16|722
138.4000701904297|77|723
121.88590240478516|77|724
77.5459213256836|77|725
108.22477722167969|77|726
77.46228790283203|77|727
34.76936340332031|76|728
48.79791259765625|78|729
105.37629699707031|77|730
147.3310546875|77|731
124.95970153808594|77|732
118.32159423828125|77|733
105.82213592529297|38|734
125.67430877685547|39|735
134.76824951171875|39|736
137.96719360351562|39|737
158.50942993164062|38|738
160.72390747070312|39|739
110.80673217773438|39|740
98.58993530273438|38|741
62.71592330932617|38|742
165.27255249023438|77|743
197.94032287597656|77|744
182.55075073242188|77|745
136.8570556640625|77|746
55.935577392578125|76|747
25.393692016601562|20|748
158.88607788085938|17|749
271.7378845214844|10|750
382.7493591308594|9|751
358.02288818359375|8|752
248.77310180664062|8|753
156.88076782226562|14|754
119.0646743774414|14|755
106.46266174316406|15|756
115.94815826416016|15|757
148.94895935058594|130|758
203.39430236816406|130|759
174.55157470703125|130|760
160.12486267089844|130|761
142.82699584960938|131|762
75.03050231933594|130|763
137.93927001953125|39|764
182.45692443847656|38|765
181.5561981201172|14|766
169.6553955078125|14|767
139.01637268066406|14|768
176.7034454345703|15|769
258.91241455078125|14|770
344.3145446777344|9|771
362.61083984375|8|772
300.29925537109375|8|773
235.0044403076172|13|774
181.0457000732422|13|775
129.82476806640625|13|776
92.04183197021484|13|777
63.694698333740234|58|778
65.6777114868164|58|779
59.4221076965332|58|780
49.78346633911133|58|781
38.7956428527832|58|782
36.45601272583008|77|783
43.336212158203125|77|784
47.63911819458008|77|785
44.697452545166016|77|786
32.99203872680664|77|787
22.716259002685547|77|788
24.713592529296875|64|789
54.487613677978516|106|790
90.47539520263672|76|791
127.49370574951172|77|792
176.34811401367188|77|793
211.4231719970703|77|794
181.09030151367188|76|795
147.73733520507812|77|796
144.29727172851562|77|797
174.84820556640625|77|798
190.01547241210938|77|799
190.0968475341797|77|800
136.92750549316406|77|801
79.40326690673828|38|802
100.61103820800781|17|803
225.3017120361328|14|804
347.0018310546875|9|805
369.77117919921875|8|806
307.08770751953125|8|807
187.92758178710938|8|808
128.87850952148438|14|809
81.4707260131836|58|810
98.64759063720703|88|811
125.17800903320312|87|812
134.18661499023438|130|813
125.26021575927734|130|814
105.57075500488281|130|815
97.61300659179688|130|816
82.7320785522461|44|817
69.88593292236328|44|818
39.26618957519531|87|819
30.76729393005371|48|820
57.06058883666992|44|821
98.59361267089844|38|822
170.48316955566406|38|823
191.5225067138672|14|824
280.17706298828125|10|825
371.0615234375|9|826
347.0228576660156|8|827
235.291748046875|8|828
144.52713012695312|16|829
147.62123107910156|77|830
140.9827880859375|77|831
109.62391662597656|77|832
66.51092529296875|58|833
66.37666320800781|58|834
110.12456512451172|38|835
115.48235321044922|39|836
55.561100006103516|57|837
64.88370513916016|76|838
127.52053833007812|77|839
134.45635986328125|77|840
85.9843978881836|76|841
92.47293853759766|77|842
101.4442367553711|77|843
105.85617065429688|77|844
99.27348327636719|77|845
87.56919860839844|77|846
66.71185302734375|39|847
78.98619842529297|39|848
69.68069458007812|116|849
75.92362976074219|116|850
79.64814758300781|38|851
106.11077117919922|39|852
111.31664276123047|39|853
105.1958999633789|39|854
75.69213104248047|39|855
36.2264518737793|78|856
52.12144470214844|17|857
180.32135009765625|15|858
288.34710693359375|10|859
364.3506774902344|9|860
339.1520080566406|8|861
233.7788543701172|8|862
151.75961303710938|15|863
127.69224548339844|15|864
92.36457061767578|14|865
126.0998306274414|130|866
197.4633026123047|130|867
212.5215606689453|130|868
211.654052734375|130|869
188.8807830810547|130|870
119.28304290771484|130|871
218.4576416015625|13|872
188.3428497314453|11|873
144.40866088867188|38|874
175.00990295410156|38|875
172.94998168945312|38|876
130.6793670654297|39|877
116.3922119140625|15|878
228.7011260986328|11|879
344.0171203613281|9|880
345.79669189453125|8|881
268.3321228027344|8|882
159.0159912109375|8|883
124.05229187011719|13|884
107.87126159667969|13|885
84.56144714355469|13|886
68.39125061035156|58|887
77.05799102783203|58|888
112.29997253417969|143|889
161.67636108398438|144|890
159.9937286376953|146|891
136.5655059814453|146|892
78.36650085449219|144|893
83.86632537841797|130|894
123.12452697753906|130|895
99.45089721679688|130|896
83.54332733154297|132|897
74.84038543701172|131|898
55.85421371459961|131|899
46.60575866699219|87|900
42.321556091308594|129|901
37.7227783203125|44|902
50.30497360229492|116|903
104.05838775634766|115|904
102.7674560546875|115|905
59.67625427246094|115|906
51.1862907409668|57|907
61.825714111328125|58|908
63.1207160949707|58|909
67.30582427978516|58|910
82.38941955566406|58|911
132.4595947265625|16|912
241.95870971679688|10|913
372.4034729003906|9|914
374.3811950683594|8|915
286.0643615722656|8|916
164.0240936279297|8|917
117.38379669189453|14|918
69.88223266601562|57|919
97.9700927734375|89|920
107.52168273925781|89|921
106.91771697998047|36|922
97.14073944091797|48|923
116.2712631225586|49|924
102.16593933105469|49|925
85.61712646484375|48|926
58.65498352050781|46|927
31.06426239013672|43|928
36.37098693847656|115|929
55.29374313354492|90|930
73.46673583984375|130|931
123.26481628417969|129|932
212.89141845703125|15|933
308.637939453125|9|934
351.0411071777344|9|935
324.3597717285156|8|936
211.40219116210938|8|937
105.75135803222656|16|938
101.30770111083984|16|939
87.82733154296875|16|940
66.31831359863281|16|941
63.04084777832031|39|942
70.89690399169922|39|943
60.371395111083984|39|944
48.36573028564453|58|945
32.634422302246094|58|946
35.6109733581543|200|947
34.50447463989258|200|948
29.675012588500977|58|949
25.4288330078125|58|950
26.988801956176758|39|951
27.981693267822266|39|952
22.0004825592041|58|953
34.39888381958008|87|954
41.528045654296875|87|955
39.47177505493164|58|956
48.063167572021484|43|957
45.61583709716797|43|958
26.284366607666016|43|959
28.765195846557617|87|960
42.51762390136719|87|961
45.981075286865234|87|962
42.28070068359375|87|963
35.44309616088867|87|964
44.2030143737793|43|965
77.79242706298828|17|966
210.3555145263672|17|967
311.1900939941406|9|968
355.277099609375|8|969
323.9360046386719|8|970
207.727294921875|8|971
155.5253448486328|14|972
122.83039093017578|14|973
113.05186462402344|15|974
103.32962036132812|15|975
98.78204345703125|36|976
110.39891815185547|36|977
93.07057189941406|36|978
91.52997589111328|58|979
99.41624450683594|36|980
120.37271881103516|115|981
128.04505920410156|115|982
156.0770721435547|15|983
198.83753967285156|117|984
261.134765625|117|985
185.72647094726562|117|986
210.90672302246094|15|987
259.89837646484375|10|988
366.99383544921875|9|989
351.1033020019531|8|990
252.23284912109375|8|991
153.33822631835938|13|992
141.92996215820312|13|993
119.93640899658203|13|994
90.47113037109375|58|995
80.20277404785156|58|996
78.09634399414062|58|997
173.60653686523438|146|998
283.0340576171875|147|999
192.57398986816406|147|1000
153.50064086914062|145|1001
79.67021942138672|173|1002
102.20377349853516|173|1003
103.02361297607422|129|1004
107.0887680053711|129|1005
100.14202117919922|129|1006
83.61072540283203|130|1007
60.68885040283203|130|1008
51.66974639892578|86|1009
47.645545959472656|143|1010
81.50789642333984|39|1011
94.49220275878906|39|1012
163.90231323242188|153|1013
150.25987243652344|153|1014
62.972877502441406|154|1015
81.4478530883789|58|1016
126.9903335571289|58|1017
130.04164123535156|58|1018
108.79701232910156|58|1019
100.70515441894531|29|1020
156.06158447265625|17|1021
263.85858154296875|10|1022
365.0249938964844|9|1023
357.1448059082031|8|1024
255.82608032226562|8|1025
140.8177490234375|8|1026
107.96063995361328|14|1027
86.71576690673828|57|1028
70.81736755371094|81|1029
82.3935317993164|37|1030
90.19222259521484|39|1031
84.76885986328125|146|1032
126.10787963867188|146|1033
132.77252197265625|146|1034
93.14700317382812|146|1035
61.691856384277344|46|1036
40.120540618896484|29|1037
41.196598052978516|29|1038
45.311424255371094|31|1039
112.74496459960938|132|1040
119.3345947265625|132|1041
221.17071533203125|16|1042
334.319580078125|9|1043
354.8932189941406|8|1044
298.9189758300781|8|1045
193.45050048828125|16|1046
160.77786254882812|16|1047
128.18028259277344|16|1048
94.47541809082031|16|1049
68.1198959350586|38|1050
80.2282943725586|38|1051
69.59029388427734|39|1052
55.740806579589844|39|1053
51.45155334472656|58|1054
36.51937484741211|58|1055
36.41395568847656|200|1056
31.980144500732422|58|1057
32.728965759277344|210|1058
28.844097137451172|39|1059
30.13521957397461|39|1060
28.988828659057617|77|1061
27.268461227416992|77|1062
35.19207763671875|87|1063
40.649044036865234|58|1064
43.803611755371094|44|1065
48.447425842285156|43|1066
34.54652786254883|43|1067
30.958261489868164|77|1068
36.43693542480469|77|1069
47.6854248046875|87|1070
42.31311798095703|87|1071
32.04335403442383|87|1072
28.909379959106445|43|1073
48.197845458984375|43|1074
102.8973159790039|18|1075
218.58203125|12|1076
340.8555908203125|9|1077
366.02276611328125|8|1078
306.1563720703125|8|1079
185.67234802246094|8|1080
156.1419677734375|15|1081
124.19729614257812|14|1082
86.47599792480469|14|1083
69.0242691040039|14|1084
96.34300994873047|15|1085
87.66161346435547|38|1086
72.71255493164062|38|1087
57.98560333251953|38|1088
54.56864547729492|28|1089
119.80846405029297|87|1090
144.2859649658203|86|1091
129.14964294433594|146|1092
128.93020629882812|146|1093
96.26181030273438|145|1094
95.19255828857422|87|1095
101.38050079345703|87|1096
156.32647705078125|7|1097
219.4374542236328|6|1098
228.13174438476562|6|1099
223.30380249023438|6|1100
220.3070068359375|6|1101
224.76638793945312|6|1102
233.82044982910156|6|1103
238.3367919921875|6|1104
230.147705078125|6|1105
230.3952178955078|6|1106
226.6733856201172|6|1107
220.37954711914062|6|1108
230.4257049560547|6|1109
237.62623596191406|6|1110
234.69235229492188|6|1111
228.92149353027344|6|1112
222.64418029785156|6|1113
221.65011596679688|6|1114
223.08982849121094|6|1115
228.02394104003906|6|1116
236.67910766601562|6|1117
230.201171875|6|1118
224.40179443359375|6|1119
225.31161499023438|6|1120
226.15057373046875|6|1121
226.3939971923828|6|1122
231.89212036132812|6|1123
233.62510681152344|6|1124
230.09774780273438|6|1125
231.4701690673828|6|1126
225.12362670898438|6|1127
217.192626953125|6|1128
219.75791931152344|6|1129
238.42860412597656|7|1130
269.6308288574219|7|1131
262.73602294921875|7|1132
261.98651123046875|7|1133
261.99774169921875|7|1134
255.631591796875|7|1135
255.63861083984375|7|1136
264.7989196777344|7|1137
264.84783935546875|7|1138
267.5016174316406|7|1139
270.6301574707031|7|1140
263.8543395996094|7|1141
262.1562805175781|7|1142
267.9610290527344|7|1143
272.88421630859375|7|1144
270.9698181152344|7|1145
266.8405456542969|7|1146
269.0072937011719|7|1147
270.0492248535156|7|1148
267.5777282714844|7|1149
265.9954833984375|7|1150
270.9948425292969|8|1151
285.1081237792969|8|1152
279.242919921875|8|1153
277.4415588378906|8|1154
273.9044494628906|8|1155
279.4855651855469|8|1156
291.4661865234375|8|1157
292.1346130371094|8|1158
290.7784118652344|8|1159
288.3708190917969|8|1160
281.0478515625|8|1161
272.3327941894531|8|1162
272.02484130859375|8|1163
286.0179443359375|8|1164
293.3912048339844|8|1165
287.726318359375|8|1166
283.4145812988281|8|1167
283.8329772949219|8|1168
283.438232421875|8|1169
283.461181640625|8|1170
293.0304870605469|8|1171
297.7718811035156|8|1172
294.4871520996094|8|1173
289.5661315917969|8|1174
284.91900634765625|8|1175
280.29595947265625|8|1176
281.97235107421875|8|1177
293.3458557128906|8|1178
296.5021667480469|8|1179
291.965576171875|8|1180
288.7701416015625|8|1181
285.7485046386719|8|1182
284.1142272949219|8|1183
280.0246887207031|8|1184
241.53538513183594|8|1185
257.0013122558594|7|1186
259.8388977050781|7|1187
259.52288818359375|7|1188
256.2452697753906|7|1189
256.5408020019531|7|1190
264.43963623046875|7|1191
269.8502502441406|7|1192
263.7479248046875|7|1193
259.78924560546875|7|1194
260.51116943359375|7|1195
261.3041076660156|7|1196
264.76776123046875|7|1197
272.2383117675781|7|1198
269.7901611328125|7|1199
263.1587829589844|7|1200
261.4390563964844|7|1201
261.74444580078125|7|1202
263.1059875488281|7|1203
266.0082092285156|7|1204
260.31878662109375|7|1205
222.0370635986328|7|1206
217.16990661621094|6|1207
220.73077392578125|6|1208
218.40463256835938|6|1209
217.73451232910156|6|1210
221.4711151123047|6|1211
230.37387084960938|6|1212
229.4178009033203|6|1213
224.70083618164062|6|1214
224.52391052246094|6|1215
222.26625061035156|6|1216
221.79139709472656|6|1217
228.2813720703125|6|1218
233.2294921875|6|1219
227.7560272216797|6|1220
227.15147399902344|6|1221
228.44268798828125|6|1222
225.9990997314453|6|1223
225.90655517578125|6|1224
229.629150390625|6|1225
233.73582458496094|6|1226
232.1661834716797|6|1227
230.7905731201172|6|1228
229.02993774414062|6|1229
222.1836395263672|6|1230
223.99314880371094|6|1231
232.60360717773438|6|1232
232.9856414794922|6|1233
231.8767547607422|6|1234
229.91546630859375|6|1235
225.7677459716797|6|1236
224.76414489746094|6|1237
226.01866149902344|6|1238
255.8887176513672|7|1239
279.93170166015625|7|1240
263.2930908203125|7|1241
255.86851501464844|7|1242
255.6333465576172|7|1243
258.23492431640625|7|1244
261.87860107421875|7|1245
269.8937072753906|7|1246
267.774658203125|7|1247
259.7694091796875|7|1248
258.9374084472656|7|1249
257.5487060546875|7|1250
257.53955078125|7|1251
268.7826232910156|7|1252
274.9061584472656|7|1253
268.3894958496094|7|1254
267.1697082519531|7|1255
267.63409423828125|7|1256
264.26416015625|7|1257
263.8409729003906|7|1258
255.43020629882812|7|1259
274.6746520996094|8|1260
282.49273681640625|8|1261
281.3452453613281|8|1262
276.8498840332031|8|1263
272.256103515625|8|1264
275.83892822265625|8|1265
288.2458190917969|8|1266
294.3941650390625|8|1267
287.5622863769531|8|1268
284.5994567871094|8|1269
281.2553405761719|8|1270
272.546875|8|1271
276.66900634765625|8|1272
290.3075866699219|8|1273
295.9351806640625|8|1274
293.2893981933594|8|1275
289.1177673339844|8|1276
284.59228515625|8|1277
279.3845520019531|8|1278
284.33831787109375|8|1279
294.3583068847656|8|1280
293.4070739746094|8|1281
288.5917663574219|8|1282
289.5287780761719|8|1283
290.83013916015625|8|1284
291.162109375|8|1285
295.7276306152344|8|1286
298.68829345703125|8|1287
295.9478759765625|8|1288
290.345703125|8|1289
287.0022888183594|8|1290
258.5536193847656|8|1291