Here with me
Marshmello
Chvrches
EDM
here_with_me
2049x1292
1292

4.4934942707186565e-05|1897|0
0.00011708615784300491|1898|1
0.00017669932276476175|1600|2
0.0002113520895363763|1600|3
0.016892507672309875|80|4
8.798367500305176|49|5
42.89828109741211|48|6
71.88960266113281|48|7
68.71898651123047|48|8
64.29011535644531|48|9
63.71435546875|48|10
61.655372619628906|48|11
61.47182083129883|48|12
59.143157958984375|48|13
54.58759307861328|48|14
50.29273223876953|24|15
80.85865783691406|115|16
95.78120422363281|115|17
73.32767486572266|115|18
78.41870880126953|66|19
111.41030883789062|195|20
98.23658752441406|195|21
62.39384841918945|362|22
106.80400848388672|219|23
149.5774383544922|219|24
136.60568237304688|218|25
80.82205200195312|219|26
80.44606018066406|86|27
71.52188873291016|86|28
58.54890441894531|86|29
60.19356155395508|87|30
59.43716812133789|87|31
169.08465576171875|129|32
171.7747802734375|130|33
146.52981567382812|131|34
91.26457214355469|66|35
154.07449340820312|73|36
166.78976440429688|72|37
141.3065643310547|72|38
111.13475036621094|73|39
72.13858032226562|73|40
62.25455093383789|87|41
69.56813049316406|87|42
81.99381256103516|87|43
89.64688873291016|87|44
92.65116882324219|87|45
92.48837280273438|87|46
85.44612884521484|87|47
79.56475830078125|74|48
89.66460418701172|73|49
90.22006225585938|72|50
108.77189636230469|72|51
70.72484588623047|72|52
47.423954010009766|69|53
19.72372817993164|68|54
13.076501846313477|87|55
15.946032524108887|87|56
23.9642391204834|66|57
69.25843811035156|130|58
107.39610290527344|128|59
67.09517669677734|127|60
37.558921813964844|19|61
38.42665481567383|19|62
36.393917083740234|19|63
50.23663330078125|64|64
43.42510223388672|64|65
31.33155059814453|19|66
34.9490966796875|98|67
96.2730484008789|66|68
100.70088195800781|65|69
111.67657470703125|64|70
138.5856170654297|65|71
130.6082000732422|65|72
134.36610412597656|64|73
127.8075180053711|65|74
110.66348266601562|66|75
104.39801788330078|131|76
127.29106140136719|326|77
107.68474578857422|326|78
97.56568908691406|196|79
79.12986755371094|64|80
107.96196746826172|64|81
113.39716339111328|64|82
100.52973937988281|65|83
76.75241088867188|65|84
75.59890747070312|64|85
58.42862319946289|58|86
73.66022491455078|58|87
69.43699645996094|58|88
59.93855285644531|57|89
48.81385040283203|58|90
82.79706573486328|59|91
88.73692321777344|58|92
59.041202545166016|58|93
56.874629974365234|58|94
48.37836456298828|58|95
35.520633697509766|58|96
36.730918884277344|58|97
36.150997161865234|58|98
34.80997085571289|58|99
33.39882278442383|58|100
30.492053985595703|58|101
20.580272674560547|28|102
10.668652534484863|58|103
9.856729507446289|58|104
9.42060375213623|58|105
8.534740447998047|58|106
10.098993301391602|58|107
11.601043701171875|58|108
21.80913543701172|48|109
42.65999984741211|48|110
46.23963928222656|48|111
44.66572189331055|48|112
41.57410430908203|48|113
38.000247955322266|48|114
36.53681182861328|48|115
37.45257568359375|48|116
38.77687454223633|48|117
37.11519241333008|48|118
46.799476623535156|115|119
95.75489044189453|115|120
96.55790710449219|115|121
82.43489837646484|130|122
83.72222900390625|193|123
72.63516235351562|65|124
65.77879333496094|145|125
121.90663146972656|145|126
113.25804138183594|220|127
122.6317367553711|217|128
111.90057373046875|216|129
79.38862609863281|43|130
66.67601776123047|43|131
61.272865295410156|43|132
61.569007873535156|43|133
59.55473327636719|43|134
123.01515197753906|65|135
110.79440307617188|65|136
94.28094482421875|64|137
83.44088745117188|64|138
104.87355041503906|73|139
120.87435150146484|145|140
176.99778747558594|145|141
169.6896514892578|145|142
124.23866271972656|145|143
56.58087158203125|145|144
54.127464294433594|43|145
52.74818420410156|43|146
53.40506362915039|43|147
104.53942108154297|130|148
159.0020751953125|129|149
126.66802215576172|129|150
63.28424835205078|130|151
58.53072738647461|152|152
82.37547302246094|152|153
66.08699035644531|365|154
89.08351135253906|365|155
77.44393157958984|72|156
100.41424560546875|73|157
164.3249969482422|73|158
183.0887451171875|73|159
156.52578735351562|73|160
141.01443481445312|146|161
144.15286254882812|145|162
199.3719940185547|155|163
238.55508422851562|154|164
228.526123046875|154|165
156.03042602539062|153|166
118.71597290039062|154|167
83.21147918701172|154|168
36.931983947753906|19|169
33.780479431152344|19|170
68.63780975341797|130|171
88.48908233642578|129|172
68.7405014038086|321|173
79.36237335205078|328|174
79.19244384765625|64|175
80.07178497314453|65|176
86.58930969238281|66|177
118.39791107177734|130|178
141.29258728027344|129|179
106.1144027709961|129|180
100.17169189453125|64|181
104.42695617675781|65|182
63.80242156982422|43|183
62.816097259521484|43|184
58.82807922363281|43|185
52.05386734008789|43|186
75.73584747314453|66|187
72.28458404541016|66|188
79.48419189453125|64|189
69.39279174804688|59|190
122.34515380859375|58|191
129.7863006591797|58|192
119.42459106445312|57|193
85.24227142333984|58|194
75.15626525878906|59|195
56.8553581237793|57|196
51.10865020751953|43|197
52.73040771484375|43|198
54.30030822753906|43|199
54.89365768432617|43|200
52.194969177246094|43|201
48.487518310546875|43|202
48.90420913696289|43|203
53.11277389526367|43|204
51.13816833496094|43|205
29.110233306884766|42|206
16.5142822265625|72|207
11.036654472351074|72|208
10.056222915649414|72|209
9.669489860534668|72|210
9.4223051071167|72|211
14.968168258666992|48|212
46.866756439208984|48|213
64.94456481933594|24|214
67.61351013183594|24|215
66.01750183105469|24|216
65.4766845703125|24|217
63.86418533325195|24|218
63.392364501953125|24|219
65.20858764648438|24|220
64.53406524658203|24|221
47.53542709350586|48|222
83.40937805175781|115|223
77.0396957397461|115|224
64.05485534667969|115|225
55.55164337158203|160|226
61.02825927734375|171|227
40.282447814941406|171|228
74.95344543457031|78|229
97.06912994384766|77|230
96.4844741821289|77|231
111.2104263305664|78|232
93.58062744140625|77|233
60.522857666015625|43|234
58.44149398803711|43|235
59.27116775512695|43|236
57.36253356933594|43|237
69.20413208007812|78|238
88.10330963134766|77|239
91.10126495361328|76|240
98.56087493896484|74|241
148.64451599121094|73|242
130.78746032714844|73|243
127.20965576171875|145|244
131.18565368652344|146|245
130.74998474121094|146|246
148.75413513183594|219|247
103.57830810546875|73|248
58.01752853393555|43|249
68.6710433959961|72|250
80.74275207519531|72|251
104.0160140991211|130|252
127.19569396972656|130|253
89.27118682861328|130|254
109.12265014648438|113|255
116.8087387084961|114|256
119.8323974609375|116|257
111.62471771240234|116|258
106.24649047851562|116|259
77.54876708984375|58|260
29.753673553466797|58|261
18.592376708984375|43|262
16.60254669189453|43|263
47.87223434448242|58|264
127.76516723632812|116|265
167.62649536132812|115|266
165.29443359375|116|267
91.49718475341797|115|268
37.62314987182617|114|269
47.76484298706055|57|270
79.29986572265625|57|271
44.99478530883789|57|272
28.6876220703125|58|273
82.33208465576172|119|274
118.30306243896484|172|275
104.39716339111328|173|276
86.78262329101562|178|277
107.36770629882812|114|278
53.662864685058594|115|279
55.47196578979492|57|280
82.49056243896484|57|281
36.70063781738281|57|282
14.860102653503418|37|283
56.001380920410156|65|284
88.19339752197266|132|285
52.06462097167969|132|286
66.40242767333984|364|287
72.07524871826172|72|288
89.23570251464844|69|289
60.90122985839844|73|290
79.72254943847656|73|291
62.29640579223633|72|292
57.93168640136719|73|293
91.88479614257812|513|294
74.35663604736328|73|295
61.63736343383789|73|296
52.022891998291016|65|297
68.30845642089844|64|298
42.297367095947266|64|299
36.98201370239258|29|300
37.29866027832031|29|301
35.975067138671875|57|302
35.166648864746094|29|303
35.56161880493164|57|304
33.14054489135742|57|305
31.35222816467285|57|306
31.115663528442383|57|307
25.76685333251953|57|308
17.237167358398438|28|309
10.933329582214355|414|310
8.950362205505371|72|311
9.36230182647705|57|312
11.236892700195312|72|313
9.245920181274414|72|314
8.735283851623535|58|315
35.75096130371094|32|316
70.88233184814453|32|317
79.62346649169922|32|318
74.57296752929688|32|319
70.57618713378906|32|320
66.83425903320312|32|321
63.679710388183594|32|322
64.98682403564453|39|323
77.053955078125|42|324
105.05255889892578|43|325
63.27910614013672|42|326
63.738990783691406|77|327
60.60293960571289|131|328
124.89738464355469|130|329
124.68307495117188|195|330
89.61384582519531|218|331
164.68289184570312|219|332
162.0787811279297|219|333
156.515869140625|224|334
120.09686279296875|217|335
122.99195098876953|217|336
119.8615493774414|146|337
138.9207763671875|146|338
95.63983154296875|146|339
89.23396301269531|69|340
120.63509368896484|69|341
97.3905258178711|71|342
68.67308807373047|72|343
88.94548797607422|65|344
60.871891021728516|43|345
105.19097900390625|58|346
119.87871551513672|58|347
114.33402252197266|58|348
79.35614776611328|57|349
56.4609260559082|43|350
54.16981506347656|43|351
54.04244613647461|43|352
53.00975036621094|43|353
49.670780181884766|43|354
84.10588836669922|58|355
142.08518981933594|58|356
154.15179443359375|58|357
157.50445556640625|58|358
142.04129028320312|58|359
127.5242919921875|58|360
79.03273010253906|57|361
41.90499496459961|56|362
19.628070831298828|43|363
20.23474884033203|43|364
19.414281845092773|43|365
18.807310104370117|43|366
23.42768096923828|66|367
79.13166809082031|66|368
88.03714752197266|64|369
93.9666519165039|64|370
65.10311126708984|64|371
90.42749786376953|57|372
106.2166519165039|57|373
116.4399642944336|58|374
112.60089111328125|58|375
121.57243347167969|58|376
134.59500122070312|58|377
122.76750946044922|58|378
81.18071746826172|58|379
57.05409240722656|54|380
43.47099304199219|54|381
34.01195526123047|21|382
39.9919319152832|21|383
43.10845184326172|21|384
45.22395706176758|21|385
97.50456237792969|57|386
163.5172119140625|57|387
151.98109436035156|58|388
126.43333435058594|59|389
89.67548370361328|58|390
87.19869232177734|57|391
51.01637268066406|57|392
34.44050598144531|73|393
34.457862854003906|73|394
33.65227508544922|73|395
36.564064025878906|58|396
49.762290954589844|58|397
52.4381217956543|57|398
50.64571762084961|57|399
41.78728103637695|57|400
38.276580810546875|57|401
36.42259216308594|57|402
37.26055908203125|73|403
38.69602966308594|73|404
40.190120697021484|73|405
37.367576599121094|73|406
38.971370697021484|57|407
37.991111755371094|57|408
36.81596374511719|57|409
34.581199645996094|57|410
32.395172119140625|57|411
32.75888442993164|57|412
32.12068557739258|57|413
28.127763748168945|57|414
12.581494331359863|57|415
4.5296478271484375|22|416
3.274291753768921|73|417
13.584637641906738|28|418
115.3650894165039|24|419
402.7212829589844|12|420
474.1610107421875|12|421
348.2409973144531|10|422
177.9382781982422|12|423
220.59458923339844|12|424
235.97390747070312|12|425
242.49642944335938|12|426
245.2729034423828|12|427
250.4376983642578|12|428
254.15440368652344|12|429
254.77145385742188|12|430
251.17178344726562|12|431
232.53968811035156|12|432
216.9537353515625|12|433
228.49298095703125|12|434
243.32395935058594|12|435
245.05165100097656|12|436
244.02976989746094|12|437
234.21897888183594|12|438
150.60755920410156|10|439
234.7261962890625|9|440
254.4859161376953|9|441
253.0843963623047|9|442
253.41587829589844|9|443
255.6605224609375|9|444
254.5386962890625|9|445
251.38829040527344|9|446
251.5355682373047|9|447
251.18795776367188|9|448
250.8571014404297|9|449
249.2375030517578|9|450
225.41897583007812|9|451
258.3754577636719|13|452
438.5870361328125|11|453
477.3831481933594|10|454
375.5706787109375|9|455
239.40350341796875|9|456
221.22775268554688|9|457
213.290283203125|9|458
213.84710693359375|9|459
229.05422973632812|9|460
235.57528686523438|9|461
236.70150756835938|9|462
243.2395477294922|9|463
246.35293579101562|9|464
246.67796325683594|9|465
247.74917602539062|9|466
249.45716857910156|9|467
251.02333068847656|9|468
251.81141662597656|9|469
234.4964599609375|9|470
153.58363342285156|9|471
358.98809814453125|12|472
380.4969177246094|11|473
184.82492065429688|11|474
145.5688934326172|129|475
197.22320556640625|10|476
212.5914306640625|10|477
221.62384033203125|10|478
224.56777954101562|10|479
220.4698028564453|10|480
220.7926788330078|10|481
222.2391357421875|10|482
216.96417236328125|10|483
201.91055297851562|10|484
204.68826293945312|10|485
224.9274139404297|10|486
226.493408203125|10|487
220.341796875|10|488
225.80148315429688|10|489
207.19097900390625|9|490
185.47879028320312|8|491
227.38323974609375|7|492
234.3388671875|7|493
235.6296844482422|7|494
236.67694091796875|7|495
237.1136016845703|7|496
233.08346557617188|7|497
229.90023803710938|7|498
232.4117431640625|7|499
231.7823486328125|7|500
229.60000610351562|7|501
226.0894317626953|7|502
179.86074829101562|7|503
313.4651184082031|12|504
418.0096435546875|11|505
318.09613037109375|10|506
238.22927856445312|7|507
210.5680694580078|7|508
209.54483032226562|7|509
201.4878387451172|7|510
209.3966827392578|7|511
224.6103057861328|7|512
227.82955932617188|7|513
230.74853515625|7|514
226.1522674560547|7|515
176.66180419921875|7|516
370.3847961425781|12|517
468.5989685058594|11|518
334.01702880859375|10|519
213.8131103515625|8|520
209.22361755371094|7|521
191.87696838378906|7|522
207.15658569335938|13|523
381.7518005371094|11|524
417.7712097167969|10|525
219.16661071777344|9|526
204.3791046142578|12|527
225.6690216064453|12|528
236.9844512939453|12|529
244.51817321777344|12|530
248.04270935058594|12|531
251.1004180908203|12|532
252.7764434814453|12|533
250.4161834716797|12|534
229.94769287109375|12|535
209.07997131347656|12|536
219.3608856201172|12|537
233.5899200439453|12|538
238.552001953125|12|539
242.92724609375|12|540
243.64712524414062|12|541
174.46067810058594|12|542
199.23294067382812|9|543
246.92953491210938|9|544
246.99105834960938|9|545
245.90821838378906|9|546
248.2279052734375|9|547
252.54002380371094|9|548
251.51806640625|9|549
250.87281799316406|9|550
251.44418334960938|9|551
250.38592529296875|9|552
251.86331176757812|9|553
232.19058227539062|9|554
178.8037567138672|9|555
388.3677062988281|12|556
412.4229736328125|11|557
233.4933319091797|10|558
140.06460571289062|10|559
211.05575561523438|9|560
220.70335388183594|9|561
222.34152221679688|9|562
235.0454864501953|9|563
240.63983154296875|9|564
237.35903930664062|9|565
240.11322021484375|9|566
242.81637573242188|9|567
246.00535583496094|9|568
249.8807830810547|9|569
249.68939208984375|9|570
248.3214569091797|9|571
248.9478759765625|9|572
244.99378967285156|9|573
190.25062561035156|9|574
290.3470458984375|12|575
409.3347473144531|11|576
373.5141296386719|10|577
254.04457092285156|9|578
192.5841827392578|10|579
198.3660430908203|10|580
209.24404907226562|10|581
219.85011291503906|10|582
221.38079833984375|10|583
222.1908721923828|10|584
223.85784912109375|10|585
223.18788146972656|10|586
216.4223175048828|10|587
213.06637573242188|10|588
224.54795837402344|10|589
226.09963989257812|10|590
227.3661346435547|10|591
229.54930114746094|10|592
216.8385772705078|10|593
179.21119689941406|9|594
204.470458984375|7|595
233.96224975585938|7|596
234.4250030517578|7|597
236.9762420654297|7|598
238.0526580810547|7|599
237.45455932617188|7|600
237.38278198242188|7|601
236.08694458007812|7|602
234.1560516357422|7|603
235.99716186523438|7|604
235.15292358398438|7|605
205.28378295898438|7|606
218.17465209960938|13|607
398.5450744628906|11|608
375.3922424316406|10|609
212.91856384277344|9|610
175.19418334960938|7|611
209.23570251464844|7|612
212.35964965820312|7|613
206.7935791015625|7|614
215.12503051757812|7|615
228.03115844726562|7|616
232.13868713378906|7|617
233.45875549316406|7|618
206.46981811523438|7|619
268.56683349609375|13|620
446.9178161621094|11|621
394.58795166015625|10|622
213.15269470214844|7|623
187.64291381835938|7|624
200.80966186523438|7|625
172.35284423828125|13|626
444.3179931640625|12|627
463.12408447265625|11|628
273.28076171875|10|629
186.9898223876953|12|630
223.02293395996094|12|631
236.30386352539062|12|632
242.88145446777344|12|633
245.48941040039062|12|634
247.3842010498047|12|635
249.97210693359375|12|636
252.93226623535156|12|637
246.30587768554688|12|638
226.93104553222656|12|639
222.1284637451172|12|640
233.874267578125|12|641
241.13485717773438|12|642
245.22686767578125|12|643
246.783447265625|12|644
211.9677276611328|12|645
169.34791564941406|10|646
241.3509979248047|9|647
249.87998962402344|9|648
249.75131225585938|9|649
249.4481201171875|9|650
250.26675415039062|9|651
249.01234436035156|9|652
247.15220642089844|9|653
248.70562744140625|9|654
252.36036682128906|9|655
254.3546142578125|9|656
247.52459716796875|9|657
192.8364715576172|9|658
296.4925842285156|12|659
433.9597473144531|11|660
405.4239807128906|9|661
301.7806396484375|9|662
220.23098754882812|9|663
210.55239868164062|9|664
200.3870849609375|9|665
206.34823608398438|9|666
227.19078063964844|9|667
238.31858825683594|9|668
240.05245971679688|9|669
242.5798797607422|9|670
244.54783630371094|9|671
245.62420654296875|9|672
245.956298828125|9|673
247.3208465576172|9|674
249.5884552001953|9|675
249.71286010742188|9|676
229.4142303466797|9|677
204.8939208984375|13|678
366.5196838378906|12|679
351.9722900390625|10|680
259.7484130859375|10|681
183.8092498779297|10|682
200.11798095703125|10|683
212.95562744140625|10|684
220.8018341064453|10|685
227.29258728027344|10|686
231.4005889892578|10|687
230.21664428710938|10|688
228.5500946044922|10|689
231.0093231201172|173|690
219.14700317382812|173|691
209.4144744873047|10|692
219.50770568847656|10|693
223.7507781982422|10|694
223.63157653808594|10|695
221.71359252929688|10|696
204.99951171875|9|697
189.67230224609375|8|698
224.4595947265625|7|699
229.79278564453125|7|700
234.42213439941406|7|701
234.6042938232422|7|702
233.9453887939453|7|703
233.4390411376953|7|704
235.11473083496094|7|705
235.60719299316406|7|706
234.78311157226562|7|707
233.09130859375|7|708
219.91297912597656|7|709
167.88864135742188|7|710
372.715576171875|12|711
405.6951599121094|11|712
257.4514465332031|9|713
213.8340301513672|7|714
199.62612915039062|7|715
207.9322967529297|7|716
211.3202667236328|7|717
219.51287841796875|7|718
224.95802307128906|7|719
229.23680114746094|7|720
232.9181365966797|7|721
216.97145080566406|7|722
182.40322875976562|13|723
423.51519775390625|12|724
432.2389221191406|11|725
275.3304443359375|9|726
213.49771118164062|7|727
209.18679809570312|7|728
182.33001708984375|7|729
327.556884765625|12|730
452.3915100097656|11|731
363.21588134765625|10|732
206.02206420898438|9|733
193.36488342285156|8|734
222.01768493652344|8|735
231.72061157226562|8|736
236.97015380859375|8|737
241.74685668945312|8|738
242.0947265625|8|739
242.95350646972656|8|740
241.18115234375|8|741
221.997314453125|8|742
209.82571411132812|8|743
220.28273010253906|8|744
228.85536193847656|8|745
232.19180297851562|8|746
232.07598876953125|8|747
230.84788513183594|8|748
198.87347412109375|9|749
242.9154510498047|9|750
244.41033935546875|9|751
245.31333923339844|9|752
247.38612365722656|9|753
248.17210388183594|9|754
248.82981872558594|9|755
248.66958618164062|9|756
247.54776000976562|9|757
246.97506713867188|9|758
247.5625457763672|9|759
246.6056365966797|9|760
217.72842407226562|9|761
233.1404571533203|13|762
422.922607421875|11|763
398.69464111328125|10|764
269.8991394042969|9|765
217.33641052246094|9|766
224.26345825195312|9|767
215.89247131347656|9|768
214.1999053955078|9|769
229.95179748535156|9|770
240.1539306640625|9|771
245.37564086914062|9|772
246.8305206298828|9|773
246.63441467285156|9|774
246.8133087158203|9|775
247.7580108642578|9|776
248.79347229003906|9|777
250.2477264404297|9|778
251.53038024902344|9|779
242.6303253173828|9|780
178.07164001464844|10|781
351.0216369628906|12|782
373.78424072265625|11|783
354.895751953125|10|784
213.42935180664062|11|785
214.8745574951172|11|786
227.12960815429688|11|787
234.92315673828125|11|788
242.19525146484375|11|789
246.2903289794922|11|790
247.85633850097656|11|791
246.82203674316406|11|792
237.62281799316406|11|793
219.71446228027344|11|794
217.42724609375|11|795
236.68753051757812|11|796
246.60678100585938|11|797
246.62657165527344|11|798
246.6904754638672|11|799
207.3136444091797|11|800
159.64076232910156|57|801
226.26109313964844|7|802
238.83497619628906|7|803
234.21087646484375|7|804
235.82855224609375|7|805
232.90660095214844|7|806
179.00900268554688|7|807
125.99754333496094|58|808
91.40327453613281|58|809
51.16638946533203|57|810
44.75681686401367|57|811
40.89225387573242|57|812
58.66096496582031|115|813
139.257568359375|116|814
189.61459350585938|116|815
153.59254455566406|116|816
130.38783264160156|116|817
82.59789276123047|115|818
59.19281005859375|52|819
80.88902282714844|73|820
109.11863708496094|81|821
59.896568298339844|87|822
81.46611785888672|87|823
86.67009735107422|87|824
86.07207489013672|87|825
42.836238861083984|88|826
105.61583709716797|177|827
97.77687072753906|145|828
180.63197326660156|173|829
237.8009490966797|173|830
256.2611389160156|173|831
169.55088806152344|173|832
130.2245330810547|13|833
230.6221466064453|12|834
269.83160400390625|12|835
270.3334655761719|12|836
277.3540954589844|12|837
286.1933288574219|12|838
288.07452392578125|12|839
286.659423828125|12|840
285.40435791015625|12|841
290.634765625|12|842
301.582763671875|12|843
310.1968078613281|12|844
302.8899841308594|12|845
287.44415283203125|12|846
295.2691650390625|12|847
318.4149475097656|12|848
335.68011474609375|12|849
349.2798156738281|12|850
356.2266540527344|12|851
300.8362121582031|12|852
293.6882629394531|11|853
318.51092529296875|11|854
330.3179931640625|11|855
333.81365966796875|11|856
338.2198181152344|11|857
340.1937561035156|11|858
344.8687744140625|11|859
347.11651611328125|11|860
342.2255859375|11|861
336.7218322753906|11|862
337.9073181152344|11|863
346.4268493652344|11|864
351.57354736328125|11|865
353.37518310546875|11|866
355.2565002441406|11|867
355.9826965332031|11|868
355.0303955078125|11|869
358.8060607910156|11|870
343.7689514160156|11|871
318.6485290527344|11|872
327.5159912109375|11|873
352.2577819824219|11|874
369.1189880371094|11|875
376.5738830566406|11|876
367.4139099121094|11|877
343.8429870605469|11|878
333.9205322265625|11|879
339.6209411621094|11|880
340.3843688964844|11|881
340.9813537597656|11|882
352.28509521484375|11|883
319.3638916015625|11|884
279.71185302734375|10|885
270.104736328125|10|886
275.79180908203125|10|887
276.1350402832031|10|888
264.1194763183594|10|889
262.07647705078125|10|890
267.550537109375|10|891
281.6278076171875|10|892
291.2115478515625|10|893
278.3419189453125|10|894
260.6922607421875|10|895
264.39398193359375|10|896
259.9595642089844|10|897
247.17808532714844|10|898
249.87506103515625|10|899
254.30020141601562|10|900
258.7443542480469|10|901
273.89080810546875|10|902
286.96185302734375|10|903
225.8145751953125|9|904
202.34886169433594|8|905
245.39926147460938|7|906
250.8426971435547|7|907
250.62501525878906|7|908
250.3138885498047|7|909
239.4696502685547|7|910
235.51129150390625|7|911
241.46080017089844|7|912
240.70257568359375|7|913
249.6328125|7|914
262.99359130859375|7|915
266.4842224121094|7|916
255.48779296875|7|917
248.69956970214844|7|918
249.45025634765625|7|919
250.31663513183594|7|920
259.631591796875|7|921
265.4772644042969|7|922
246.75759887695312|7|923
233.61183166503906|7|924
239.3988494873047|7|925
247.62429809570312|7|926
255.41317749023438|7|927
263.8126525878906|7|928
266.81005859375|7|929
255.2264404296875|7|930
247.54798889160156|7|931
254.05975341796875|7|932
261.4399108886719|7|933
255.47122192382812|7|934
252.50982666015625|7|935
200.35369873046875|7|936
291.8353271484375|12|937
377.9957275390625|12|938
387.0431823730469|12|939
394.6027526855469|12|940
395.96875|12|941
397.8879089355469|12|942
407.9174499511719|12|943
415.8148193359375|12|944
419.1399230957031|12|945
416.46405029296875|12|946
417.8878173828125|12|947
422.0266418457031|12|948
401.5970764160156|12|949
389.4891052246094|12|950
406.11334228515625|12|951
420.20703125|12|952
424.6033935546875|12|953
425.3442077636719|12|954
409.0699768066406|12|955
314.08087158203125|11|956
347.41802978515625|11|957
353.99176025390625|11|958
351.6840515136719|11|959
359.3305969238281|11|960
378.2010803222656|11|961
381.39453125|11|962
376.79595947265625|11|963
375.7238464355469|11|964
375.4604187011719|11|965
375.2863464355469|11|966
377.9801940917969|11|967
382.3502502441406|11|968
384.2903747558594|11|969
381.3293762207031|11|970
377.819580078125|11|971
376.28924560546875|11|972
377.421142578125|11|973
360.60101318359375|11|974
326.71942138671875|11|975
325.78509521484375|11|976
340.6664733886719|11|977
340.7289123535156|11|978
339.74627685546875|11|979
333.5034484863281|11|980
322.51092529296875|11|981
314.5469970703125|11|982
315.0980529785156|11|983
306.9179382324219|11|984
314.6136169433594|11|985
332.2724304199219|11|986
325.90399169921875|11|987
256.1728210449219|10|988
271.19000244140625|10|989
266.55487060546875|10|990
277.021484375|10|991
280.773681640625|10|992
278.0661315917969|10|993
274.53045654296875|10|994
274.5538635253906|10|995
284.9258728027344|10|996
290.6847839355469|10|997
287.0872802734375|10|998
291.09814453125|10|999
279.3804016113281|10|1000
251.88265991210938|10|1001
260.7223205566406|10|1002
274.7270812988281|10|1003
281.2564697265625|10|1004
286.1301574707031|10|1005
268.3298645019531|10|1006
229.23703002929688|9|1007
186.7066192626953|8|1008
236.0148162841797|7|1009
248.20208740234375|7|1010
248.8639373779297|7|1011
251.73428344726562|7|1012
248.8459930419922|7|1013
243.12718200683594|146|1014
287.1296691894531|146|1015
250.9581756591797|146|1016
256.09930419921875|146|1017
256.9463195800781|7|1018
267.6146545410156|7|1019
260.96514892578125|7|1020
252.7801513671875|7|1021
259.2721862792969|7|1022
259.589599609375|7|1023
258.1306457519531|7|1024
256.8156433105469|7|1025
244.1790771484375|7|1026
229.5214385986328|7|1027
230.79385375976562|7|1028
234.97256469726562|7|1029
240.04885864257812|7|1030
242.6641082763672|7|1031
246.3308563232422|7|1032
246.21412658691406|7|1033
305.8538818359375|146|1034
303.50018310546875|146|1035
304.80804443359375|146|1036
279.4830017089844|146|1037
249.45632934570312|7|1038
240.79244995117188|7|1039
214.24794006347656|12|1040
364.6716613769531|12|1041
382.04986572265625|12|1042
382.62579345703125|12|1043
392.6389465332031|12|1044
400.03057861328125|12|1045
402.0041198730469|12|1046
398.0772399902344|12|1047
388.945068359375|12|1048
372.671875|12|1049
363.3861999511719|12|1050
363.3877868652344|12|1051
346.3330078125|12|1052
319.2496643066406|12|1053
317.1896057128906|12|1054
327.7121276855469|12|1055
330.271728515625|12|1056
324.6088562011719|12|1057
317.97503662109375|12|1058
283.1146240234375|12|1059
336.0733642578125|11|1060
344.8366394042969|11|1061
350.0242004394531|11|1062
352.7308044433594|11|1063
354.7712097167969|11|1064
356.053466796875|11|1065
357.5003967285156|11|1066
353.2049255371094|11|1067
345.1716003417969|11|1068
343.38348388671875|11|1069
344.2957458496094|11|1070
341.5706787109375|11|1071
339.0450439453125|11|1072
338.00103759765625|11|1073
338.4102478027344|11|1074
338.4861145019531|11|1075
336.567138671875|11|1076
320.9761962890625|11|1077
294.4947814941406|11|1078
277.8190612792969|11|1079
277.2940368652344|11|1080
282.8857421875|11|1081
288.35504150390625|11|1082
294.1572265625|11|1083
292.6093444824219|11|1084
293.8310546875|11|1085
306.1073303222656|11|1086
310.4501953125|11|1087
316.07183837890625|11|1088
320.3484191894531|11|1089
308.25933837890625|11|1090
253.10092163085938|11|1091
272.61383056640625|10|1092
263.5855712890625|10|1093
361.4140319824219|155|1094
359.9280700683594|155|1095
279.5521545410156|10|1096
283.97662353515625|10|1097
281.203369140625|10|1098
284.8038024902344|10|1099
293.698486328125|10|1100
281.11077880859375|10|1101
275.722412109375|10|1102
278.5345764160156|10|1103
258.3503723144531|10|1104
260.56982421875|10|1105
279.7122497558594|10|1106
285.6366271972656|10|1107
285.81976318359375|10|1108
294.8373718261719|10|1109
257.88055419921875|10|1110
195.64791870117188|9|1111
216.59039306640625|7|1112
245.5088653564453|7|1113
245.97080993652344|7|1114
252.33175659179688|7|1115
263.771728515625|7|1116
257.114501953125|7|1117
251.8863067626953|7|1118
256.5862121582031|7|1119
260.633056640625|7|1120
257.7771301269531|7|1121
260.5187072753906|7|1122
262.8419189453125|7|1123
259.11065673828125|7|1124
260.2096252441406|7|1125
266.0558776855469|7|1126
269.8703918457031|7|1127
275.7823791503906|7|1128
276.5140075683594|7|1129
260.6592712402344|7|1130
260.89990234375|7|1131
273.98193359375|7|1132
273.18841552734375|7|1133
272.1434631347656|7|1134
276.0893859863281|7|1135
278.40338134765625|7|1136
281.4431457519531|7|1137
281.3061218261719|7|1138
280.3709411621094|7|1139
285.5421447753906|7|1140
283.0791320800781|7|1141
256.0984802246094|7|1142
235.28829956054688|14|1143
463.2591247558594|12|1144
423.528076171875|11|1145
239.78604125976562|9|1146
204.22657775878906|12|1147
240.0113983154297|12|1148
248.63511657714844|12|1149
255.58660888671875|12|1150
267.90875244140625|12|1151
275.6312561035156|12|1152
280.49072265625|12|1153
289.4724426269531|12|1154
275.4789733886719|12|1155
326.9525146484375|12|1156
425.4980773925781|12|1157
339.3709716796875|10|1158
201.1820526123047|9|1159
237.44410705566406|12|1160
264.95013427734375|12|1161
253.11985778808594|12|1162
250.65672302246094|11|1163
262.11773681640625|11|1164
257.51348876953125|11|1165
261.45745849609375|11|1166
279.436767578125|11|1167
262.3865051269531|11|1168
303.7339172363281|11|1169
450.8634033203125|11|1170
435.8489074707031|10|1171
284.7685546875|10|1172
258.2254638671875|11|1173
274.0439758300781|11|1174
293.3023986816406|11|1175
307.4177551269531|11|1176
310.1739196777344|11|1177
317.1398620605469|11|1178
330.2726745605469|11|1179
330.1437072753906|11|1180
295.0537414550781|11|1181
329.8240661621094|11|1182
452.1357116699219|11|1183
433.9676208496094|10|1184
285.7217102050781|10|1185
270.85003662109375|11|1186
293.19036865234375|11|1187
322.3675537109375|11|1188
339.0537109375|11|1189
346.1451110839844|11|1190
355.4901428222656|11|1191
363.1895446777344|11|1192
362.0496520996094|11|1193
302.2179870605469|11|1194
166.3794708251953|67|1195
117.20923614501953|65|1196
121.06344604492188|65|1197
135.93820190429688|115|1198
233.92715454101562|115|1199
176.1099090576172|115|1200
185.8079071044922|116|1201
191.017822265625|58|1202
179.21551513671875|58|1203
188.3349151611328|58|1204
160.7886505126953|58|1205
180.26791381835938|114|1206
111.27960968017578|58|1207
44.446537017822266|59|1208
20.930679321289062|115|1209
58.582950592041016|50|1210
144.3614044189453|51|1211
141.39437866210938|54|1212
160.37109375|55|1213
113.18997192382812|58|1214
129.84788513183594|111|1215
113.40410614013672|87|1216
158.84185791015625|58|1217
163.3000946044922|58|1218
175.36666870117188|58|1219
159.5726776123047|58|1220
129.0682830810547|58|1221
91.8915023803711|58|1222
48.15469741821289|58|1223
20.90359115600586|59|1224
12.149746894836426|118|1225
29.14301109313965|93|1226
115.56038665771484|117|1227
236.92079162597656|116|1228
212.13037109375|116|1229
172.5647430419922|116|1230
114.03426361083984|116|1231
97.41824340820312|52|1232
70.57984924316406|76|1233
136.9099578857422|81|1234
94.5467300415039|82|1235
79.72109985351562|523|1236
99.39376831054688|523|1237
106.1940689086914|87|1238
84.54869079589844|87|1239
74.46067810058594|444|1240
122.72026062011719|177|1241
168.00592041015625|173|1242
239.09414672851562|173|1243
299.1628723144531|173|1244
261.2707824707031|173|1245
147.07785034179688|25|1246
432.62835693359375|12|1247
508.06494140625|11|1248
357.4305114746094|10|1249
188.405517578125|6|1250
211.659423828125|6|1251
239.418701171875|6|1252
249.91842651367188|6|1253
251.80108642578125|6|1254
252.58680725097656|6|1255
248.00279235839844|6|1256
250.9958953857422|6|1257
242.79086303710938|6|1258
186.12747192382812|6|1259
136.40435791015625|12|1260
82.25105285644531|12|1261
43.666351318359375|146|1262
93.75337982177734|146|1263
115.0695571899414|146|1264
96.2713623046875|23|1265
295.95166015625|13|1266
491.86944580078125|12|1267
470.1662902832031|10|1268
351.44720458984375|9|1269
250.20338439941406|9|1270
263.5224304199219|9|1271
276.49859619140625|9|1272
287.03680419921875|9|1273
289.9912414550781|9|1274
287.0730895996094|9|1275
289.01611328125|9|1276
289.00872802734375|9|1277
235.3518829345703|9|1278
315.5601806640625|12|1279
484.2820739746094|11|1280
352.092041015625|11|1281
200.8113250732422|8|1282
220.909423828125|9|1283
240.4715118408203|9|1284
212.4224853515625|9|1285
222.2705078125|9|1286
248.16647338867188|9|1287
253.805419921875|9|1288
257.5620422363281|9|1289
263.3005065917969|9|1290
244.7545166015625|9|1291