In the name of Love
DJ Snake
Bebe Rhexa
EDM
in_the_name_of_love
2049x1292
1292

4.4934942707186565e-05|1897|0
0.00011708615784300491|1898|1
0.00017671723617240787|1600|2
0.00021194379951339215|1600|3
0.00023001163208391517|1600|4
0.00022888471721671522|1600|5
0.00022800937585998327|1600|6
0.00022717323736287653|1600|7
0.00022693125356454402|1600|8
0.00022722824360243976|1600|9
0.00022702114074490964|1600|10
0.00022639009694103152|1600|11
0.00022585585247725248|1600|12
0.0002280430489918217|1600|13
0.00023031193995848298|1600|14
0.007301595993340015|30|15
0.646045982837677|9|16
4.215737342834473|6|17
5.636116981506348|6|18
7.1546196937561035|3|19
7.290060997009277|2|20
5.264815807342529|2|21
5.249941825866699|4|22
4.325473308563232|8|23
3.99255108833313|8|24
3.907102108001709|6|25
5.956786632537842|4|26
8.615914344787598|3|27
10.937813758850098|3|28
10.506789207458496|3|29
9.083781242370605|3|30
7.721195220947266|3|31
6.980912208557129|5|32
7.869494438171387|5|33
5.464771747589111|4|34
4.468327045440674|4|35
4.435779094696045|13|36
5.150602340698242|2|37
4.447768211364746|4|38
6.487748622894287|2|39
6.832174301147461|2|40
7.203518390655518|3|41
7.432862758636475|3|42
5.328359603881836|10|43
6.537777423858643|10|44
5.821898937225342|11|45
6.357290744781494|3|46
6.207082271575928|3|47
3.6999566555023193|2|48
5.429222106933594|6|49
5.8984694480896|6|50
6.348684310913086|3|51
6.374820232391357|16|52
5.651852607727051|16|53
4.79456090927124|14|54
4.034702777862549|15|55
4.018950939178467|16|56
4.957386493682861|9|57
4.463725566864014|6|58
4.584211826324463|4|59
5.0387420654296875|5|60
6.465463638305664|11|61
4.860999584197998|11|62
4.843289375305176|7|63
6.656231880187988|8|64
4.763589859008789|8|65
2.492546558380127|20|66
3.8019285202026367|19|67
6.340134143829346|4|68
9.501352310180664|4|69
6.154548168182373|4|70
4.115655899047852|7|71
5.475891590118408|2|72
4.005382537841797|7|73
4.850945949554443|5|74
7.697906494140625|5|75
7.403252124786377|2|76
5.357507228851318|3|77
5.014656066894531|8|78
4.20699405670166|12|79
6.121760368347168|3|80
6.661266803741455|4|81
6.127655982971191|5|82
6.118051528930664|5|83
4.839730262756348|3|84
4.227105617523193|2|85
5.28945255279541|2|86
6.559319019317627|9|87
5.691339492797852|7|88
7.324100971221924|27|89
8.167794227600098|2|90
6.347024440765381|5|91
6.884861946105957|4|92
6.326560974121094|5|93
5.254093170166016|12|94
25.27284812927246|98|95
54.9461555480957|97|96
66.61711883544922|97|97
71.59246063232422|97|98
74.00060272216797|97|99
67.77481079101562|97|100
65.48957061767578|97|101
70.84000396728516|97|102
73.03337097167969|97|103
73.6363296508789|97|104
72.61262512207031|97|105
68.91218566894531|97|106
68.24896240234375|97|107
66.67855834960938|97|108
63.808143615722656|97|109
61.4018669128418|97|110
59.42619705200195|97|111
58.3065299987793|97|112
57.81144714355469|97|113
55.5176887512207|97|114
52.07595443725586|97|115
52.179481506347656|97|116
50.04798126220703|97|117
44.15729522705078|97|118
41.903594970703125|97|119
42.20748519897461|97|120
43.9405632019043|97|121
43.42087173461914|97|122
40.98277282714844|97|123
38.41265106201172|97|124
35.68290328979492|97|125
38.430328369140625|182|126
35.80402755737305|183|127
44.6363410949707|184|128
37.507633209228516|183|129
24.793563842773438|97|130
22.03555679321289|97|131
20.240734100341797|97|132
18.60605812072754|97|133
17.234989166259766|97|134
15.64168930053711|97|135
13.523139953613281|97|136
12.18810749053955|97|137
11.214214324951172|97|138
27.250865936279297|197|139
40.66463851928711|198|140
22.71478271484375|198|141
34.2682991027832|222|142
31.678510665893555|221|143
16.279098510742188|222|144
17.397890090942383|220|145
23.43918800354004|217|146
31.715290069580078|218|147
28.871244430541992|184|148
41.05116653442383|182|149
49.01815414428711|182|150
53.94721221923828|183|151
42.453006744384766|183|152
41.013954162597656|165|153
78.97637176513672|165|154
94.35826110839844|165|155
86.65512084960938|164|156
59.36457443237305|164|157
66.76041412353516|182|158
120.6502914428711|182|159
105.12681579589844|182|160
106.96186828613281|183|161
68.94721984863281|183|162
21.619686126708984|183|163
14.912193298339844|200|164
28.150218963623047|222|165
37.71500015258789|222|166
36.05500411987305|223|167
35.67719650268555|223|168
32.98097229003906|224|169
29.992942810058594|218|170
19.312068939208984|221|171
29.718425750732422|147|172
69.21975708007812|146|173
80.46546173095703|146|174
74.51438903808594|146|175
72.33158111572266|146|176
66.77986145019531|146|177
60.52417755126953|146|178
50.95725631713867|146|179
44.99643325805664|146|180
44.03900146484375|184|181
45.57194137573242|183|182
45.518653869628906|184|183
46.917720794677734|92|184
45.852813720703125|92|185
51.795433044433594|92|186
50.600975036621094|92|187
58.445777893066406|184|188
47.45671081542969|184|189
42.246891021728516|250|190
33.023929595947266|92|191
30.94359588623047|92|192
29.61404800415039|92|193
28.85435676574707|92|194
40.97987747192383|223|195
62.41951370239258|223|196
58.34651565551758|224|197
37.72233200073242|219|198
37.43973922729492|219|199
58.577152252197266|219|200
37.788639068603516|220|201
66.24371337890625|138|202
79.14826202392578|138|203
73.00212860107422|137|204
61.36325454711914|138|205
52.04769515991211|138|206
55.10940933227539|109|207
62.182151794433594|109|208
61.748905181884766|109|209
52.65626525878906|109|210
47.74864196777344|109|211
50.53858184814453|109|212
48.09624099731445|109|213
43.98808288574219|138|214
44.60254669189453|138|215
41.47309875488281|138|216
64.22415924072266|198|217
47.60014343261719|199|218
60.377017974853516|221|219
76.94304656982422|221|220
40.163604736328125|82|221
41.719051361083984|82|222
48.766597747802734|228|223
54.770164489746094|109|224
53.83108139038086|109|225
53.96858215332031|109|226
62.12918472290039|109|227
68.38056945800781|109|228
73.01923370361328|183|229
61.570457458496094|109|230
44.70734405517578|108|231
26.633169174194336|106|232
22.47573471069336|100|233
20.401521682739258|93|234
17.26883888244629|81|235
15.038804054260254|74|236
8.667196273803711|66|237
7.955759525299072|31|238
31.19586753845215|61|239
95.21141052246094|61|240
117.44725036621094|61|241
96.78282928466797|62|242
45.06703567504883|125|243
25.06106948852539|136|244
92.69990539550781|135|245
106.479736328125|204|246
74.58958435058594|136|247
27.41653060913086|136|248
41.684940338134766|62|249
91.93048095703125|61|250
127.15164947509766|137|251
147.67068481445312|136|252
125.54948425292969|137|253
84.58521270751953|140|254
109.88098907470703|73|255
126.42398071289062|73|256
107.62919616699219|73|257
78.93878173828125|31|258
76.05667114257812|31|259
84.15089416503906|61|260
107.5575180053711|69|261
144.91688537597656|69|262
139.47535705566406|69|263
123.27754974365234|69|264
120.229736328125|69|265
113.28677368164062|68|266
86.01104736328125|68|267
74.51065826416016|31|268
73.04367065429688|31|269
72.79035949707031|31|270
68.27385711669922|31|271
65.20106506347656|31|272
64.8577651977539|31|273
61.55954360961914|31|274
57.58659744262695|31|275
54.3400764465332|61|276
57.76001739501953|61|277
54.440826416015625|61|278
64.98233032226562|63|279
133.8660888671875|62|280
114.60137939453125|62|281
63.004173278808594|61|282
50.79050827026367|73|283
66.24462127685547|69|284
85.12723541259766|138|285
42.93500900268555|73|286
44.66255187988281|73|287
49.623390197753906|136|288
133.251220703125|135|289
121.38484191894531|135|290
102.63724517822266|143|291
136.10128784179688|145|292
144.27981567382812|146|293
102.9124755859375|146|294
62.48632049560547|70|295
92.95149230957031|137|296
68.4825439453125|137|297
33.69351577758789|62|298
94.43352508544922|125|299
122.60311889648438|124|300
66.29031372070312|122|301
60.692222595214844|110|302
97.96936798095703|109|303
76.63532257080078|109|304
28.83909797668457|109|305
66.2318115234375|136|306
65.3781509399414|182|307
90.6824951171875|138|308
93.80248260498047|137|309
87.10118103027344|141|310
88.11099243164062|136|311
84.79277038574219|93|312
105.3463134765625|93|313
113.45123291015625|92|314
55.771156311035156|92|315
20.150217056274414|94|316
26.357439041137695|58|317
60.570838928222656|57|318
43.926025390625|115|319
12.53943157196045|92|320
29.678136825561523|139|321
95.06861114501953|137|322
118.04358673095703|206|323
101.37252807617188|206|324
43.18009948730469|134|325
70.44965362548828|30|326
92.17932891845703|31|327
132.65921020507812|135|328
128.6790008544922|203|329
92.21897888183594|205|330
106.78780364990234|219|331
130.5795135498047|218|332
98.43797302246094|218|333
93.86125946044922|30|334
90.73110961914062|30|335
84.58802032470703|30|336
78.02276611328125|31|337
75.08106994628906|30|338
79.79440307617188|68|339
76.77543640136719|69|340
78.74954223632812|139|341
86.98741912841797|138|342
74.74340057373047|207|343
72.85771942138672|80|344
84.14015197753906|81|345
59.706626892089844|31|346
64.15953826904297|31|347
63.66151809692383|30|348
38.8558235168457|30|349
18.52512550354004|61|350
23.60502052307129|61|351
25.441335678100586|61|352
25.25004768371582|61|353
23.284311294555664|39|354
72.22794342041016|39|355
79.66960906982422|114|356
129.20004272460938|183|357
126.69036102294922|182|358
131.13658142089844|54|359
119.27243041992188|54|360
94.28690338134766|54|361
91.6784439086914|137|362
60.525203704833984|27|363
65.97879028320312|27|364
70.81695556640625|27|365
89.84939575195312|139|366
107.12400817871094|204|367
79.67195129394531|27|368
150.74801635742188|218|369
128.32427978515625|218|370
71.6579818725586|220|371
144.7173309326172|135|372
135.49432373046875|136|373
114.67859649658203|137|374
65.99237823486328|27|375
63.29709243774414|27|376
60.93037033081055|41|377
95.90518188476562|122|378
136.39593505859375|122|379
71.33694458007812|121|380
84.3188705444336|109|381
92.55684661865234|108|382
53.709556579589844|54|383
73.2024154663086|41|384
67.25993347167969|92|385
103.5947265625|92|386
71.21652221679688|137|387
64.97102355957031|92|388
92.1387939453125|92|389
114.42918395996094|92|390
92.5489730834961|91|391
48.40790939331055|27|392
49.046592712402344|27|393
48.602783203125|27|394
43.03170394897461|27|395
28.28022575378418|27|396
25.81014633178711|40|397
39.85149002075195|97|398
60.04664993286133|60|399
41.329837799072266|45|400
67.45015716552734|69|401
120.05862426757812|69|402
96.13518524169922|69|403
135.31517028808594|138|404
164.427734375|138|405
129.4759979248047|139|406
130.23988342285156|209|407
101.18929290771484|223|408
139.8961181640625|222|409
177.64329528808594|221|410
166.32518005371094|221|411
92.00228881835938|61|412
84.38844299316406|31|413
85.58772277832031|31|414
84.21963500976562|31|415
95.2744140625|73|416
97.39940643310547|73|417
72.67166900634766|61|418
75.35130310058594|31|419
111.37303161621094|164|420
143.54190063476562|164|421
130.42999267578125|163|422
89.78500366210938|162|423
77.80387878417969|145|424
92.65754699707031|145|425
78.47974395751953|31|426
79.78363800048828|31|427
80.07845306396484|31|428
81.50578308105469|31|429
80.04544067382812|31|430
80.03949737548828|31|431
80.3984603881836|31|432
78.46380615234375|31|433
75.73426818847656|31|434
74.21981048583984|31|435
72.3625717163086|31|436
68.37432861328125|31|437
65.3896484375|31|438
63.7055778503418|31|439
63.00208282470703|31|440
74.46261596679688|82|441
97.49089813232422|82|442
90.64020538330078|82|443
77.6009521484375|82|444
107.4703369140625|163|445
173.3272705078125|164|446
216.5592041015625|164|447
171.31402587890625|165|448
89.03045654296875|166|449
194.28805541992188|183|450
178.7126007080078|183|451
91.99252319335938|183|452
47.45838928222656|31|453
46.52815628051758|31|454
73.1039810180664|569|455
64.09728240966797|570|456
43.71235275268555|31|457
61.4911003112793|74|458
88.60247802734375|74|459
82.76029205322266|73|460
67.57685089111328|72|461
72.81362915039062|138|462
71.66281127929688|138|463
35.059967041015625|31|464
36.10314178466797|31|465
58.13461685180664|121|466
127.33555603027344|121|467
125.66046142578125|181|468
106.91136169433594|186|469
80.35464477539062|123|470
63.33222198486328|122|471
47.500572204589844|97|472
31.138525009155273|92|473
11.43801498413086|123|474
8.827495574951172|182|475
10.276241302490234|121|476
65.38653564453125|67|477
131.33555603027344|67|478
102.9841537475586|67|479
74.5822982788086|72|480
96.65738677978516|72|481
91.0787124633789|61|482
115.52044677734375|146|483
163.6748046875|146|484
126.12183380126953|146|485
133.611083984375|219|486
148.44985961914062|219|487
118.36062622070312|219|488
97.73114013671875|61|489
101.8444595336914|61|490
92.67163848876953|61|491
78.0210952758789|61|492
82.5978775024414|30|493
89.04229736328125|30|494
89.38870239257812|30|495
91.59019470214844|43|496
93.8779525756836|46|497
148.4407958984375|46|498
167.0961456298828|46|499
133.8751220703125|46|500
93.18417358398438|92|501
107.99398803710938|91|502
115.92424774169922|91|503
113.29962921142578|91|504
62.42930221557617|46|505
79.53060150146484|53|506
104.08879852294922|54|507
99.15725708007812|54|508
70.4068603515625|27|509
59.92085266113281|41|510
65.64677429199219|108|511
60.697174072265625|41|512
57.81611633300781|41|513
82.52658081054688|109|514
99.9251708984375|82|515
119.40049743652344|82|516
87.81000518798828|81|517
79.31400299072266|82|518
150.900634765625|82|519
162.06817626953125|82|520
113.14048767089844|82|521
117.68316650390625|137|522
111.89710998535156|137|523
56.328800201416016|121|524
105.26419067382812|122|525
156.1316375732422|122|526
152.73318481445312|122|527
118.70343780517578|123|528
72.59607696533203|124|529
61.41277313232422|27|530
63.671348571777344|27|531
61.13054656982422|27|532
57.233951568603516|27|533
54.530094146728516|27|534
55.57746887207031|27|535
57.105987548828125|27|536
57.73174285888672|27|537
53.09376907348633|27|538
48.303741455078125|27|539
49.0602912902832|14|540
43.75429916381836|27|541
41.96480178833008|11|542
50.326358795166016|11|543
49.625709533691406|6|544
55.78520202636719|6|545
51.88042449951172|6|546
50.692115783691406|6|547
59.14412307739258|6|548
71.5946044921875|11|549
63.89028549194336|11|550
81.98773956298828|60|551
102.25287628173828|14|552
104.37786102294922|14|553
105.44660186767578|11|554
121.537109375|68|555
136.02113342285156|68|556
140.15553283691406|69|557
122.05390930175781|13|558
294.84429931640625|13|559
312.8479309082031|12|560
371.07012939453125|9|561
327.63018798828125|8|562
272.49884033203125|7|563
247.6461639404297|7|564
204.56381225585938|7|565
134.45973205566406|6|566
106.17179107666016|6|567
144.49639892578125|13|568
147.3958740234375|14|569
110.75515747070312|14|570
137.08180236816406|14|571
150.78244018554688|14|572
144.74749755859375|12|573
163.8369140625|13|574
230.7864532470703|12|575
189.49562072753906|12|576
115.95320892333984|6|577
104.00474548339844|73|578
103.13014221191406|73|579
145.8441925048828|10|580
101.51554870605469|73|581
100.91547393798828|73|582
97.59722900390625|73|583
96.76227569580078|73|584
90.4345703125|73|585
78.82767486572266|73|586
75.50765991210938|73|587
115.283203125|11|588
121.55438995361328|62|589
100.18334197998047|62|590
82.2057113647461|73|591
80.60336303710938|73|592
87.91358184814453|68|593
127.504638671875|68|594
109.39259338378906|68|595
78.07463836669922|68|596
73.12789916992188|137|597
72.00938415527344|24|598
75.954833984375|24|599
89.47293090820312|12|600
103.31586456298828|506|601
75.19941711425781|507|602
68.23219299316406|11|603
61.42287826538086|73|604
113.91015625|137|605
103.66887664794922|137|606
67.94076538085938|123|607
147.07958984375|122|608
161.456298828125|122|609
98.56017303466797|122|610
81.8719711303711|55|611
109.05498504638672|55|612
103.58546447753906|110|613
100.17779541015625|109|614
52.44731521606445|11|615
50.20911407470703|24|616
63.650875091552734|93|617
75.1692123413086|182|618
84.45118713378906|183|619
100.4845199584961|228|620
74.40970611572266|229|621
50.134769439697266|36|622
48.13636779785156|36|623
51.34571075439453|90|624
64.57644653320312|46|625
81.48033142089844|46|626
47.02085876464844|57|627
74.62010192871094|61|628
111.32058715820312|61|629
110.76749420166016|61|630
70.94049072265625|137|631
111.136962890625|137|632
53.42832565307617|136|633
72.26407623291016|31|634
66.33465576171875|30|635
109.6384506225586|135|636
95.17483520507812|135|637
85.24820709228516|61|638
146.498291015625|220|639
209.8997039794922|220|640
141.19219970703125|220|641
76.00806427001953|219|642
68.04837036132812|61|643
65.6533203125|61|644
81.98906707763672|61|645
81.51087951660156|62|646
91.87812042236328|136|647
118.75962829589844|138|648
128.1747589111328|139|649
110.94935607910156|137|650
105.63580322265625|138|651
103.8646011352539|138|652
85.69334411621094|89|653
69.50676727294922|61|654
73.36851501464844|61|655
74.85734558105469|30|656
73.1595458984375|31|657
61.099510192871094|30|658
43.53113555908203|30|659
32.06626510620117|31|660
32.71045684814453|31|661
35.774436950683594|30|662
69.45280456542969|27|663
91.7877426147461|27|664
96.12589263916016|27|665
85.83568572998047|27|666
105.0838394165039|61|667
109.4730224609375|62|668
77.20328521728516|54|669
85.41224670410156|136|670
68.66490173339844|54|671
69.39147186279297|68|672
99.79257202148438|69|673
85.39997100830078|69|674
119.59441375732422|135|675
77.4785385131836|27|676
75.49327087402344|146|677
98.90604400634766|146|678
97.43504333496094|146|679
68.30519104003906|146|680
71.14308166503906|139|681
62.29763412475586|139|682
96.33927154541016|134|683
83.37627410888672|133|684
145.4066925048828|185|685
127.22215270996094|185|686
60.04597091674805|27|687
51.397071838378906|55|688
95.43390655517578|110|689
102.9455795288086|109|690
96.3051986694336|55|691
122.6527328491211|55|692
89.73751068115234|54|693
59.498958587646484|137|694
100.25559997558594|138|695
94.11888885498047|137|696
86.85657501220703|273|697
63.50574493408203|27|698
69.62504577636719|27|699
70.667724609375|27|700
65.84375762939453|27|701
67.67131042480469|92|702
44.9528923034668|93|703
44.33646011352539|54|704
49.368656158447266|61|705
99.69530487060547|61|706
108.72915649414062|62|707
116.30081939697266|62|708
66.17215728759766|141|709
60.43955612182617|140|710
29.53866195678711|27|711
31.473758697509766|73|712
71.65911102294922|73|713
86.12174987792969|73|714
102.53598022460938|206|715
116.04943084716797|205|716
88.33550262451172|221|717
88.49358367919922|216|718
87.58428955078125|73|719
86.3454818725586|73|720
87.92807006835938|73|721
112.02505493164062|145|722
152.81491088867188|73|723
155.04156494140625|73|724
187.74668884277344|146|725
134.71371459960938|146|726
92.97913360595703|149|727
177.03257751464844|164|728
209.01019287109375|164|729
217.8378143310547|164|730
201.98138427734375|164|731
131.0916290283203|162|732
96.20016479492188|146|733
106.66458129882812|146|734
82.03059387207031|73|735
76.6037368774414|73|736
73.21846008300781|36|737
76.4100570678711|36|738
65.48808288574219|36|739
57.88105010986328|36|740
58.46705627441406|36|741
53.61802673339844|73|742
59.071964263916016|73|743
87.11815643310547|73|744
97.35807800292969|73|745
79.5860824584961|73|746
80.83088684082031|163|747
79.58431243896484|163|748
41.76858901977539|24|749
58.46953201293945|83|750
74.74104309082031|83|751
121.56229400634766|245|752
93.3508071899414|245|753
153.08412170410156|184|754
206.5032196044922|185|755
172.6759490966797|184|756
118.01923370361328|183|757
79.81948852539062|162|758
151.34390258789062|243|759
132.7345733642578|244|760
64.7632064819336|36|761
78.78498077392578|146|762
109.03338623046875|218|763
160.87828063964844|218|764
104.82426452636719|218|765
63.66011047363281|136|766
77.6466293334961|137|767
52.75298309326172|139|768
45.1165885925293|36|769
49.160919189453125|36|770
72.06062316894531|122|771
108.22573852539062|182|772
126.00300598144531|184|773
130.20082092285156|184|774
80.91632843017578|307|775
73.08316040039062|303|776
86.97413635253906|184|777
83.06803894042969|183|778
47.12318420410156|72|779
49.17033386230469|72|780
72.6848373413086|92|781
57.91830825805664|92|782
37.19618606567383|80|783
36.78868865966797|37|784
47.61115646362305|37|785
51.88832473754883|36|786
45.331764221191406|37|787
60.74663543701172|30|788
76.27131652832031|61|789
94.30984497070312|122|790
100.82727813720703|148|791
122.9728775024414|147|792
130.97955322265625|218|793
145.8724365234375|218|794
135.07421875|218|795
156.40895080566406|218|796
88.70303344726562|219|797
61.163333892822266|123|798
52.18953323364258|156|799
54.40395736694336|46|800
60.522666931152344|61|801
61.17925262451172|61|802
61.69820022583008|45|803
85.16419982910156|46|804
102.96204376220703|47|805
121.91709899902344|47|806
117.6905746459961|47|807
154.30235290527344|46|808
125.6589126586914|46|809
84.97157287597656|46|810
84.34097290039062|91|811
102.27520751953125|92|812
91.7945327758789|91|813
73.57477569580078|91|814
71.5763931274414|47|815
89.35894775390625|46|816
77.78163146972656|46|817
72.83627319335938|55|818
82.09626770019531|108|819
77.29142761230469|109|820
72.63331604003906|49|821
93.56427001953125|82|822
132.88523864746094|82|823
136.79881286621094|81|824
128.3890380859375|41|825
172.05801391601562|82|826
182.15716552734375|82|827
125.41828155517578|82|828
76.26374053955078|142|829
80.93795013427734|137|830
91.14237976074219|137|831
62.58911895751953|164|832
86.49702453613281|164|833
86.51298522949219|163|834
88.9878921508789|163|835
88.01310729980469|123|836
105.49276733398438|123|837
116.96504974365234|122|838
91.5197982788086|121|839
77.31868743896484|27|840
74.59698486328125|41|841
64.24595642089844|41|842
46.135643005371094|41|843
54.906219482421875|82|844
61.085845947265625|335|845
52.597862243652344|81|846
84.3793716430664|82|847
81.94157409667969|82|848
90.47084045410156|408|849
81.44200134277344|409|850
77.68185424804688|409|851
53.25407791137695|162|852
45.4327507019043|27|853
57.5729866027832|73|854
58.721981048583984|73|855
42.42035675048828|27|856
67.93631744384766|216|857
100.31928253173828|217|858
103.29737854003906|218|859
97.70230102539062|146|860
85.75054168701172|146|861
71.16670989990234|293|862
42.05984115600586|293|863
54.403282165527344|72|864
74.39099884033203|71|865
119.75347137451172|12|866
292.10919189453125|12|867
368.6834411621094|12|868
362.56097412109375|12|869
348.1489562988281|12|870
352.1391906738281|12|871
354.4755859375|12|872
341.1428527832031|12|873
333.8019714355469|12|874
335.5176696777344|12|875
333.8193054199219|12|876
327.443115234375|12|877
319.6535339355469|12|878
313.39556884765625|12|879
310.4647216796875|12|880
300.15533447265625|12|881
285.85589599609375|12|882
271.4399108886719|12|883
265.9179992675781|12|884
262.89385986328125|12|885
255.2313232421875|12|886
251.11134338378906|12|887
242.96322631835938|12|888
236.25697326660156|12|889
223.97166442871094|12|890
205.8465118408203|12|891
202.83285522460938|12|892
204.20372009277344|12|893
196.36141967773438|12|894
185.41574096679688|12|895
173.10275268554688|12|896
167.47438049316406|12|897
167.0057830810547|184|898
195.63345336914062|184|899
204.17965698242188|183|900
163.1311492919922|183|901
159.95736694335938|183|902
156.4983673095703|183|903
155.554931640625|184|904
171.22622680664062|183|905
189.26333618164062|183|906
235.27377319335938|183|907
237.7153778076172|183|908
223.4559783935547|183|909
227.6069793701172|183|910
231.00076293945312|183|911
203.3565673828125|183|912
149.68885803222656|182|913
123.89306640625|182|914
84.16252136230469|183|915
98.8304214477539|122|916
87.26911163330078|6|917
87.26296997070312|12|918
102.68595123291016|12|919
115.22434997558594|12|920
126.4608383178711|12|921
135.24444580078125|12|922
146.41998291015625|12|923
159.33470153808594|12|924
171.2837677001953|12|925
183.46531677246094|12|926
196.45797729492188|12|927
208.8614044189453|12|928
218.4803009033203|12|929
220.72352600097656|12|930
224.6089630126953|12|931
240.8258056640625|12|932
249.52633666992188|12|933
251.47909545898438|12|934
265.8924255371094|12|935
273.0635681152344|12|936
253.17701721191406|12|937
179.6924285888672|12|938
108.18486022949219|12|939
212.2281036376953|12|940
303.4477233886719|13|941
221.15945434570312|12|942
187.85870361328125|12|943
258.47528076171875|13|944
152.33770751953125|13|945
144.62913513183594|7|946
141.2444305419922|7|947
150.37387084960938|8|948
156.98831176757812|8|949
157.6130828857422|8|950
165.7423858642578|8|951
186.7922821044922|194|952
172.03851318359375|194|953
173.076171875|194|954
182.8746337890625|194|955
195.31715393066406|194|956
175.105224609375|195|957
164.27508544921875|123|958
166.1594696044922|8|959
168.91578674316406|8|960
167.970947265625|8|961
176.68678283691406|184|962
180.9284210205078|184|963
175.3938751220703|184|964
183.3446502685547|183|965
207.9307098388672|183|966
174.59539794921875|183|967
248.6720733642578|15|968
320.7816162109375|15|969
344.0112609863281|15|970
287.80682373046875|15|971
139.0706024169922|14|972
145.53749084472656|14|973
252.88302612304688|14|974
302.3212890625|14|975
309.39404296875|14|976
307.08392333984375|14|977
307.67694091796875|14|978
308.8448181152344|14|979
321.53558349609375|14|980
324.7003173828125|14|981
314.4429626464844|14|982
310.694580078125|14|983
315.0531921386719|14|984
322.5230712890625|14|985
329.1800842285156|14|986
325.6983337402344|14|987
330.08642578125|14|988
332.29644775390625|14|989
330.2211608886719|14|990
331.0757141113281|14|991
342.7440490722656|14|992
349.1920166015625|14|993
348.36383056640625|14|994
349.7630615234375|14|995
348.6911315917969|14|996
345.0533447265625|14|997
337.2744445800781|14|998
342.60174560546875|14|999
358.6409606933594|14|1000
363.7854919433594|14|1001
356.37213134765625|14|1002
340.52557373046875|14|1003
319.6778564453125|14|1004
335.0662841796875|14|1005
351.7547607421875|14|1006
345.6280517578125|14|1007
344.7552490234375|14|1008
359.1159362792969|14|1009
372.3116760253906|14|1010
362.50286865234375|14|1011
348.31494140625|14|1012
350.29022216796875|14|1013
349.201416015625|14|1014
322.5770568847656|14|1015
284.16796875|13|1016
213.9140625|13|1017
140.56741333007812|14|1018
146.23793029785156|14|1019
263.8938293457031|13|1020
344.5446472167969|13|1021
262.3818664550781|13|1022
177.4174041748047|13|1023
280.4178466796875|13|1024
348.94854736328125|12|1025
304.30047607421875|12|1026
272.5237731933594|12|1027
279.72161865234375|12|1028
246.77529907226562|12|1029
268.8999938964844|12|1030
311.9815979003906|12|1031
294.3472900390625|12|1032
301.4644470214844|12|1033
354.91497802734375|12|1034
379.93499755859375|12|1035
378.2998046875|12|1036
381.2421569824219|12|1037
393.18817138671875|12|1038
400.4336853027344|12|1039
379.3783874511719|12|1040
378.4773864746094|12|1041
431.45721435546875|12|1042
405.7679748535156|12|1043
337.9141845703125|12|1044
338.7124328613281|12|1045
375.7079772949219|12|1046
413.7188720703125|12|1047
432.283447265625|12|1048
404.4564208984375|12|1049
387.6617431640625|12|1050
402.0860290527344|12|1051
385.20379638671875|12|1052
353.6483154296875|12|1053
336.0140380859375|12|1054
310.9297180175781|12|1055
291.0983581542969|12|1056
275.62127685546875|12|1057
249.3674774169922|12|1058
196.6033935546875|12|1059
210.77532958984375|19|1060
175.75975036621094|183|1061
184.29928588867188|183|1062
171.93113708496094|12|1063
173.3623504638672|12|1064
186.59628295898438|183|1065
221.7941131591797|183|1066
239.05197143554688|183|1067
181.92079162597656|182|1068
176.7093963623047|12|1069
206.7354736328125|13|1070
190.86656188964844|12|1071
214.63084411621094|12|1072
283.9270324707031|12|1073
319.63330078125|12|1074
324.6360168457031|12|1075
336.85992431640625|12|1076
356.5914001464844|12|1077
357.59759521484375|12|1078
359.4064025878906|12|1079
374.7820129394531|12|1080
335.144287109375|12|1081
256.7091369628906|13|1082
306.5613708496094|12|1083
344.12164306640625|12|1084
317.45782470703125|12|1085
362.8012390136719|12|1086
446.96234130859375|12|1087
407.53076171875|12|1088
360.77215576171875|12|1089
382.2160949707031|12|1090
392.89117431640625|12|1091
376.3369140625|12|1092
317.2920837402344|12|1093
216.6160125732422|12|1094
208.38079833984375|12|1095
299.4640197753906|13|1096
253.8960723876953|12|1097
196.8491668701172|12|1098
278.73040771484375|14|1099
251.8489227294922|14|1100
225.16221618652344|7|1101
303.6491394042969|7|1102
269.5561218261719|8|1103
252.19801330566406|8|1104
232.1361541748047|8|1105
219.38235473632812|8|1106
220.6185302734375|8|1107
230.51141357421875|8|1108
241.70053100585938|8|1109
285.5506896972656|8|1110
315.5837097167969|7|1111
265.8515930175781|8|1112
244.4093475341797|8|1113
248.14968872070312|8|1114
250.2324981689453|8|1115
240.75856018066406|8|1116
207.09716796875|8|1117
202.8845977783203|19|1118
192.93209838867188|183|1119
186.50929260253906|184|1120
236.47885131835938|15|1121
267.47015380859375|15|1122
358.3796081542969|15|1123
335.3482666015625|15|1124
207.8123016357422|15|1125
203.28533935546875|7|1126
200.99124145507812|19|1127
314.134033203125|14|1128
391.0141906738281|14|1129
384.1817932128906|14|1130
375.3406677246094|14|1131
410.1014404296875|14|1132
414.77313232421875|14|1133
409.54461669921875|14|1134
433.46356201171875|14|1135
398.21685791015625|14|1136
363.2369689941406|14|1137
387.02642822265625|14|1138
370.42437744140625|13|1139
342.57940673828125|14|1140
373.0159912109375|14|1141
378.0250244140625|13|1142
342.6344299316406|14|1143
394.8455810546875|14|1144
399.4400939941406|14|1145
366.4366455078125|13|1146
345.9356384277344|14|1147
345.4529724121094|14|1148
357.25958251953125|13|1149
334.0898742675781|14|1150
335.1523742675781|14|1151
337.62164306640625|13|1152
337.4178161621094|14|1153
326.0757141113281|14|1154
280.9646911621094|14|1155
224.04446411132812|13|1156
60.27962112426758|164|1157
118.01679992675781|164|1158
101.45425415039062|163|1159
75.11555480957031|162|1160
49.38029479980469|160|1161
37.444881439208984|72|1162
60.94416809082031|72|1163
67.75827026367188|72|1164
57.597469329833984|72|1165
94.15931701660156|145|1166
111.54854583740234|291|1167
116.81363677978516|292|1168
80.6818618774414|292|1169
69.17455291748047|294|1170
64.93168640136719|294|1171
74.65709686279297|294|1172
45.022335052490234|139|1173
68.57563781738281|124|1174
219.2969207763672|19|1175
294.1168212890625|11|1176
400.8231506347656|10|1177
311.7327880859375|10|1178
226.40660095214844|12|1179
244.1085968017578|12|1180
241.37783813476562|12|1181
240.9778594970703|12|1182
251.1868896484375|12|1183
205.5417938232422|12|1184
126.3829116821289|12|1185
136.3250732421875|12|1186
215.4698028564453|12|1187
266.01495361328125|12|1188
276.52191162109375|12|1189
278.7365417480469|12|1190
272.8204345703125|12|1191
260.4975280761719|12|1192
245.5348358154297|12|1193
152.83450317382812|12|1194
75.8576431274414|197|1195
98.06819915771484|199|1196
129.721923828125|223|1197
230.82745361328125|222|1198
197.85113525390625|223|1199
183.69813537597656|223|1200
151.59765625|229|1201
175.89488220214844|218|1202
163.1671905517578|218|1203
226.58895874023438|19|1204
292.0986022949219|11|1205
455.6912536621094|10|1206
335.1599426269531|10|1207
231.1645050048828|12|1208
275.9636535644531|12|1209
266.65618896484375|12|1210
267.73565673828125|12|1211
266.9676513671875|12|1212
208.78952026367188|12|1213
119.38996887207031|12|1214
127.66854095458984|12|1215
196.62025451660156|12|1216
240.02883911132812|12|1217
255.4494171142578|12|1218
264.4837341308594|12|1219
272.08270263671875|12|1220
268.3951416015625|12|1221
239.02195739746094|12|1222
209.74505615234375|18|1223
277.60308837890625|12|1224
413.514892578125|10|1225
380.0910949707031|10|1226
229.47946166992188|12|1227
247.86001586914062|12|1228
279.74456787109375|12|1229
285.7901306152344|12|1230
284.2943420410156|12|1231
238.75448608398438|12|1232
113.76424407958984|165|1233
166.28500366210938|165|1234
159.3023223876953|165|1235
163.73529052734375|165|1236
185.72462463378906|166|1237
189.60023498535156|182|1238
321.03070068359375|183|1239
290.4305419921875|183|1240
274.89794921875|184|1241
199.32562255859375|184|1242
101.05448150634766|15|1243
113.63775634765625|164|1244
164.80821228027344|223|1245
168.8373565673828|223|1246
142.26889038085938|223|1247
100.7235107421875|218|1248
69.83377838134766|230|1249
87.52104949951172|223|1250
96.45701599121094|223|1251
205.69883728027344|19|1252
259.5450439453125|13|1253
435.64434814453125|10|1254
368.6763610839844|10|1255
198.8783416748047|222|1256
246.60594177246094|8|1257
242.53616333007812|8|1258
257.13702392578125|8|1259
283.9188232421875|8|1260
260.08905029296875|8|1261
157.99461364746094|8|1262
142.83860778808594|8|1263
223.1184539794922|8|1264
291.8143005371094|8|1265
311.8658752441406|8|1266
293.9347229003906|8|1267
255.7075958251953|8|1268
234.659912109375|8|1269
245.98512268066406|8|1270
189.29055786132812|8|1271
76.74114990234375|91|1272
56.54901885986328|197|1273
72.0768051147461|224|1274
159.9398956298828|224|1275
210.3016815185547|224|1276
239.29214477539062|225|1277
155.83303833007812|225|1278
135.20310974121094|220|1279
177.13165283203125|220|1280
222.34634399414062|19|1281
282.6361083984375|13|1282
427.4447937011719|10|1283
348.279296875|10|1284
251.95846557617188|14|1285
273.64385986328125|14|1286
274.83380126953125|14|1287
276.5390625|14|1288
278.4302062988281|14|1289
243.40589904785156|14|1290
138.38119506835938|14|1291