Paris
The Chainsmokers

EDM
paris
2049x1292
1292

4.4934942707186565e-05|1897|0
0.00011708615784300491|1898|1
0.00017671723617240787|1600|2
0.00021194379951339215|1600|3
0.00023001163208391517|1600|4
0.00022888471721671522|1600|5
0.00022800937585998327|1600|6
0.00022717323736287653|1600|7
0.00022693125356454402|1600|8
0.0002272282144986093|1600|9
0.0002265225921291858|1600|10
0.3454531133174896|38|11
11.948187828063965|38|12
35.97028732299805|37|13
48.029083251953125|37|14
48.47150421142578|36|15
47.18214416503906|36|16
46.12862014770508|36|17
44.483848571777344|36|18
42.98259735107422|36|19
43.06968688964844|36|20
42.65742874145508|36|21
42.53839874267578|36|22
42.827632904052734|36|23
44.14143753051758|36|24
45.211910247802734|36|25
45.60459899902344|36|26
46.15060806274414|36|27
46.283348083496094|36|28
45.381649017333984|36|29
44.36719512939453|36|30
44.17988586425781|36|31
44.07384490966797|36|32
43.8284912109375|36|33
44.63703918457031|36|34
46.35942077636719|36|35
47.18010330200195|36|36
47.49074935913086|36|37
48.35221481323242|36|38
49.339019775390625|36|39
49.746429443359375|36|40
49.60320281982422|36|41
49.550331115722656|36|42
50.487937927246094|36|43
50.846073150634766|36|44
51.05248260498047|36|45
51.91822814941406|36|46
53.1845703125|36|47
54.790382385253906|36|48
55.70563888549805|36|49
56.246910095214844|36|50
55.55905532836914|36|51
53.54227828979492|36|52
52.13431930541992|36|53
51.88513946533203|36|54
51.62629699707031|36|55
50.891395568847656|36|56
50.39445877075195|36|57
50.5504035949707|36|58
50.25011444091797|36|59
49.18948745727539|36|60
48.339332580566406|36|61
46.82589340209961|36|62
44.056400299072266|36|63
33.629905700683594|36|64
29.812589645385742|46|65
34.212284088134766|46|66
32.096351623535156|46|67
31.39606475830078|46|68
31.01105499267578|46|69
31.77569580078125|92|70
33.85344696044922|92|71
33.746490478515625|92|72
33.835941314697266|92|73
35.32561111450195|92|74
36.50373077392578|92|75
37.11281967163086|92|76
38.49406433105469|92|77
41.698280334472656|91|78
46.57691192626953|91|79
50.16145706176758|91|80
47.899635314941406|91|81
40.43522644042969|91|82
34.52872848510742|92|83
30.111852645874023|92|84
26.811105728149414|92|85
24.461530685424805|92|86
22.743741989135742|46|87
22.485746383666992|46|88
22.444438934326172|46|89
22.635665893554688|46|90
22.729808807373047|46|91
23.21512794494629|46|92
24.018924713134766|46|93
24.78053092956543|46|94
25.6654109954834|46|95
26.20891761779785|46|96
26.60917854309082|46|97
26.902963638305664|46|98
26.98929214477539|46|99
27.03551483154297|46|100
26.805028915405273|46|101
25.994447708129883|46|102
25.04474639892578|46|103
24.21491241455078|46|104
23.428977966308594|46|105
22.744047164916992|46|106
22.38593864440918|46|107
22.1464900970459|46|108
21.439613342285156|46|109
20.693681716918945|46|110
20.28643226623535|46|111
19.84674072265625|46|112
19.435842514038086|46|113
19.239824295043945|46|114
17.901203155517578|46|115
28.887542724609375|41|116
47.91706466674805|41|117
49.46717071533203|41|118
47.10796356201172|41|119
44.557716369628906|41|120
42.80268096923828|103|121
45.97243881225586|103|122
45.96321487426758|103|123
42.28711700439453|103|124
39.265499114990234|164|125
35.5373420715332|41|126
35.351749420166016|41|127
35.38460159301758|41|128
35.498966217041016|41|129
35.518863677978516|41|130
35.2424430847168|41|131
34.33411407470703|41|132
33.46815872192383|41|133
33.12741470336914|41|134
32.741024017333984|41|135
32.385982513427734|41|136
32.64811325073242|41|137
33.26261520385742|41|138
33.616416931152344|41|139
33.533451080322266|41|140
33.59507369995117|41|141
33.306678771972656|41|142
32.29206466674805|41|143
32.1450309753418|41|144
32.51123809814453|41|145
32.6099967956543|41|146
32.907649993896484|41|147
33.33083724975586|41|148
34.17535400390625|41|149
34.913326263427734|41|150
35.48522186279297|41|151
36.3117790222168|41|152
37.11823272705078|41|153
37.29319381713867|41|154
37.07204055786133|41|155
37.03474426269531|41|156
36.830623626708984|41|157
36.65507507324219|41|158
36.37368392944336|41|159
35.73686599731445|41|160
35.65210723876953|41|161
36.021156311035156|41|162
35.895904541015625|41|163
35.409027099609375|41|164
34.54664993286133|41|165
32.924346923828125|41|166
24.230684280395508|41|167
49.98394775390625|34|168
70.55008697509766|34|169
72.23563385009766|34|170
71.6019287109375|34|171
68.42201232910156|34|172
65.16277313232422|34|173
63.51396942138672|34|174
62.279075622558594|34|175
60.73705291748047|34|176
57.867271423339844|34|177
54.62557601928711|34|178
52.43947982788086|34|179
51.139366149902344|34|180
50.07603454589844|34|181
49.46403503417969|34|182
50.116695404052734|34|183
51.440189361572266|34|184
52.98189163208008|34|185
53.372047424316406|34|186
53.22908020019531|34|187
52.04850387573242|34|188
50.05971145629883|34|189
48.805824279785156|34|190
49.09502410888672|34|191
48.486873626708984|34|192
46.128482818603516|34|193
45.190086364746094|34|194
46.86442947387695|34|195
48.838775634765625|34|196
47.21396255493164|34|197
48.05657958984375|53|198
45.68294906616211|18|199
77.18666076660156|51|200
94.6482162475586|54|201
75.01219177246094|54|202
51.43172836303711|61|203
43.33512496948242|34|204
44.87954330444336|34|205
46.52682113647461|34|206
73.12711334228516|96|207
56.0723762512207|96|208
54.276363372802734|31|209
65.30514526367188|30|210
84.03919982910156|30|211
96.29654693603516|30|212
103.58960723876953|30|213
108.89103698730469|30|214
53.12552261352539|30|215
33.328224182128906|34|216
63.90888977050781|123|217
86.79527282714844|123|218
108.19024658203125|153|219
157.47386169433594|11|220
343.0398254394531|9|221
362.0635986328125|7|222
284.2132568359375|6|223
182.74917602539062|6|224
136.9224090576172|5|225
132.1986083984375|9|226
139.19444274902344|9|227
141.95455932617188|9|228
148.57717895507812|9|229
147.88986206054688|9|230
144.41586303710938|9|231
135.3101806640625|9|232
240.8870849609375|10|233
340.9460144042969|9|234
369.7552795410156|7|235
290.8565979003906|6|236
181.3312225341797|6|237
131.83364868164062|5|238
123.06480407714844|18|239
127.88024139404297|18|240
131.70001220703125|18|241
133.4452362060547|18|242
134.73658752441406|18|243
136.53981018066406|18|244
175.1347198486328|18|245
238.6368865966797|10|246
371.7852478027344|8|247
369.6930236816406|7|248
280.05828857421875|6|249
172.77969360351562|5|250
151.594482421875|18|251
136.52386474609375|18|252
130.18356323242188|18|253
119.35659790039062|18|254
125.9227066040039|9|255
132.73513793945312|9|256
131.29287719726562|9|257
147.07615661621094|18|258
223.32191467285156|11|259
381.5832824707031|8|260
354.9355773925781|7|261
274.5399169921875|6|262
173.98703002929688|5|263
121.85204315185547|5|264
123.04811096191406|18|265
125.92305755615234|18|266
129.7584991455078|18|267
135.99795532226562|18|268
134.60134887695312|18|269
118.5191879272461|18|270
143.8871307373047|19|271
222.7017364501953|11|272
410.595458984375|8|273
350.0032958984375|7|274
264.1036682128906|6|275
172.11070251464844|5|276
127.19513702392578|5|277
126.03567504882812|23|278
135.63401794433594|11|279
126.26009368896484|11|280
124.52574157714844|11|281
136.721923828125|11|282
140.6466522216797|11|283
141.80137634277344|12|284
253.26963806152344|9|285
394.1063232421875|8|286
319.8006591796875|7|287
240.87109375|6|288
154.2720947265625|5|289
141.49864196777344|11|290
139.93556213378906|11|291
138.05419921875|12|292
133.1346435546875|11|293
134.536376953125|11|294
132.45797729492188|11|295
128.07696533203125|11|296
159.76988220214844|12|297
260.4503173828125|9|298
388.5708312988281|8|299
314.7435302734375|7|300
243.05557250976562|6|301
160.32669067382812|5|302
113.0752944946289|5|303
110.75791931152344|11|304
115.46422576904297|11|305
114.0383529663086|11|306
106.57221221923828|11|307
110.49089050292969|11|308
111.10893249511719|11|309
133.71347045898438|12|310
295.9851989746094|9|311
395.9782409667969|8|312
304.49652099609375|7|313
240.99009704589844|6|314
151.5004119873047|5|315
125.03656768798828|11|316
125.42440032958984|11|317
124.41373443603516|11|318
120.73712921142578|11|319
124.56735229492188|11|320
123.40801239013672|11|321
113.97698974609375|11|322
128.4689483642578|13|323
292.197509765625|9|324
390.3114929199219|8|325
296.000732421875|6|326
235.3336181640625|6|327
152.1524658203125|5|328
135.4282989501953|10|329
144.68905639648438|10|330
148.02096557617188|10|331
140.27957153320312|10|332
136.7965545654297|10|333
135.3158721923828|10|334
122.57548522949219|10|335
130.18743896484375|20|336
344.316162109375|9|337
400.8007507324219|8|338
299.752685546875|6|339
220.39483642578125|6|340
151.50047302246094|5|341
128.1631317138672|10|342
137.237060546875|10|343
142.67555236816406|10|344
148.50936889648438|10|345
154.08453369140625|10|346
152.4524688720703|10|347
141.50775146484375|10|348
200.3983154296875|10|349
320.1317138671875|9|350
375.339599609375|8|351
299.71697998046875|6|352
214.10935974121094|6|353
157.43505859375|5|354
143.61691284179688|10|355
135.3311767578125|10|356
130.5398406982422|10|357
129.07211303710938|10|358
128.2154998779297|10|359
123.1001205444336|10|360
124.12458038330078|20|361
194.7222442626953|11|362
319.5766296386719|9|363
358.1297912597656|7|364
289.60736083984375|6|365
187.740966796875|6|366
132.8717041015625|5|367
110.15388488769531|10|368
114.49840545654297|10|369
114.86031341552734|10|370
114.13109588623047|10|371
116.29121398925781|10|372
114.80740356445312|10|373
113.85893249511719|21|374
170.2498321533203|9|375
356.0914306640625|9|376
347.2391662597656|7|377
279.1572265625|6|378
182.34291076660156|6|379
131.95538330078125|5|380
116.80269622802734|9|381
115.44656372070312|9|382
113.53803253173828|8|383
114.91946411132812|9|384
109.23715209960938|9|385
110.26190948486328|9|386
104.60411834716797|9|387
208.1026153564453|9|388
365.79217529296875|9|389
353.989501953125|7|390
283.0050354003906|6|391
183.41050720214844|6|392
132.6175994873047|5|393
92.14185333251953|8|394
89.16606140136719|9|395
87.9464111328125|9|396
78.96686553955078|9|397
85.3160171508789|17|398
97.53478240966797|17|399
153.8323516845703|17|400
211.66639709472656|9|401
364.8734436035156|8|402
364.42645263671875|7|403
289.9924011230469|6|404
176.322021484375|5|405
130.38681030273438|5|406
114.89946746826172|17|407
108.91095733642578|17|408
103.79729461669922|17|409
105.6773452758789|9|410
106.82270050048828|9|411
105.46602630615234|9|412
93.04072570800781|8|413
201.23049926757812|11|414
386.29718017578125|8|415
358.7425231933594|7|416
274.3521728515625|6|417
166.44337463378906|5|418
124.79737854003906|5|419
78.98494720458984|9|420
81.267822265625|9|421
83.73436737060547|9|422
80.7051773071289|9|423
75.88835144042969|9|424
94.35199737548828|123|425
104.63399505615234|17|426
239.6068878173828|10|427
368.3208312988281|8|428
336.0643310546875|7|429
265.06072998046875|6|430
169.88375854492188|5|431
119.87528228759766|5|432
120.15979766845703|9|433
130.05921936035156|9|434
133.9076690673828|9|435
131.51417541503906|9|436
128.14100646972656|9|437
128.2674102783203|9|438
126.7724609375|18|439
278.71002197265625|10|440
379.6344909667969|8|441
345.9330749511719|7|442
262.1676025390625|6|443
164.82949829101562|5|444
118.76786804199219|9|445
121.6279296875|9|446
125.19200897216797|9|447
121.98138427734375|9|448
117.59446716308594|9|449
114.52413177490234|9|450
112.34663391113281|9|451
119.80388641357422|27|452
249.18936157226562|10|453
396.8006896972656|8|454
331.04345703125|7|455
254.19595336914062|6|456
164.72854614257812|5|457
108.15596008300781|5|458
108.00868225097656|9|459
109.68694305419922|9|460
106.91596984863281|9|461
111.83989715576172|9|462
110.45257568359375|9|463
107.8087387084961|9|464
124.28665161132812|27|465
248.70846557617188|8|466
404.1502380371094|8|467
306.1999206542969|7|468
235.02841186523438|6|469
158.49093627929688|5|470
113.45873260498047|9|471
108.99271392822266|9|472
109.80513763427734|9|473
109.74785614013672|9|474
108.17909240722656|9|475
109.84161376953125|9|476
109.0797119140625|9|477
124.0261459350586|17|478
278.6514587402344|9|479
402.9085998535156|8|480
297.7432861328125|7|481
245.86341857910156|6|482
170.81675720214844|5|483
122.3387222290039|11|484
124.49881744384766|11|485
124.61738586425781|11|486
117.23670196533203|11|487
118.3711929321289|23|488
120.6640625|23|489
144.18328857421875|23|490
183.20315551757812|12|491
310.44329833984375|9|492
397.2493896484375|8|493
304.2509765625|6|494
226.88999938964844|6|495
145.94076538085938|5|496
143.95347595214844|11|497
145.58595275878906|11|498
134.79183959960938|11|499
135.91432189941406|11|500
143.26544189453125|11|501
147.21435546875|11|502
140.33392333984375|11|503
164.7133026123047|12|504
346.6344299316406|9|505
382.4739074707031|8|506
294.19671630859375|6|507
214.6723175048828|6|508
150.6864013671875|5|509
114.95573425292969|11|510
117.39169311523438|11|511
114.98419189453125|11|512
112.31597900390625|11|513
110.21089935302734|11|514
110.87956237792969|23|515
132.41323852539062|23|516
156.54547119140625|10|517
343.9924621582031|9|518
369.6541748046875|8|519
294.48126220703125|6|520
207.4874725341797|6|521
137.4982452392578|5|522
111.56848907470703|11|523
107.76993560791016|11|524
109.63543701171875|12|525
112.29388427734375|11|526
115.74305725097656|11|527
112.5011978149414|11|528
104.61707305908203|12|529
181.07235717773438|10|530
363.1542663574219|9|531
381.96759033203125|7|532
292.4554443359375|6|533
189.88511657714844|6|534
152.53453063964844|10|535
164.14801025390625|10|536
157.90359497070312|10|537
153.5657196044922|10|538
148.9631805419922|10|539
141.8412628173828|10|540
137.328369140625|10|541
124.37987518310547|21|542
202.1664581298828|11|543
354.2509765625|8|544
373.2420959472656|7|545
297.268798828125|6|546
193.51663208007812|6|547
138.00086975097656|5|548
122.93244934082031|10|549
120.4300765991211|10|550
123.02855682373047|10|551
130.3171844482422|10|552
133.78555297851562|10|553
135.68405151367188|10|554
124.14252471923828|10|555
209.9859161376953|10|556
359.11102294921875|9|557
352.12677001953125|7|558
285.2032470703125|6|559
178.94081115722656|5|560
137.1173858642578|5|561
143.6509552001953|10|562
146.08209228515625|10|563
144.616455078125|10|564
142.19601440429688|10|565
139.18856811523438|10|566
137.25521850585938|10|567
132.35958862304688|10|568
223.30519104003906|10|569
360.552978515625|8|570
368.9461975097656|7|571
282.1751708984375|6|572
170.35641479492188|5|573
121.6377944946289|5|574
113.65460205078125|10|575
106.35868072509766|10|576
105.18565368652344|10|577
109.6167221069336|10|578
108.8996810913086|10|579
102.83169555664062|10|580
100.85765838623047|11|581
206.76011657714844|11|582
378.67486572265625|8|583
339.2948913574219|7|584
278.0174255371094|6|585
178.22113037109375|5|586
147.91326904296875|17|587
142.23681640625|17|588
145.258056640625|17|589
140.9528350830078|17|590
135.8385009765625|17|591
140.23464965820312|17|592
148.43829345703125|17|593
202.09828186035156|17|594
268.9417724609375|9|595
385.1932373046875|8|596
348.15673828125|7|597
267.7231140136719|6|598
169.5941162109375|5|599
123.48759460449219|5|600
115.32331848144531|17|601
114.52982330322266|17|602
109.70069122314453|17|603
102.58988189697266|17|604
98.94296264648438|17|605
103.80303192138672|27|606
110.83624267578125|27|607
238.3423614501953|9|608
406.74066162109375|8|609
342.2771911621094|7|610
261.9225769042969|6|611
164.2385711669922|5|612
110.84821319580078|5|613
92.28157043457031|9|614
88.81076049804688|9|615
89.1201400756836|9|616
93.70578002929688|9|617
97.5397720336914|9|618
98.5379638671875|9|619
140.01840209960938|17|620
260.4078674316406|8|621
419.24969482421875|8|622
318.2801818847656|7|623
248.049560546875|6|624
163.89321899414062|5|625
109.74314880371094|5|626
87.94184112548828|9|627
94.58740234375|52|628
93.59452056884766|9|629
89.1310806274414|9|630
82.67219543457031|9|631
138.9664306640625|54|632
152.65399169921875|55|633
248.0047607421875|10|634
369.9759826660156|8|635
306.5703430175781|7|636
218.36114501953125|6|637
139.7908477783203|5|638
123.18858337402344|18|639
138.1737060546875|18|640
141.9322967529297|18|641
144.00001525878906|18|642
141.63929748535156|18|643
137.89047241210938|18|644
121.7020492553711|9|645
144.79696655273438|10|646
288.8707580566406|10|647
356.6345520019531|8|648
289.74505615234375|6|649
231.94898986816406|6|650
155.11468505859375|5|651
121.46598052978516|18|652
123.65330505371094|9|653
126.86763000488281|9|654
126.17981719970703|9|655
126.72777557373047|9|656
128.5846405029297|18|657
142.154541015625|18|658
170.4197998046875|10|659
298.25152587890625|10|660
352.73028564453125|8|661
292.3175354003906|6|662
221.1936492919922|6|663
152.54266357421875|5|664
111.70336151123047|18|665
104.78234100341797|18|666
100.76248168945312|18|667
102.51885223388672|9|668
107.04866790771484|32|669
109.16106414794922|18|670
132.23179626464844|18|671
173.50921630859375|18|672
273.27734375|9|673
332.87188720703125|8|674
285.802001953125|6|675
206.8341522216797|6|676
146.41912841796875|5|677
113.89325714111328|54|678
115.86100006103516|27|679
108.03052520751953|27|680
102.5477294921875|9|681
108.30916595458984|9|682
113.47029113769531|9|683
110.60486602783203|9|684
170.73606872558594|11|685
337.06732177734375|8|686
373.3592224121094|8|687
297.2518310546875|6|688
195.9136199951172|6|689
149.5827178955078|5|690
132.7921142578125|11|691
135.9217071533203|11|692
135.56520080566406|11|693
127.1170425415039|11|694
119.27643585205078|11|695
106.1756820678711|11|696
115.97785186767578|12|697
173.33546447753906|12|698
354.5198059082031|9|699
379.42999267578125|7|700
290.1097412109375|6|701
181.288818359375|6|702
134.72865295410156|5|703
111.30662536621094|11|704
109.93389129638672|11|705
116.9258041381836|12|706
118.88641357421875|11|707
118.70074462890625|11|708
115.0501937866211|11|709
123.97251892089844|12|710
184.02061462402344|10|711
349.43310546875|9|712
349.5454406738281|7|713
285.9239196777344|6|714
181.83909606933594|6|715
136.51272583007812|5|716
132.40176391601562|12|717
130.424072265625|11|718
129.78964233398438|11|719
125.69265747070312|11|720
121.44816589355469|11|721
121.59371185302734|12|722
138.8274383544922|12|723
197.54824829101562|12|724
367.3678283691406|8|725
355.0892639160156|7|726
279.1554870605469|6|727
172.41790771484375|6|728
122.37261962890625|5|729
98.3046646118164|11|730
97.95873260498047|11|731
100.47306823730469|11|732
108.1557388305664|11|733
115.31312561035156|11|734
119.88050842285156|11|735
117.13357543945312|12|736
206.58518981933594|10|737
380.084228515625|8|738
350.1997375488281|7|739
271.8323059082031|6|740
168.32431030273438|5|741
160.9234619140625|10|742
176.136962890625|10|743
169.14321899414062|10|744
165.5423126220703|10|745
167.55760192871094|10|746
167.78274536132812|10|747
165.95973205566406|10|748
118.79327392578125|10|749
244.61000061035156|9|750
382.9105529785156|8|751
339.6383361816406|7|752
266.7933349609375|6|753
171.77545166015625|5|754
133.8694305419922|10|755
133.1121063232422|10|756
129.3585662841797|10|757
127.08879852294922|10|758
124.52889251708984|10|759
118.80428314208984|10|760
117.71565246582031|20|761
138.4510498046875|20|762
269.0579528808594|10|763
373.3970642089844|8|764
334.9864501953125|7|765
260.04412841796875|6|766
172.14549255371094|5|767
131.2904052734375|10|768
129.96421813964844|10|769
131.66053771972656|10|770
137.8783416748047|10|771
138.38287353515625|10|772
136.26998901367188|10|773
134.27027893066406|10|774
126.45101165771484|10|775
263.73681640625|10|776
395.0224914550781|8|777
331.4458923339844|7|778
250.93418884277344|6|779
148.8177032470703|5|780
117.66036224365234|10|781
116.61117553710938|10|782
114.407470703125|10|783
122.20606231689453|10|784
124.5949478149414|10|785
121.0390853881836|10|786
120.24080657958984|20|787
150.54037475585938|20|788
253.2372589111328|9|789
376.3869934082031|8|790
306.6075134277344|7|791
244.17127990722656|6|792
162.70252990722656|5|793
111.98313903808594|5|794
95.09038543701172|9|795
98.37881469726562|9|796
94.69947052001953|9|797
92.83413696289062|9|798
95.53631591796875|34|799
110.52024841308594|34|800
122.83689880371094|9|801
318.2746276855469|9|802
377.9184265136719|8|803
299.6946105957031|7|804
228.53810119628906|6|805
152.91220092773438|5|806
112.72090911865234|8|807
103.55038452148438|9|808
99.13327026367188|9|809
103.57807159423828|9|810
117.7682876586914|17|811
123.01741790771484|17|812
124.16795349121094|17|813
168.84255981445312|17|814
317.2324523925781|9|815
381.42327880859375|8|816
289.6770324707031|6|817
220.95321655273438|6|818
157.3302764892578|5|819
137.6427764892578|17|820
135.5941619873047|17|821
133.5516815185547|17|822
125.77214050292969|17|823
121.21720886230469|17|824
118.81547546386719|17|825
105.99699401855469|18|826
134.76998901367188|12|827
317.6044921875|9|828
391.22705078125|8|829
290.6130065917969|6|830
212.2703094482422|6|831
149.259765625|5|832
109.0711898803711|6|833
99.51639556884766|55|834
101.13082885742188|9|835
100.7999038696289|9|836
98.80287170410156|9|837
118.82256317138672|55|838
94.12201690673828|9|839
151.74459838867188|10|840
301.4820251464844|9|841
363.6758117675781|8|842
292.42059326171875|6|843
199.3323516845703|6|844
150.20315551757812|5|845
114.44091033935547|9|846
120.23548126220703|9|847
119.93875885009766|9|848
123.26110076904297|9|849
120.61659240722656|9|850
116.68811798095703|9|851
143.3907470703125|18|852
192.0241241455078|10|853
324.8637390136719|9|854
344.720703125|7|855
281.3011474609375|6|856
186.9178466796875|6|857
129.378173828125|5|858
108.99061584472656|9|859
116.0448226928711|9|860
119.81344604492188|9|861
121.26270294189453|9|862
121.42910766601562|9|863
122.39664459228516|9|864
117.1950454711914|9|865
205.61012268066406|10|866
333.4295959472656|8|867
360.2794189453125|7|868
287.7650451660156|6|869
180.55345153808594|6|870
140.70077514648438|5|871
110.9234619140625|9|872
104.4087905883789|9|873
100.93971252441406|9|874
100.0037841796875|9|875
99.44973754882812|9|876
99.41233825683594|9|877
86.14551544189453|9|878
177.90347290039062|11|879
362.19268798828125|8|880
349.57342529296875|7|881
293.7544250488281|6|882
187.0652618408203|6|883
137.3546600341797|5|884
103.96736907958984|18|885
108.37037658691406|18|886
103.87326049804688|18|887
105.87987518310547|18|888
103.46548461914062|18|889
103.56652069091797|9|890
122.38014221191406|55|891
207.77195739746094|9|892
368.070556640625|8|893
350.2113037109375|7|894
276.4131774902344|6|895
178.7933349609375|6|896
141.40780639648438|11|897
146.6817626953125|11|898
141.61428833007812|11|899
141.35647583007812|11|900
137.35508728027344|11|901
132.05772399902344|11|902
142.51675415039062|23|903
180.4174041748047|23|904
230.59088134765625|12|905
390.7801208496094|8|906
351.15655517578125|7|907
266.68670654296875|6|908
169.4569854736328|5|909
144.75181579589844|23|910
139.87570190429688|23|911
140.75978088378906|23|912
140.09030151367188|23|913
128.39822387695312|23|914
125.03309631347656|23|915
136.45639038085938|23|916
167.1451873779297|23|917
229.64556884765625|9|918
379.44866943359375|8|919
335.90631103515625|7|920
264.7875061035156|6|921
169.87242126464844|5|922
124.17313385009766|11|923
122.64583587646484|11|924
131.32321166992188|11|925
130.90621948242188|11|926
126.97201538085938|11|927
127.70203399658203|11|928
123.85333251953125|11|929
133.71221923828125|23|930
281.8060302734375|10|931
386.50750732421875|8|932
329.84674072265625|7|933
252.51039123535156|6|934
160.1563720703125|5|935
119.28299713134766|11|936
108.65956115722656|11|937
123.56190490722656|82|938
112.53395080566406|11|939
102.63217163085938|11|940
99.25043487548828|11|941
97.3875961303711|11|942
122.75830841064453|11|943
258.22515869140625|10|944
383.4322204589844|8|945
303.9143981933594|7|946
240.2101593017578|6|947
159.10745239257812|5|948
135.32676696777344|10|949
145.5192413330078|10|950
148.7237091064453|10|951
151.53048706054688|10|952
166.83700561523438|82|953
161.35049438476562|10|954
151.75831604003906|10|955
133.86004638671875|21|956
299.2991638183594|9|957
396.6078796386719|8|958
287.0198059082031|7|959
228.41131591796875|6|960
162.92849731445312|5|961
142.7128448486328|10|962
149.86734008789062|10|963
144.6719970703125|10|964
136.68228149414062|10|965
135.75738525390625|10|966
133.09164428710938|10|967
126.9964599609375|10|968
169.13446044921875|10|969
308.9617614746094|9|970
385.21710205078125|8|971
294.2835388183594|6|972
228.44644165039062|6|973
151.80105590820312|5|974
108.41947937011719|10|975
112.83589935302734|10|976
123.02303314208984|10|977
121.49907684326172|10|978
121.86516571044922|10|979
119.5926284790039|10|980
116.73114776611328|10|981
176.18972778320312|11|982
286.515380859375|10|983
370.1344299316406|8|984
288.9931945800781|6|985
214.6153106689453|6|986
140.63394165039062|5|987
126.63025665283203|10|988
126.90877532958984|10|989
127.06800842285156|10|990
127.05525207519531|10|991
125.89179992675781|10|992
124.49769592285156|10|993
110.90404510498047|10|994
142.03561401367188|12|995
337.0184020996094|9|996
365.9083557128906|8|997
295.23345947265625|6|998
213.63523864746094|6|999
160.951171875|17|1000
160.14852905273438|17|1001
152.39508056640625|17|1002
150.34124755859375|17|1003
152.21693420410156|17|1004
149.0039825439453|17|1005
147.4485626220703|17|1006
170.7627716064453|17|1007
201.00018310546875|17|1008
335.42999267578125|9|1009
343.93072509765625|7|1010
279.9434814453125|6|1011
194.55702209472656|6|1012
141.37411499023438|17|1013
125.0042495727539|17|1014
118.1063232421875|17|1015
123.63558197021484|17|1016
124.03136444091797|17|1017
112.16310119628906|17|1018
104.76332092285156|9|1019
103.1649169921875|18|1020
148.7887725830078|11|1021
332.29937744140625|9|1022
362.02276611328125|7|1023
285.4237060546875|6|1024
180.88006591796875|6|1025
139.28323364257812|5|1026
128.16604614257812|17|1027
129.7493896484375|17|1028
133.78106689453125|17|1029
138.46961975097656|17|1030
138.05018615722656|17|1031
131.98095703125|17|1032
149.80982971191406|17|1033
174.5836181640625|11|1034
350.9901428222656|8|1035
350.2751770019531|7|1036
268.2191162109375|6|1037
175.59556579589844|5|1038
143.01809692382812|17|1039
143.45201110839844|17|1040
133.9608917236328|17|1041
120.9495849609375|17|1042
112.2942123413086|17|1043
105.3460922241211|17|1044
93.13419342041016|17|1045
82.84272003173828|9|1046
40.5275993347168|9|1047
45.494815826416016|81|1048
43.74325180053711|56|1049
112.03917694091797|9|1050
171.9075469970703|9|1051
180.15269470214844|9|1052
175.36647033691406|9|1053
171.41616821289062|9|1054
170.43899536132812|9|1055
173.16600036621094|9|1056
176.58853149414062|9|1057
177.18299865722656|9|1058
176.5203399658203|9|1059
174.55450439453125|9|1060
172.64297485351562|9|1061
170.85325622558594|9|1062
169.47633361816406|9|1063
170.16197204589844|9|1064
170.88536071777344|9|1065
170.70370483398438|9|1066
169.64547729492188|9|1067
169.57688903808594|9|1068
170.34713745117188|9|1069
167.79635620117188|9|1070
163.69589233398438|9|1071
160.2637939453125|9|1072
159.8367462158203|9|1073
160.76834106445312|9|1074
158.5819854736328|9|1075
156.17453002929688|9|1076
160.97608947753906|9|1077
165.28335571289062|9|1078
161.70584106445312|9|1079
159.67149353027344|9|1080
159.8437042236328|9|1081
158.1719512939453|9|1082
158.7782745361328|9|1083
158.2786407470703|9|1084
157.05833435058594|9|1085
155.9512481689453|9|1086
149.4678955078125|9|1087
143.67169189453125|9|1088
145.5242462158203|9|1089
148.2786102294922|9|1090
151.1294708251953|9|1091
157.58462524414062|9|1092
159.9451904296875|9|1093
154.3298797607422|9|1094
155.42417907714844|9|1095
158.60618591308594|9|1096
142.1139678955078|9|1097
87.53569030761719|10|1098
76.98023986816406|23|1099
77.51156616210938|23|1100
90.11210632324219|92|1101
164.29928588867188|11|1102
200.095458984375|11|1103
196.51573181152344|11|1104
187.96246337890625|11|1105
197.37562561035156|11|1106
198.498779296875|11|1107
193.3837890625|11|1108
199.25567626953125|11|1109
206.92019653320312|11|1110
203.10101318359375|11|1111
193.85751342773438|11|1112
199.58807373046875|11|1113
196.19883728027344|11|1114
189.47837829589844|11|1115
195.75961303710938|11|1116
194.66012573242188|11|1117
195.1531982421875|11|1118
187.5360107421875|11|1119
187.48846435546875|11|1120
197.95928955078125|11|1121
198.47056579589844|11|1122
198.5075225830078|11|1123
199.11244201660156|11|1124
206.42376708984375|11|1125
207.5402374267578|11|1126
200.2439727783203|11|1127
193.75425720214844|11|1128
200.05250549316406|11|1129
203.53237915039062|11|1130
205.2323455810547|11|1131
204.82528686523438|11|1132
199.7398681640625|11|1133
195.80596923828125|11|1134
200.4102783203125|11|1135
195.75381469726562|11|1136
206.8319854736328|12|1137
219.8199462890625|12|1138
227.605224609375|11|1139
225.13369750976562|11|1140
227.4899139404297|11|1141
224.162841796875|11|1142
228.7790985107422|11|1143
227.3344268798828|11|1144
227.85035705566406|11|1145
231.9858856201172|11|1146
232.1139373779297|11|1147
228.39268493652344|11|1148
226.4865264892578|11|1149
206.63214111328125|11|1150
228.493408203125|10|1151
203.01499938964844|10|1152
99.57695007324219|10|1153
88.10322570800781|69|1154
79.16334533691406|55|1155
73.51361083984375|55|1156
74.33099365234375|54|1157
77.01976776123047|54|1158
60.4071044921875|20|1159
63.546730041503906|20|1160
63.97127914428711|20|1161
50.01018524169922|58|1162
115.52978515625|10|1163
173.4582061767578|10|1164
182.72958374023438|10|1165
185.88975524902344|10|1166
184.53521728515625|10|1167
182.62033081054688|10|1168
185.08399963378906|10|1169
185.75860595703125|10|1170
183.76449584960938|10|1171
185.52957153320312|10|1172
188.04327392578125|10|1173
189.998046875|10|1174
191.74710083007812|10|1175
190.97958374023438|10|1176
186.73260498046875|10|1177
180.28530883789062|10|1178
181.20162963867188|10|1179
185.8860321044922|10|1180
187.4279327392578|10|1181
188.90304565429688|10|1182
189.7920379638672|10|1183
187.8397979736328|10|1184
188.2595672607422|10|1185
191.5886993408203|10|1186
192.8817901611328|10|1187
189.8542022705078|10|1188
189.44187927246094|10|1189
188.2871551513672|10|1190
180.91896057128906|10|1191
176.60267639160156|10|1192
181.8361053466797|10|1193
180.7478790283203|10|1194
176.70790100097656|10|1195
182.2097930908203|10|1196
185.6702423095703|10|1197
183.51612854003906|10|1198
179.95510864257812|10|1199
184.55763244628906|10|1200
176.57984924316406|10|1201
127.02667999267578|9|1202
99.02372741699219|123|1203
101.84797668457031|122|1204
95.96043395996094|9|1205
99.7868423461914|9|1206
95.39091491699219|9|1207
87.3741455078125|9|1208
90.20842742919922|9|1209
107.76496887207031|52|1210
100.00728607177734|52|1211
114.51460266113281|27|1212
121.26033020019531|27|1213
90.57185363769531|27|1214
126.03975677490234|61|1215
152.77708435058594|61|1216
121.12647247314453|17|1217
126.11610412597656|17|1218
131.532470703125|17|1219
130.3905487060547|17|1220
128.37538146972656|17|1221
127.68988037109375|17|1222
123.89818572998047|17|1223
122.93150329589844|17|1224
129.3947296142578|17|1225
127.32435607910156|17|1226
117.35682678222656|17|1227
119.24221801757812|17|1228
135.8092803955078|17|1229
137.78213500976562|17|1230
126.68718719482422|17|1231
131.28285217285156|17|1232
138.35659790039062|17|1233
130.4813995361328|17|1234
126.37673950195312|17|1235
128.0555877685547|17|1236
124.60701751708984|17|1237
124.80670928955078|17|1238
125.66358184814453|17|1239
96.68533325195312|17|1240
85.68666076660156|96|1241
48.111480712890625|61|1242
78.21923065185547|61|1243
92.3061752319336|61|1244
92.23567199707031|61|1245
89.35800170898438|61|1246
102.46426391601562|30|1247
87.98420715332031|30|1248
37.1063232421875|29|1249
37.79121398925781|123|1250
92.59330749511719|123|1251
96.45553588867188|123|1252
131.5813446044922|10|1253
253.87954711914062|9|1254
321.1333312988281|9|1255
301.6032409667969|9|1256
284.111083984375|9|1257
292.02117919921875|9|1258
289.3091735839844|9|1259
279.45648193359375|9|1260
283.8213806152344|9|1261
285.7145690917969|9|1262
281.58612060546875|9|1263
289.6406555175781|9|1264
294.2782287597656|9|1265
289.052734375|9|1266
286.4461975097656|9|1267
288.5265808105469|9|1268
289.54046630859375|9|1269
291.4935302734375|9|1270
302.2284240722656|9|1271
304.7916564941406|9|1272
297.2225341796875|9|1273
290.8555908203125|9|1274
287.5215759277344|9|1275
285.42132568359375|9|1276
282.8068542480469|9|1277
281.9841003417969|9|1278
211.71707153320312|9|1279
197.8350067138672|15|1280
207.33677673339844|9|1281
308.6135559082031|9|1282
389.17547607421875|9|1283
385.2066650390625|9|1284
300.0688171386719|9|1285
278.4481201171875|9|1286
276.4927673339844|9|1287
283.0746765136719|9|1288
281.14306640625|9|1289
275.9462890625|9|1290
245.3121795654297|9|1291