Say my name
David Guetta

EDM
say_my_name
2049x1292
1292

4.4934942707186565e-05|1897|0
0.00011708615784300491|1898|1
0.00017671805107966065|1600|2
0.0002109742199536413|1600|3
0.00022762360458727926|1600|4
0.00022744803573004901|1600|5
0.00022798946883995086|1600|6
0.00022717323736287653|1600|7
0.00022693125356454402|1600|8
0.00022722824360243976|1600|9
0.00022702114074490964|1600|10
0.00022639009694103152|1600|11
0.00022585577971767634|1600|12
0.00022821957827545702|1600|13
0.00023022231471259147|1600|14
0.00022847155923955142|1600|15
0.00022709480253979564|1600|16
0.0002265678340336308|1600|17
0.00022620194067712873|1600|18
0.00022662065748590976|1790|19
0.0002253148122690618|1600|20
0.00022500011255033314|1600|21
0.00022672048362437636|1790|22
0.00022714113583788276|1600|23
0.00022613901819568127|1600|24
0.0002270016266265884|1600|25
0.0002285586524521932|1600|26
0.00022774293029215187|1600|27
0.00022506936511490494|1600|28
0.0027697577606886625|25|29
0.7890841960906982|18|30
51.44245147705078|15|31
277.519775390625|11|32
548.259765625|10|33
593.3150634765625|9|34
466.4165954589844|9|35
256.7863464355469|9|36
106.45076751708984|87|37
146.32826232910156|87|38
102.10072326660156|87|39
40.68032455444336|87|40
67.79781341552734|103|41
146.3795623779297|104|42
153.52471923828125|67|43
104.29570770263672|67|44
114.71309661865234|12|45
396.00128173828125|10|46
549.3359375|10|47
565.1145629882812|9|48
386.8305358886719|9|49
189.39138793945312|9|50
141.80471801757812|131|51
153.2857208251953|131|52
59.344234466552734|130|53
76.54994201660156|207|54
79.83306884765625|207|55
80.87938690185547|132|56
81.18047332763672|130|57
58.884300231933594|14|58
297.2031555175781|11|59
558.67138671875|10|60
589.3888549804688|9|61
450.8285827636719|9|62
243.0847625732422|9|63
85.03034210205078|9|64
61.64818572998047|69|65
46.15823745727539|69|66
115.07434844970703|117|67
169.01708984375|117|68
117.79185485839844|117|69
153.53582763671875|67|70
102.51740264892578|67|71
130.73361206054688|12|72
423.90460205078125|10|73
549.4786987304688|10|74
555.8213500976562|9|75
373.73248291015625|9|76
179.1558380126953|9|77
51.26639175415039|9|78
15.115723609924316|43|79
13.84177017211914|43|80
11.19594955444336|43|81
8.35261344909668|43|82
5.766371726989746|43|83
3.28991436958313|44|84
66.62612915039062|14|85
308.1244812011719|10|86
552.141357421875|10|87
577.8590087890625|9|88
436.1465148925781|9|89
233.47225952148438|9|90
195.79441833496094|131|91
127.11875915527344|131|92
53.692447662353516|132|93
81.78269958496094|104|94
131.2230682373047|104|95
111.85160827636719|104|96
145.5067138671875|67|97
90.18179321289062|67|98
142.969482421875|12|99
443.7568359375|10|100
560.92138671875|9|101
555.8250122070312|9|102
369.3131103515625|9|103
170.82875061035156|9|104
46.4979248046875|9|105
18.64653968811035|78|106
13.673580169677734|77|107
12.753599166870117|78|108
9.54632568359375|78|109
4.28367280960083|78|110
2.228093147277832|38|111
5.134209632873535|28|112
93.49575805664062|13|113
352.2130432128906|10|114
548.767822265625|10|115
580.2440795898438|9|116
409.8589782714844|9|117
203.32659912109375|9|118
62.83641052246094|9|119
23.14665412902832|49|120
17.173856735229492|49|121
12.065269470214844|33|122
41.46247100830078|65|123
135.64364624023438|66|124
151.3016815185547|67|125
79.7270736694336|67|126
187.45751953125|11|127
490.40045166015625|10|128
579.0294189453125|9|129
526.0111083984375|9|130
330.62933349609375|9|131
145.787109375|9|132
35.31453323364258|9|133
29.169034957885742|82|134
18.502431869506836|20|135
15.077252388000488|20|136
12.034259796142578|20|137
7.9394850730896|20|138
7.066337585449219|31|139
101.66181945800781|12|140
381.1269226074219|10|141
559.9700317382812|10|142
568.1293334960938|9|143
397.42193603515625|9|144
193.8082275390625|9|145
128.9422607421875|87|146
141.92495727539062|87|147
81.03324890136719|87|148
31.349287033081055|87|149
97.9246597290039|103|150
149.4679718017578|104|151
142.05079650878906|67|152
73.94132995605469|67|153
198.8727569580078|11|154
483.8954162597656|10|155
578.1549072265625|9|156
519.6898193359375|9|157
319.65289306640625|9|158
137.2210693359375|9|159
159.91610717773438|131|160
122.73076629638672|131|161
44.80021286010742|207|162
81.4441146850586|207|163
67.54948425292969|207|164
84.54130554199219|130|165
68.88292694091797|130|166
117.09579467773438|12|167
408.1770324707031|10|168
569.0349731445312|10|169
566.6177368164062|9|170
380.3139343261719|9|171
179.02041625976562|9|172
69.74263000488281|69|173
54.92322540283203|69|174
52.33695983886719|117|175
142.1516876220703|117|176
166.61729431152344|117|177
142.58047485351562|66|178
146.85794067382812|67|179
71.30587768554688|67|180
224.31578063964844|11|181
522.6801147460938|10|182
590.337890625|9|183
510.4031066894531|9|184
307.3330078125|9|185
128.16363525390625|9|186
26.899003982543945|9|187
14.814298629760742|43|188
13.101034164428711|43|189
10.259666442871094|43|190
7.500073432922363|43|191
4.931575775146484|43|192
10.924057006835938|27|193
125.81314849853516|12|194
424.046630859375|10|195
552.1801147460938|10|196
546.6610717773438|9|197
367.4981994628906|9|198
226.82203674316406|131|199
181.4068603515625|131|200
100.19149017333984|131|201
45.61697006225586|132|202
102.57275390625|104|203
130.08740234375|104|204
142.3353729248047|66|205
145.43605041503906|67|206
68.99303436279297|67|207
243.58116149902344|11|208
537.0054931640625|10|209
589.3118896484375|9|210
496.1844787597656|9|211
298.702392578125|9|212
123.30001068115234|9|213
26.70901870727539|78|214
15.576783180236816|78|215
12.157302856445312|78|216
16.168804168701172|79|217
93.43807220458984|65|218
152.2102813720703|66|219
114.86437225341797|67|220
77.59368133544922|12|221
347.5202331542969|10|222
546.030029296875|10|223
557.6882934570312|9|224
324.8298645019531|9|225
261.1476135253906|10|226
501.330810546875|10|227
572.2381591796875|9|228
476.8789367675781|9|229
224.4791259765625|10|230
336.3002624511719|10|231
535.067138671875|10|232
552.1751098632812|9|233
343.936279296875|9|234
239.49163818359375|10|235
451.41094970703125|10|236
528.3491821289062|9|237
463.4392395019531|9|238
203.47024536132812|9|239
70.22797393798828|82|240
32.25197982788086|20|241
39.07794952392578|84|242
151.4536590576172|85|243
181.57736206054688|85|244
103.35977172851562|87|245
123.48761749267578|87|246
120.34671020507812|43|247
124.22196197509766|86|248
263.2109375|10|249
508.7052917480469|10|250
549.0631103515625|9|251
434.0863342285156|9|252
245.923828125|9|253
93.61023712158203|87|254
112.09126281738281|88|255
164.82298278808594|115|256
182.53172302246094|115|257
87.25294494628906|103|258
105.83346557617188|65|259
132.3224639892578|66|260
91.34130859375|67|261
134.02708435058594|12|262
436.7422180175781|10|263
550.00927734375|10|264
545.6185913085938|9|265
386.1138916015625|9|266
192.24497985839844|9|267
130.58889770507812|43|268
88.49799346923828|66|269
118.82123565673828|67|270
122.7502670288086|67|271
117.58196258544922|43|272
98.91752624511719|66|273
68.32376861572266|45|274
37.22853088378906|26|275
211.02651977539062|11|276
459.8699645996094|10|277
503.0223388671875|9|278
434.68890380859375|9|279
268.86566162109375|9|280
113.08909606933594|9|281
94.3695297241211|204|282
58.59039306640625|117|283
72.75196838378906|117|284
80.95643615722656|44|285
84.94197845458984|65|286
145.21731567382812|103|287
112.97589111328125|51|288
108.91788482666016|50|289
382.2693176269531|10|290
572.3390502929688|10|291
565.5152587890625|9|292
422.4270324707031|9|293
225.4643096923828|9|294
76.23553466796875|9|295
73.1766586303711|65|296
143.8836669921875|66|297
179.43397521972656|87|298
188.75167846679688|86|299
128.53695678710938|87|300
131.20755004882812|87|301
130.37371826171875|87|302
185.62330627441406|11|303
471.27777099609375|10|304
535.0462646484375|9|305
499.65838623046875|9|306
337.6268005371094|9|307
160.48695373535156|9|308
40.98591232299805|9|309
83.83829498291016|116|310
157.12998962402344|104|311
138.7111358642578|104|312
151.5567169189453|131|313
136.0841522216797|66|314
120.80369567871094|86|315
143.87796020507812|85|316
313.55926513671875|11|317
574.2833251953125|10|318
607.8560180664062|9|319
483.5807800292969|9|320
272.0621337890625|9|321
102.54576110839844|9|322
74.03429412841797|46|323
123.6684799194336|66|324
117.70510864257812|67|325
69.6539535522461|46|326
38.16975021362305|47|327
28.148887634277344|42|328
19.39226722717285|43|329
150.08746337890625|12|330
448.6036071777344|10|331
575.0009765625|10|332
570.3492431640625|9|333
392.6495666503906|9|334
191.16502380371094|9|335
164.66717529296875|84|336
137.2461700439453|84|337
160.2167510986328|43|338
184.8393096923828|44|339
183.44361877441406|44|340
189.0793914794922|87|341
223.4848175048828|87|342
167.3657684326172|86|343
251.6349334716797|11|344
543.6880493164062|10|345
589.9677734375|9|346
508.6331787109375|9|347
311.359619140625|9|348
130.28005981445312|9|349
48.45003128051758|49|350
122.25128173828125|43|351
182.3182830810547|43|352
174.94610595703125|43|353
171.69410705566406|43|354
123.19066619873047|43|355
47.977195739746094|44|356
85.06501770019531|13|357
339.96075439453125|10|358
538.3475952148438|10|359
556.1798706054688|9|360
405.54693603515625|9|361
211.95787048339844|9|362
97.62757873535156|88|363
104.72018432617188|88|364
111.19342041015625|87|365
101.3784408569336|87|366
106.84778594970703|104|367
108.55647277832031|66|368
124.31334686279297|67|369
72.31216430664062|67|370
182.1529541015625|11|371
482.65069580078125|10|372
556.9645385742188|9|373
520.8078002929688|9|374
343.1228942871094|9|375
197.08901977539062|131|376
319.1270446777344|131|377
277.1780700683594|131|378
158.39181518554688|131|379
98.48898315429688|46|380
115.82859802246094|131|381
129.9486541748047|131|382
83.47516632080078|47|383
51.986366271972656|16|384
268.2577209472656|11|385
499.240966796875|10|386
518.9661254882812|9|387
411.2506103515625|9|388
236.47203063964844|9|389
90.8827896118164|9|390
68.83366394042969|139|391
89.94498443603516|74|392
75.04132843017578|79|393
60.40819549560547|78|394
111.73464965820312|65|395
128.10813903808594|66|396
88.25122833251953|67|397
149.26930236816406|12|398
452.3941345214844|10|399
563.7693481445312|10|400
550.7164916992188|9|401
384.5161437988281|9|402
190.14425659179688|9|403
150.7387237548828|43|404
146.52301025390625|43|405
141.91656494140625|66|406
107.60765075683594|67|407
77.09284210205078|43|408
72.73015594482422|48|409
104.0025634765625|48|410
59.46139907836914|47|411
247.76824951171875|11|412
539.0364990234375|10|413
592.1337890625|9|414
513.130859375|9|415
313.6864013671875|9|416
130.21022033691406|9|417
25.975257873535156|9|418
83.21160888671875|104|419
144.78884887695312|104|420
126.01031494140625|104|421
92.15723419189453|65|422
141.19839477539062|66|423
102.80815124511719|67|424
96.41590118408203|12|425
387.49627685546875|10|426
584.4173583984375|10|427
589.4473266601562|9|428
437.99755859375|9|429
232.43423461914062|9|430
78.9565200805664|9|431
67.66932678222656|65|432
137.81800842285156|66|433
116.00017547607422|67|434
61.081172943115234|23|435
26.70233154296875|23|436
7.419426441192627|67|437
22.184268951416016|17|438
192.6693115234375|11|439
497.0360412597656|10|440
577.1015014648438|9|441
544.4714965820312|9|442
354.11553955078125|9|443
160.38909912109375|9|444
101.84737396240234|192|445
119.50337982177734|193|446
180.4164276123047|147|447
137.13526916503906|146|448
126.1724624633789|97|449
139.54786682128906|66|450
121.78154754638672|67|451
64.0523681640625|14|452
303.830078125|11|453
524.9476318359375|10|454
501.4606628417969|9|455
492.3523254394531|9|456
382.4498291015625|9|457
268.8650817871094|8|458
229.3653106689453|8|459
224.4591064453125|8|460
226.4585723876953|8|461
230.8138885498047|8|462
215.27740478515625|8|463
139.29481506347656|43|464
109.38690948486328|43|465
159.1686248779297|19|466
400.16510009765625|10|467
471.52691650390625|9|468
505.428955078125|9|469
360.9855651855469|9|470
166.30624389648438|22|471
167.23411560058594|88|472
165.91531372070312|22|473
161.32882690429688|22|474
150.63323974609375|22|475
146.665771484375|104|476
120.91639709472656|104|477
102.0964584350586|67|478
51.688053131103516|67|479
233.28903198242188|11|480
520.4698486328125|10|481
572.0855102539062|9|482
485.30511474609375|9|483
297.4545593261719|9|484
161.00241088867188|87|485
240.66163635253906|131|486
192.8598175048828|131|487
176.9363555908203|16|488
219.0972137451172|16|489
208.40638732910156|8|490
176.23216247558594|8|491
123.39958953857422|8|492
141.49102783203125|8|493
304.76190185546875|11|494
461.9598083496094|10|495
513.2901000976562|9|496
388.6960754394531|9|497
215.529541015625|7|498
225.00450134277344|7|499
239.1977996826172|7|500
230.7122802734375|7|501
205.4475860595703|7|502
138.70199584960938|7|503
116.77597045898438|103|504
215.84146118164062|103|505
190.1341094970703|103|506
204.1173858642578|11|507
513.0018310546875|10|508
575.853515625|9|509
530.1212768554688|9|510
344.72735595703125|9|511
158.2942657470703|9|512
104.66143035888672|48|513
104.10887908935547|66|514
141.66250610351562|66|515
107.02104949951172|43|516
88.29608154296875|44|517
43.405391693115234|44|518
21.356931686401367|103|519
59.29768371582031|13|520
292.49700927734375|11|521
542.80908203125|10|522
565.0294799804688|9|523
462.2218017578125|9|524
253.50982666015625|9|525
207.6043243408203|7|526
199.4240264892578|6|527
198.63998413085938|6|528
187.6829071044922|7|529
165.4701385498047|6|530
119.2398681640625|6|531
121.92524719238281|67|532
87.40440368652344|67|533
135.85519409179688|12|534
438.4584655761719|10|535
560.4967041015625|10|536
563.2828369140625|9|537
390.8754577636719|9|538
191.27938842773438|9|539
56.29600524902344|9|540
86.05889129638672|58|541
167.5928955078125|26|542
146.83761596679688|26|543
209.7618408203125|7|544
204.9270477294922|7|545
129.23472595214844|7|546
112.1776123046875|13|547
238.84011840820312|11|548
544.2101440429688|10|549
613.1005859375|9|550
499.9140319824219|9|551
306.3379821777344|9|552
200.92543029785156|6|553
219.65133666992188|6|554
208.91761779785156|6|555
150.280029296875|6|556
64.6112060546875|50|557
136.63113403320312|50|558
139.53826904296875|66|559
102.10931396484375|67|560
104.99159240722656|12|561
395.96142578125|10|562
606.319580078125|10|563
612.790771484375|9|564
362.8460998535156|9|565
204.87680053710938|16|566
212.29891967773438|16|567
220.69525146484375|8|568
230.6841278076172|8|569
237.2423553466797|8|570
242.98866271972656|8|571
219.94825744628906|8|572
152.69415283203125|8|573
119.00711822509766|8|574
163.7102508544922|11|575
389.1222229003906|10|576
492.9230041503906|9|577
460.48492431640625|9|578
300.36004638671875|9|579
179.13990783691406|22|580
181.7667694091797|22|581
181.08819580078125|22|582
180.0157928466797|22|583
179.1670379638672|11|584
169.55145263671875|11|585
128.41000366210938|11|586
106.31317138671875|67|587
108.24125671386719|42|588
292.5014343261719|11|589
533.2648315429688|10|590
554.9539794921875|9|591
439.6045837402344|9|592
253.91000366210938|9|593
188.6952667236328|130|594
210.57708740234375|132|595
126.31217956542969|132|596
161.04922485351562|16|597
209.85467529296875|16|598
185.94773864746094|8|599
148.59786987304688|8|600
108.42581939697266|8|601
140.33596801757812|12|602
358.57257080078125|10|603
495.9386901855469|9|604
492.7167663574219|9|605
286.3677978515625|9|606
227.88780212402344|8|607
251.65377807617188|7|608
238.89453125|7|609
214.60585021972656|7|610
216.17295837402344|116|611
116.04500579833984|116|612
120.94843292236328|66|613
160.22988891601562|43|614
146.29298400878906|43|615
255.362060546875|11|616
532.1871948242188|10|617
572.1986694335938|9|618
491.1753234863281|9|619
300.1414489746094|9|620
124.71749877929688|9|621
94.39390563964844|87|622
118.14665985107422|65|623
148.01718139648438|29|624
209.82972717285156|8|625
216.48744201660156|7|626
193.23690795898438|7|627
137.55604553222656|7|628
152.06430053710938|14|629
380.6119384765625|10|630
556.1962890625|10|631
555.1787109375|9|632
420.4631652832031|9|633
228.6359405517578|9|634
212.2451629638672|7|635
206.74951171875|6|636
196.15750122070312|6|637
187.98312377929688|6|638
158.2200469970703|6|639
119.66244506835938|66|640
137.6979522705078|67|641
78.62164306640625|67|642
207.12213134765625|11|643
520.3544311523438|10|644
607.4556274414062|9|645
565.7603149414062|9|646
363.5133056640625|9|647
162.68682861328125|9|648
52.058380126953125|64|649
119.860595703125|65|650
164.5570068359375|44|651
189.37860107421875|87|652
178.5941925048828|43|653
177.94326782226562|43|654
144.302001953125|44|655
150.18630981445312|95|656
142.80126953125|95|657
160.14544677734375|16|658
196.5946807861328|16|659
194.03704833984375|16|660
197.72935485839844|122|661
207.5846710205078|123|662
250.8087921142578|123|663
248.8122100830078|123|664
219.83392333984375|123|665
218.45826721191406|123|666
237.89596557617188|123|667
233.8791046142578|123|668
228.01083374023438|123|669
162.0164337158203|123|670
144.0830078125|131|671
189.3391571044922|16|672
215.24404907226562|16|673
230.68310546875|8|674
241.12530517578125|8|675
241.76998901367188|8|676
245.6049041748047|8|677
251.67881774902344|8|678
253.04237365722656|8|679
246.20143127441406|8|680
203.5251007080078|8|681
136.8457489013672|8|682
120.5896224975586|8|683
198.96653747558594|9|684
413.5382995605469|10|685
514.6329345703125|9|686
439.6608581542969|9|687
257.251953125|9|688
201.25059509277344|22|689
190.74415588378906|22|690
173.8571014404297|22|691
170.78079223632812|11|692
170.01832580566406|11|693
149.70565795898438|104|694
188.56475830078125|49|695
173.55728149414062|49|696
117.9661636352539|49|697
371.7628173828125|10|698
565.3734741210938|10|699
573.9853515625|9|700
426.1269226074219|9|701
223.50982666015625|9|702
191.26028442382812|131|703
201.9551544189453|131|704
142.67340087890625|51|705
203.86990356445312|51|706
174.17066955566406|13|707
193.93772888183594|7|708
210.93043518066406|97|709
116.7121810913086|49|710
195.1436004638672|12|711
431.80145263671875|10|712
509.56988525390625|9|713
427.1710510253906|9|714
256.8480529785156|9|715
237.89614868164062|8|716
249.94232177734375|7|717
238.8894500732422|7|718
247.59471130371094|87|719
192.9103546142578|86|720
112.90740966796875|14|721
133.1865692138672|66|722
115.3813705444336|67|723
69.02513122558594|14|724
329.70233154296875|11|725
600.396728515625|10|726
616.027587890625|9|727
477.58734130859375|9|728
267.7270202636719|9|729
141.8723907470703|49|730
132.6559295654297|49|731
121.79139709472656|66|732
163.88343811035156|29|733
221.2354736328125|14|734
204.4467010498047|8|735
171.41754150390625|7|736
96.18958282470703|14|737
163.23863220214844|13|738
417.4952697753906|10|739
527.3325805664062|9|740
493.39031982421875|9|741
348.9036865234375|9|742
188.44711303710938|7|743
210.74757385253906|7|744
197.39564514160156|6|745
199.4180908203125|76|746
221.66529846191406|77|747
150.0336456298828|77|748
131.4967498779297|66|749
124.88330841064453|67|750
63.07212448120117|67|751
270.4750061035156|11|752
580.302001953125|10|753
629.4805297851562|9|754
532.8180541992188|9|755
318.7290954589844|9|756
131.36424255371094|9|757
52.36687469482422|73|758
120.43309783935547|52|759
182.12155151367188|52|760
176.25445556640625|52|761
192.377685546875|7|762
165.34263610839844|7|763
175.69305419921875|153|764
140.68450927734375|13|765
356.1375732421875|10|766
558.048583984375|10|767
543.6630249023438|9|768
391.1580505371094|9|769
211.48709106445312|9|770
204.6610565185547|115|771
239.575439453125|115|772
246.96705627441406|116|773
270.74212646484375|116|774
266.2400817871094|116|775
124.54118347167969|116|776
128.33753967285156|67|777
123.06835174560547|119|778
197.70742797851562|11|779
499.98992919921875|10|780
559.9974975585938|9|781
516.96875|9|782
337.89678955078125|9|783
155.23191833496094|9|784
109.33897399902344|154|785
156.6658172607422|97|786
201.66795349121094|97|787
228.42564392089844|98|788
199.8248291015625|97|789
96.37031555175781|140|790
103.42377471923828|139|791
53.625511169433594|67|792
282.9064025878906|11|793
552.3582763671875|10|794
526.2547607421875|9|795
422.761474609375|9|796
271.0841064453125|10|797
185.8443145751953|22|798
181.06703186035156|22|799
173.11163330078125|22|800
164.4983673095703|22|801
147.5373077392578|11|802
127.0533218383789|11|803
116.23416900634766|67|804
116.1659927368164|104|805
154.819580078125|104|806
433.0162353515625|10|807
556.6492919921875|10|808
562.3373413085938|9|809
390.29833984375|9|810
190.314208984375|9|811
184.68385314941406|131|812
176.9491424560547|131|813
147.0725555419922|16|814
241.4603271484375|16|815
238.23695373535156|16|816
185.90953063964844|8|817
133.4253692626953|8|818
115.79444885253906|8|819
249.96099853515625|11|820
487.6531982421875|10|821
564.561767578125|9|822
420.92608642578125|9|823
265.518310546875|9|824
245.61419677734375|8|825
247.03553771972656|7|826
229.5845489501953|7|827
207.49978637695312|7|828
154.6073455810547|7|829
113.19365692138672|173|830
134.47935485839844|66|831
108.57659912109375|67|832
106.4391098022461|13|833
413.0237731933594|10|834
619.8934936523438|10|835
606.9166259765625|9|836
440.3738098144531|9|837
229.22752380371094|9|838
75.31043243408203|9|839
99.61481475830078|51|840
140.7728729248047|66|841
170.32308959960938|29|842
203.71649169921875|14|843
169.24276733398438|14|844
163.0286865234375|49|845
89.54849243164062|64|846
176.49537658691406|12|847
446.15069580078125|10|848
525.632080078125|9|849
499.4905090332031|9|850
338.95361328125|9|851
192.77255249023438|7|852
216.64755249023438|7|853
199.70372009277344|6|854
189.2375030517578|6|855
177.08322143554688|6|856
193.09202575683594|155|857
183.65077209472656|155|858
125.8804702758789|154|859
51.06277847290039|67|860
117.19485473632812|77|861
174.85728454589844|77|862
88.80001831054688|78|863
48.08518981933594|78|864
41.6554069519043|78|865
24.793214797973633|77|866
77.39832305908203|79|867
125.68267059326172|52|868
160.3516845703125|52|869
154.92987060546875|52|870
148.571533203125|155|871
150.1561737060547|154|872
162.2125244140625|153|873
173.50538635253906|103|874
426.4857177734375|10|875
540.035888671875|10|876
524.4754028320312|9|877
367.3412780761719|9|878
189.69505310058594|9|879
247.29661560058594|115|880
238.16371154785156|115|881
227.53269958496094|116|882
220.3944854736328|116|883
164.40480041503906|116|884
117.8930435180664|128|885
89.74738311767578|19|886
103.06935119628906|119|887
286.2241516113281|10|888
533.8532104492188|10|889
503.1018371582031|9|890
495.3655700683594|9|891
422.6241455078125|9|892
289.3385925292969|8|893
245.61460876464844|8|894
236.7884063720703|8|895
240.8199005126953|8|896
248.98806762695312|8|897
241.59487915039062|8|898
176.89547729492188|8|899
116.18502044677734|8|900
93.89547729492188|8|901
91.02526092529297|17|902
138.19313049316406|14|903
116.59603118896484|14|904
109.30750274658203|11|905
137.8861083984375|11|906
161.86651611328125|11|907
175.40985107421875|11|908
189.36228942871094|11|909
190.32212829589844|11|910
190.60403442382812|11|911
189.15748596191406|195|912
178.0107879638672|11|913
165.7952423095703|11|914
151.22329711914062|11|915
138.90615844726562|11|916
165.06968688964844|131|917
196.69039916992188|130|918
198.0001983642578|129|919
196.4656524658203|130|920
203.13267517089844|130|921
200.34933471679688|130|922
128.13357543945312|129|923
145.74378967285156|95|924
98.92377471923828|11|925
103.23509216308594|11|926
106.99835205078125|11|927
104.9913101196289|11|928
86.57102966308594|11|929
64.80335998535156|43|930
80.7437973022461|43|931
65.6977767944336|43|932
56.64492416381836|130|933
116.9157943725586|111|934
102.01927185058594|111|935
55.490272521972656|14|936
68.29408264160156|276|937
107.9322280883789|69|938
133.46044921875|206|939
128.6325225830078|276|940
78.63477325439453|276|941
93.53229522705078|69|942
131.1395721435547|138|943
193.90744018554688|139|944
131.52391052246094|139|945
166.02821350097656|137|946
225.85519409179688|139|947
173.50970458984375|139|948
139.00511169433594|135|949
169.79464721679688|137|950
217.546875|138|951
113.57815551757812|139|952
92.685791015625|94|953
109.49638366699219|114|954
105.6705322265625|114|955
79.69244384765625|43|956
79.23705291748047|43|957
57.645362854003906|26|958
65.88115692138672|26|959
81.17748260498047|26|960
170.15017700195312|89|961
160.51214599609375|89|962
85.82917785644531|13|963
83.58851623535156|13|964
85.7679443359375|13|965
100.8668212890625|66|966
105.06291961669922|13|967
95.946533203125|13|968
96.07728576660156|65|969
122.30067443847656|327|970
103.25761413574219|324|971
106.67017364501953|259|972
116.060302734375|259|973
96.68429565429688|13|974
95.52401733398438|13|975
89.26549530029297|13|976
79.85601043701172|13|977
72.71163940429688|13|978
71.0750961303711|13|979
74.62706756591797|13|980
100.0971450805664|26|981
124.9807357788086|26|982
136.7146453857422|98|983
133.84202575683594|99|984
148.67755126953125|146|985
110.10055541992188|146|986
97.1999282836914|49|987
136.92529296875|49|988
164.335205078125|49|989
168.11383056640625|49|990
127.8796615600586|49|991
87.82891082763672|49|992
81.40838623046875|12|993
92.05885314941406|53|994
132.02120971679688|82|995
202.0450439453125|82|996
120.76179504394531|81|997
66.8200912475586|98|998
83.5295639038086|97|999
76.88850402832031|97|1000
95.47367858886719|50|1001
108.89840698242188|50|1002
113.1827392578125|50|1003
138.10824584960938|50|1004
129.94558715820312|98|1005
121.6749038696289|98|1006
83.90553283691406|82|1007
105.20730590820312|176|1008
102.72113800048828|24|1009
81.1966323852539|25|1010
70.21581268310547|25|1011
77.2763442993164|33|1012
95.65389251708984|32|1013
74.60885620117188|32|1014
128.9235382080078|102|1015
160.58815002441406|103|1016
106.64384460449219|11|1017
115.1392593383789|11|1018
113.30581665039062|11|1019
140.5962371826172|194|1020
139.1240997314453|11|1021
136.8452911376953|11|1022
120.92374420166016|11|1023
153.9796905517578|130|1024
211.62388610839844|130|1025
226.85987854003906|130|1026
227.5762481689453|130|1027
160.4134063720703|130|1028
187.8699493408203|132|1029
169.4524383544922|130|1030
158.17535400390625|130|1031
112.22173309326172|11|1032
101.32418060302734|11|1033
116.1507797241211|104|1034
101.07391357421875|11|1035
103.34837341308594|11|1036
92.40409088134766|11|1037
63.71977233886719|22|1038
61.94402313232422|130|1039
71.60330200195312|130|1040
85.30046844482422|115|1041
148.47183227539062|116|1042
116.47978210449219|117|1043
49.926475524902344|43|1044
63.18720626831055|68|1045
117.73269653320312|69|1046
133.26177978515625|275|1047
142.05186462402344|275|1048
109.39478302001953|69|1049
142.40696716308594|69|1050
105.05723571777344|69|1051
196.6534881591797|137|1052
271.2833251953125|137|1053
196.9686279296875|137|1054
176.0740966796875|138|1055
237.76998901367188|137|1056
223.45413208007812|138|1057
137.94418334960938|135|1058
80.20649719238281|135|1059
141.59832763671875|93|1060
81.8127670288086|93|1061
78.35951232910156|43|1062
82.47190856933594|43|1063
78.10967254638672|43|1064
67.85244750976562|43|1065
63.046077728271484|43|1066
59.57360076904297|38|1067
73.2044906616211|205|1068
110.11866760253906|207|1069
115.34175109863281|212|1070
104.35504150390625|211|1071
81.6490707397461|13|1072
80.53362274169922|65|1073
111.14696502685547|65|1074
104.99869537353516|129|1075
98.44601440429688|13|1076
94.69921875|65|1077
84.19049835205078|64|1078
98.64176177978516|197|1079
190.68963623046875|196|1080
310.5754699707031|195|1081
317.72662353515625|195|1082
186.01870727539062|194|1083
89.67823791503906|13|1084
81.53626251220703|13|1085
73.25717163085938|129|1086
86.34130096435547|128|1087
67.21585083007812|38|1088
80.48258972167969|38|1089
85.87975311279297|38|1090
100.81089782714844|26|1091
94.28407287597656|49|1092
129.06976318359375|49|1093
155.71046447753906|50|1094
171.81082153320312|97|1095
139.98728942871094|49|1096
108.65149688720703|50|1097
106.19889068603516|41|1098
125.5140151977539|97|1099
141.30123901367188|98|1100
77.43824005126953|12|1101
80.99921417236328|12|1102
74.18192291259766|12|1103
66.38524627685547|12|1104
71.1776123046875|12|1105
168.7078857421875|19|1106
244.30349731445312|19|1107
223.90072631835938|18|1108
181.56582641601562|17|1109
157.71604919433594|16|1110
128.65313720703125|15|1111
122.53456115722656|15|1112
100.23458099365234|14|1113
116.61363983154297|48|1114
125.22320556640625|49|1115
87.30138397216797|86|1116
152.10781860351562|87|1117
119.91094207763672|24|1118
207.714111328125|11|1119
482.9189758300781|10|1120
573.5128173828125|9|1121
510.7972106933594|9|1122
299.44244384765625|9|1123
176.32528686523438|11|1124
231.79336547851562|11|1125
250.61380004882812|11|1126
252.5323944091797|11|1127
248.9412078857422|11|1128
255.5571746826172|11|1129
265.4163513183594|11|1130
258.0318908691406|11|1131
226.0003204345703|11|1132
163.49191284179688|11|1133
161.81771850585938|87|1134
181.28395080566406|86|1135
178.5702667236328|87|1136
153.5415802001953|11|1137
151.127685546875|11|1138
132.3253631591797|11|1139
126.00902557373047|87|1140
131.81002807617188|344|1141
159.80035400390625|345|1142
192.01890563964844|347|1143
200.125|346|1144
167.41961669921875|346|1145
197.96510314941406|348|1146
398.23468017578125|10|1147
514.109375|10|1148
494.65478515625|9|1149
337.3263244628906|9|1150
168.37625122070312|9|1151
166.27212524414062|14|1152
170.69021606445312|14|1153
176.55906677246094|14|1154
183.85760498046875|14|1155
181.07962036132812|14|1156
174.959716796875|14|1157
183.27532958984375|65|1158
163.46243286132812|65|1159
158.45054626464844|129|1160
192.41224670410156|130|1161
123.31204223632812|131|1162
130.20016479492188|14|1163
142.71522521972656|14|1164
160.3889617919922|14|1165
155.80628967285156|14|1166
134.2319793701172|14|1167
201.85629272460938|191|1168
198.88467407226562|192|1169
160.4860076904297|196|1170
183.68605041503906|197|1171
179.9460906982422|192|1172
129.0996856689453|13|1173
349.9512634277344|10|1174
556.244140625|10|1175
540.7068481445312|9|1176
388.5965270996094|9|1177
199.17076110839844|9|1178
167.9079132080078|13|1179
181.66973876953125|13|1180
179.784912109375|13|1181
174.84141540527344|13|1182
182.68409729003906|13|1183
190.99085998535156|13|1184
183.17506408691406|13|1185
171.60406494140625|13|1186
137.86700439453125|13|1187
102.07333374023438|13|1188
108.02841186523438|87|1189
115.26237487792969|13|1190
134.9671173095703|13|1191
173.47349548339844|86|1192
217.23947143554688|86|1193
234.9392547607422|86|1194
224.2350311279297|86|1195
154.44540405273438|86|1196
161.75035095214844|173|1197
199.2443084716797|174|1198
117.07817077636719|174|1199
138.2379608154297|25|1200
307.30755615234375|11|1201
522.7665405273438|10|1202
544.7890014648438|9|1203
425.1385803222656|9|1204
237.42132568359375|9|1205
157.08396911621094|12|1206
174.00070190429688|12|1207
168.70272827148438|12|1208
168.23423767089844|12|1209
173.528564453125|12|1210
172.728271484375|12|1211
191.34144592285156|65|1212
230.6848907470703|64|1213
196.34165954589844|64|1214
113.59513854980469|131|1215
102.1552505493164|12|1216
119.23336791992188|12|1217
136.42665100097656|12|1218
154.04139709472656|12|1219
155.26063537597656|12|1220
215.34645080566406|13|1221
467.37823486328125|10|1222
519.1515502929688|9|1223
464.4390563964844|9|1224
292.6353759765625|9|1225
153.92147827148438|194|1226
110.30506896972656|24|1227
258.58477783203125|11|1228
500.06610107421875|10|1229
525.9789428710938|9|1230
461.49346923828125|9|1231
273.7056579589844|10|1232
175.9304656982422|22|1233
178.86717224121094|22|1234
196.36460876464844|22|1235
194.19068908691406|22|1236
181.554931640625|11|1237
189.51438903808594|195|1238
180.4076690673828|11|1239
176.21286010742188|11|1240
244.0279998779297|11|1241
463.79864501953125|11|1242
605.5523681640625|10|1243
534.1317749023438|9|1244
404.0623474121094|9|1245
243.4450225830078|10|1246
210.69175720214844|130|1247
215.4543914794922|130|1248
154.29751586914062|129|1249
150.19973754882812|18|1250
162.6495361328125|19|1251
168.25827026367188|19|1252
153.8543701171875|19|1253
128.27243041992188|19|1254
214.73191833496094|12|1255
456.33282470703125|10|1256
549.346435546875|9|1257
492.30084228515625|9|1258
303.81396484375|9|1259
147.1630859375|29|1260
163.10939025878906|29|1261
167.06689453125|29|1262
163.4876251220703|29|1263
145.0511474609375|29|1264
131.50193786621094|14|1265
129.6475830078125|205|1266
128.9471435546875|14|1267
149.7682647705078|14|1268
318.67266845703125|11|1269
559.5962524414062|10|1270
567.9839477539062|9|1271
438.03265380859375|9|1272
244.48574829101562|9|1273
238.6725311279297|139|1274
207.5247802734375|138|1275
200.97364807128906|136|1276
159.06289672851562|138|1277
113.7334213256836|138|1278
86.98377227783203|93|1279
101.20702362060547|93|1280
121.15583038330078|114|1281
59.98476028442383|114|1282
23.436582565307617|59|1283
29.822168350219727|136|1284
31.771472930908203|136|1285
43.28310775756836|85|1286
50.292972564697266|80|1287
82.70164489746094|59|1288
98.18061828613281|54|1289
71.4980697631836|55|1290
50.36180114746094|62|1291