Turn Down for What
DJ Snake

EDM
turn_down_for_what
2049x1292
1292

4.4934942707186565e-05|1897|0
0.00011708615784300491|1898|1
0.00017671805107966065|1600|2
0.0002109742199536413|1600|3
0.00022762360458727926|1600|4
0.00022744803573004901|1600|5
0.00022798946883995086|1600|6
0.00022717323736287653|1600|7
0.00022693125356454402|1600|8
0.00022722824360243976|1600|9
0.00022702114074490964|1600|10
0.00022639009694103152|1600|11
0.00022585577971767634|1600|12
0.00022821957827545702|1600|13
0.00023022231471259147|1600|14
0.00022847155923955142|1600|15
0.00022709480253979564|1600|16
0.0002265678340336308|1600|17
0.00022620194067712873|1600|18
0.00022662065748590976|1790|19
0.0002253148122690618|1600|20
0.00022500011255033314|1600|21
0.00022617916692979634|1790|22
0.00021228523110039532|1600|23
3.9666290283203125|34|24
72.17459106445312|32|25
147.72415161132812|32|26
101.13938903808594|32|27
67.39537811279297|32|28
121.55184173583984|33|29
153.42762756347656|33|30
148.285888671875|33|31
140.3982391357422|33|32
146.037841796875|33|33
182.11680603027344|33|34
265.5167541503906|33|35
282.1777648925781|33|36
189.41372680664062|33|37
124.5330581665039|34|38
139.31365966796875|34|39
169.1887664794922|34|40
145.4591522216797|34|41
77.01195526123047|35|42
105.92327117919922|34|43
202.54800415039062|34|44
215.78053283691406|34|45
144.227783203125|33|46
116.409912109375|34|47
152.5785369873047|34|48
123.26441192626953|34|49
80.5366439819336|35|50
98.24015045166016|35|51
150.76185607910156|35|52
139.90716552734375|35|53
88.24050903320312|34|54
157.0931396484375|32|55
141.15158081054688|35|56
128.47406005859375|36|57
88.5534439086914|37|58
127.4222640991211|36|59
184.81130981445312|36|60
121.78617095947266|36|61
85.17474365234375|37|62
161.75967407226562|37|63
193.46273803710938|37|64
148.91554260253906|32|65
115.07133483886719|37|66
176.92315673828125|37|67
140.35379028320312|32|68
94.54647064208984|32|69
137.18983459472656|38|70
192.77049255371094|38|71
142.35939025878906|38|72
92.53247833251953|39|73
145.26609802246094|39|74
173.5133514404297|38|75
96.49919128417969|37|76
103.84294891357422|32|77
144.31370544433594|32|78
95.46947479248047|38|79
76.2722396850586|40|80
108.2839126586914|39|81
114.60017395019531|39|82
79.24798583984375|40|83
92.4869155883789|40|84
127.73628234863281|40|85
90.37357330322266|39|86
130.08328247070312|32|87
132.73260498046875|40|88
98.4537353515625|40|89
84.25735473632812|41|90
134.7889404296875|41|91
143.5345001220703|41|92
96.26905822753906|42|93
109.14474487304688|42|94
129.2540740966797|42|95
81.14318084716797|42|96
148.2359161376953|32|97
118.41942596435547|42|98
77.25138092041016|42|99
96.60790252685547|43|100
129.656982421875|43|101
112.86551666259766|42|102
87.28905487060547|42|103
124.5859603881836|43|104
120.63452911376953|43|105
97.3345947265625|32|106
145.03359985351562|32|107
116.2579574584961|44|108
75.1739501953125|44|109
77.75234985351562|44|110
90.57706451416016|44|111
69.60556030273438|45|112
84.2472915649414|45|113
105.51399230957031|45|114
80.0235366821289|44|115
122.62787628173828|32|116
128.85047912597656|32|117
59.240455627441406|47|118
103.11934661865234|31|119
139.76177978515625|32|120
76.11139678955078|46|121
77.72997283935547|46|122
61.60759735107422|46|123
58.95653533935547|47|124
97.1299819946289|47|125
107.25029754638672|47|126
81.57059478759766|46|127
103.33562469482422|47|128
125.0488052368164|32|129
120.74104309082031|32|130
89.77201843261719|48|131
76.42813110351562|48|132
85.97297668457031|49|133
112.04121398925781|48|134
87.90123748779297|49|135
108.39575958251953|49|136
130.84510803222656|49|137
77.51246643066406|48|138
145.74505615234375|32|139
97.99687194824219|32|140
80.88184356689453|50|141
121.98377990722656|50|142
93.64969635009766|49|143
101.44300079345703|51|144
129.1489715576172|50|145
88.2876205444336|51|146
101.20545196533203|51|147
119.68110656738281|51|148
147.90744018554688|32|149
92.30043029785156|52|150
95.25654602050781|52|151
89.02593994140625|52|152
117.21971893310547|52|153
70.30065155029297|53|154
80.89989471435547|53|155
91.7978515625|52|156
63.142887115478516|52|157
131.800048828125|32|158
138.5981903076172|32|159
88.15287780761719|54|160
85.59988403320312|54|161
82.98046112060547|55|162
119.21372985839844|54|163
84.15765380859375|55|164
89.35914611816406|55|165
92.37513732910156|54|166
72.61067199707031|53|167
146.99755859375|32|168
106.42932891845703|32|169
87.93632507324219|55|170
128.99600219726562|31|171
126.49108123779297|32|172
85.27021026611328|56|173
69.15155029296875|56|174
89.7396011352539|57|175
75.15978240966797|58|176
85.97872924804688|58|177
86.11273956298828|58|178
58.19089126586914|57|179
69.89372253417969|32|180
148.4259490966797|32|181
96.11447143554688|32|182
74.70221710205078|58|183
82.60652160644531|60|184
83.4062271118164|58|185
86.20352935791016|60|186
111.69164276123047|59|187
60.886131286621094|60|188
88.1328125|60|189
102.47908782958984|59|190
146.1296844482422|32|191
80.93246459960938|61|192
61.10297393798828|62|193
55.62873458862305|62|194
88.32172393798828|62|195
102.4697265625|62|196
69.49005889892578|62|197
70.8433837890625|62|198
79.93174743652344|61|199
121.4158706665039|32|200
122.98877716064453|32|201
78.5900650024414|64|202
77.458740234375|64|203
95.42414855957031|64|204
83.06169891357422|64|205
79.04067993164062|65|206
73.79411315917969|64|207
72.1414566040039|65|208
60.63749313354492|32|209
146.23074340820312|32|210
105.28025817871094|32|211
67.63593292236328|66|212
65.81549072265625|65|213
77.98077392578125|67|214
80.64730072021484|67|215
73.69454193115234|67|216
77.86553955078125|67|217
71.92193603515625|68|218
91.94095611572266|32|219
147.1981964111328|32|220
73.72067260742188|31|221
74.86898803710938|69|222
140.36216735839844|32|223
92.95459747314453|32|224
81.34659576416016|70|225
78.18287658691406|70|226
67.44854736328125|69|227
61.27903747558594|71|228
77.82843017578125|71|229
61.93769454956055|71|230
56.3215446472168|69|231
102.71503448486328|32|232
148.00433349609375|32|233
87.60370635986328|72|234
69.0354232788086|71|235
83.52510833740234|73|236
76.80075073242188|71|237
67.8434829711914|74|238
68.31621551513672|74|239
64.26593017578125|73|240
72.59071350097656|72|241
126.79016876220703|32|242
128.89691162109375|32|243
66.13851928710938|75|244
42.25886154174805|76|245
56.96487045288086|73|246
74.85663604736328|74|247
69.68680572509766|74|248
73.93260192871094|77|249
60.73408126831055|78|250
78.1766128540039|78|251
147.10028076171875|32|252
104.61434936523438|32|253
76.6324462890625|77|254
73.29743957519531|76|255
82.43138122558594|79|256
88.23656463623047|79|257
72.2123031616211|80|258
84.76966094970703|80|259
79.27216339111328|79|260
96.04217529296875|32|261
153.70042419433594|32|262
76.27590942382812|31|263
55.60375213623047|79|264
60.4852180480957|79|265
75.50457763671875|82|266
89.37693786621094|82|267
71.04299926757812|82|268
77.20418548583984|81|269
83.02110290527344|83|270
121.82238006591797|32|271
134.32911682128906|32|272
65.8628158569336|82|273
99.6102523803711|31|274
140.20169067382812|32|275
64.57857513427734|31|276
47.15247344970703|83|277
49.90017318725586|85|278
49.01354217529297|86|279
53.88062286376953|87|280
61.77723693847656|87|281
68.2042465209961|87|282
68.03528594970703|88|283
121.17957305908203|32|284
123.25057983398438|32|285
71.15339660644531|86|286
78.02854919433594|89|287
73.19042205810547|90|288
81.98324584960938|90|289
85.50437927246094|90|290
87.26759338378906|90|291
80.90536499023438|91|292
78.29393005371094|91|293
143.54296875|32|294
101.9385986328125|32|295
71.12706756591797|92|296
48.085968017578125|94|297
62.10106658935547|90|298
68.35124206542969|91|299
75.804443359375|91|300
74.79365539550781|91|301
49.0245361328125|91|302
96.34391784667969|32|303
150.23216247558594|32|304
72.16924285888672|31|305
48.850563049316406|93|306
48.40638732910156|97|307
47.292015075683594|97|308
45.021644592285156|96|309
58.969482421875|98|310
69.26078796386719|98|311
59.95481872558594|98|312
124.21500396728516|32|313
135.96014404296875|32|314
53.30868148803711|100|315
72.27631378173828|100|316
79.38444519042969|100|317
53.071170806884766|98|318
51.968326568603516|98|319
59.2487678527832|98|320
62.395267486572266|99|321
72.89188385009766|99|322
137.69168090820312|32|323
103.39326477050781|32|324
62.77413558959961|104|325
122.95407104492188|31|326
124.23859405517578|32|327
48.87181091308594|101|328
43.85344696044922|105|329
46.609893798828125|105|330
57.68873977661133|106|331
67.6015625|106|332
77.99833679199219|107|333
79.02848815917969|107|334
79.05481719970703|108|335
134.98678588867188|32|336
95.60611724853516|206|337
92.17255401611328|206|338
114.76754760742188|205|339
122.87147521972656|205|340
145.6211700439453|266|341
125.48867797851562|279|342
80.62966918945312|280|343
66.93765258789062|112|344
90.29124450683594|32|345
135.74859619140625|32|346
93.0055923461914|129|347
72.97533416748047|64|348
97.63609313964844|313|349
126.67131805419922|158|350
88.92964935302734|151|351
77.1046371459961|210|352
86.96820068359375|202|353
71.43970489501953|247|354
109.8011474609375|32|355
119.25104522705078|32|356
116.60449981689453|117|357
72.34456634521484|117|358
84.96798706054688|132|359
66.6045913696289|70|360
88.8498306274414|119|361
103.22808837890625|120|362
88.29689025878906|120|363
86.2544937133789|273|364
128.9447479248047|32|365
95.70884704589844|32|366
69.40646362304688|118|367
97.62368774414062|281|368
123.19184875488281|277|369
84.26556396484375|208|370
92.63056945800781|400|371
67.82479858398438|124|372
72.29931640625|125|373
76.77017974853516|125|374
121.27459716796875|32|375
116.41165924072266|213|376
92.47286224365234|213|377
122.51045989990234|32|378
88.18630981445312|32|379
49.61484146118164|124|380
54.3084831237793|281|381
54.9589958190918|282|382
35.51301193237305|294|383
36.95009231567383|302|384
42.85295486450195|289|385
47.38859939575195|301|386
82.55778503417969|302|387
89.72215270996094|302|388
82.08462524414062|212|389
55.00245666503906|213|390
37.87229537963867|237|391
26.616979598999023|358|392
13.023573875427246|358|393
24.259782791137695|282|394
21.777130126953125|276|395
11.817876815795898|294|396
13.782720565795898|334|397
8.553659439086914|334|398
9.184554100036621|216|399
15.048255920410156|377|400
25.941131591796875|377|401
23.65211296081543|213|402
13.699378967285156|213|403
7.505859851837158|237|404
4.827236175537109|402|405
2.4135725498199463|208|406
3.3552424907684326|281|407
3.3535404205322266|277|408
1.5695829391479492|212|409
1.9249480962753296|333|410
1.3146436214447021|213|411
1.3878343105316162|213|412
2.765692710876465|377|413
4.318478107452393|377|414
3.0872552394866943|351|415
1.4743441343307495|210|416
1.320917010307312|210|417
12.558609008789062|73|418
80.9365234375|74|419
146.44583129882812|303|420
168.45034790039062|302|421
163.102783203125|301|422
137.3218231201172|301|423
78.44181823730469|291|424
65.5048828125|71|425
111.28832244873047|386|426
146.9492645263672|391|427
109.73825073242188|155|428
128.64952087402344|144|429
121.41864776611328|144|430
45.161441802978516|144|431
58.98170852661133|74|432
151.71913146972656|74|433
187.6970672607422|74|434
110.75381469726562|74|435
199.94935607910156|86|436
278.335693359375|85|437
145.38818359375|85|438
256.9675598144531|12|439
262.212646484375|10|440
221.38084411621094|8|441
284.0988464355469|7|442
370.9058837890625|8|443
400.16302490234375|8|444
414.7503662109375|8|445
420.012451171875|8|446
429.4756164550781|8|447
436.2293701171875|8|448
438.53997802734375|8|449
436.0374755859375|8|450
400.5348815917969|8|451
306.4609375|8|452
276.5042724609375|8|453
356.3440856933594|8|454
414.17987060546875|8|455
433.88104248046875|8|456
405.1114501953125|8|457
266.4958190917969|8|458
307.7432861328125|11|459
236.45216369628906|8|460
276.539794921875|7|461
370.28985595703125|8|462
407.01885986328125|8|463
430.6902770996094|8|464
451.9786071777344|8|465
462.5721130371094|8|466
466.02447509765625|8|467
471.6594543457031|8|468
485.8506774902344|8|469
496.10040283203125|8|470
492.8841552734375|8|471
481.4922180175781|8|472
470.8054504394531|8|473
472.1976013183594|8|474
476.1468505859375|8|475
474.4117736816406|8|476
434.8873291015625|8|477
312.5997619628906|8|478
279.5541687011719|8|479
357.4373474121094|8|480
407.65740966796875|8|481
423.07366943359375|8|482
434.00042724609375|8|483
436.60589599609375|8|484
433.2584533691406|8|485
430.8975524902344|8|486
430.21295166015625|8|487
424.9125061035156|8|488
386.85272216796875|8|489
261.0904235839844|8|490
275.00555419921875|12|491
226.68960571289062|10|492
249.23861694335938|7|493
334.1041259765625|8|494
398.7100524902344|8|495
420.3101806640625|8|496
439.0084228515625|8|497
448.6043395996094|8|498
427.8526306152344|8|499
354.4911804199219|8|500
307.4683532714844|11|501
253.50709533691406|9|502
296.55078125|8|503
249.55801391601562|8|504
285.5974426269531|8|505
372.5318298339844|8|506
416.9473876953125|8|507
435.6190490722656|8|508
377.78375244140625|8|509
269.968505859375|12|510
270.8000183105469|11|511
257.595458984375|8|512
305.8420715332031|7|513
385.23675537109375|8|514
415.02490234375|8|515
434.23468017578125|8|516
443.9955749511719|8|517
456.7799072265625|8|518
468.0458679199219|8|519
475.97998046875|8|520
483.5229187011719|8|521
471.90582275390625|8|522
400.5674743652344|8|523
344.6905822753906|8|524
326.2663269042969|8|525
331.5721740722656|8|526
340.2738037109375|8|527
361.0994567871094|8|528
336.8840637207031|8|529
251.1952667236328|8|530
252.6648712158203|8|531
303.2234802246094|8|532
324.0462951660156|8|533
336.7380676269531|8|534
368.5479736328125|8|535
385.2837219238281|8|536
370.37396240234375|8|537
349.7933654785156|8|538
353.1644287109375|8|539
340.7624816894531|8|540
279.9694519042969|8|541
226.55316162109375|14|542
242.58114624023438|11|543
226.02500915527344|8|544
270.12811279296875|7|545
347.33038330078125|8|546
392.1850280761719|8|547
422.2166442871094|8|548
430.9147033691406|8|549
430.66107177734375|8|550
439.3003234863281|8|551
447.1800537109375|8|552
450.95684814453125|8|553
434.8218994140625|8|554
348.8294372558594|8|555
264.28851318359375|8|556
318.6287841796875|8|557
392.2601013183594|8|558
429.6240234375|8|559
446.6517028808594|8|560
362.0306091308594|8|561
291.39324951171875|11|562
226.11111450195312|8|563
250.75315856933594|8|564
337.271728515625|8|565
397.83880615234375|8|566
423.42181396484375|8|567
444.0165100097656|8|568
449.27685546875|8|569
461.6233825683594|8|570
476.1459655761719|8|571
487.2662658691406|8|572
495.1322937011719|8|573
496.2291259765625|8|574
480.9053955078125|8|575
470.5550231933594|8|576
469.3994140625|8|577
472.2384033203125|8|578
474.966064453125|8|579
455.1553649902344|8|580
354.0152893066406|8|581
268.2866516113281|8|582
326.61029052734375|8|583
395.2927551269531|8|584
418.3937072753906|8|585
427.26153564453125|8|586
440.3133850097656|8|587
441.69012451171875|8|588
434.43267822265625|8|589
431.4287414550781|8|590
428.91705322265625|8|591
424.5809631347656|8|592
371.1422424316406|8|593
277.123779296875|14|594
267.37542724609375|10|595
243.2720947265625|8|596
308.0373840332031|7|597
384.7713317871094|8|598
412.44805908203125|8|599
429.5210876464844|8|600
439.898681640625|8|601
443.4005126953125|8|602
402.10601806640625|8|603
312.3135070800781|11|604
291.2127685546875|10|605
278.53851318359375|8|606
263.98095703125|8|607
274.76007080078125|8|608
326.4326171875|8|609
287.7930908203125|8|610
301.5274658203125|11|611
177.23171997070312|9|612
206.80116271972656|14|613
298.1344299316406|11|614
236.5083770751953|8|615
278.29107666015625|7|616
360.9342956542969|8|617
399.88916015625|8|618
425.8212890625|8|619
445.3511047363281|8|620
450.2752990722656|8|621
464.7273254394531|8|622
479.1689453125|8|623
486.4679870605469|8|624
488.9090270996094|8|625
442.4700927734375|8|626
371.8397216796875|8|627
339.24658203125|8|628
335.95379638671875|8|629
343.2060546875|8|630
359.3061828613281|8|631
358.865966796875|8|632
260.0630798339844|8|633
157.21481323242188|8|634
120.23887634277344|8|635
261.9029846191406|11|636
281.3400573730469|10|637
150.74122619628906|9|638
43.67107009887695|9|639
90.91942596435547|77|640
115.96258544921875|74|641
196.3117218017578|12|642
321.9639892578125|11|643
218.57827758789062|10|644
132.53158569335938|14|645
273.9598083496094|11|646
225.33920288085938|10|647
233.36810302734375|7|648
305.2988586425781|8|649
365.3706359863281|8|650
390.23443603515625|8|651
410.15020751953125|8|652
424.3375549316406|8|653
436.9695739746094|8|654
445.9281921386719|8|655
446.26519775390625|8|656
447.4964599609375|8|657
394.39678955078125|8|658
294.1131591796875|8|659
307.2767028808594|8|660
387.4914855957031|8|661
425.4872741699219|8|662
434.7970886230469|8|663
371.0151672363281|8|664
262.4251403808594|12|665
271.226318359375|11|666
241.61106872558594|8|667
303.85260009765625|7|668
390.7906494140625|8|669
420.3404541015625|8|670
437.1595458984375|8|671
445.60162353515625|8|672
449.23406982421875|8|673
455.4736633300781|8|674
467.3871154785156|8|675
479.278564453125|8|676
488.1859130859375|8|677
489.9349365234375|8|678
484.6163635253906|8|679
483.873779296875|8|680
481.8862609863281|8|681
478.1641845703125|8|682
476.6376953125|8|683
408.0880432128906|8|684
280.5559997558594|8|685
293.94158935546875|8|686
375.6312561035156|8|687
413.69189453125|8|688
420.3057861328125|8|689
433.2718505859375|8|690
437.9876403808594|8|691
440.7278137207031|8|692
438.69207763671875|8|693
432.8781433105469|8|694
422.8785400390625|8|695
354.3873596191406|8|696
247.38739013671875|14|697
264.9619140625|11|698
236.50502014160156|8|699
273.2812805175781|7|700
351.423095703125|8|701
393.0643005371094|8|702
409.9814147949219|8|703
419.8294677734375|8|704
434.1137390136719|8|705
412.7848815917969|8|706
308.08056640625|8|707
325.7300720214844|10|708
251.27032470703125|9|709
280.9571838378906|8|710
245.5582275390625|8|711
318.6709899902344|8|712
393.788818359375|8|713
424.5352783203125|8|714
431.37078857421875|8|715
330.7074279785156|8|716
295.4920654296875|12|717
233.36593627929688|10|718
254.21075439453125|8|719
320.20831298828125|8|720
385.0157470703125|8|721
409.9024963378906|8|722
428.2297668457031|8|723
436.0493469238281|8|724
441.5211181640625|8|725
450.55718994140625|8|726
460.6783447265625|8|727
465.2533264160156|8|728
407.2607116699219|8|729
347.0296325683594|8|730
350.01263427734375|8|731
340.9169921875|8|732
344.40118408203125|8|733
349.20318603515625|8|734
368.9281921386719|8|735
314.7812194824219|8|736
233.41310119628906|8|737
266.7840881347656|8|738
314.5000915527344|8|739
319.7717590332031|8|740
334.1041564941406|8|741
361.7120056152344|8|742
371.62127685546875|8|743
357.1929931640625|8|744
354.72509765625|8|745
366.0196838378906|8|746
354.8633728027344|8|747
283.0050964355469|8|748
243.7082977294922|13|749
239.0492706298828|10|750
228.11624145507812|8|751
280.2267761230469|7|752
353.86737060546875|8|753
381.3225402832031|8|754
400.52105712890625|8|755
417.9782409667969|8|756
424.6133117675781|8|757
433.5212097167969|8|758
451.2930603027344|8|759
458.1492614746094|8|760
420.6534118652344|8|761
312.9569396972656|8|762
269.0782470703125|8|763
347.45013427734375|8|764
411.2655944824219|8|765
434.72900390625|8|766
435.7080383300781|8|767
308.1955261230469|8|768
300.6723937988281|11|769
238.8738555908203|8|770
275.5201110839844|7|771
364.3819580078125|8|772
409.620361328125|8|773
428.19915771484375|8|774
441.7254943847656|8|775
448.1463317871094|8|776
454.3188781738281|8|777
465.34747314453125|8|778
474.7865295410156|8|779
480.15814208984375|8|780
479.5847473144531|8|781
480.3989562988281|8|782
480.2630615234375|8|783
477.98419189453125|8|784
483.35552978515625|8|785
487.60015869140625|8|786
447.1714172363281|8|787
319.3092956542969|8|788
272.1957702636719|8|789
344.6558532714844|8|790
395.1586608886719|8|791
411.8612976074219|8|792
427.13214111328125|8|793
437.29010009765625|8|794
437.6640625|8|795
435.3214416503906|8|796
433.2835998535156|8|797
429.43463134765625|8|798
420.7199401855469|8|799
337.311767578125|8|800
275.61297607421875|12|801
249.70986938476562|10|802
243.48526000976562|7|803
319.6374816894531|8|804
390.8531188964844|8|805
408.7086486816406|8|806
422.15875244140625|8|807
433.97711181640625|8|808
429.7398681640625|8|809
369.3935852050781|8|810
313.5877380371094|11|811
259.99261474609375|9|812
297.5530700683594|8|813
257.9503479003906|8|814
290.8112487792969|8|815
310.4498596191406|7|816
311.5005798339844|11|817
284.7664489746094|10|818
157.10125732421875|9|819
249.2223663330078|12|820
273.9794921875|11|821
243.8694610595703|8|822
287.2860107421875|7|823
367.4394226074219|8|824
395.2358093261719|8|825
412.78643798828125|8|826
429.8055419921875|8|827
436.0340881347656|8|828
448.59625244140625|8|829
463.832763671875|8|830
470.70855712890625|8|831
435.067138671875|8|832
375.3900146484375|8|833
356.2616882324219|8|834
360.55517578125|8|835
360.68798828125|8|836
357.8646545410156|8|837
374.2875061035156|8|838
343.8796081542969|8|839
227.7537841796875|8|840
146.9635772705078|8|841
136.211669921875|13|842
294.0898132324219|11|843
246.96702575683594|10|844
110.87116241455078|9|845
41.11305618286133|157|846
104.15591430664062|157|847
99.19436645507812|73|848
81.71025085449219|70|849
102.50704193115234|91|850
131.9088897705078|91|851
93.46793365478516|157|852
84.03201293945312|152|853
65.57763671875|160|854
38.40426254272461|29|855
42.146114349365234|24|856
39.27333068847656|17|857
40.439002990722656|17|858
27.78980255126953|163|859
53.44349670410156|241|860
85.40450286865234|248|861
82.64795684814453|248|862
45.29377365112305|498|863
86.33462524414062|197|864
105.9764404296875|197|865
96.24842834472656|198|866
39.7263069152832|224|867
26.39845848083496|198|868
40.63451385498047|198|869
44.34331512451172|198|870
129.19297790527344|14|871
277.1353759765625|12|872
244.4654083251953|10|873
220.123046875|8|874
278.64404296875|8|875
343.0574645996094|8|876
373.697021484375|8|877
357.047119140625|8|878
321.00201416015625|8|879
359.45269775390625|8|880
417.161376953125|8|881
447.78509521484375|8|882
463.8563232421875|8|883
454.3865051269531|8|884
356.4933776855469|8|885
282.83111572265625|8|886
313.5653076171875|8|887
352.57403564453125|8|888
389.2132263183594|8|889
404.08087158203125|8|890
333.1413879394531|8|891
246.93301391601562|8|892
291.6308898925781|8|893
371.5621643066406|8|894
408.5050354003906|8|895
423.2094421386719|8|896
414.6799621582031|8|897
330.10125732421875|8|898
263.7377624511719|8|899
274.30865478515625|8|900
291.4795227050781|8|901
312.3468322753906|8|902
269.61737060546875|8|903
274.4266052246094|14|904
265.0224914550781|10|905
245.75460815429688|8|906
297.9216003417969|7|907
373.2236328125|8|908
413.5450134277344|8|909
404.0545349121094|8|910
345.9127197265625|8|911
327.52044677734375|8|912
318.6978454589844|8|913
308.3359680175781|11|914
304.1050109863281|10|915
262.4902648925781|8|916
255.74501037597656|8|917
237.39944458007812|8|918
320.93731689453125|8|919
393.35125732421875|8|920
424.382568359375|8|921
420.8138732910156|8|922
284.30316162109375|8|923
298.83673095703125|11|924
223.35073852539062|8|925
241.3942108154297|7|926
308.44952392578125|8|927
359.7521667480469|8|928
386.9731750488281|8|929
346.1456604003906|8|930
327.629150390625|8|931
392.27978515625|8|932
435.2353210449219|8|933
456.84014892578125|8|934
473.6613464355469|8|935
438.605224609375|8|936
323.4722900390625|8|937
289.6089172363281|8|938
327.9013977050781|8|939
363.6142578125|8|940
399.66400146484375|8|941
391.95538330078125|8|942
292.3013000488281|8|943
244.33892822265625|8|944
328.1723937988281|8|945
392.5235290527344|8|946
414.58038330078125|8|947
426.0449523925781|8|948
390.9266662597656|8|949
296.7119445800781|8|950
257.4024963378906|8|951
275.60986328125|8|952
297.91217041015625|8|953
321.9747314453125|8|954
267.4876403808594|8|955
287.29541015625|12|956
254.71337890625|10|957
247.8245086669922|8|958
319.6242370605469|7|959
392.1942443847656|8|960
416.1529846191406|8|961
426.9203796386719|8|962
411.37103271484375|8|963
385.4404296875|8|964
381.2751770019531|8|965
404.75830078125|8|966
429.78021240234375|8|967
403.1860046386719|8|968
295.0057373046875|8|969
268.64495849609375|8|970
347.3272399902344|8|971
405.9124755859375|8|972
436.1199645996094|8|973
420.981201171875|8|974
275.7364501953125|8|975
270.4278259277344|11|976
231.7430419921875|8|977
263.6094055175781|7|978
329.28875732421875|8|979
378.19329833984375|8|980
385.4757080078125|8|981
334.20947265625|8|982
344.22906494140625|8|983
405.7682800292969|8|984
442.3368835449219|8|985
462.08782958984375|8|986
469.4371337890625|8|987
396.2442626953125|8|988
293.6439208984375|8|989
298.0837097167969|8|990
336.3349304199219|8|991
373.6497497558594|8|992
407.8381042480469|8|993
373.1036682128906|8|994
269.1258239746094|8|995
269.8207702636719|8|996
355.9161682128906|8|997
404.68048095703125|8|998
421.6299743652344|8|999
424.94793701171875|8|1000
364.8763122558594|8|1001
275.7122497558594|8|1002
262.01910400390625|8|1003
288.3935546875|8|1004
318.7333679199219|8|1005
327.5948486328125|8|1006
235.76214599609375|14|1007
277.3457336425781|12|1008
230.71359252929688|8|1009
270.6390686035156|7|1010
347.9945373535156|8|1011
398.2837219238281|8|1012
412.34735107421875|8|1013
374.24566650390625|8|1014
334.9896240234375|8|1015
324.3658447265625|8|1016
268.35791015625|8|1017
323.0650634765625|10|1018
245.96661376953125|9|1019
278.7413330078125|8|1020
235.5701904296875|8|1021
287.1393737792969|8|1022
285.7123107910156|8|1023
339.009033203125|11|1024
258.523681640625|10|1025
134.8509979248047|9|1026
269.6385803222656|11|1027
229.2472686767578|10|1028
222.39125061035156|8|1029
278.1159362792969|8|1030
352.09600830078125|8|1031
388.3287658691406|8|1032
370.33795166015625|8|1033
331.3065490722656|8|1034
370.8627014160156|8|1035
423.86602783203125|8|1036
449.84564208984375|8|1037
463.9581604003906|8|1038
452.21453857421875|8|1039
356.37646484375|8|1040
280.966552734375|8|1041
315.4339294433594|8|1042
356.6800231933594|8|1043
392.4820861816406|8|1044
404.822509765625|8|1045
340.63238525390625|8|1046
222.19374084472656|8|1047
165.97227478027344|8|1048
205.08509826660156|13|1049
330.1528015136719|11|1050
223.97268676757812|10|1051
85.78681182861328|9|1052
51.56839370727539|123|1053
84.00651550292969|123|1054
106.33260345458984|13|1055
303.2979736328125|11|1056
309.335693359375|10|1057
146.08645629882812|9|1058
236.86929321289062|12|1059
269.96295166015625|11|1060
225.20204162597656|8|1061
280.440673828125|7|1062
363.874267578125|8|1063
390.42352294921875|8|1064
384.6918640136719|8|1065
346.5616760253906|8|1066
358.3404235839844|8|1067
408.50164794921875|8|1068
434.8818664550781|8|1069
448.4262390136719|8|1070
441.3414611816406|8|1071
340.47125244140625|8|1072
266.3403015136719|8|1073
329.6674499511719|8|1074
399.0007629394531|8|1075
429.08209228515625|8|1076
416.66192626953125|8|1077
288.2087097167969|8|1078
292.9405822753906|11|1079
215.24256896972656|8|1080
250.10733032226562|7|1081
324.4437561035156|8|1082
370.54620361328125|8|1083
392.76287841796875|8|1084
346.3687744140625|8|1085
318.1130065917969|8|1086
370.3312072753906|8|1087
422.2441711425781|8|1088
446.7037353515625|8|1089
464.2235412597656|8|1090
434.5141906738281|8|1091
332.0491943359375|8|1092
323.9218444824219|8|1093
388.43804931640625|8|1094
413.49163818359375|8|1095
425.87396240234375|8|1096
415.6399841308594|8|1097
308.94573974609375|8|1098
246.17153930664062|8|1099
325.0677795410156|8|1100
393.6540832519531|8|1101
415.80487060546875|8|1102
426.34649658203125|8|1103
392.093505859375|8|1104
312.383544921875|8|1105
314.1782531738281|8|1106
375.98309326171875|8|1107
405.50372314453125|8|1108
385.1878967285156|8|1109
275.4492492675781|8|1110
274.5357666015625|13|1111
240.04226684570312|10|1112
246.21493530273438|8|1113
306.6136474609375|7|1114
374.59765625|8|1115
396.44049072265625|8|1116
376.1079406738281|8|1117
346.3876953125|8|1118
365.9516296386719|8|1119
344.5842590332031|8|1120
318.6251220703125|11|1121
256.1484680175781|9|1122
292.0730895996094|8|1123
244.5214385986328|8|1124
260.7277526855469|8|1125
348.94317626953125|8|1126
408.1003112792969|8|1127
431.7849426269531|8|1128
397.52117919921875|8|1129
250.0945281982422|14|1130
283.0428466796875|11|1131
242.55899047851562|8|1132
273.9219055175781|7|1133
333.27081298828125|8|1134
373.4918212890625|8|1135
379.2059020996094|8|1136
325.8554382324219|8|1137
330.0696716308594|8|1138
392.3424072265625|8|1139
433.8962097167969|8|1140
455.7903747558594|8|1141
462.3058776855469|8|1142
400.8046569824219|8|1143
310.61444091796875|8|1144
341.90545654296875|8|1145
397.5179748535156|8|1146
420.7254638671875|8|1147
429.5111083984375|8|1148
386.3214111328125|8|1149
271.81878662109375|8|1150
257.94451904296875|8|1151
342.91180419921875|8|1152
397.93817138671875|8|1153
415.8811950683594|8|1154
416.1524658203125|8|1155
360.84625244140625|8|1156
296.2805480957031|8|1157
327.74041748046875|8|1158
384.0801086425781|8|1159
407.0533447265625|8|1160
387.6451416015625|8|1161
258.9666442871094|8|1162
267.9727783203125|12|1163
213.72024536132812|8|1164
256.027099609375|7|1165
335.7729187011719|8|1166
387.70135498046875|8|1167
401.5048522949219|8|1168
368.3896179199219|8|1169
346.9202575683594|8|1170
390.67938232421875|8|1171
427.13897705078125|8|1172
444.52685546875|8|1173
452.3219299316406|8|1174
387.9740295410156|8|1175
275.71405029296875|8|1176
296.43963623046875|8|1177
378.9339904785156|8|1178
422.0983581542969|8|1179
437.66693115234375|8|1180
383.86346435546875|8|1181
279.1104431152344|12|1182
226.28164672851562|11|1183
241.22361755371094|8|1184
292.5538330078125|8|1185
358.2102966308594|8|1186
393.684814453125|8|1187
376.7642517089844|8|1188
323.02984619140625|8|1189
354.3536376953125|8|1190
408.8865051269531|8|1191
443.1672058105469|8|1192
461.5682373046875|8|1193
455.21295166015625|8|1194
371.0896911621094|8|1195
309.50286865234375|8|1196
362.4419250488281|8|1197
406.3897705078125|8|1198
422.4456481933594|8|1199
423.8514404296875|8|1200
353.412109375|8|1201
248.46080017089844|8|1202
289.7383117675781|8|1203
372.7991638183594|8|1204
405.75543212890625|8|1205
416.76226806640625|8|1206
406.0240783691406|8|1207
335.1306457519531|8|1208
296.9779357910156|8|1209
351.92034912109375|8|1210
396.18267822265625|8|1211
407.2933044433594|8|1212
373.5795593261719|8|1213
264.2171325683594|14|1214
265.0964050292969|10|1215
233.09909057617188|8|1216
282.6682434082031|7|1217
361.38653564453125|8|1218
390.6805725097656|8|1219
387.804931640625|8|1220
346.5363464355469|8|1221
352.4647216796875|8|1222
365.0389709472656|8|1223
289.2856140136719|12|1224
314.43310546875|10|1225
262.8823547363281|8|1226
263.389892578125|8|1227
238.0594024658203|8|1228
295.2021484375|8|1229
277.5264587402344|8|1230
319.0734558105469|11|1231
200.59022521972656|10|1232
177.475341796875|14|1233
283.4652099609375|11|1234
207.7187042236328|8|1235
240.89869689941406|7|1236
324.33856201171875|8|1237
378.39776611328125|8|1238
394.8614501953125|8|1239
349.5876159667969|8|1240
313.99603271484375|8|1241
368.0538024902344|8|1242
417.9100036621094|8|1243
442.339599609375|8|1244
456.72271728515625|8|1245
431.3069152832031|8|1246
328.4888000488281|8|1247
314.3792724609375|8|1248
380.0231628417969|8|1249
418.40576171875|8|1250
426.9841003417969|8|1251
417.08770751953125|8|1252
321.43206787109375|8|1253
204.1209716796875|8|1254
155.51922607421875|8|1255
262.2165832519531|12|1256
318.04449462890625|10|1257
179.66249084472656|9|1258
56.426116943359375|9|1259
47.452392578125|123|1260
63.409034729003906|153|1261
161.17074584960938|13|1262
322.6907043457031|11|1263
258.32342529296875|10|1264
112.09081268310547|9|1265
99.75364685058594|31|1266
124.96813201904297|32|1267
99.20584106445312|62|1268
100.2607421875|62|1269
92.49866485595703|62|1270
93.1212387084961|33|1271
89.0683822631836|33|1272
97.85950469970703|33|1273
106.35863494873047|33|1274
163.08021545410156|33|1275
222.00144958496094|33|1276
168.32215881347656|33|1277
86.32392120361328|34|1278
66.88369750976562|34|1279
79.30921936035156|34|1280
98.26216125488281|34|1281
67.71919250488281|34|1282
40.66008377075195|35|1283
90.86883544921875|34|1284
145.17823791503906|34|1285
152.1246795654297|32|1286
66.6920166015625|31|1287
69.20369720458984|35|1288
93.38008117675781|35|1289
71.4720230102539|34|1290
36.82975387573242|36|1291