Around the World
Daft Punk

EDM
around_the_world
2049x1292
2785

1|747|15.228721618652344
1|885|15.34701156616211
4|682|16.831769943237305
5|678|28.51454734802246
5|681|17.897581100463867
5|686|37.11137008666992
5|691|30.93633270263672
6|673|157.33897399902344
6|679|29.011293411254883
6|687|39.850521087646484
7|83|15.551377296447754
8|836|22.864538192749023
8|853|25.259599685668945
8|1020|60.137718200683594
8|1060|31.387659072875977
9|39|66.53721618652344
9|81|56.30242156982422
9|124|65.74935150146484
9|155|36.11869430541992
9|166|58.7890625
9|209|64.63007354736328
9|252|68.1137466430664
9|294|65.04852294921875
9|337|68.29737091064453
9|379|65.97672271728516
9|422|67.91605377197266
9|465|64.0556869506836
9|496|38.11687469482422
9|507|70.96685791015625
9|550|63.33685302734375
9|581|37.40938949584961
9|592|61.20194625854492
9|635|61.016700744628906
9|677|49.171382904052734
9|693|18.001136779785156
9|848|101.91397094726562
9|921|33.06505584716797
9|1017|101.95092010498047
9|1036|24.570785522460938
9|1187|101.69947052001953
10|15|49.21929168701172
10|28|67.2044448852539
10|42|69.83662414550781
10|47|37.833351135253906
10|71|71.8416748046875
10|84|65.42756652832031
10|100|51.06986999511719
10|111|41.29323959350586
10|114|72.5083236694336
10|127|71.68981170654297
10|156|68.930908203125
10|165|41.8551025390625
10|170|76.35556030273438
10|175|38.74350357055664
10|199|79.76139068603516
10|212|74.19389343261719
10|228|42.699195861816406
10|242|68.54273986816406
10|255|75.38664245605469
10|260|38.27527618408203
10|284|78.83733367919922
10|297|63.806270599365234
10|324|44.06616973876953
10|327|77.31900024414062
10|340|70.9591064453125
10|370|75.91651153564453
10|383|69.5390396118164
10|388|32.072509765625
10|409|49.77756118774414
10|412|83.20408630371094
10|425|66.65723419189453
10|452|41.005714416503906
10|455|75.29634094238281
10|468|73.71864318847656
10|497|73.9384765625
10|510|69.70153045654297
10|516|37.90188980102539
10|537|42.7194709777832
10|540|68.40711212158203
10|553|74.43102264404297
10|569|50.40870666503906
10|583|70.41146850585938
10|596|78.4714126586914
10|601|38.31934356689453
10|625|71.28128814697266
10|638|71.0197525024414
10|654|47.37698745727539
10|665|38.88316345214844
10|668|65.84739685058594
10|696|116.40240478515625
10|718|111.38346862792969
10|739|59.132659912109375
10|838|92.06434631347656
10|845|91.10106658935547
10|851|97.35043334960938
10|867|115.32219696044922
10|875|37.33723831176758
10|931|58.136695861816406
10|1008|76.645751953125
10|1013|28.35417938232422
10|1022|91.39472961425781
10|1048|94.52204895019531
10|1080|58.806678771972656
10|1087|21.871023178100586
10|1179|84.3029556274414
10|1193|91.0212631225586
10|1208|74.85980224609375
10|1229|111.90316772460938
10|1261|62.06657409667969
10|1272|62.669647216796875
11|4|48.157291412353516
11|14|62.9973258972168
11|57|58.116065979003906
11|68|44.62057876586914
11|89|57.69387435913086
11|121|58.730804443359375
11|185|57.01694107055664
11|217|46.73773193359375
11|249|54.083038330078125
11|270|59.21327590942383
11|281|55.131500244140625
11|334|56.28462600708008
11|398|62.34617233276367
11|406|17.640750885009766
11|430|49.585147857666016
11|462|45.56410598754883
11|483|69.12567901611328
11|491|15.55407428741455
11|494|53.4395637512207
11|526|58.66105270385742
11|568|62.86405563354492
11|579|52.366764068603516
11|611|55.551788330078125
11|619|15.42400074005127
11|622|43.5107307434082
11|643|56.53835678100586
11|675|20.776145935058594
11|685|132.0245361328125
11|704|34.10755920410156
11|707|133.74009704589844
11|717|128.29351806640625
11|722|117.58210754394531
11|728|101.5032730102539
11|749|104.64797973632812
11|760|120.1170883178711
11|765|16.661195755004883
11|792|97.1328125
11|824|93.3193588256836
11|834|115.60124206542969
11|856|92.67400360107422
11|866|120.67257690429688
11|878|77.83875274658203
11|888|91.89762115478516
11|892|105.11929321289062
11|909|111.6332778930664
11|941|101.75361633300781
11|973|88.98506927490234
11|1005|95.45333862304688
11|1021|75.5581283569336
11|1047|112.6171875
11|1062|90.90898132324219
11|1069|88.50355529785156
11|1122|88.41340637207031
11|1133|82.18392944335938
11|1151|16.119680404663086
11|1186|87.43115234375
11|1207|91.33663940429688
11|1215|22.962120056152344
11|1218|123.23417663574219
11|1228|111.10128021240234
11|1232|86.58283233642578
11|1273|45.722267150878906
11|1279|15.251106262207031
11|1282|85.52932739257812
12|18|70.92792510986328
12|46|69.54683685302734
12|56|61.638240814208984
12|61|65.31231689453125
12|78|66.97225189208984
12|99|67.9869384765625
12|103|75.3846206665039
12|142|61.42707061767578
12|146|74.838623046875
12|163|67.97457122802734
12|174|55.86017608642578
12|184|65.46653747558594
12|188|71.76534271240234
12|206|64.00379943847656
12|227|64.63453674316406
12|231|78.5111312866211
12|238|67.27420806884766
12|248|66.24671936035156
12|269|63.55641555786133
12|274|73.0244140625
12|291|64.59266662597656
12|312|72.54403686523438
12|316|77.87913513183594
12|323|66.0268783569336
12|355|70.12982177734375
12|359|62.5670280456543
12|387|61.47114181518555
12|397|72.03800964355469
12|402|67.92276763916016
12|419|55.281436920166016
12|440|71.44270324707031
12|444|69.8908920288086
12|451|64.5117416381836
12|482|60.948272705078125
12|487|64.17272186279297
12|504|65.23684692382812
12|515|62.7584342956543
12|525|67.63494110107422
12|529|60.628177642822266
12|572|61.201908111572266
12|589|66.04733276367188
12|600|69.64569091796875
12|610|61.302574157714844
12|615|60.65231704711914
12|632|62.623939514160156
12|653|62.08524703979492
12|657|64.0451889038086
12|723|114.1440200805664
12|727|133.20867919921875
12|738|152.91140747070312
12|767|15.285590171813965
12|781|108.9267349243164
12|802|109.7894058227539
12|813|103.56036376953125
12|827|96.2451171875
12|877|106.35393524169922
12|894|101.21321868896484
12|910|102.29060363769531
12|919|139.5165557861328
12|930|126.20529174804688
12|935|35.11799621582031
12|951|105.01160430908203
12|962|108.2034683227539
12|994|94.3827896118164
12|998|95.2326889038086
12|1004|121.88716888427734
12|1015|105.6844482421875
12|1026|105.24722290039062
12|1065|91.3864517211914
12|1068|114.96119689941406
12|1081|74.57586669921875
12|1090|114.0273666381836
12|1100|117.41016387939453
12|1111|104.81964874267578
12|1143|101.99313354492188
12|1168|89.30653381347656
12|1175|105.7870101928711
12|1235|80.75056457519531
12|1239|96.4551773071289
12|1249|114.14788055419922
13|3|71.67101287841797
13|13|49.67461013793945
13|24|73.81388854980469
13|35|66.75475311279297
13|67|78.23814392089844
13|77|62.18284225463867
13|83|18.65114402770996
13|88|67.24347686767578
13|110|73.35285949707031
13|120|71.4546127319336
13|131|66.41419219970703
13|141|55.488521575927734
13|152|83.52422332763672
13|195|77.4500503540039
13|205|63.331600189208984
13|216|69.84458923339844
13|237|77.86581420898438
13|259|68.41288757324219
13|280|78.58069610595703
13|290|53.70036315917969
13|296|19.337976455688477
13|301|71.25736236572266
13|322|65.84847259521484
13|333|65.29877471923828
13|344|72.44175720214844
13|354|57.49252700805664
13|365|79.46892547607422
13|376|58.279319763183594
13|408|69.7240982055664
13|418|62.707584381103516
13|424|17.384389877319336
13|429|76.45094299316406
13|450|71.24235534667969
13|461|67.58706665039062
13|472|73.64653778076172
13|493|73.53086853027344
13|509|17.30036735534668
13|514|73.09794616699219
13|535|64.70313262939453
13|538|16.400060653686523
13|546|68.3874282836914
13|557|73.7928466796875
13|567|51.4516716003418
13|578|80.08646392822266
13|599|64.84058380126953
13|621|80.64402770996094
13|631|60.163429260253906
13|642|64.41513061523438
13|663|76.72628021240234
13|674|20.63627052307129
13|695|114.7066421508789
13|706|130.87644958496094
13|716|104.39299011230469
13|759|91.94085693359375
13|770|118.75331115722656
13|780|117.21914672851562
13|791|131.04815673828125
13|812|106.92436981201172
13|823|100.7271728515625
13|844|106.4274673461914
13|855|128.37594604492188
13|876|116.65851593017578
13|887|113.21984100341797
13|897|111.47039031982422
13|908|96.47771453857422
13|940|120.68348693847656
13|972|100.26388549804688
13|983|108.70043182373047
13|1025|102.97891235351562
13|1036|109.32714080810547
13|1057|98.16632843017578
13|1079|116.02787017822266
13|1089|116.14115905761719
13|1121|94.06594848632812
13|1132|108.07260131835938
13|1142|96.73484802246094
13|1153|116.59800720214844
13|1156|21.60637092590332
13|1164|110.42086029052734
13|1174|109.3967056274414
13|1177|20.459936141967773
13|1185|97.61687469482422
13|1196|108.03425598144531
13|1206|92.52953338623047
13|1217|113.4761962890625
13|1234|74.88990783691406
13|1238|117.6648178100586
13|1260|114.36800384521484
13|1271|98.91807556152344
13|1281|105.91688537597656
14|2|54.119140625
14|34|50.626609802246094
14|130|57.18347930908203
14|144|25.959421157836914
14|162|50.92615509033203
14|173|65.24627685546875
14|254|19.45562171936035
14|258|64.1724853515625
14|343|59.75405502319336
14|386|67.95719146728516
14|442|18.45724105834961
14|471|62.92052459716797
14|556|57.04811096191406
14|570|19.60010528564453
14|588|49.59358596801758
14|655|18.543352127075195
14|684|104.51806640625
14|748|109.08615112304688
14|764|101.8427734375
14|833|98.52207946777344
14|934|99.25104522705078
14|961|116.60242462158203
14|993|116.36233520507812
14|1014|87.83692169189453
14|1060|34.68892288208008
14|1078|82.42524719238281
14|1104|93.24417877197266
14|1270|83.95639038085938
14|1275|86.9993667602539
14|1291|73.93997192382812
15|7|87.93624114990234
15|15|30.040672302246094
15|23|51.689151763916016
15|26|25.395740509033203
15|50|87.90335845947266
15|58|25.573577880859375
15|66|57.56098175048828
15|69|24.283565521240234
15|79|18.26995849609375
15|87|50.331233978271484
15|92|87.70215606689453
15|98|48.44455337524414
15|111|24.357091903686523
15|119|49.24345397949219
15|122|17.437820434570312
15|135|92.46855926513672
15|143|28.77141571044922
15|151|55.55193328857422
15|154|23.569229125976562
15|164|22.058364868164062
15|178|93.7620849609375
15|183|44.295318603515625
15|186|21.2642765045166
15|196|24.460664749145508
15|207|16.874237060546875
15|212|15.825380325317383
15|215|53.82543182373047
15|220|92.3603744506836
15|228|27.27665138244629
15|236|49.291378021240234
15|239|23.072734832763672
15|247|53.96307373046875
15|250|16.61293601989746
15|263|87.4422607421875
15|271|23.180246353149414
15|279|55.218719482421875
15|282|22.979448318481445
15|292|20.11326026916504
15|300|55.06270217895508
15|306|89.83879089355469
15|311|44.51827621459961
15|324|27.784025192260742
15|332|51.503631591796875
15|335|19.015932083129883
15|348|83.76834106445312
15|356|27.540658950805664
15|364|48.34902572631836
15|367|22.421218872070312
15|375|53.398162841796875
15|388|30.122711181640625
15|391|75.98074340820312
15|407|60.58357620239258
15|410|23.72746467590332
15|420|21.240285873413086
15|428|49.47738265991211
15|433|82.90393829345703
15|439|39.91801834106445
15|441|20.992568969726562
15|452|23.942541122436523
15|460|51.645145416259766
15|463|18.466014862060547
15|476|79.6527099609375
15|484|25.32097625732422
15|492|60.05159378051758
15|495|24.523771286010742
15|505|15.646502494812012
15|516|33.64065933227539
15|519|78.24484252929688
15|526|24.029115676879883
15|537|25.487245559692383
15|545|41.056819915771484
15|548|17.904186248779297
15|561|87.9541244506836
15|569|28.799345016479492
15|577|51.3968620300293
15|580|22.972675323486328
15|604|82.27082061767578
15|612|23.35205078125
15|620|59.68183898925781
15|623|22.625198364257812
15|633|20.23811912536621
15|641|50.99516296386719
15|646|85.07994842529297
15|652|43.22632598876953
15|654|24.396055221557617
15|662|44.34868240356445
15|665|25.02988624572754
15|694|94.4699478149414
15|705|110.06804656982422
15|708|29.463062286376953
15|718|25.467037200927734
15|726|94.08126068115234
15|729|27.42061996459961
15|737|92.01700592041016
15|758|87.83190155029297
15|766|117.04580688476562
15|769|135.89523315429688
15|779|53.34032440185547
15|782|80.68270874023438
15|790|83.09632873535156
15|792|81.62242126464844
15|801|106.55020904541016
15|817|94.63265228271484
15|822|95.64257049560547
15|843|82.760986328125
15|846|28.03445816040039
15|854|110.31266784667969
15|857|24.493316650390625
15|875|92.16297149658203
15|878|29.528949737548828
15|886|82.43335723876953
15|907|74.97846221923828
15|910|26.72298240661621
15|918|101.52920532226562
15|936|104.11363983154297
15|942|26.621261596679688
15|950|103.25099182128906
15|971|108.69849395751953
15|982|102.96666717529297
15|987|92.63714599609375
15|992|89.06464385986328
15|1003|93.49121856689453
15|1006|28.314245223999023
15|1035|80.81946563720703
15|1038|18.99716567993164
15|1046|103.77204895019531
15|1056|73.72631072998047
15|1067|94.1959457397461
15|1070|24.85161590576172
15|1088|83.04536437988281
15|1099|77.87163543701172
15|1107|103.85590362548828
15|1110|102.09481811523438
15|1120|97.48206329345703
15|1123|92.23583221435547
15|1131|128.9558868408203
15|1141|37.44558334350586
15|1144|63.60773849487305
15|1155|28.24312973022461
15|1158|69.79051971435547
15|1184|76.19501495361328
15|1187|22.601133346557617
15|1195|95.39849090576172
15|1198|20.456995010375977
15|1216|94.13873291015625
15|1219|25.08666229248047
15|1227|82.76753234863281
15|1248|79.40301513671875
15|1251|19.770849227905273
15|1259|96.83566284179688
15|1272|20.5446834564209
15|1280|118.46675872802734
15|1283|23.88810157775879
16|13|49.12648391723633
16|56|48.199188232421875
16|141|47.51348876953125
16|226|45.491966247558594
16|268|41.06292724609375
16|354|47.59305953979492
16|368|17.586339950561523
16|396|46.336483001708984
16|449|45.916351318359375
16|481|42.13180160522461
16|502|34.50175857543945
16|524|42.86600112915039
16|534|45.07904052734375
16|567|45.6185188293457
16|609|45.53870391845703
16|630|36.23967361450195
16|741|17.359994888305664
16|780|61.35141372680664
16|791|81.50593566894531
16|812|108.42814636230469
16|1007|15.565627098083496
16|1108|95.20288848876953
16|1121|84.93450164794922
16|1230|19.855995178222656
17|6|52.383453369140625
17|46|67.9683837890625
17|59|28.94090461730957
17|89|69.02351379394531
17|91|46.47676086425781
17|131|66.9299545288086
17|168|36.19173812866211
17|174|68.10863494873047
17|187|26.454381942749023
17|219|55.56808853149414
17|259|64.91979217529297
17|272|31.128671646118164
17|296|35.5760383605957
17|304|40.7708740234375
17|344|62.735801696777344
17|347|46.52730178833008
17|387|60.809322357177734
17|400|24.69891357421875
17|432|42.81315994262695
17|472|63.63068771362305
17|517|38.53807067871094
17|560|47.89213180541992
17|600|64.10199737548828
17|613|27.218095779418945
17|637|33.214229583740234
17|645|38.78314971923828
17|826|22.2763671875
17|868|18.213829040527344
17|890|20.326000213623047
17|1103|19.392578125
17|1142|47.495121002197266
17|1154|70.51627349853516
18|4|79.94253540039062
18|37|94.89332580566406
18|47|77.04915618896484
18|79|105.7860336303711
18|122|96.21693420410156
18|132|80.91072082519531
18|165|93.51042175292969
18|207|105.17915344238281
18|217|74.62687683105469
18|250|98.14726257324219
18|258|63.58821105957031
18|292|100.89241790771484
18|302|70.61886596679688
18|335|97.69542694091797
18|345|79.50931549072266
18|378|92.61849975585938
18|420|100.43622589111328
18|430|65.3574447631836
18|463|88.00233459472656
18|471|58.15569305419922
18|473|73.99591064453125
18|506|92.42070770263672
18|515|65.71161651611328
18|548|98.91883087158203
18|558|70.30218505859375
18|591|91.20850372314453
18|599|55.1660041809082
18|620|34.07817077636719
18|633|95.78375244140625
18|643|71.31595611572266
18|676|41.02249526977539
18|678|34.30537033081055
18|836|40.6776237487793
18|848|73.57176971435547
18|982|89.32841491699219
18|1016|70.44881439208984
18|1019|70.26805877685547
18|1059|37.2802734375
18|1155|51.11981964111328
18|1187|72.94188690185547
18|1208|35.05817413330078
19|2|61.37493133544922
19|15|76.52760314941406
19|23|64.92755889892578
19|26|77.57662963867188
19|55|58.70652770996094
19|58|79.01898193359375
19|68|66.61006927490234
19|87|68.25325775146484
19|90|68.64019775390625
19|100|80.8705825805664
19|111|72.40381622314453
19|119|51.41838073730469
19|129|78.73673248291016
19|143|74.55306243896484
19|151|59.51764678955078
19|154|81.2437515258789
19|175|75.0262680053711
19|183|56.267417907714844
19|186|78.85737609863281
19|196|70.77703857421875
19|228|82.768798828125
19|239|76.42071533203125
19|253|47.063724517822266
19|260|75.81535339355469
19|271|72.4678726196289
19|300|66.08211517333984
19|303|67.81402587890625
19|313|74.77349090576172
19|321|56.02897644042969
19|324|72.48728942871094
19|342|64.30271911621094
19|356|71.3823471069336
19|367|70.8917465209961
19|385|68.20459747314453
19|388|71.43073272705078
19|396|52.09858322143555
19|399|65.18516540527344
19|409|63.713645935058594
19|428|62.3360595703125
19|431|55.9288215637207
19|441|69.09738159179688
19|452|69.09331512451172
19|466|36.26976776123047
19|470|78.02178192138672
19|481|41.652549743652344
19|484|64.84915924072266
19|495|69.1547622680664
19|516|64.94825744628906
19|527|68.99219512939453
19|537|65.1799087524414
19|555|72.10310363769531
19|569|72.08422088623047
19|577|57.58523941040039
19|580|67.13426971435547
19|598|74.5457763671875
19|601|71.03683471679688
19|609|46.71239471435547
19|612|66.93595123291016
19|622|62.78066635131836
19|630|56.67808532714844
19|654|70.58538055419922
19|662|56.00533676147461
19|665|68.07086181640625
19|686|46.031925201416016
19|728|50.727664947509766
19|739|49.369606018066406
19|750|59.36493682861328
19|760|56.793949127197266
19|771|53.34430694580078
19|782|54.0589714050293
19|803|48.20148849487305
19|824|51.99327850341797
19|835|57.21647644042969
19|843|119.4458236694336
19|853|131.20469665527344
19|856|52.07261657714844
19|899|52.5753288269043
19|907|99.35070037841797
19|909|47.70394515991211
19|920|43.830413818359375
19|931|45.63822937011719
19|939|126.45651245117188
19|942|48.09136962890625
19|952|47.29469299316406
19|963|48.63621139526367
19|974|50.26313018798828
19|984|71.3218002319336
19|995|47.830081939697266
19|1003|113.2095947265625
19|1006|51.616111755371094
19|1027|51.639564514160156
19|1045|136.30926513671875
19|1049|49.12855911254883
19|1056|105.08662414550781
19|1069|49.59683609008789
19|1080|45.18231964111328
19|1088|115.49855041503906
19|1091|47.74758529663086
19|1101|39.10493850708008
19|1106|19.011363983154297
19|1112|50.76395797729492
19|1120|102.29377746582031
19|1123|44.031951904296875
19|1133|47.2443733215332
19|1144|42.14704513549805
19|1152|122.64501953125
19|1165|48.557640075683594
19|1176|47.81462860107422
19|1197|49.906558990478516
19|1205|107.70121002197266
19|1216|98.6269302368164
19|1240|48.591163635253906
19|1250|38.6086311340332
19|1261|48.040245056152344
19|1272|47.45475387573242
19|1282|43.70315170288086
20|29|68.15773010253906
20|48|56.07145690917969
20|69|72.68775177001953
20|71|81.05728149414062
20|84|59.85432434082031
20|114|81.39473724365234
20|133|60.58222961425781
20|169|60.82029342651367
20|197|71.98946380615234
20|199|74.75807189941406
20|212|66.56281280517578
20|214|77.42383575439453
20|236|65.71794891357422
20|242|70.88719940185547
20|261|59.34604263305664
20|282|68.48011016845703
20|284|78.52204132080078
20|297|61.48182678222656
20|327|76.66365051269531
20|370|65.04244232177734
20|382|52.957054138183594
20|410|60.374847412109375
20|412|72.74737548828125
20|425|50.01288604736328
20|442|53.528343200683594
20|455|59.62575149536133
20|468|64.49441528320312
20|474|48.22593688964844
20|497|63.15882873535156
20|510|60.05397033691406
20|540|66.68701171875
20|553|60.11649703979492
20|595|54.31922912597656
20|602|51.9826545715332
20|623|62.314449310302734
20|625|67.89430236816406
20|638|57.22085189819336
20|640|71.7114028930664
20|668|61.71240234375
20|680|16.087398529052734
20|683|155.3964080810547
20|697|78.23039245605469
20|706|78.2798080444336
20|717|75.39434814453125
20|825|41.73243713378906
20|832|135.53475952148438
20|838|61.48796463012695
20|846|37.14434051513672
20|851|65.7153091430664
20|866|70.03841400146484
20|875|135.78968811035156
20|878|87.66764831542969
20|889|72.75212860107422
20|985|44.66279602050781
20|1008|57.97657775878906
20|1023|155.6803741455078
20|1038|69.87033081054688
20|1058|44.167179107666016
20|1081|31.15304183959961
20|1102|31.035049438476562
20|1154|31.501813888549805
20|1179|59.687862396240234
20|1192|55.77267837524414
20|1207|39.996150970458984
20|1218|66.28076171875
20|1229|64.70757293701172
21|6|35.032466888427734
21|28|68.11333465576172
21|43|109.95757293701172
21|113|78.83645629882812
21|144|45.76919174194336
21|156|69.26276397705078
21|198|78.04996490478516
21|219|33.54619598388672
21|241|73.27374267578125
21|256|102.49986267089844
21|326|72.46115112304688
21|369|63.79825210571289
21|454|58.40435791015625
21|539|59.95889663696289
21|582|61.541542053222656
21|651|66.13033294677734
21|667|57.702579498291016
21|996|22.100570678710938
21|1024|146.4685516357422
21|1048|43.06111526489258
21|1156|16.25514030456543
21|1208|38.68369674682617
21|1226|150.32061767578125
21|1230|35.16302490234375
21|1252|18.231046676635742
22|12|94.07307434082031
22|33|99.12322998046875
22|36|20.002439498901367
22|44|113.2607192993164
22|65|115.1766357421875
22|68|25.3530330657959
22|76|82.22596740722656
22|86|118.19430541992188
22|97|97.83076477050781
22|108|111.16351318359375
22|126|29.62844467163086
22|129|117.63302612304688
22|150|110.6361312866211
22|164|22.44794273376465
22|171|113.10257720947266
22|185|27.17570686340332
22|187|27.867717742919922
22|193|105.98502349853516
22|225|108.60601043701172
22|246|104.40122985839844
22|249|20.69068717956543
22|257|105.17617797851562
22|278|115.93523406982422
22|281|24.009111404418945
22|289|84.1154556274414
22|299|118.4011459350586
22|310|101.16880798339844
22|313|26.031984329223633
22|321|110.61359405517578
22|331|95.35797119140625
22|342|107.45185089111328
22|353|83.63949584960938
22|363|104.74938201904297
22|374|87.10482025146484
22|384|112.19524383544922
22|398|21.312156677246094
22|406|113.30237579345703
22|427|114.1285171508789
22|438|90.1529769897461
22|448|85.3992691040039
22|459|91.28003692626953
22|469|89.6030044555664
22|480|83.98043060302734
22|491|95.99345397949219
22|502|75.72888946533203
22|512|101.77220916748047
22|523|83.92679595947266
22|526|21.052865982055664
22|528|21.086830139160156
22|534|95.3561019897461
22|544|73.44845581054688
22|555|105.42664337158203
22|566|74.22036743164062
22|576|88.60174560546875
22|587|82.27911376953125
22|590|19.015522003173828
22|597|105.15925598144531
22|608|74.22381591796875
22|611|19.751773834228516
22|619|102.33222961425781
22|622|23.429765701293945
22|629|64.90470886230469
22|640|102.2251968383789
22|662|95.20680236816406
22|683|148.58966064453125
22|693|158.8377685546875
22|704|166.71832275390625
22|715|155.08865356445312
22|725|145.3585662841797
22|736|168.69166564941406
22|747|158.18768310546875
22|757|169.4744873046875
22|768|156.59701538085938
22|778|146.0890655517578
22|792|23.615877151489258
22|800|157.30906677246094
22|803|15.522744178771973
22|821|163.9995574951172
22|842|155.4114532470703
22|853|170.2284698486328
22|864|154.2254638671875
22|885|158.9613037109375
22|899|16.574909210205078
22|906|145.20501708984375
22|917|159.29136657714844
22|928|136.24893188476562
22|938|157.00689697265625
22|949|156.1227569580078
22|952|17.883817672729492
22|960|146.61180114746094
22|970|149.8820037841797
22|981|149.8300323486328
22|991|134.55226135253906
22|1002|140.3578643798828
22|1007|33.070796966552734
22|1013|148.4988250732422
22|1016|15.449638366699219
22|1034|153.3121795654297
22|1045|146.17979431152344
22|1055|134.6858673095703
22|1077|147.0843505859375
22|1080|18.11210823059082
22|1098|145.7593231201172
22|1109|150.16079711914062
22|1112|17.262205123901367
22|1119|138.9582977294922
22|1130|159.66033935546875
22|1141|134.9904022216797
22|1162|147.08819580078125
22|1165|16.620708465576172
22|1173|164.79139709472656
22|1183|151.83364868164062
22|1194|160.5963592529297
22|1205|127.77236938476562
22|1237|140.3491973876953
22|1247|148.5975799560547
22|1250|18.569002151489258
22|1258|143.44107055664062
22|1261|20.416702270507812
22|1268|126.63264465332031
22|1271|18.060134887695312
22|1276|18.334514617919922
22|1279|143.71771240234375
22|1290|142.82601928710938
23|1|109.44209289550781
23|11|86.47747802734375
23|22|103.81996154785156
23|54|99.09636688232422
23|83|28.605283737182617
23|142|30.708213806152344
23|161|100.93920135498047
23|182|111.98062133789062
23|203|95.18248748779297
23|211|26.674142837524414
23|214|112.28550720214844
23|267|101.94186401367188
23|296|27.426921844482422
23|339|32.04243850708008
23|395|96.58314514160156
23|416|80.9376220703125
23|419|22.343795776367188
23|424|20.97228240966797
23|509|21.269941329956055
23|637|22.998943328857422
23|672|97.1093978881836
23|676|19.551231384277344
23|721|81.39606475830078
23|746|161.36849975585938
23|789|162.48489379882812
23|810|153.19503784179688
23|832|158.52902221679688
23|847|14.84492015838623
23|874|153.5948486328125
23|891|69.62190246582031
23|1023|131.61143493652344
23|1062|79.13957977294922
23|1151|140.96475219726562
23|1215|153.9889678955078
23|1233|81.35211944580078
24|18|90.9264144897461
24|27|32.65643310546875
24|46|32.46491241455078
24|60|83.33072662353516
24|70|33.74321365356445
24|78|29.34920310974121
24|89|31.398357391357422
24|97|101.46379089355469
24|103|87.74716186523438
24|112|31.306751251220703
24|118|98.36894226074219
24|139|99.85107421875
24|146|82.57073974609375
24|155|34.2844123840332
24|174|32.35666275024414
24|176|29.98318862915039
24|185|25.710205078125
24|188|77.45551300048828
24|195|43.34178161621094
24|198|36.77717208862305
24|217|32.87175369262695
24|227|30.46133804321289
24|231|81.05485534667969
24|240|36.4060173034668
24|259|33.240570068359375
24|270|26.25477409362793
24|274|84.61892700195312
24|283|33.681148529052734
24|302|35.83481216430664
24|316|91.4486312866211
24|323|41.00703430175781
24|325|33.975948333740234
24|345|25.71442413330078
24|352|83.82593536376953
24|359|51.54384994506836
24|368|24.766145706176758
24|374|86.66212463378906
24|387|22.830181121826172
24|398|23.901016235351562
24|401|55.722877502441406
24|411|24.40251922607422
24|444|56.743228912353516
24|451|32.480873107910156
24|453|29.53717803955078
24|473|25.311016082763672
24|487|48.555484771728516
24|496|28.37010383605957
24|504|23.831138610839844
24|515|26.515033721923828
24|529|59.79080581665039
24|538|24.54832649230957
24|547|19.069974899291992
24|572|63.91401290893555
24|579|31.129135131835938
24|581|28.192337036132812
24|600|25.091463088989258
24|614|57.86949157714844
24|632|25.18019676208496
24|643|22.353084564208984
24|651|62.316104888916016
24|653|22.951637268066406
24|657|58.62390899658203
24|666|20.857961654663086
24|677|18.452180862426758
24|679|16.37701416015625
24|696|28.131486892700195
24|728|29.897506713867188
24|740|85.34249114990234
24|749|80.80081939697266
24|760|97.46932983398438
24|781|31.37152671813965
24|792|30.516860961914062
24|824|33.17582702636719
24|827|76.96866607666016
24|835|26.589385986328125
24|845|25.08292007446289
24|856|29.3366641998291
24|888|27.308534622192383
24|895|184.99375915527344
24|909|88.07760620117188
24|917|161.79367065429688
24|920|72.70475769042969
24|930|72.76788330078125
24|941|26.62579345703125
24|973|27.61002540588379
24|984|30.396238327026367
24|998|74.86105346679688
24|1002|144.35781860351562
24|1026|27.038997650146484
24|1037|29.984180450439453
24|1058|27.506160736083984
24|1066|178.1342315673828
24|1080|69.57118225097656
24|1087|142.3474578857422
24|1090|70.2405776977539
24|1100|57.153221130371094
24|1122|25.87876319885254
24|1133|27.676523208618164
24|1154|28.908626556396484
24|1165|24.63066864013672
24|1168|64.50914001464844
24|1186|25.990903854370117
24|1197|25.96357536315918
24|1207|24.94970703125
24|1218|26.27884292602539
24|1236|153.80836486816406
24|1251|52.50799560546875
24|1260|64.74481201171875
24|1271|47.23631286621094
24|1282|27.68085289001465
25|6|23.298269271850586
25|33|87.78900146484375
25|75|85.65511322021484
25|129|83.5982894897461
25|150|103.35565185546875
25|193|95.06510162353516
25|235|106.19598388671875
25|257|91.89447021484375
25|278|107.39683532714844
25|310|96.95977020263672
25|331|94.26678466796875
25|406|84.85674285888672
25|427|75.90470886230469
25|491|79.61886596679688
25|534|74.3199691772461
25|587|60.247161865234375
25|645|15.896642684936523
25|708|23.190027236938477
25|725|157.60890197753906
25|765|21.291641235351562
25|793|22.776742935180664
25|804|19.923952102661133
25|868|16.337081909179688
25|890|28.91214370727539
25|932|53.61155319213867
25|1049|16.109346389770508
25|1191|17.42398452758789
25|1230|19.878313064575195
25|1258|129.10873413085938
26|11|86.60240173339844
26|54|102.04029846191406
26|190|24.472965240478516
26|256|82.22113037109375
26|267|96.47259521484375
26|512|67.62538146972656
26|719|17.11721420288086
26|1020|36.70532989501953
26|1103|43.84115982055664
27|12|86.095458984375
27|27|17.666860580444336
27|38|73.06226348876953
27|43|81.80831909179688
27|70|19.184534072875977
27|81|70.9394302368164
27|86|95.40145111083984
27|97|92.31703186035156
27|118|81.29106140136719
27|124|76.60112762451172
27|144|21.557910919189453
27|155|15.955477714538574
27|166|85.29914855957031
27|171|89.62950897216797
27|182|96.33870697021484
27|198|18.199010848999023
27|209|80.36328887939453
27|225|89.3652114868164
27|229|20.86007308959961
27|240|15.68902587890625
27|246|86.59742736816406
27|251|81.3652572631836
27|272|21.480260848999023
27|283|15.6940336227417
27|288|77.53620147705078
27|294|83.14696502685547
27|310|96.27511596679688
27|323|23.567869186401367
27|326|18.90840721130371
27|337|70.60868072509766
27|342|78.12541198730469
27|374|64.727294921875
27|379|55.26774978637695
27|422|61.58460998535156
27|464|60.42788314819336
27|507|61.30436706542969
27|523|58.67036437988281
27|549|59.52098083496094
27|566|48.286869049072266
27|592|56.61278533935547
27|635|55.104087829589844
27|651|44.71299362182617
27|678|40.91352844238281
27|763|85.67913055419922
27|823|28.938278198242188
27|847|68.3108901977539
27|934|74.89247131347656
27|996|20.11731719970703
27|1007|17.007347106933594
27|1018|56.558895111083984
27|1104|79.6011734008789
27|1189|56.56585693359375
27|1275|76.60172271728516
28|25|21.27956771850586
28|68|20.376699447631836
28|110|22.224123001098633
28|129|89.31706237792969
28|143|15.124370574951172
28|214|85.34681701660156
28|384|70.7754898071289
28|536|15.72378921508789
28|555|60.928009033203125
28|579|15.54404354095459
28|597|58.782745361328125
28|640|59.95392608642578
28|720|15.503144264221191
28|1013|72.1894760131836
28|1162|68.29917907714844
28|1230|15.056766510009766
29|128|77.6535873413086
29|161|67.54109954833984
29|168|32.30898666381836
29|299|88.63327026367188
29|469|60.24580764770508
29|554|54.848838806152344
29|587|33.75883865356445
29|719|15.900067329406738
29|765|41.670204162597656
29|821|68.90485382080078
29|850|38.234683990478516
29|935|52.86846923828125
29|1191|30.168140411376953
30|41|64.42076873779297
30|84|78.21143341064453
30|127|80.61186218261719
30|169|67.7347183227539
30|178|93.62665557861328
30|213|85.04200744628906
30|298|74.70043182373047
30|348|82.10489654541016
30|382|49.88479232788086
30|425|49.327816009521484
30|468|52.09149169921875
30|510|51.323387145996094
30|553|58.905601501464844
30|595|46.04354476928711
30|604|65.32199096679688
30|638|52.28467559814453
30|668|46.36612319946289
30|706|36.6537971496582
30|781|60.239070892333984
30|792|60.3849983215332
30|803|57.53489303588867
30|852|86.08689880371094
30|864|56.167198181152344
30|866|34.061153411865234
30|888|44.71813201904297
30|936|76.75845336914062
30|970|64.94601440429688
30|1021|53.79668045043945
30|1059|39.92249298095703
30|1107|76.52618408203125
30|1119|59.91119384765625
30|1130|57.836822509765625
30|1141|63.47492218017578
30|1143|52.4877815246582
30|1194|70.72088623046875
30|1218|36.776790618896484
30|1229|35.02204132080078
30|1278|93.28153228759766
30|1290|64.34500885009766
31|7|103.85520935058594
31|29|88.83251190185547
31|42|82.08927154541016
31|50|111.4931640625
31|71|82.71916961669922
31|85|90.65901947021484
31|92|111.23736572265625
31|114|84.65010070800781
31|135|101.97859954833984
31|156|85.77227783203125
31|170|91.05570983886719
31|177|96.4566421508789
31|199|83.63536834716797
31|220|111.91229248046875
31|242|74.76595306396484
31|256|89.93997192382812
31|263|101.30520629882812
31|284|87.94235229492188
31|305|102.1653823852539
31|327|83.36138916015625
31|341|69.77523040771484
31|369|52.732688903808594
31|383|47.71538162231445
31|391|63.59818649291992
31|412|60.289981842041016
31|426|57.42103576660156
31|433|69.4801254272461
31|455|59.023284912109375
31|476|73.26759338378906
31|497|53.531192779541016
31|511|57.50374984741211
31|518|68.19245910644531
31|540|57.37117004394531
31|561|66.2157211303711
31|583|50.6765251159668
31|596|53.67756652832031
31|625|50.59651565551758
31|646|67.82227325439453
31|683|49.46124267578125
31|685|35.595619201660156
31|697|43.26884841918945
31|707|38.734806060791016
31|717|38.56081771850586
31|767|108.63220977783203
31|800|52.0758171081543
31|817|70.79851531982422
31|838|52.64564895629883
31|867|38.48222732543945
31|878|46.96332931518555
31|937|73.95428466796875
31|940|30.080692291259766
31|949|48.304603576660156
31|952|55.88726043701172
31|960|48.988243103027344
31|963|51.533599853515625
31|973|46.62727355957031
31|987|70.50762939453125
31|1009|49.48546600341797
31|1023|82.19448852539062
31|1037|42.73154830932617
31|1048|41.40578842163086
31|1123|46.98874282836914
31|1133|48.735450744628906
31|1144|53.48720169067383
31|1158|57.14591979980469
31|1179|50.012245178222656
31|1193|75.552490234375
31|1208|40.247623443603516
32|1|61.138153076171875
32|75|59.02043533325195
32|86|73.13067626953125
32|118|59.30255889892578
32|128|73.27147674560547
32|182|57.35517120361328
32|203|59.800315856933594
32|257|65.75978088378906
32|283|52.115177154541016
32|342|65.87269592285156
32|368|26.98638343811035
32|384|54.04667282104492
32|427|51.85650634765625
32|469|46.810306549072266
32|512|50.5203857421875
32|544|28.782821655273438
32|554|47.088409423828125
32|597|54.14176940917969
32|608|22.78545379638672
32|639|33.02548599243164
32|719|29.92917823791504
32|789|40.25162887573242
32|811|46.385257720947266
32|938|49.75182342529297
32|1226|35.915252685546875
32|1273|19.822484970092773
33|22|49.59138488769531
33|61|15.014311790466309
33|83|26.424802780151367
33|126|27.321916580200195
33|150|51.831825256347656
33|168|21.982519149780273
33|211|26.095712661743164
33|214|63.58381271362305
33|246|55.96678924560547
33|278|48.85770797729492
33|296|24.255739212036133
33|299|66.39820861816406
33|310|52.96902847290039
33|339|29.85075569152832
33|448|34.594058990478516
33|509|15.324003219604492
33|552|17.07373046875
33|587|21.562957763671875
33|637|14.98558235168457
33|640|37.74311065673828
33|672|49.79076385498047
33|778|36.694602966308594
33|832|38.8934211730957
33|1002|42.872589111328125
33|1034|37.9339485168457
33|1045|27.931020736694336
33|1055|38.003761291503906
33|1108|24.31670570373535
33|1152|31.588586807250977
33|1172|36.18803024291992
33|1215|33.94282150268555
34|3|76.36590576171875
34|33|48.43410873413086
34|46|76.15831756591797
34|65|45.91952896118164
34|89|68.93262481689453
34|108|43.78367233276367
34|131|75.33953094482422
34|174|74.81315612792969
34|193|47.614593505859375
34|216|73.40873718261719
34|236|42.59302520751953
34|259|75.932861328125
34|302|65.5665512084961
34|304|39.99385452270508
34|321|48.74273681640625
34|344|51.41158676147461
34|387|48.6473503112793
34|429|45.31340408325195
34|472|43.53053283691406
34|491|30.584545135498047
34|515|43.16496658325195
34|534|29.18868637084961
34|557|45.960025787353516
34|577|25.65847396850586
34|600|41.14947509765625
34|619|25.5609073638916
34|642|39.17982482910156
34|662|24.162925720214844
34|721|69.95277404785156
34|853|28.491350173950195
34|892|62.762550354003906
34|983|44.26943588256836
34|1062|67.76227569580078
34|1153|46.03272247314453
34|1173|42.76708221435547
34|1232|62.646236419677734
35|1|49.126346588134766
35|118|49.51338195800781
35|161|47.78704071044922
35|331|53.82084655761719
35|342|33.066776275634766
35|374|32.21752166748047
35|459|20.342309951782227
35|501|20.88249397277832
35|544|24.0194149017334
35|560|23.06385612487793
35|582|16.150432586669922
35|683|20.81955909729004
35|768|30.98688316345215
35|813|47.88712692260742
35|850|30.114614486694336
35|980|21.997159957885742
35|1087|38.920677185058594
35|1154|47.45622253417969
35|1233|51.19552230834961
36|18|80.52584075927734
36|28|26.94171714782715
36|38|81.91634368896484
36|61|79.89410400390625
36|81|90.72337341308594
36|92|47.846195220947266
36|123|79.77310943603516
36|134|50.9853515625
36|146|93.94598388671875
36|166|79.4078598022461
36|177|47.19304656982422
36|182|41.229095458984375
36|209|84.47026062011719
36|231|82.3587875366211
36|251|89.26797485351562
36|262|52.49587631225586
36|274|79.14934539794922
36|294|82.65830993652344
36|305|46.50591278076172
36|336|76.34771728515625
36|347|29.44200897216797
36|359|41.83463668823242
36|379|51.60121536254883
36|422|50.11255645751953
36|432|25.973804473876953
36|444|42.363529205322266
36|464|53.29100036621094
36|475|25.68731117248535
36|487|46.047218322753906
36|502|21.06460189819336
36|507|46.17569351196289
36|518|22.712263107299805
36|529|41.36682891845703
36|550|46.039066314697266
36|572|42.20716094970703
36|592|48.002540588378906
36|615|38.386539459228516
36|635|51.27032470703125
36|645|22.842601776123047
36|678|22.635082244873047
36|682|21.53656578063965
36|736|38.553287506103516
36|740|62.44811248779297
36|749|55.65729522705078
36|760|54.02625274658203
36|827|71.15304565429688
36|832|27.367612838745117
36|847|50.352115631103516
36|874|33.326961517333984
36|885|27.331344604492188
36|894|72.08860778808594
36|910|60.093238830566406
36|917|42.29764175415039
36|920|41.645111083984375
36|931|47.94056701660156
36|981|25.76549530029297
36|998|63.56119155883789
36|1018|48.123409271240234
36|1060|22.538341522216797
36|1065|77.97632598876953
36|1081|57.15179443359375
36|1090|43.668888092041016
36|1098|37.020572662353516
36|1101|45.50685501098633
36|1108|22.477190017700195
36|1151|23.444923400878906
36|1168|59.243106842041016
36|1183|36.972068786621094
36|1189|44.934322357177734
36|1234|60.392086029052734
36|1247|41.44163513183594
36|1251|56.67159652709961
36|1261|43.94857406616211
36|1272|53.11492156982422
37|1|42.73813247680664
37|6|43.84666442871094
37|49|49.189369201660156
37|65|39.634952545166016
37|103|89.20789337158203
37|188|77.18756103515625
37|219|44.3475456237793
37|278|38.46220397949219
37|316|88.12933349609375
37|390|24.65411949157715
37|401|38.06599807739258
37|406|26.528099060058594
37|448|25.11347770690918
37|470|17.964120864868164
37|491|18.797508239746094
37|523|15.239919662475586
37|560|23.392986297607422
37|603|26.6521053314209
37|614|36.91518783569336
37|619|17.017297744750977
37|657|44.09043502807617
37|693|24.30652618408203
37|704|24.369213104248047
37|724|69.15913391113281
37|747|48.02500915527344
37|768|29.059431076049805
37|831|27.226037979125977
37|863|23.349061965942383
37|896|29.553930282592773
37|928|38.119239807128906
37|949|24.73829460144043
37|1013|32.605342864990234
37|1020|37.566097259521484
37|1023|33.55617141723633
37|1029|16.113859176635742
37|1045|26.841026306152344
37|1077|37.84976577758789
37|1102|38.00447463989258
37|1130|30.465856552124023
37|1157|15.780149459838867
37|1162|25.879459381103516
37|1199|16.84644317626953
37|1226|25.423749923706055
37|1235|62.67587661743164
37|1258|33.71269226074219
37|1289|23.55792236328125
38|22|41.53580856323242
38|33|38.94942855834961
38|86|57.60890579223633
38|235|41.308589935302734
38|342|38.53621292114258
38|405|25.386180877685547
38|459|16.322309494018555
38|480|16.991567611694336
38|512|31.82584571838379
38|576|18.450725555419922
38|629|14.935649871826172
38|661|16.578100204467773
38|672|20.47279167175293
38|757|35.09344482421875
38|842|28.198698043823242
38|906|26.75106430053711
38|1106|22.729501724243164
38|1151|22.548181533813477
38|1268|28.80318832397461
39|43|55.913299560546875
39|97|31.616230010986328
39|118|38.72123336791992
39|161|37.644893646240234
39|171|55.85079574584961
39|193|36.61663055419922
39|203|40.724849700927734
39|246|39.59722900390625
39|256|55.30119323730469
39|278|40.14190673828125
39|331|41.520286560058594
39|341|50.06543731689453
39|363|31.372928619384766
39|416|21.234966278076172
39|491|18.381235122680664
39|597|31.61469078063965
39|619|14.827423095703125
39|736|20.94040298461914
39|768|25.35717010498047
39|853|32.80919647216797
39|890|17.402692794799805
39|895|17.59038734436035
39|981|23.54792594909668
39|1002|28.739667892456055
39|1023|34.23263931274414
39|1045|27.46527099609375
39|1087|26.105093002319336
39|1098|20.793590545654297
39|1226|24.817604064941406
39|1247|21.524803161621094
39|1276|28.083234786987305
39|1279|25.495166778564453
40|41|96.05123901367188
40|49|29.40911293029785
40|84|111.20500946044922
40|107|40.68292999267578
40|127|104.34550476074219
40|150|43.63102340698242
40|254|106.38227081298828
40|297|117.64667510986328
40|320|40.56821060180664
40|373|24.335601806640625
40|382|63.460174560546875
40|425|61.13777542114258
40|468|62.30637741088867
40|501|16.788904190063477
40|553|57.39693069458008
40|638|63.929054260253906
40|680|27.8951416015625
40|693|27.235332489013672
40|714|30.364530563354492
40|852|51.89772033691406
40|863|25.204952239990234
40|889|28.15237045288086
40|992|28.26834487915039
40|1022|45.19007873535156
41|1|36.248775482177734
41|6|30.707826614379883
41|12|36.970890045166016
41|22|39.159976959228516
41|29|73.08917236328125
41|55|36.669315338134766
41|71|78.39887237548828
41|91|29.115127563476562
41|97|36.56271743774414
41|114|77.23387145996094
41|140|39.28548812866211
41|157|69.5390625
41|169|103.0809326171875
41|176|26.106037139892578
41|183|37.8416633605957
41|192|33.81298828125
41|199|73.93057250976562
41|212|102.79202270507812
41|219|30.667591094970703
41|225|36.912540435791016
41|242|81.87289428710938
41|273|25.798547744750977
41|284|76.95071411132812
41|304|28.26531410217285
41|310|36.68242645263672
41|327|76.78863525390625
41|340|106.2445297241211
41|353|25.905025482177734
41|370|43.31061553955078
41|374|25.105724334716797
41|389|15.443172454833984
41|405|24.332321166992188
41|412|48.87469482421875
41|432|17.089052200317383
41|438|18.559627532958984
41|455|47.87537384033203
41|481|17.84880256652832
41|491|17.94717025756836
41|497|40.64862060546875
41|510|60.13578796386719
41|524|17.022628784179688
41|533|18.119659423828125
41|540|42.66358947753906
41|544|16.691818237304688
41|567|17.192096710205078
41|583|37.48955535888672
41|595|54.85553741455078
41|603|15.51414966583252
41|609|16.81073570251465
41|625|43.83219528198242
41|652|15.033334732055664
41|668|36.35566329956055
41|685|28.008277893066406
41|697|37.798789978027344
41|704|32.518497467041016
41|707|34.97710418701172
41|715|26.887371063232422
41|718|31.64560317993164
41|763|80.77111053466797
41|821|38.93451690673828
41|838|45.383277893066406
41|851|49.8902587890625
41|864|27.557130813598633
41|867|33.33389663696289
41|878|41.843082427978516
41|885|28.749664306640625
41|888|34.511470794677734
41|934|71.48223114013672
41|993|25.382143020629883
41|1009|44.21553421020508
41|1034|24.574487686157227
41|1037|33.72475814819336
41|1048|35.36294174194336
41|1059|33.286861419677734
41|1098|20.71555519104004
41|1104|70.58272552490234
41|1149|15.792165756225586
41|1163|24.915555953979492
41|1179|41.97377014160156
41|1192|44.36198043823242
41|1208|37.193687438964844
41|1219|29.880727767944336
41|1229|27.24003028869629
41|1234|22.995346069335938
41|1275|65.72695922851562
42|11|33.56650924682617
42|43|44.71698760986328
42|54|37.951759338378906
42|139|36.56093978881836
42|171|44.71539306640625
42|182|37.095394134521484
42|193|33.667022705078125
42|224|33.63481903076172
42|246|32.02516555786133
42|256|51.1796989440918
42|262|31.326488494873047
42|267|35.542381286621094
42|278|35.90603256225586
42|352|27.96328353881836
42|363|30.10158920288086
42|395|27.047595977783203
42|416|18.075098037719727
42|475|15.62007999420166
42|480|19.11233139038086
42|523|17.477081298828125
42|565|15.856461524963379
42|576|15.24565601348877
42|608|17.899944305419922
42|874|24.016923904418945
42|992|16.32223129272461
42|1045|17.03195571899414
42|1055|20.879701614379883
42|1162|26.131790161132812
42|1204|18.214548110961914
42|1226|14.811009407043457
43|27|25.427064895629883
43|235|39.364158630371094
43|240|24.41065216064453
43|405|23.93741226196289
43|629|14.830303192138672
43|672|23.194454193115234
43|719|22.35687828063965
43|890|16.139780044555664
43|1194|16.66509246826172
44|28|23.189987182617188
44|54|33.07288360595703
44|65|33.446964263916016
44|83|31.427494049072266
44|97|29.34423065185547
44|182|28.78316307067871
44|211|31.853044509887695
44|241|24.166521072387695
44|257|29.054731369018555
44|296|30.555204391479492
44|310|27.61484718322754
44|341|33.26968002319336
44|381|23.213708877563477
44|384|24.927330017089844
44|406|22.992372512817383
44|424|21.128173828125
44|427|23.500947952270508
44|491|17.79908561706543
44|509|18.694713592529297
44|512|20.29011344909668
44|552|19.855833053588867
44|554|15.551513671875
44|597|19.184804916381836
44|608|15.56249713897705
44|637|18.108060836791992
44|682|20.448108673095703
44|693|19.371835708618164
44|704|15.83166217803955
44|736|18.203006744384766
44|821|16.677230834960938
44|831|18.363176345825195
44|885|15.458672523498535
44|906|19.841154098510742
44|935|33.294620513916016
44|991|19.00448989868164
44|1002|23.982221603393555
44|1034|15.545963287353516
44|1045|16.25560760498047
44|1124|17.86899757385254
44|1141|15.507472038269043
44|1162|18.223424911499023
44|1172|20.911203384399414
44|1236|16.148704528808594
44|1290|18.79062271118164
45|1|34.616943359375
45|38|48.443817138671875
45|44|30.239635467529297
45|49|69.20014190673828
45|82|43.98102951049805
45|118|28.229873657226562
45|123|48.84269332885742
45|129|34.126548767089844
45|152|15.619023323059082
45|166|47.58940124511719
45|172|28.137332916259766
45|177|73.46048736572266
45|209|47.67371368408203
45|214|25.822351455688477
45|246|26.185218811035156
45|251|47.002906799316406
45|288|28.768083572387695
45|294|43.271419525146484
45|299|31.20807456970215
45|336|47.384944915771484
45|342|32.555110931396484
45|352|24.524307250976562
45|379|38.5717658996582
45|422|36.5013542175293
45|437|16.5040225982666
45|464|31.641571044921875
45|470|22.92080307006836
45|507|30.3074951171875
45|549|33.832374572753906
45|555|17.96898651123047
45|592|34.967811584472656
45|635|28.49412727355957
45|640|17.55312156677246
45|678|21.726947784423828
45|832|25.787832260131836
45|847|34.33262634277344
45|1003|21.30338478088379
45|1013|17.496280670166016
45|1019|33.07112503051758
45|1061|40.21781539916992
45|1183|18.218202590942383
45|1189|31.197322845458984
45|1194|16.922531127929688
45|1281|16.44890785217285
46|7|84.2291259765625
46|17|27.94784164428711
46|33|27.874467849731445
46|50|85.62464904785156
46|60|28.861915588378906
46|92|79.00080108642578
46|102|26.806331634521484
46|135|85.26911926269531
46|145|27.94615364074707
46|161|29.179946899414062
46|178|76.83612823486328
46|188|26.34640121459961
46|220|87.56635284423828
46|230|29.43680191040039
46|263|93.85710906982422
46|273|29.143192291259766
46|305|76.28643798828125
46|315|25.262487411499023
46|331|29.8533992767334
46|348|80.83255004882812
46|358|20.192476272583008
46|374|20.63675308227539
46|391|58.659732818603516
46|401|17.119388580322266
46|416|16.52156639099121
46|433|58.619930267333984
46|443|16.781394958496094
46|476|55.192726135253906
46|486|15.921754837036133
46|518|53.13568878173828
46|529|16.38774871826172
46|544|15.059188842773438
46|561|56.028011322021484
46|571|15.291799545288086
46|604|58.040809631347656
46|614|17.211530685424805
46|646|52.38096618652344
46|657|16.254892349243164
46|721|51.86311721801758
46|762|18.096559524536133
46|767|78.88490295410156
46|782|51.84151077270508
46|792|51.49953842163086
46|803|52.992881774902344
46|810|27.619083404541016
46|817|61.58414840698242
46|842|18.265235900878906
46|892|54.0656852722168
46|937|81.96268463134766
46|952|52.6029052734375
46|962|47.46719741821289
46|973|46.60540008544922
46|981|28.653932571411133
46|987|64.64456939697266
46|1040|17.449756622314453
46|1062|46.93924331665039
46|1108|68.78681945800781
46|1123|46.61052322387695
46|1133|45.967227935791016
46|1144|46.92839431762695
46|1158|47.963741302490234
46|1174|16.236371994018555
46|1233|51.750244140625
46|1253|30.16638946533203
46|1278|57.33697509765625
46|1291|30.12701988220215
47|22|32.25638198852539
47|65|30.072092056274414
47|107|30.192665100097656
47|144|19.400238037109375
47|150|34.14867401123047
47|193|31.774112701416016
47|235|30.72203254699707
47|267|25.473596572875977
47|272|21.862648010253906
47|278|33.31735610961914
47|363|26.994426727294922
47|395|20.21099281311035
47|406|25.085548400878906
47|437|15.363852500915527
47|448|19.008541107177734
47|491|17.403667449951172
47|534|16.855010986328125
47|658|19.412494659423828
47|693|19.297935485839844
47|893|39.25155258178711
47|906|20.582670211791992
47|917|24.431514739990234
47|927|20.30845832824707
47|1119|22.496191024780273
47|1141|22.142452239990234
47|1151|27.784530639648438
47|1173|23.302772521972656
47|1234|33.103511810302734
47|1290|24.58572006225586
48|1|22.69196891784668
48|61|37.233707427978516
48|97|20.25129508972168
48|104|28.318775177001953
48|129|16.184505462646484
48|189|35.720096588134766
48|246|21.6026554107666
48|299|24.31809425354004
48|317|32.88523864746094
48|341|16.137958526611328
48|402|25.261550903320312
48|445|23.501066207885742
48|487|23.913761138916016
48|530|21.03382110595703
48|533|17.458566665649414
48|615|26.42500877380371
48|704|15.667134284973145
48|724|55.982540130615234
48|740|41.04199981689453
48|749|36.7191276550293
48|760|35.42990493774414
48|827|45.82560348510742
48|894|48.594852447509766
48|897|15.370619773864746
48|910|36.907806396484375
48|919|26.37409782409668
48|928|24.39183235168457
48|998|42.42628479003906
48|1002|16.874359130859375
48|1034|15.388229370117188
48|1077|23.331552505493164
48|1081|37.40214920043945
48|1088|25.582826614379883
48|1090|27.520395278930664
48|1101|28.95798110961914
48|1168|42.17612838745117
48|1172|23.361814498901367
48|1235|47.31901931762695
48|1251|38.9931526184082
48|1272|34.84018325805664
48|1289|19.052196502685547
49|18|36.92027282714844
49|44|15.93943977355957
49|60|43.934452056884766
49|103|37.70397186279297
49|145|38.392372131347656
49|188|43.515472412109375
49|214|22.183950424194336
49|231|35.214149475097656
49|273|40.50312423706055
49|316|42.36595153808594
49|342|24.180381774902344
49|352|22.274370193481445
49|358|27.813383102416992
49|401|29.22915267944336
49|444|30.573514938354492
49|486|27.336198806762695
49|491|15.98574447631836
49|529|27.892969131469727
49|572|26.445735931396484
49|614|27.76278305053711
49|657|24.398927688598633
49|682|25.30820083618164
49|723|47.31284713745117
49|747|26.061628341674805
49|853|17.18852424621582
49|874|20.274803161621094
49|911|37.50213623046875
49|920|26.441722869873047
49|931|30.96169090270996
49|1065|41.74390411376953
49|1194|17.532899856567383
49|1215|20.07291030883789
49|1247|21.45586395263672
49|1258|23.531064987182617
49|1261|29.007347106933594
50|65|22.29014015197754
50|85|29.594745635986328
50|193|21.11583709716797
50|213|26.267601013183594
50|256|30.66739845275879
50|331|19.40296173095703
50|373|18.046226501464844
50|639|18.647144317626953
50|672|21.32330322265625
50|714|18.598796844482422
50|736|17.103668212890625
50|746|24.938766479492188
50|757|16.66079330444336
50|762|18.063575744628906
50|768|16.923439025878906
50|852|25.769554138183594
50|981|15.557462692260742
50|1055|19.86837387084961
50|1147|19.005481719970703
50|1151|16.94344711303711
50|1193|26.7216796875
50|1268|15.884355545043945
50|1273|16.769332885742188
51|1|20.216487884521484
51|29|24.781126022338867
51|33|17.46165657043457
51|42|30.683000564575195
51|46|26.541399002075195
51|71|22.096893310546875
51|88|20.69811248779297
51|114|26.590394973754883
51|127|29.174808502197266
51|157|25.996973037719727
51|170|31.374404907226562
51|174|25.038408279418945
51|199|23.9205265045166
51|212|25.775724411010742
51|216|23.329477310180664
51|242|26.346702575683594
51|255|28.66994285583496
51|285|23.802255630493164
51|297|22.61981773376465
51|327|24.27219581604004
51|341|44.78044128417969
51|370|25.246889114379883
51|383|34.25885009765625
51|412|25.883241653442383
51|426|29.10112762451172
51|429|24.283782958984375
51|455|22.000701904296875
51|468|22.470205307006836
51|472|23.83432960510254
51|498|22.810672760009766
51|511|29.784761428833008
51|515|22.373397827148438
51|540|23.966238021850586
51|553|26.539527893066406
51|583|21.110923767089844
51|596|25.70189094543457
51|625|20.619661331176758
51|638|24.414039611816406
51|642|20.886655807495117
51|668|21.11834144592285
51|685|17.134347915649414
51|697|19.56922721862793
51|704|22.664106369018555
51|707|19.747100830078125
51|717|16.980772018432617
51|838|25.913087844848633
51|851|30.914392471313477
51|864|17.753677368164062
51|867|18.469762802124023
51|878|21.444604873657227
51|888|18.8005313873291
51|917|15.244861602783203
51|976|17.898767471313477
51|1002|18.897605895996094
51|1009|24.174598693847656
51|1022|27.43718719482422
51|1037|16.87702178955078
51|1045|20.16632843017578
51|1048|19.174755096435547
51|1059|18.464601516723633
51|1179|22.542987823486328
51|1205|15.980106353759766
51|1208|20.5987491607666
51|1218|16.006540298461914
52|3|22.645748138427734
52|131|23.014297485351562
52|259|25.761383056640625
52|288|16.310564041137695
52|298|16.764341354370117
52|302|25.602508544921875
52|344|33.528072357177734
52|387|25.419254302978516
52|406|16.291275024414062
52|467|16.041183471679688
52|469|17.906574249267578
52|557|22.67306137084961
52|600|26.182666778564453
52|643|18.62005615234375
52|813|27.610912322998047
52|885|17.9897403717041
52|983|29.994247436523438
52|1023|22.227855682373047
52|1034|17.345735549926758
52|1154|28.628070831298828
53|83|15.077906608581543
53|211|15.253335952758789
53|246|15.12200927734375
53|299|15.620633125305176
53|339|16.75225067138672
53|381|15.212671279907227
53|424|16.108394622802734
53|637|15.751693725585938
53|757|15.369494438171387
53|789|17.462928771972656
53|806|25.465307235717773
53|874|17.885740280151367
53|906|17.560489654541016
53|1147|23.970815658569336
54|1|17.072696685791016
54|379|15.831306457519531
54|672|22.824432373046875
54|763|36.15325927734375
54|842|16.07053565979004
54|934|28.992326736450195
54|938|15.142634391784668
54|976|27.46061897277832
54|981|17.254968643188477
54|1055|16.99116325378418
54|1104|33.54884719848633
54|1130|14.859174728393555
54|1146|26.162353515625
54|1275|32.26840591430664
55|721|46.77569580078125
55|805|23.83743667602539
55|891|53.21250915527344
55|992|16.73042869567871
55|1062|39.58369827270508
55|1066|16.843181610107422
55|1151|14.994241714477539
55|1162|16.027297973632812
55|1173|32.43714904785156
55|1232|46.6558723449707
56|682|16.07355499267578
56|693|14.901718139648438
57|373|17.138628005981445
57|406|15.07699966430664
57|719|15.32742691040039
58|352|18.98887825012207
58|363|15.795586585998535
58|374|17.31199836730957
58|1063|15.934679985046387
58|1232|15.767910957336426
59|672|19.99102783203125
60|41|24.175823211669922
60|92|14.823567390441895
60|177|16.2324161529541
60|305|15.316380500793457
60|348|39.39435577392578
60|390|25.21371078491211
60|518|21.114591598510742
60|561|22.89811897277832
60|603|22.71637725830078
60|646|18.889169692993164
60|680|30.674026489257812
60|998|16.51580238342285
60|1021|35.66027069091797
60|1168|15.977507591247559
61|6|16.319591522216797
61|42|29.76150894165039
61|49|16.863174438476562
61|85|28.396032333374023
61|127|29.5741024017334
61|134|17.664310455322266
61|170|29.782167434692383
61|212|29.570215225219727
61|219|16.041419982910156
61|255|28.204431533813477
61|262|16.468929290771484
61|297|25.767818450927734
61|341|52.646392822265625
61|347|46.05781555175781
61|383|50.73904037475586
61|426|49.0445671081543
61|432|27.284215927124023
61|468|42.170162200927734
61|475|24.878158569335938
61|511|49.11402893066406
61|553|51.349464416503906
61|560|26.63621711730957
61|596|44.202857971191406
61|638|46.43316650390625
61|681|37.04066848754883
61|740|15.308448791503906
61|766|27.40102767944336
61|782|17.7343807220459
61|792|16.786123275756836
61|803|18.273239135742188
61|817|22.604244232177734
61|827|17.24066162109375
61|851|44.40923309326172
61|937|22.060380935668945
61|952|17.654951095581055
61|962|16.385454177856445
61|973|16.006065368652344
61|987|21.006895065307617
61|1027|15.533258438110352
61|1081|14.895894050598145
61|1107|23.02277946472168
61|1123|16.73261260986328
61|1144|15.433212280273438
61|1192|33.7092170715332
61|1235|21.553468704223633
61|1277|20.600332260131836
62|5|15.787572860717773
62|48|18.229482650756836
62|91|16.33963394165039
62|128|25.820707321166992
62|133|17.747119903564453
62|176|15.345641136169434
62|218|15.400279998779297
62|261|17.221757888793945
62|304|16.197132110595703
62|346|49.23360061645508
62|363|16.06928253173828
62|384|48.8711051940918
62|389|29.53373146057129
62|431|26.190889358520508
62|474|29.3604793548584
62|517|23.830738067626953
62|554|44.580177307128906
62|559|27.517589569091797
62|602|25.501676559448242
62|639|40.378334045410156
62|644|19.409807205200195
62|682|34.553585052490234
62|687|16.03221893310547
62|724|25.76250648498535
62|809|43.76270294189453
62|816|20.283565521240234
62|852|40.76614761352539
62|857|16.715639114379883
62|893|18.164188385009766
62|979|42.98775100708008
62|986|16.508569717407227
62|1028|16.80858039855957
62|1150|31.3100528717041
62|1193|41.20228958129883
62|1198|20.513532638549805
62|1226|29.39315414428711
63|298|18.37221908569336
63|352|21.198671340942383
63|394|15.496126174926758
63|469|37.01580047607422
63|723|17.137176513671875
63|858|15.917091369628906
63|894|17.36143684387207
63|1023|38.130611419677734
63|1055|30.58991050720215
63|1199|22.352907180786133
64|382|16.184844970703125
65|363|17.371437072753906
65|981|16.11775016784668
65|1002|15.299662590026855
66|832|16.265609741210938
66|895|18.965116500854492
66|1108|15.024961471557617
67|341|21.54539680480957
67|352|16.711383819580078
67|885|16.3415584564209
67|906|16.634925842285156
67|1066|15.76168155670166
68|102|36.71131896972656
68|187|34.662109375
68|230|39.60626220703125
68|315|38.937286376953125
68|363|22.222301483154297
68|406|16.84491729736328
68|704|15.437232971191406
68|714|15.863032341003418
68|746|20.343259811401367
68|763|15.390793800354004
68|789|17.74957847595215
68|874|19.430959701538086
68|917|16.09107208251953
68|970|14.970510482788086
68|981|18.26557159423828
68|1002|19.10426902770996
68|1034|15.516762733459473
68|1173|21.409576416015625
69|17|38.759552001953125
69|60|35.881736755371094
69|145|37.11416244506836
69|273|36.086387634277344
69|358|99.23403930664062
69|369|15.813743591308594
69|401|71.12451171875
69|443|74.6394271850586
69|486|72.59428405761719
69|528|62.46095657348633
69|571|65.80998992919922
69|614|56.7873649597168
69|656|62.494873046875
69|662|19.57514190673828
69|667|16.935867309570312
69|757|16.08661460876465
69|768|14.814517974853516
69|810|16.99017333984375
69|832|21.238441467285156
69|853|15.732621192932129
69|1039|45.48088073730469
69|1087|14.908303260803223
69|1130|16.029287338256836
69|1211|22.638343811035156
69|1268|15.551721572875977
70|352|15.617405891418457
70|981|16.929479598999023
70|1253|20.64811134338379
71|405|15.035744667053223
71|1055|18.98653793334961
71|1215|15.912798881530762
72|363|23.86500358581543
72|381|25.333208084106445
72|406|16.68961524963379
72|662|24.4811954498291
72|667|19.918428421020508
72|747|17.94594383239746
72|1002|17.897178649902344
72|1013|15.719794273376465
72|1082|41.672977447509766
72|1173|18.107769012451172
73|39|15.176009178161621
73|124|15.008331298828125
73|347|45.59444808959961
73|369|19.56636619567871
73|380|47.92259216308594
73|390|37.27150344848633
73|422|37.58012008666992
73|432|32.56659698486328
73|465|34.943641662597656
73|475|33.30368423461914
73|508|34.681270599365234
73|518|30.461896896362305
73|550|32.2801513671875
73|560|32.97181701660156
73|593|36.24591064453125
73|603|30.681127548217773
73|635|29.06214714050293
73|646|28.18933868408203
73|661|23.084875106811523
73|678|44.09316635131836
73|842|16.99105453491211
73|1019|21.8519229888916
73|1157|21.992778778076172
73|1189|16.416126251220703
73|1199|21.61542320251465
74|433|32.6469612121582
74|667|17.222129821777344
74|672|24.276317596435547
74|753|18.477493286132812
74|843|17.705078125
74|849|17.169233322143555
74|917|15.234890937805176
74|923|19.38456153869629
74|1088|17.76590347290039
74|1093|16.58469009399414
74|1242|17.556297302246094
74|1258|15.14696216583252
74|1264|18.7157039642334
75|424|17.833066940307617
75|509|17.230783462524414
75|1029|42.82831954956055
77|347|17.025070190429688
77|390|16.28046226501465
77|753|16.875999450683594
78|679|22.57741928100586
79|358|24.586633682250977
79|381|35.47207260131836
79|400|17.724159240722656
79|424|25.298263549804688
79|443|16.093942642211914
79|466|25.140047073364258
79|509|26.109512329101562
79|528|15.73232650756836
79|551|23.21834945678711
79|594|25.037799835205078
79|637|23.860973358154297
79|1029|22.07539939880371
80|423|24.407798767089844
80|636|20.559925079345703
80|849|17.82804298400879
80|933|16.09192657470703
80|1020|17.975704193115234
80|1104|17.99999237060547
80|1190|22.243370056152344
81|753|26.847415924072266
81|763|20.45464324951172
81|924|22.978900909423828
81|1094|24.65618896484375
81|1265|20.159889221191406
81|1277|52.48759460449219
82|358|31.263303756713867
82|380|43.7494010925293
82|423|32.5667724609375
82|443|21.001779556274414
82|466|29.484586715698242
82|508|27.510038375854492
82|528|17.971248626708984
82|551|27.708768844604492
82|571|18.732328414916992
82|593|25.772266387939453
82|636|27.411170959472656
82|923|25.87558937072754
82|1019|18.141048431396484
82|1064|21.379051208496094
82|1093|22.134902954101562
82|1189|19.499195098876953
82|1264|24.591218948364258
83|359|30.85187339782715
83|369|48.36236572265625
83|382|40.69020080566406
83|401|26.603914260864258
83|412|33.852027893066406
83|422|26.866477966308594
83|425|27.80297088623047
83|444|23.31354522705078
83|454|31.746883392333984
83|467|28.176456451416016
83|486|18.486326217651367
83|497|29.419889450073242
83|507|21.31165313720703
83|510|29.69240951538086
83|529|19.457490921020508
83|540|26.81271743774414
83|552|25.2696533203125
83|572|20.773296356201172
83|582|26.081745147705078
83|592|19.131412506103516
83|595|27.05078125
83|614|19.290767669677734
83|625|26.55394744873047
83|635|22.03803253173828
83|638|22.203609466552734
83|742|23.9925479888916
83|827|22.166683197021484
83|838|22.9263973236084
83|848|19.108795166015625
83|912|19.322032928466797
83|998|20.707181930541992
83|1008|23.42587661743164
83|1083|22.755634307861328
83|1106|20.7865047454834
83|1168|19.77286148071289
83|1179|20.24607276916504
83|1253|17.775209426879883
84|1149|46.372554779052734
84|1215|26.57616424560547
85|381|20.190706253051758
88|384|15.218969345092773
90|359|16.203588485717773
91|1183|15.419332504272461
91|1210|33.57705307006836
92|402|20.525869369506836
92|615|15.350905418395996
92|652|25.6995792388916
93|358|23.871963500976562
93|401|27.644168853759766
93|444|20.601593017578125
93|486|19.239330291748047
93|529|17.61451530456543
93|571|20.073291778564453
93|614|20.275737762451172
93|651|22.8846492767334
93|657|23.71852684020996
93|766|28.947179794311523
93|937|25.882648468017578
93|1107|26.18796157836914
93|1168|15.41236400604248
93|1278|21.81959342956543
94|1082|15.665962219238281
98|732|28.062015533447266
98|902|26.37119483947754
98|1073|22.398921966552734
98|1243|20.91535758972168
99|1242|19.193201065063477
109|348|19.073225021362305
109|390|68.68572998046875
109|433|55.42674255371094
109|475|41.50935363769531
109|518|46.52228927612305
109|561|39.105438232421875
109|603|42.8497314453125
109|646|31.560575485229492
109|816|44.652252197265625
109|1130|15.93370246887207
109|1157|66.44880676269531
110|391|58.159671783447266
110|476|38.60421371459961
110|519|36.029117584228516
110|604|37.970760345458984
110|817|41.79416275024414
110|987|42.10547637939453
110|1114|15.868881225585938
110|1285|15.179195404052734
111|477|34.26543045043945
111|562|29.465227127075195
111|988|31.855731964111328
111|1242|34.50862121582031
112|391|41.1222038269043
112|604|28.58429718017578
112|1030|15.322912216186523
114|1210|28.76223373413086
122|1183|18.426244735717773
123|1064|33.20757293701172
123|1276|21.861921310424805
124|390|24.466793060302734
124|433|18.646121978759766
124|476|14.889504432678223
124|641|20.622133255004883
124|646|19.855623245239258
124|1191|16.417348861694336
124|1234|16.729223251342773
125|1149|27.300762176513672
146|1156|30.377660751342773
147|1072|15.477684020996094
147|1114|18.995389938354492
147|1285|17.605363845825195
149|1242|25.932790756225586
157|416|16.505535125732422
164|1063|44.96052551269531
165|1191|23.716981887817383
165|1234|24.356185913085938
166|1150|16.34853172302246
172|416|15.41200065612793
173|425|18.310733795166016
173|467|16.229875564575195
177|424|18.168542861938477
179|424|17.551429748535156
179|467|17.407808303833008
179|680|14.904000282287598
180|425|17.791284561157227
182|643|17.82836151123047
183|978|25.794357299804688
184|430|15.825121879577637
184|643|18.794837951660156
184|808|31.695537567138672
184|1072|16.151445388793945
184|1114|17.523418426513672
184|1149|21.913070678710938
184|1285|16.686506271362305
185|431|18.951416015625
185|436|15.332504272460938
185|644|17.687517166137695
185|979|26.303813934326172
185|1242|18.147851943969727
186|432|19.065155029296875
186|980|16.404251098632812
189|416|18.214035034179688
189|437|15.127488136291504
189|459|15.28615665435791
192|416|15.700699806213379
194|681|19.65083122253418
201|681|16.636571884155273
204|416|18.036561965942383
204|459|18.404802322387695
204|693|16.060644149780273
205|1063|27.305274963378906
206|1234|27.83814239501953
207|416|18.490102767944336
207|459|16.752906799316406
207|1191|21.99614715576172
208|437|24.252843856811523
208|480|17.12624740600586
208|680|19.38914680480957
209|501|15.170090675354004
210|416|19.169063568115234
210|459|19.109712600708008
215|680|28.640892028808594
216|454|18.15561866760254
220|464|14.994555473327637
221|682|20.332929611206055
221|1072|15.495081901550293
221|1114|15.064773559570312
231|682|19.639921188354492
232|1125|16.381114959716797
232|1167|15.76695728302002
237|465|14.941636085510254
237|682|15.79252815246582
240|906|15.969590187072754
241|681|19.80182647705078
242|465|26.498432159423828
242|508|19.08858299255371
242|678|17.554794311523438
243|923|15.504215240478516
243|1264|15.559106826782227
245|455|19.480260848999023
245|465|34.15715789794922
245|508|22.157569885253906
245|550|18.043575286865234
245|593|17.335174560546875
245|636|17.913660049438477
245|923|15.08298397064209
245|949|16.818227767944336
246|456|19.519752502441406
246|498|16.919649124145508
247|1234|24.804000854492188
248|444|30.501461029052734
248|455|21.02725601196289
248|487|30.195039749145508
248|529|23.646244049072266
248|572|22.06446075439453
248|614|19.9228515625
248|827|22.652873992919922
248|998|20.314102172851562
248|1168|19.24936866760254
248|1191|19.672245025634766
249|448|20.252958297729492
251|459|17.42206573486328
251|778|14.84300422668457
251|1247|15.017475128173828
251|1290|15.106656074523926
252|672|15.104897499084473
254|459|16.58279037475586
254|736|16.1922550201416
254|778|18.12974739074707
254|821|18.683446884155273
254|864|15.945476531982422
254|885|15.489399909973145
254|970|15.897018432617188
254|991|16.026214599609375
254|1013|17.54480743408203
254|1055|16.022050857543945
255|693|21.285078048706055
255|757|16.098779678344727
255|906|14.836132049560547
255|1034|15.225419998168945
255|1125|19.835193634033203
255|1167|19.739858627319336
255|1247|16.14730453491211
259|459|16.22675323486328
260|681|16.642953872680664
267|459|17.835649490356445
267|693|16.082239151000977
267|799|17.940608978271484
267|1119|18.844270706176758
267|1140|16.372947692871094
267|1268|15.661595344543457
268|736|18.880455017089844
268|778|15.333076477050781
268|885|14.965131759643555
268|970|16.240066528320312
268|1204|14.900876998901367
271|501|16.28239631652832
271|778|15.89015007019043
271|799|15.303464889526367
271|970|16.376920700073242
271|1119|16.09601593017578
272|459|19.09733009338379
273|458|18.273439407348633
274|459|21.259857177734375
274|501|16.36646842956543
275|800|18.15888023376465
277|1168|18.99588394165039
278|766|42.023887634277344
278|772|15.944449424743652
278|937|39.30890655517578
278|1107|38.26994323730469
278|1167|20.14484977722168
278|1278|33.797794342041016
279|480|20.509075164794922
279|1098|16.35102653503418
279|1125|25.150386810302734
283|480|16.297182083129883
283|885|15.920661926269531
295|732|27.331462860107422
295|902|26.068994522094727
295|1072|25.2241153717041
295|1243|18.394319534301758
301|1167|19.406641006469727
302|1125|23.243661880493164
304|448|14.83850383758545
304|491|20.565847396850586
309|459|15.613730430603027
309|502|15.5922269821167
320|475|15.132399559020996
324|475|20.41668128967285
324|518|15.247824668884277
324|645|20.523860931396484
329|475|15.280132293701172
329|680|15.626176834106445
331|475|14.863329887390137
331|491|23.082313537597656
331|1114|22.36125946044922
331|1285|23.802709579467773
332|1072|18.162673950195312
336|491|15.227092742919922
341|502|15.54879093170166
346|681|14.936707496643066
353|680|16.212888717651367
359|491|16.40987205505371
368|1072|23.691457748413086
368|1114|23.708053588867188
368|1285|30.368738174438477
372|1191|19.565216064453125
374|682|17.087453842163086
396|501|15.459314346313477
401|680|19.132164001464844
404|682|15.167428016662598
404|1114|21.012758255004883
405|1072|19.77928352355957
405|1285|26.971891403198242
411|656|15.48535442352295
412|486|19.18592643737793
412|497|15.614185333251953
412|529|23.008544921875
412|571|15.795905113220215
412|614|17.178621292114258
412|657|15.339201927185059
412|827|17.112417221069336
413|487|16.202665328979492
413|572|16.288330078125
413|615|15.779244422912598
413|1191|22.100292205810547
413|1234|14.9551362991333
423|682|19.39820671081543
431|501|15.008000373840332
441|1114|14.998673439025879
441|1285|17.64422607421875
452|501|15.951971054077148
452|522|16.055286407470703
454|1192|18.399017333984375
490|731|17.66375732421875
491|732|22.2253360748291
491|902|20.26396369934082
491|1243|15.159257888793945
492|1073|18.35898780822754
506|676|15.276697158813477
512|676|19.648792266845703
529|676|15.21388053894043
548|676|14.888543128967285
555|724|15.33240795135498
556|723|15.646103858947754
556|894|16.533267974853516
560|677|16.218372344970703
572|656|19.482248306274414
576|528|15.024245262145996
578|677|15.196637153625488
640|676|15.342652320861816
679|723|19.916240692138672
679|894|15.547296524047852
683|730|17.405256271362305
683|1071|15.952420234680176
733|677|18.99830436706543
734|678|16.32428741455078
737|668|18.304122924804688
740|550|15.005364418029785
740|668|16.110595703125
742|582|15.458040237426758
742|625|15.36260986328125
897|667|14.810425758361816
901|667|17.388879776000977
904|667|15.52417278289795
1022|693|14.82689380645752
1024|714|14.84219741821289
1035|693|15.28222942352295
1035|906|16.456890106201172