Closer
The Chainsmokers
Halsey
EDM
closer
2049x1292
2550

6|1099|228.13174438476562
6|1104|238.3367919921875
6|1106|230.3952178955078
6|1110|237.62623596191406
6|1117|236.67910766601562
6|1124|233.62510681152344
6|1126|231.4701690673828
6|1129|219.75791931152344
6|1208|220.73077392578125
6|1212|230.37387084960938
6|1219|233.2294921875
6|1222|228.44268798828125
6|1226|233.73582458496094
6|1233|232.9856414794922
6|1238|226.01866149902344
7|1131|269.6308288574219
7|1134|261.99774169921875
7|1140|270.6301574707031
7|1144|272.88421630859375
7|1148|270.0492248535156
7|1187|259.8388977050781
7|1192|269.8502502441406
7|1198|272.2383117675781
7|1204|266.0082092285156
7|1240|279.93170166015625
7|1246|269.8937072753906
7|1253|274.9061584472656
7|1256|267.63409423828125
8|228|372.5806884765625
8|262|373.37359619140625
8|283|355.2598571777344
8|317|356.752685546875
8|337|384.6600341796875
8|371|380.0513000488281
8|391|369.65936279296875
8|425|368.58636474609375
8|446|369.21832275390625
8|480|365.0611877441406
8|500|374.85247802734375
8|534|378.0983581542969
8|555|352.4446716308594
8|589|356.4888000488281
8|609|375.5644836425781
8|643|381.42767333984375
8|663|355.75054931640625
8|697|364.3099365234375
8|718|346.9020690917969
8|752|358.02288818359375
8|772|362.61083984375
8|806|369.77117919921875
8|827|347.0228576660156
8|861|339.1520080566406
8|881|345.79669189453125
8|915|374.3811950683594
8|969|355.277099609375
8|990|351.1033020019531
8|1024|357.1448059082031
8|1044|354.8932189941406
8|1078|366.02276611328125
8|1152|285.1081237792969
8|1158|292.1346130371094
8|1165|293.3912048339844
8|1168|283.8329772949219
8|1172|297.7718811035156
8|1179|296.5021667480469
8|1261|282.49273681640625
8|1267|294.3941650390625
8|1274|295.9351806640625
8|1280|294.3583068847656
8|1287|298.68829345703125
9|227|355.3641357421875
9|261|360.20220947265625
9|282|385.5795593261719
9|316|387.85711669921875
9|336|390.337890625
9|370|378.5918273925781
9|445|387.48260498046875
9|479|377.89306640625
9|499|356.2012634277344
9|533|366.56732177734375
9|554|385.6698913574219
9|588|387.61090087890625
9|608|378.4917297363281
9|642|386.8587646484375
9|717|360.14801025390625
9|751|382.7493591308594
9|771|344.3145446777344
9|805|347.0018310546875
9|826|371.0615234375
9|860|364.3506774902344
9|880|344.0171203613281
9|914|372.4034729003906
9|935|351.0411071777344
9|989|366.99383544921875
9|1023|365.0249938964844
9|1043|334.319580078125
9|1077|340.8555908203125
10|281|298.56414794921875
10|315|298.8426513671875
10|444|273.5564880371094
10|478|266.8233947753906
10|553|299.7418518066406
10|587|301.1605224609375
10|716|251.64356994628906
10|750|271.7378845214844
10|825|280.17706298828125
10|859|288.34710693359375
10|988|259.89837646484375
10|1022|263.85858154296875
11|226|226.3591766357422
11|260|219.92247009277344
11|532|223.9639129638672
11|804|207.58956909179688
11|873|188.3428497314453
11|879|228.7011260986328
11|1042|201.2151641845703
12|967|189.83192443847656
12|1076|218.58203125
13|338|79.66375732421875
13|437|246.61842346191406
13|587|238.35379028320312
13|662|246.59674072265625
13|771|255.40196228027344
13|773|250.4438018798828
13|872|218.4576416015625
13|882|135.4132080078125
13|968|207.67831420898438
13|992|153.33822631835938
13|1022|214.64505004882812
13|1098|67.61940002441406
13|1101|41.15507888793945
13|1207|74.19232177734375
13|1210|48.68077087402344
13|1219|32.4378547668457
13|1222|31.228281021118164
14|154|31.275888442993164
14|269|44.705562591552734
14|281|198.90859985351562
14|315|262.7348937988281
14|323|76.51264190673828
14|330|62.88271713256836
14|335|248.76023864746094
14|369|267.8052978515625
14|377|79.50321960449219
14|389|217.34378051757812
14|444|201.94821166992188
14|486|99.1458511352539
14|498|233.05145263671875
14|541|50.31266784667969
14|547|36.249263763427734
14|553|227.3809051513672
14|595|51.88742446899414
14|752|207.656982421875
14|766|181.5561981201172
14|770|258.91241455078125
14|804|225.3017120361328
14|808|142.83604431152344
14|812|38.687278747558594
14|862|147.09266662597656
14|917|138.7393341064453
14|921|41.40598678588867
14|970|217.6632537841797
14|988|227.01187133789062
14|1025|147.63229370117188
14|1030|75.30023193359375
14|1079|195.59756469726562
14|1091|118.9922103881836
14|1135|135.99111938476562
14|1144|65.8875503540039
14|1189|141.2235870361328
14|1197|62.174259185791016
14|1201|48.20516586303711
14|1243|160.28805541992188
15|426|54.773902893066406
15|478|208.71116638183594
15|532|239.71815490722656
15|552|198.7527618408203
15|607|244.15306091308594
15|699|122.4130859375
15|757|115.94815826416016
15|859|212.6570281982422
15|863|151.75961303710938
15|933|212.89141845703125
15|984|163.2668914794922
15|987|210.90672302246094
15|1078|184.06687927246094
15|1081|156.1419677734375
15|1085|96.34300994873047
15|1088|36.7044792175293
15|1096|34.886634826660156
15|1150|43.11119842529297
15|1202|47.907833099365234
15|1259|36.379024505615234
16|423|255.5747528076172
16|432|120.26744842529297
16|500|116.21183776855469
16|586|187.53419494628906
16|609|117.12380981445312
16|695|214.3338623046875
16|716|253.1324920654297
16|750|201.1235809326172
16|829|144.52713012695312
16|867|75.7943344116211
16|913|193.00181579589844
16|934|212.7425079345703
16|1028|46.051429748535156
16|1042|221.17071533203125
16|1045|206.331787109375
16|1097|43.56446075439453
16|1153|103.74115753173828
16|1165|53.62066650390625
16|1169|56.927947998046875
16|1172|58.862483978271484
16|1174|58.11983871459961
16|1177|55.83523941040039
16|1183|48.570247650146484
16|1206|53.375606536865234
16|1263|77.95093536376953
16|1268|64.63287353515625
16|1274|82.01738739013672
16|1279|72.36466979980469
16|1284|63.05159378051758
16|1289|55.53308868408203
17|226|231.67640686035156
17|260|242.4282989501953
17|281|227.89517211914062
17|369|198.34141540527344
17|389|226.4200439453125
17|437|215.41403198242188
17|444|184.44883728027344
17|478|201.7068634033203
17|641|236.70497131347656
17|661|199.97335815429688
17|804|183.45663452148438
17|872|197.6638641357422
17|879|164.8273468017578
17|967|210.3555145263672
17|1022|171.91058349609375
17|1260|68.10359954833984
18|335|234.83383178710938
18|498|189.45489501953125
18|544|56.61537551879883
18|607|183.66798400878906
18|858|168.00196838378906
18|1076|194.49789428710938
19|314|228.18923950195312
19|546|44.30720520019531
19|574|58.35749816894531
19|586|190.16513061523438
19|770|171.26156616210938
19|990|53.22342300415039
19|1098|65.11781311035156
19|1116|33.75730895996094
19|1143|44.22422409057617
19|1152|32.17627716064453
19|1186|32.8681526184082
19|1207|90.476318359375
19|1214|36.165199279785156
20|268|57.805580139160156
20|572|40.12921142578125
20|1280|31.299009323120117
21|226|156.40403747558594
21|301|79.41895294189453
21|352|79.6936264038086
21|377|55.84791946411133
21|425|46.11091232299805
21|443|126.59708404541016
21|478|132.42282104492188
21|523|71.2587661743164
21|543|35.192413330078125
21|570|67.42176818847656
21|641|149.37184143066406
21|757|43.555259704589844
21|804|151.0089874267578
21|861|73.11383056640625
21|979|53.90359878540039
21|988|98.06314849853516
21|1022|121.62828826904297
21|1079|38.64808654785156
21|1144|38.24027633666992
21|1186|38.057430267333984
22|269|38.599029541015625
22|303|87.0750503540039
22|323|40.606773376464844
22|329|56.369895935058594
22|335|135.42201232910156
22|354|84.0333023071289
22|372|40.86951446533203
22|379|35.720985412597656
22|386|59.379215240478516
22|437|139.11102294921875
22|520|77.33820343017578
22|540|42.6057243347168
22|548|49.45319747924805
22|565|94.5343246459961
22|568|80.12539672851562
22|586|149.25811767578125
22|595|77.78364562988281
22|607|118.02359771728516
22|752|44.564151763916016
22|758|49.870723724365234
22|765|55.23244094848633
22|815|34.250186920166016
22|976|55.014286041259766
22|984|56.63250732421875
22|987|110.0775146484375
22|1024|73.34526062011719
22|1030|71.45295715332031
22|1042|120.92025756835938
22|1119|51.440120697021484
22|1132|39.12984848022461
22|1145|40.38063430786133
22|1174|33.45570373535156
22|1177|31.319496154785156
22|1240|37.76274108886719
23|316|40.349098205566406
23|318|37.049102783203125
23|322|33.796295166015625
23|369|121.81143951416016
23|423|161.5270538330078
23|498|123.87369537353516
23|511|68.76997375488281
23|515|45.805301666259766
23|532|155.55624389648438
23|606|112.1395263671875
23|770|118.38571166992188
23|872|113.30585479736328
23|879|97.29824829101562
23|967|143.45733642578125
23|980|67.07463073730469
23|1165|36.08983612060547
23|1173|37.05141067504883
24|66|39.89741897583008
24|175|68.42069244384766
24|184|31.983858108520508
24|226|132.82298278808594
24|285|128.8936309814453
24|293|58.714866638183594
24|344|118.0805892944336
24|389|166.63523864746094
24|392|92.0719223022461
24|426|68.3027572631836
24|433|87.4307861328125
24|444|111.69912719726562
24|504|82.97232055664062
24|512|92.93394470214844
24|552|109.61628723144531
24|602|41.57194519042969
24|604|51.35303497314453
24|611|106.60469055175781
24|614|103.19922637939453
24|641|102.62217712402344
24|719|42.53827667236328
24|830|46.2580680847168
24|868|76.16947174072266
24|913|115.91094207763672
24|933|121.99085235595703
24|940|32.51888656616211
24|1044|65.18925476074219
24|1078|34.28714370727539
24|1085|74.40565490722656
24|1159|35.29045104980469
24|1278|32.04414749145508
25|280|115.92338562011719
25|292|49.869720458984375
25|314|103.46932220458984
25|343|111.70459747314453
25|365|120.75546264648438
25|368|103.91638946533203
25|446|62.923709869384766
25|478|105.88009643554688
25|503|94.01111602783203
25|554|60.504173278808594
25|603|47.47345733642578
25|607|111.43712615966797
25|804|100.55740356445312
25|1016|31.25663948059082
25|1106|36.012935638427734
26|119|42.80946350097656
26|134|31.528526306152344
26|229|56.012451171875
26|270|31.46022605895996
26|335|102.05018615722656
26|366|109.1205062866211
26|498|103.84593200683594
26|579|33.972862243652344
26|641|96.63825988769531
26|770|106.00797271728516
26|773|35.271392822265625
26|879|81.23712921142578
26|987|90.19728088378906
26|1028|32.97626876831055
26|1042|113.45490264892578
26|1076|110.13896179199219
26|1099|50.119667053222656
26|1102|39.32789611816406
26|1208|56.78467559814453
27|273|88.93605041503906
27|488|34.2635498046875
28|226|91.97171783447266
28|335|79.72997283935547
28|368|71.18954467773438
28|447|64.2678451538086
28|480|60.92572784423828
28|489|42.379764556884766
28|586|103.41828155517578
28|715|84.61046600341797
28|872|88.20320129394531
28|878|79.07319641113281
28|980|61.7039794921875
28|1089|54.56864547729492
29|44|40.24186325073242
29|47|48.620849609375
29|51|44.63417434692383
29|101|57.94743728637695
29|106|47.203857421875
29|113|40.132625579833984
29|153|92.74139404296875
29|155|93.73131561279297
29|160|72.80929565429688
29|163|76.70772552490234
29|167|70.61267852783203
29|207|46.959476470947266
29|231|102.64358520507812
29|262|54.40836715698242
29|272|116.5416488647461
29|275|69.70703887939453
29|325|90.60807800292969
29|333|133.890625
29|371|31.902366638183594
29|423|78.9631576538086
29|439|32.53271484375
29|443|75.53278350830078
29|449|113.50568389892578
29|490|60.423255920410156
29|492|58.04999923706055
29|498|103.74913024902344
29|592|104.80064392089844
29|643|36.624149322509766
29|698|52.98809814453125
29|703|34.913536071777344
29|758|72.0759506225586
29|770|83.96209716796875
29|804|80.6731948852539
29|809|36.53825378417969
29|813|60.842140197753906
29|864|31.450790405273438
29|879|76.73843383789062
29|913|125.7935562133789
29|917|93.16664123535156
29|924|37.310585021972656
29|927|32.07981491088867
29|967|76.77323150634766
29|972|44.71258544921875
29|976|54.51593017578125
29|1022|152.85101318359375
29|1024|145.0738067626953
29|1033|51.110626220703125
29|1038|41.196598052978516
29|1076|93.62157440185547
29|1081|55.59033203125
29|1087|58.640602111816406
29|1095|55.2597541809082
29|1135|98.72138977050781
29|1141|90.322265625
29|1146|65.18866729736328
29|1150|55.79356002807617
29|1189|101.81390380859375
29|1194|98.50817108154297
29|1201|64.81767272949219
29|1241|103.54300689697266
29|1243|110.60902404785156
29|1249|89.1670150756836
29|1255|64.98782348632812
30|334|118.41608428955078
30|374|38.59076690673828
30|389|82.9942626953125
30|532|87.5581283569336
30|552|87.88504028320312
31|260|79.95197296142578
31|335|76.52867126464844
31|369|74.34264373779297
31|437|68.98135375976562
31|477|62.138206481933594
31|553|88.25598907470703
31|582|33.3272590637207
31|589|43.06117248535156
31|595|34.434200286865234
31|607|64.8065185546875
31|641|65.50543975830078
31|661|88.23831176757812
31|980|89.15469360351562
31|987|58.49965286254883
31|1039|45.311424255371094
32|228|49.29416275024414
32|337|45.88623046875
32|368|58.665138244628906
32|478|60.238548278808594
32|554|67.22956848144531
32|695|53.3709716796875
32|770|65.42948150634766
32|773|32.42970657348633
32|1021|53.621768951416016
32|1099|34.56241989135742
32|1209|31.509841918945312
33|126|31.25995635986328
33|227|51.31694030761719
33|335|53.792476654052734
33|444|52.393516540527344
33|586|63.319881439208984
33|772|33.913848876953125
33|878|44.52737045288086
33|933|51.72481918334961
33|1207|31.67708396911621
34|226|56.99900436401367
34|280|51.210731506347656
34|532|59.69032669067383
34|688|32.24577331542969
34|790|42.97587585449219
34|879|47.14711380004883
34|981|64.74869537353516
34|1021|49.27952575683594
34|1076|54.657344818115234
35|316|32.595054626464844
35|368|49.13728713989258
35|376|45.77328872680664
35|423|71.39481353759766
35|437|41.206993103027344
35|542|31.441938400268555
35|552|54.33616256713867
35|595|34.590110778808594
35|661|59.80601119995117
35|750|76.12665557861328
35|1041|38.23236083984375
36|102|36.75837707519531
36|107|39.344512939453125
36|156|43.0379524230957
36|162|41.54670333862305
36|226|49.217411041259766
36|262|138.10267639160156
36|272|36.374420166015625
36|319|73.4579849243164
36|330|81.10279083251953
36|372|109.10735321044922
36|378|119.0814208984375
36|389|50.121421813964844
36|424|84.33506774902344
36|440|93.47908782958984
36|480|173.0128936767578
36|485|32.000057220458984
36|498|44.24736785888672
36|533|64.07181549072266
36|540|82.3873519897461
36|544|49.992305755615234
36|547|47.51902389526367
36|588|78.79325866699219
36|593|37.58892059326172
36|599|53.28865432739258
36|606|36.29625701904297
36|643|107.99852752685547
36|688|32.797607421875
36|695|47.15015411376953
36|699|62.5092887878418
36|704|64.98430633544922
36|742|58.43473815917969
36|751|87.52326965332031
36|758|50.841609954833984
36|762|35.24003219604492
36|769|80.67135620117188
36|791|37.8841667175293
36|819|33.38082504272461
36|860|62.32248306274414
36|878|57.360252380371094
36|922|106.91771697998047
36|969|104.61457824707031
36|977|110.39891815185547
36|980|99.41624450683594
36|987|56.56679153442383
36|1026|66.88965606689453
36|1029|65.70578002929688
36|1031|58.652687072753906
36|1036|39.2374382019043
36|1049|33.61441421508789
36|1076|50.63190841674805
36|1079|69.5675048828125
36|1089|42.95265579223633
36|1135|34.93259048461914
36|1188|45.03779983520508
36|1213|73.01067352294922
36|1244|31.629802703857422
37|323|121.71463775634766
37|365|33.58429718017578
37|438|60.23524856567383
37|545|60.62118911743164
37|587|80.96844482421875
37|592|36.91029357910156
37|687|38.7376594543457
37|725|56.36980056762695
37|754|43.46388244628906
37|770|105.12984466552734
37|812|77.94049835205078
37|859|81.60905456542969
37|905|44.726680755615234
37|933|52.58917999267578
37|983|116.70459747314453
37|1030|82.3935317993164
37|1042|34.898651123046875
37|1078|71.447509765625
37|1090|66.27172088623047
37|1138|41.01959228515625
37|1247|87.45652770996094
37|1250|66.27982330322266
38|229|86.3863525390625
38|268|119.1448974609375
38|283|94.1078109741211
38|312|86.53036499023438
38|317|81.37769317626953
38|331|99.74861145019531
38|335|66.15653991699219
38|371|122.29681396484375
38|373|86.20052337646484
38|377|124.06831359863281
38|392|95.92343139648438
38|425|71.1163101196289
38|427|51.645912170410156
38|433|101.35880279541016
38|436|83.22347259521484
38|444|47.675655364990234
38|446|47.252891540527344
38|487|104.17007446289062
38|500|89.35234069824219
38|506|35.88422775268555
38|531|82.17799377441406
38|534|98.67650604248047
38|542|41.15211868286133
38|548|55.63532638549805
38|550|44.816951751708984
38|554|54.831241607666016
38|572|49.409366607666016
38|591|35.954689025878906
38|596|100.54761505126953
38|603|33.55807113647461
38|609|81.77670288085938
38|663|123.13949584960938
38|698|74.42753601074219
38|705|69.48655700683594
38|719|192.7719268798828
38|738|158.50942993164062
38|761|40.71098709106445
38|765|182.45692443847656
38|772|102.03498077392578
38|792|71.54891967773438
38|801|124.3522720336914
38|805|139.3886260986328
38|814|65.26428985595703
38|823|170.48316955566406
38|830|117.34892272949219
38|835|110.12456512451172
38|839|74.87557220458984
38|844|74.4349594116211
38|868|88.18131256103516
38|875|175.00990295410156
38|894|49.174461364746094
38|915|101.7701416015625
38|925|34.29660415649414
38|935|67.41617584228516
38|1013|89.07897186279297
38|1023|107.76605224609375
38|1025|124.36886596679688
38|1032|82.48265838623047
38|1041|37.186302185058594
38|1046|58.24163055419922
38|1051|80.2282943725586
38|1085|88.41593933105469
38|1093|110.86979675292969
38|1112|138.2616424560547
38|1116|202.3153076171875
38|1122|39.413753509521484
38|1141|147.33848571777344
38|1151|50.452396392822266
38|1170|70.18374633789062
38|1192|36.76165008544922
38|1195|46.739662170410156
38|1206|60.66996383666992
38|1215|103.32887268066406
38|1222|201.05758666992188
38|1282|47.794700622558594
39|9|66.99324035644531
39|64|107.29098510742188
39|118|111.40962982177734
39|173|96.49427795410156
39|227|92.01490783691406
39|282|90.91889190673828
39|315|102.87640380859375
39|330|84.63508605957031
39|391|92.90660858154297
39|423|47.526004791259766
39|443|41.272945404052734
39|454|43.42780685424805
39|479|64.86670684814453
39|486|95.12885284423828
39|499|70.2346420288086
39|508|41.673831939697266
39|530|86.86420440673828
39|533|89.00939178466797
39|535|95.38018798828125
39|547|67.53690338134766
39|563|33.753116607666016
39|571|40.844482421875
39|583|113.38483428955078
39|588|39.63982391357422
39|599|59.52891540527344
39|617|44.140594482421875
39|662|107.18047332763672
39|682|184.1001739501953
39|697|65.80537414550781
39|714|181.32899475097656
39|723|74.22893524169922
39|726|75.12352752685547
39|739|160.72390747070312
39|745|63.217384338378906
39|751|94.20886993408203
39|758|56.42612838745117
39|764|137.93927001953125
39|768|92.65711212158203
39|793|76.99161529541016
39|799|139.96292114257812
39|831|122.85892486572266
39|836|115.48235321044922
39|842|73.82301330566406
39|845|75.99295043945312
39|848|78.98619842529297
39|853|111.31664276123047
39|860|44.23359680175781
39|867|88.26888275146484
39|877|130.6793670654297
39|880|80.90507507324219
39|889|59.611473083496094
39|897|35.933006286621094
39|900|39.783355712890625
39|904|53.82002258300781
39|922|57.794002532958984
39|943|70.89690399169922
39|968|42.474796295166016
39|970|37.71950912475586
39|982|78.63009643554688
39|989|73.58836364746094
39|998|55.66155242919922
39|1006|45.31645584106445
39|1012|94.49220275878906
39|1024|128.06227111816406
39|1031|90.19222259521484
39|1045|56.07898712158203
39|1052|69.59029388427734
39|1098|52.03976058959961
39|1117|197.4033966064453
39|1142|167.13949584960938
39|1155|38.496498107910156
39|1166|98.44867706298828
39|1186|113.0157241821289
39|1194|42.9755859375
39|1198|88.95048522949219
39|1248|52.18770980834961
39|1261|40.853919982910156
39|1263|37.4887580871582
39|1274|91.6270523071289
39|1279|191.40597534179688
39|1283|54.276729583740234
40|226|74.67050170898438
40|261|35.65192794799805
40|369|63.84335708618164
40|389|65.17372131347656
40|437|38.764503479003906
40|553|39.85675811767578
40|587|47.9543571472168
40|600|41.491722106933594
40|607|50.32229232788086
40|614|38.77567672729492
40|641|42.6758918762207
40|661|74.88729858398438
40|696|60.73912048339844
40|730|45.82259750366211
40|825|75.06924438476562
40|858|43.758731842041016
40|872|68.988037109375
40|913|53.89327621459961
40|967|45.76805114746094
40|988|49.777584075927734
41|260|40.090545654296875
41|335|50.7010383605957
41|552|37.00925827026367
41|586|61.16460418701172
41|606|37.72291564941406
41|697|59.128849029541016
41|981|44.500492095947266
41|1111|32.19071578979492
41|1150|60.267635345458984
41|1154|31.73468589782715
41|1229|45.417144775390625
42|477|57.25568771362305
42|498|31.628204345703125
42|600|39.25592041015625
42|696|61.702754974365234
42|819|33.8412971496582
42|865|87.63113403320312
42|987|48.27111053466797
42|1021|53.13192367553711
42|1030|58.85182189941406
42|1076|62.014183044433594
42|1090|71.00430297851562
42|1103|49.687618255615234
42|1112|31.6160831451416
42|1151|62.27240753173828
42|1226|58.62651062011719
42|1287|59.49705505371094
43|44|49.716270446777344
43|46|47.74205780029297
43|98|62.398529052734375
43|117|40.19797897338867
43|153|60.38452911376953
43|158|38.39430618286133
43|207|87.06898498535156
43|260|43.18982696533203
43|268|61.703094482421875
43|301|180.876708984375
43|356|117.7035140991211
43|378|43.22037887573242
43|384|57.3102912902832
43|423|49.1467170715332
43|450|45.61212158203125
43|468|38.85187530517578
43|520|145.82493591308594
43|523|109.12045288085938
43|541|33.21851348876953
43|547|32.579044342041016
43|549|32.424339294433594
43|552|34.518455505371094
43|558|38.360084533691406
43|564|152.538818359375
43|568|90.01654815673828
43|577|34.845645904541016
43|592|78.34902954101562
43|595|42.30765914916992
43|631|35.703006744384766
43|640|56.85892105102539
43|695|55.09729766845703
43|702|74.85137939453125
43|750|44.49678039550781
43|755|115.81143188476562
43|758|83.38640594482422
43|762|60.52096176147461
43|766|39.417415618896484
43|804|50.201995849609375
43|813|51.94248580932617
43|815|49.005210876464844
43|824|36.5013542175293
43|878|59.19725036621094
43|884|55.37672424316406
43|912|58.15193557739258
43|917|35.1102180480957
43|921|63.945945739746094
43|933|54.06597137451172
43|957|48.063167572021484
43|965|44.2030143737793
43|967|46.28938674926758
43|972|43.4559440612793
43|983|57.3133659362793
43|993|51.50529098510742
43|1012|52.43169403076172
43|1020|43.5187873840332
43|1042|71.63269805908203
43|1046|55.967315673828125
43|1066|48.447425842285156
43|1075|59.79383087158203
43|1077|61.87732696533203
43|1092|124.77249908447266
43|1097|69.8033218383789
43|1100|70.61283874511719
43|1118|169.6558380126953
43|1126|125.11495208740234
43|1146|207.50587463378906
43|1175|222.70559692382812
43|1182|138.04176330566406
43|1187|33.5088005065918
43|1200|55.32332229614258
43|1205|212.0076904296875
43|1211|118.60429382324219
43|1216|31.34510612487793
43|1218|40.228477478027344
43|1227|82.93431854248047
43|1235|112.58202362060547
43|1254|72.32522583007812
43|1261|101.32477569580078
43|1291|47.12542724609375
44|298|73.3112564086914
44|314|35.63980484008789
44|354|173.99359130859375
44|373|58.65995788574219
44|386|56.64802932739258
44|444|53.24031448364258
44|498|33.153804779052734
44|531|43.97612762451172
44|548|40.676937103271484
44|565|148.6842041015625
44|590|70.75650024414062
44|606|32.70273971557617
44|700|63.65837097167969
44|709|70.65415954589844
44|715|38.31020736694336
44|769|39.65497970581055
44|808|121.81916809082031
44|817|82.7320785522461
44|821|57.06058883666992
44|861|59.40898132324219
44|897|74.28877258300781
44|903|48.0796012878418
44|920|67.8063735961914
44|931|46.32917022705078
44|966|48.93870544433594
44|1002|55.48294448852539
44|1031|63.84488296508789
44|1041|76.78390502929688
44|1093|128.17962646484375
44|1129|32.76422119140625
44|1159|146.4554443359375
44|1162|33.947532653808594
44|1172|163.8353729248047
44|1238|94.10407257080078
44|1281|137.18966674804688
45|362|41.053314208984375
45|387|40.08173751831055
45|479|72.28826904296875
45|661|40.35106658935547
45|770|37.73295211791992
45|811|47.363433837890625
45|835|32.75251770019531
45|859|36.82875061035156
45|866|57.15836715698242
46|260|36.5748405456543
46|369|34.63868713378906
46|378|45.088375091552734
46|423|31.28432846069336
46|515|38.31918716430664
46|695|35.28378677368164
46|804|37.04598617553711
46|858|39.7157096862793
46|872|31.378883361816406
46|927|58.65498352050781
46|967|33.66389083862305
46|981|35.69352722167969
46|1036|61.691856384277344
46|1107|43.27370834350586
46|1124|51.603816986083984
46|1131|35.24129867553711
46|1161|42.41566467285156
46|1165|82.36980438232422
46|1239|64.1653060913086
46|1267|113.03767395019531
47|227|71.65033721923828
47|268|81.87332916259766
47|345|41.212318420410156
47|388|51.92796325683594
47|445|67.5818099975586
47|510|41.833499908447266
47|616|45.58041763305664
47|865|49.17266845703125
47|878|37.9200325012207
47|922|63.17182922363281
47|998|33.49766159057617
47|1042|31.41455841064453
47|1065|37.62450408935547
47|1164|126.1084976196289
47|1273|95.2723617553711
48|172|43.248565673828125
48|293|45.953617095947266
48|342|106.87505340576172
48|363|108.92463684082031
48|372|55.485557556152344
48|379|93.77704620361328
48|479|66.12466430664062
48|501|143.77651977539062
48|505|121.87538146972656
48|507|106.86410522460938
48|513|82.98584747314453
48|552|58.20604705810547
48|588|52.09456253051758
48|604|43.836246490478516
48|608|56.573184967041016
48|612|114.80882263183594
48|698|68.37145233154297
48|705|79.20126342773438
48|808|32.570003509521484
48|813|77.36180114746094
48|818|35.30998611450195
48|826|38.41196060180664
48|866|42.59657669067383
48|890|42.00059127807617
48|914|55.909236907958984
48|920|54.94072723388672
48|923|97.14073944091797
48|926|85.61712646484375
48|935|54.50300979614258
48|1023|63.46611022949219
48|1029|49.186309814453125
48|1033|71.68345642089844
48|1035|58.46881103515625
48|1106|85.1060562133789
48|1132|89.36752319335938
48|1160|76.93872833251953
48|1163|141.30613708496094
48|1166|41.29634094238281
48|1268|122.60835266113281
48|1272|114.59266662597656
49|65|53.695770263671875
49|174|57.73362731933594
49|261|44.564239501953125
49|281|32.077213287353516
49|285|111.64454650878906
49|292|47.51871871948242
49|343|131.44973754882812
49|486|44.79907989501953
49|502|113.04975128173828
49|508|108.20189666748047
49|512|97.27571868896484
49|553|59.910667419433594
49|587|50.83758544921875
49|594|33.99126434326172
49|603|55.6203498840332
49|610|91.52291107177734
49|720|67.71003723144531
49|725|34.17713928222656
49|805|35.87662887573242
49|812|67.66606140136719
49|830|40.01521682739258
49|891|52.44904327392578
49|924|116.2712631225586
49|936|45.16840362548828
49|939|47.05514144897461
49|981|47.02749252319336
49|1000|31.872255325317383
49|1030|39.41154479980469
49|1034|65.09741973876953
49|1104|33.960487365722656
49|1107|82.1496353149414
49|1155|65.17689514160156
49|1159|66.60900115966797
49|1261|57.992801666259766
49|1265|49.61463165283203
50|260|35.1827278137207
50|478|33.71797180175781
50|503|117.31743621826172
50|879|41.79262924194336
50|933|36.32278823852539
50|1161|45.716976165771484
51|9|32.28096389770508
51|323|47.341678619384766
51|365|52.8411979675293
51|1105|34.0230827331543
51|1206|33.409427642822266
52|269|45.92484664916992
52|324|44.84300231933594
53|500|35.48810577392578
54|273|57.79893493652344
54|324|40.48046112060547
54|479|41.89680862426758
54|499|42.875545501708984
55|325|39.107181549072266
55|500|39.307830810546875
55|585|33.83159255981445
55|878|102.3335952758789
55|920|40.82912826538086
56|226|35.861610412597656
56|783|31.273805618286133
56|879|59.92996597290039
56|974|36.508689880371094
56|1001|32.51962661743164
56|1042|56.97431182861328
56|1096|33.268280029296875
57|271|102.84102630615234
57|311|63.70168685913086
57|317|33.836334228515625
57|336|121.06170654296875
57|377|31.99854278564453
57|438|70.13961029052734
57|493|41.31044387817383
57|534|34.037574768066406
57|574|58.6546745300293
57|674|44.79718017578125
57|729|43.5478401184082
57|862|81.47542572021484
57|876|34.837398529052734
57|907|51.1862907409668
57|919|69.88223266601562
57|973|63.7476806640625
57|980|90.4847183227539
57|1028|86.71576690673828
57|1091|100.14757537841797
57|1097|33.94919204711914
57|1113|59.94280242919922
57|1247|44.04440689086914
58|10|153.0414276123047
58|13|139.89608764648438
58|17|83.42272186279297
58|44|120.7308120727539
58|47|116.41593170166016
58|65|139.29312133789062
58|72|60.192569732666016
58|76|47.694190979003906
58|85|34.53336715698242
58|98|109.07278442382812
58|119|215.18751525878906
58|130|43.29716491699219
58|152|136.63064575195312
58|173|169.26986694335938
58|181|80.21219635009766
58|189|31.550445556640625
58|194|37.11249923706055
58|207|107.29796600341797
58|228|77.10616302490234
58|268|72.7331314086914
58|275|93.01004791259766
58|283|117.9771957397461
58|312|57.6568489074707
58|316|41.78928756713867
58|325|65.4995346069336
58|330|145.3275146484375
58|334|121.33910369873047
58|392|119.80769348144531
58|425|110.05648803710938
58|447|109.7552261352539
58|478|39.01166915893555
58|490|106.8929443359375
58|500|111.68037414550781
58|530|76.68465423583984
58|554|101.56828308105469
58|583|106.54053497314453
58|608|85.82220458984375
58|643|96.88905334472656
58|664|108.02942657470703
58|696|70.62669372558594
58|702|75.70550537109375
58|718|87.51295471191406
58|722|62.66789627075195
58|751|84.94990539550781
58|756|66.5381851196289
58|760|36.1618537902832
58|772|129.90289306640625
58|779|65.6777114868164
58|804|41.33189392089844
58|810|81.4707260131836
58|825|65.23818969726562
58|831|65.86811828613281
58|833|66.51092529296875
58|838|60.831642150878906
58|861|83.96086120605469
58|865|88.14714050292969
58|870|49.22314453125
58|877|40.679996490478516
58|883|107.67599487304688
58|888|77.05799102783203
58|914|133.55438232421875
58|921|54.26689147949219
58|935|82.91512298583984
58|938|81.8245849609375
58|943|63.71766662597656
58|955|40.47615051269531
58|969|81.1693344116211
58|979|91.52997589111328
58|992|135.2359619140625
58|1018|130.04164123535156
58|1022|120.21051025390625
58|1027|79.41585540771484
58|1031|54.416996002197266
58|1040|32.90502166748047
58|1044|137.2893524169922
58|1049|56.8438606262207
58|1052|57.55706024169922
58|1057|31.980144500732422
58|1064|40.649044036865234
58|1079|146.46046447753906
58|1108|42.72286605834961
58|1115|64.04983520507812
58|1132|57.37916946411133
58|1138|41.35186767578125
58|1152|59.27582931518555
58|1155|59.88262176513672
58|1166|37.99716567993164
58|1188|45.820003509521484
58|1192|36.93672180175781
58|1213|34.66767883300781
58|1218|39.11209487915039
58|1222|38.6368408203125
58|1241|60.066200256347656
58|1248|36.22792053222656
58|1262|65.0395278930664
58|1267|50.18783950805664
59|229|42.97459030151367
59|261|38.56401443481445
59|322|42.631065368652344
59|369|43.122161865234375
59|423|48.13788986206055
59|491|109.2221908569336
59|498|37.89555358886719
59|587|34.88416290283203
59|641|58.86907958984375
59|716|46.85599899291992
59|871|33.17619323730469
59|1167|38.496761322021484
59|1195|48.399681091308594
60|335|49.289852142333984
60|437|31.64891815185547
60|444|39.8230094909668
60|586|39.18015670776367
60|715|33.79875564575195
60|872|36.45931625366211
60|879|47.2176628112793
60|887|35.68980026245117
60|906|32.125118255615234
60|967|43.58033752441406
60|1046|44.017757415771484
60|1168|33.310997009277344
61|67|31.26219940185547
61|314|35.075286865234375
61|498|40.48210906982422
61|770|34.480224609375
61|980|36.363468170166016
61|992|34.08671951293945
61|1015|32.29343032836914
61|1075|42.349647521972656
62|351|36.80182647705078
62|695|31.4244327545166
62|804|35.358028411865234
62|858|34.524723052978516
62|920|32.51429748535156
62|979|32.43856430053711
63|478|42.860496520996094
63|1288|38.436767578125
64|130|31.88168716430664
64|280|32.85578536987305
64|523|39.70161056518555
64|532|34.455810546875
64|570|33.308372497558594
64|715|31.479482650756836
64|968|40.99647521972656
64|1076|33.83799362182617
64|1091|42.27656555175781
64|1103|33.80428695678711
64|1147|46.1972541809082
64|1253|33.590782165527344
64|1290|58.72803497314453
65|9|60.573570251464844
65|21|32.90571594238281
65|45|34.665771484375
65|64|49.64598083496094
65|100|38.24589920043945
65|118|56.86563491821289
65|122|32.56338119506836
65|129|33.37260818481445
65|156|44.70020294189453
65|172|41.056304931640625
65|208|40.9409294128418
65|226|31.783472061157227
65|304|38.45872116088867
65|356|47.68146896362305
65|377|35.097537994384766
65|383|42.274898529052734
65|385|38.24773406982422
65|522|38.16322708129883
65|562|34.41963195800781
65|568|40.21746063232422
65|600|54.29331970214844
65|606|60.70370864868164
65|661|36.2787971496582
65|750|36.909019470214844
65|790|31.597627639770508
65|807|36.59532928466797
65|813|35.01131820678711
65|867|38.73070526123047
65|879|34.28160095214844
65|881|33.85166549682617
65|912|31.641780853271484
65|920|36.04384231567383
65|969|41.51011657714844
65|980|47.19407272338867
65|1001|36.32548904418945
65|1030|39.46880340576172
65|1079|38.11798858642578
65|1097|43.32635498046875
65|1100|65.25106811523438
65|1111|38.378089904785156
65|1126|49.995086669921875
65|1133|40.12317657470703
65|1135|40.77214050292969
65|1145|58.807655334472656
65|1148|46.29167938232422
65|1153|53.82839584350586
65|1165|40.27491760253906
65|1181|67.84062194824219
65|1187|52.52875900268555
65|1191|50.34542465209961
65|1200|33.87822723388672
65|1207|85.3779296875
65|1212|43.094505310058594
65|1217|32.72926712036133
65|1224|35.157264709472656
65|1234|37.97132873535156
65|1237|46.023170471191406
65|1242|48.27392578125
65|1245|40.92232894897461
65|1254|34.900535583496094
65|1260|84.71536254882812
65|1265|38.45069122314453
65|1273|31.332843780517578
66|303|32.347591400146484
66|354|35.47357940673828
66|770|39.475833892822266
66|988|32.06597137451172
67|378|45.36607360839844
67|601|51.92215347290039
68|444|33.33601760864258
68|879|32.55699920654297
68|1022|31.748104095458984
71|1112|35.27687454223633
72|117|31.27249526977539
72|317|87.86145782470703
72|323|77.73267364501953
72|425|85.01005554199219
72|432|55.83544158935547
72|439|93.9574966430664
72|505|51.0637092590332
72|534|32.042789459228516
72|542|120.77436065673828
72|548|99.09339141845703
72|601|44.44466018676758
72|604|82.43421173095703
72|608|53.72644805908203
72|611|37.388404846191406
72|642|38.73640441894531
72|752|65.02999114990234
72|759|127.11509704589844
72|766|81.07486724853516
72|862|45.82593536376953
72|869|56.186248779296875
72|875|78.38158416748047
72|916|39.092918395996094
72|921|46.324161529541016
72|969|71.27288818359375
72|977|96.48467254638672
72|984|49.64491271972656
72|1030|68.5494155883789
72|1079|81.52616882324219
72|1113|44.496463775634766
73|45|57.097206115722656
73|98|63.72743606567383
73|152|54.73574447631836
73|173|62.32853317260742
73|207|60.05911636352539
73|286|31.604536056518555
73|293|86.07798767089844
73|346|43.402652740478516
73|363|37.51447296142578
73|438|95.98839569091797
73|506|62.55801773071289
73|554|55.61337661743164
73|689|34.01358413696289
73|791|73.6840591430664
73|806|51.309181213378906
73|834|32.23741149902344
73|859|38.09101867675781
73|874|62.53599166870117
73|917|36.50033950805664
73|935|37.41143798828125
73|985|48.84904479980469
73|1047|34.0890998840332
73|1077|67.0052490234375
73|1083|47.83782196044922
73|1085|47.131622314453125
73|1091|94.42101287841797
73|1114|47.43141174316406
73|1133|74.78494262695312
73|1139|35.124656677246094
73|1187|43.1302604675293
73|1192|60.60228729248047
73|1241|50.464332580566406
73|1272|34.037418365478516
73|1275|39.027957916259766
74|322|44.29570007324219
74|345|37.75593566894531
74|508|56.57371520996094
74|603|83.69596099853516
74|1212|38.14867401123047
75|725|74.600830078125
75|766|37.5095329284668
75|1140|35.94181442260742
76|292|44.43651580810547
76|321|34.449493408203125
76|446|33.75907897949219
76|574|51.120758056640625
76|580|32.52543640136719
76|765|40.338592529296875
76|795|181.09030151367188
76|835|43.27339553833008
76|841|85.9843978881836
76|851|34.96849822998047
76|874|65.19572448730469
76|1042|47.96650695800781
76|1080|39.9731559753418
76|1086|69.93253326416016
76|1157|34.726341247558594
76|1169|79.55528259277344
76|1173|31.447986602783203
76|1220|63.0002326965332
76|1274|62.15324783325195
77|10|86.89257049560547
77|14|73.4814682006836
77|28|36.903480529785156
77|64|118.21315002441406
77|119|99.15836334228516
77|122|98.5224838256836
77|132|45.39573287963867
77|173|122.7484130859375
77|229|40.510257720947266
77|337|47.15720748901367
77|432|31.466367721557617
77|529|32.33835220336914
77|534|37.80419158935547
77|677|37.552005767822266
77|684|95.9052734375
77|691|107.729248046875
77|714|56.71490478515625
77|717|128.15150451660156
77|723|138.4000701904297
77|726|108.22477722167969
77|731|147.3310546875
77|740|68.11123657226562
77|744|197.94032287597656
77|753|35.59685516357422
77|764|43.472835540771484
77|774|42.83074951171875
77|785|47.63911819458008
77|794|211.4231719970703
77|800|190.0968475341797
77|813|38.97460174560547
77|830|147.62123107910156
77|840|134.45635986328125
77|844|105.85617065429688
77|854|93.65045166015625
77|873|77.88807678222656
77|885|37.615997314453125
77|895|46.99248504638672
77|904|52.94788360595703
77|917|38.07374572753906
77|921|87.97906494140625
77|936|114.60971069335938
77|973|32.611053466796875
77|977|32.60652160644531
77|983|78.51339721679688
77|993|60.00038146972656
77|1004|65.19012451171875
77|1014|32.9432373046875
77|1029|42.61766052246094
77|1044|89.07023620605469
77|1069|36.43693542480469
77|1079|44.263275146484375
77|1083|62.318145751953125
77|1087|71.51632690429688
77|1102|48.295475006103516
77|1109|60.17054748535156
77|1112|114.35538482666016
77|1115|65.33972930908203
77|1119|47.32449722290039
77|1123|42.52468490600586
77|1128|52.25944900512695
77|1131|59.48073196411133
77|1135|47.99623489379883
77|1138|125.08893585205078
77|1150|91.91134643554688
77|1158|35.014835357666016
77|1168|101.26988220214844
77|1170|75.22491455078125
77|1176|44.33457946777344
77|1180|37.14619445800781
77|1186|137.22543334960938
77|1191|69.77800750732422
77|1197|90.14424133300781
77|1200|58.48720932006836
77|1204|51.10824966430664
77|1208|35.04826354980469
77|1215|97.73599243164062
77|1218|64.29026794433594
77|1222|47.029945373535156
77|1231|76.20559692382812
77|1234|49.86623001098633
77|1244|59.18026351928711
77|1249|135.61923217773438
77|1255|80.95674133300781
77|1261|38.326805114746094
77|1282|67.96763610839844
77|1288|68.44310760498047
78|322|53.9754753112793
78|431|31.401363372802734
78|533|33.40778732299805
78|683|95.1267318725586
78|690|100.14295196533203
78|696|75.78504180908203
78|736|87.51921844482422
78|750|71.88497161865234
78|836|36.533782958984375
78|982|83.59288787841797
78|1084|47.502323150634766
78|1103|36.74553298950195
78|1164|43.9022102355957
78|1199|70.72997283935547
78|1223|44.95117950439453
78|1278|64.22533416748047
79|732|58.326515197753906
79|859|54.71866989135742
79|931|41.748199462890625
79|981|53.714111328125
79|1165|36.30973434448242
80|377|33.83967971801758
80|488|49.75297546386719
80|835|42.60129165649414
80|1040|33.551246643066406
80|1091|31.509653091430664
80|1166|40.70972442626953
80|1219|43.244022369384766
80|1274|33.490718841552734
81|1029|70.81736755371094
81|1154|45.28620147705078
82|697|78.49170684814453
83|489|39.24037551879883
84|485|37.2216796875
84|697|68.10032653808594
84|1103|47.336910247802734
84|1153|50.87701416015625
84|1211|69.9528579711914
85|498|67.86405944824219
85|763|74.60319519042969
85|872|33.97569274902344
85|1128|75.90675354003906
85|1184|61.34355926513672
85|1256|84.4603500366211
85|1288|84.63621520996094
86|206|72.7544174194336
86|223|35.09772872924805
86|230|55.87614822387695
86|336|34.51582717895508
86|356|32.313690185546875
86|384|103.7104263305664
86|447|55.166168212890625
86|489|43.742706298828125
86|698|56.322608947753906
86|702|80.87361907958984
86|706|39.06356430053711
86|710|33.8717155456543
86|754|45.82798767089844
86|813|84.376953125
86|860|43.71974563598633
86|894|55.18657684326172
86|984|32.84724044799805
86|1008|56.240577697753906
86|1042|43.00783920288086
86|1077|33.22707748413086
86|1080|33.28120040893555
86|1091|144.2859649658203
86|1104|92.9389419555664
86|1118|85.70209503173828
86|1126|120.44639587402344
86|1131|33.46072769165039
86|1149|87.81718444824219
86|1186|31.8505916595459
86|1202|65.7905502319336
86|1210|108.23302459716797
86|1219|38.3359260559082
86|1226|51.893070220947266
86|1255|105.82807159423828
86|1260|86.76982116699219
86|1274|33.36557388305664
87|43|39.99802780151367
87|46|40.16999435424805
87|98|58.973716735839844
87|100|55.054386138916016
87|152|54.42356491088867
87|275|64.99417877197266
87|383|76.54450988769531
87|490|33.24105453491211
87|606|76.4720687866211
87|690|35.81305694580078
87|700|146.33457946777344
87|709|32.51716232299805
87|718|33.726707458496094
87|737|36.64295196533203
87|744|36.51765060424805
87|758|115.95280456542969
87|762|73.878662109375
87|772|35.31013488769531
87|791|43.22813034057617
87|799|33.126953125
87|807|87.75750732421875
87|812|125.17800903320312
87|816|90.03540802001953
87|846|31.43376922607422
87|853|38.370155334472656
87|861|53.429405212402344
87|870|69.42385864257812
87|881|35.76012420654297
87|896|72.43618774414062
87|900|46.60575866699219
87|908|42.57929611206055
87|912|58.65571594238281
87|930|39.06452560424805
87|934|37.12111282348633
87|955|41.528045654296875
87|962|45.981075286865234
87|968|33.31472396850586
87|972|37.02811050415039
87|982|47.528717041015625
87|989|35.896419525146484
87|1003|56.9161491394043
87|1012|43.19498825073242
87|1017|72.92137908935547
87|1020|77.47834014892578
87|1024|66.337646484375
87|1030|68.947998046875
87|1036|31.31096839904785
87|1041|58.89591598510742
87|1064|36.3174934387207
87|1070|47.6854248046875
87|1099|204.07615661621094
87|1101|166.9309844970703
87|1120|60.58534622192383
87|1132|44.77879333496094
87|1135|35.070701599121094
87|1147|129.88865661621094
87|1151|99.7630844116211
87|1154|57.157066345214844
87|1159|32.22628402709961
87|1166|105.85456848144531
87|1176|186.28875732421875
87|1180|225.56553649902344
87|1199|83.81309509277344
87|1207|126.59521484375
87|1216|35.825965881347656
87|1218|36.20844268798828
87|1230|40.30551528930664
87|1236|183.2772216796875
87|1243|37.17133712768555
87|1245|38.44878387451172
87|1254|116.06765747070312
87|1262|125.00938415527344
87|1281|141.2467803955078
87|1291|209.27247619628906
88|600|34.315120697021484
88|607|59.16122817993164
88|757|90.12149047851562
88|1094|53.123619079589844
88|1125|153.9797821044922
88|1172|103.7818374633789
88|1206|123.64803314208984
88|1227|48.4172477722168
88|1256|51.694950103759766
88|1259|71.37733459472656
88|1288|97.92840576171875
89|369|37.863380432128906
89|378|35.318729400634766
89|921|107.52168273925781
89|931|61.69271469116211
89|1031|46.83272933959961
89|1097|59.48691177368164
89|1119|38.93316650390625
89|1132|33.92238235473633
89|1260|62.455665588378906
90|543|96.09149169921875
90|601|38.68167495727539
90|858|37.552406311035156
90|1127|50.823143005371094
91|1040|65.12837982177734
92|377|41.227745056152344
92|1233|47.302032470703125
93|227|34.85740661621094
93|544|47.26082229614258
93|605|33.56819534301758
93|1041|31.579219818115234
95|604|43.027584075927734
95|893|37.73127365112305
95|1040|45.380645751953125
95|1134|49.652530670166016
95|1273|79.02950286865234
96|601|37.19668960571289
96|892|49.66935348510742
96|922|51.913082122802734
97|119|34.93291091918945
97|173|170.14382934570312
97|182|61.371498107910156
97|190|43.185447692871094
97|293|103.88126373291016
97|553|73.0545425415039
97|608|43.891639709472656
97|611|42.18677520751953
97|907|45.184139251708984
97|998|43.83681869506836
97|1000|39.726810455322266
97|1043|62.752769470214844
97|1046|65.92066192626953
97|1052|42.563541412353516
97|1097|45.56317901611328
97|1100|41.64011001586914
97|1105|102.50299072265625
97|1132|161.93333435058594
97|1159|61.58760452270508
97|1163|63.458580017089844
97|1206|56.47532653808594
97|1209|57.78445053100586
97|1214|36.977989196777344
97|1261|93.76946258544922
97|1268|97.89900207519531
97|1275|57.26255798339844
97|1282|39.94147491455078
98|228|49.86179733276367
98|292|68.97383117675781
98|346|38.477909088134766
98|554|66.06340789794922
98|602|58.62429428100586
98|609|58.984066009521484
98|999|51.72294998168945
98|1034|87.60806274414062
98|1040|36.7817497253418
98|1160|45.96293258666992
98|1233|34.74190902709961
98|1269|96.62913513183594
98|1271|103.09758758544922
99|370|59.60773849487305
99|445|41.78759765625
99|479|34.16978454589844
99|486|48.92006301879883
99|981|65.59033966064453
99|1161|44.19059371948242
100|295|33.669551849365234
101|49|35.454856872558594
101|102|33.856605529785156
101|212|39.23057556152344
101|1132|73.48209381103516
101|1137|58.49420928955078
101|1192|35.541900634765625
101|1244|40.97551345825195
101|1253|35.947689056396484
102|1040|50.9649772644043
102|1135|46.72801971435547
103|1111|32.45795440673828
104|487|53.48387908935547
105|1136|37.461177825927734
106|485|60.69137954711914
106|570|68.45381164550781
106|791|61.717491149902344
106|906|40.51076126098633
106|1111|31.784744262695312
107|384|31.266958236694336
107|982|98.18523406982422
107|1261|32.79166030883789
108|304|50.60307693481445
108|330|32.155853271484375
108|370|34.576148986816406
108|376|42.63568878173828
108|543|54.92405700683594
108|560|52.43175506591797
108|568|63.521297454833984
108|758|40.17516326904297
108|985|35.468143463134766
109|44|41.99017333984375
109|98|36.95843505859375
109|102|34.09427261352539
109|153|60.75187683105469
109|156|38.37211990356445
109|207|76.25708770751953
109|211|44.20158004760742
109|261|40.44288635253906
109|298|32.364830017089844
109|316|33.692874908447266
109|533|37.26014709472656
109|703|34.43595886230469
109|751|32.07423782348633
109|806|36.48063278198242
109|914|52.14216232299805
109|921|34.68803024291992
109|975|34.694671630859375
109|1034|44.07115936279297
109|1081|32.67080307006836
109|1134|65.02600860595703
109|1139|36.93720245361328
109|1185|37.54960250854492
109|1188|76.45014953613281
109|1243|70.02641296386719
109|1248|40.13875961303711
110|680|36.16181182861328
110|905|53.84734344482422
110|1131|38.283470153808594
110|1167|32.352821350097656
110|1240|42.15275573730469
112|1192|49.34629440307617
113|545|73.63084411621094
113|1168|36.48618698120117
113|1261|38.808143615722656
114|500|31.89206314086914
114|741|40.316986083984375
114|805|87.54053497314453
114|1013|54.50489044189453
114|1016|40.48050308227539
114|1024|47.754356384277344
114|1158|32.559242248535156
114|1169|32.904869079589844
114|1247|112.0794906616211
114|1277|31.61916160583496
115|43|40.61506652832031
115|50|62.98670959472656
115|54|49.11029815673828
115|67|43.95903396606445
115|110|31.816442489624023
115|164|39.2436637878418
115|167|41.22757339477539
115|172|86.79426574707031
115|178|44.92340087890625
115|219|33.54345703125
115|261|31.61522102355957
115|598|33.76358413696289
115|740|49.96158981323242
115|767|37.903533935546875
115|851|71.09285736083984
115|875|49.41449737548828
115|882|118.08451843261719
115|904|104.05838775634766
115|910|43.97336196899414
115|919|36.45320129394531
115|929|36.37098693847656
115|934|57.04435348510742
115|937|51.69739532470703
115|983|134.6497802734375
115|1001|34.64860916137695
115|1025|48.02776336669922
115|1034|49.495948791503906
115|1038|37.56412124633789
115|1045|72.65267181396484
115|1085|37.3819465637207
115|1087|36.120689392089844
115|1112|54.96274948120117
115|1116|36.908912658691406
115|1123|32.696327209472656
115|1138|54.484718322753906
115|1146|40.04020309448242
115|1151|53.94548416137695
115|1186|68.66641235351562
115|1192|62.83177185058594
115|1198|86.21363067626953
115|1222|81.10307312011719
115|1246|86.78742218017578
115|1248|75.66511535644531
115|1266|40.42357635498047
115|1275|86.02842712402344
116|64|51.52391052246094
116|66|46.35147476196289
116|99|90.1560287475586
116|107|33.12400436401367
116|111|32.35042953491211
116|118|86.85867309570312
116|155|79.45565795898438
116|160|48.35289764404297
116|207|71.82077026367188
116|211|76.55184936523438
116|282|35.52933883666992
116|377|34.97642135620117
116|546|45.02978515625
116|588|33.025001525878906
116|643|34.75996780395508
116|684|92.05378723144531
116|716|56.23202896118164
116|739|63.63187789916992
116|744|69.3799819946289
116|764|46.05918502807617
116|792|59.281219482421875
116|826|84.2552490234375
116|846|83.82776641845703
116|850|75.92362976074219
116|854|44.69078063964844
116|873|42.687660217285156
116|881|116.74786376953125
116|896|89.0200424194336
116|909|59.748680114746094
116|914|70.8140640258789
116|918|42.6802864074707
116|922|61.89895248413086
116|924|62.508941650390625
116|972|66.19097137451172
116|977|56.64588928222656
116|989|62.14569091796875
116|999|37.79391098022461
116|1006|72.3357925415039
116|1013|47.30931854248047
116|1019|72.64884185791016
116|1022|72.92133331298828
116|1026|40.07982635498047
116|1046|84.47457885742188
116|1078|58.776817321777344
116|1086|44.917301177978516
116|1097|57.82844161987305
116|1115|71.64472961425781
116|1120|37.0662956237793
116|1131|33.56642532348633
116|1134|38.779056549072266
116|1143|37.48192596435547
116|1148|41.344444274902344
116|1154|61.69675827026367
116|1167|75.21205139160156
116|1180|34.66941452026367
116|1200|48.949459075927734
116|1206|60.954132080078125
116|1209|51.74628448486328
116|1215|44.0161018371582
116|1225|95.01310729980469
116|1242|89.7938461303711
116|1252|55.323726654052734
116|1261|78.20172882080078
116|1276|63.21615982055664
117|853|41.745338439941406
117|908|59.27534866333008
117|932|63.0720329284668
117|985|261.134765625
117|1012|43.18159484863281
117|1017|36.238555908203125
117|1042|56.270687103271484
117|1194|113.34310913085938
117|1248|72.62798309326172
118|805|38.244544982910156
118|906|39.20853805541992
118|992|32.07483673095703
119|859|55.71442413330078
119|884|49.25732421875
119|1041|32.87372970581055
120|698|50.76797866821289
120|1194|40.60646057128906
121|513|42.48139953613281
121|908|32.71324920654297
122|346|43.90836715698242
122|550|49.281700134277344
122|907|37.60756301879883
123|1199|42.77706527709961
124|860|31.324420928955078
125|698|32.11089324951172
125|1153|56.135562896728516
127|1200|60.932884216308594
128|570|43.34050369262695
128|906|37.9837760925293
128|1042|74.46732330322266
128|1256|35.766578674316406
128|1274|32.8465576171875
129|569|43.08245086669922
129|901|42.321556091308594
129|933|128.5762481689453
129|1005|107.0887680053711
129|1043|92.5015869140625
129|1126|47.262508392333984
129|1152|230.69485473632812
129|1209|72.34642791748047
129|1215|31.638437271118164
129|1236|33.36329650878906
129|1261|114.67401123046875
130|99|32.406707763671875
130|119|77.66200256347656
130|207|63.87490463256836
130|228|42.523536682128906
130|445|37.887264251708984
130|560|49.376487731933594
130|568|47.02324676513672
130|663|34.452232360839844
130|704|186.8152618408203
130|707|66.40900421142578
130|759|203.39430236816406
130|772|36.602718353271484
130|813|134.18661499023438
130|868|212.5215606689453
130|884|41.16313171386719
130|895|123.12452697753906
130|906|36.01276779174805
130|990|47.449073791503906
130|997|45.7360725402832
130|1003|94.97935485839844
130|1045|92.52891540527344
130|1078|37.702091217041016
130|1098|62.20363998413086
130|1145|65.99882507324219
130|1148|66.86307525634766
130|1181|69.0359115600586
130|1202|91.6310806274414
130|1234|49.26689529418945
130|1260|106.33919525146484
130|1289|68.7691650390625
131|227|34.71706008911133
131|561|46.7137451171875
131|699|88.54194641113281
131|709|82.72998046875
131|754|43.65060043334961
131|762|142.82699584960938
131|863|78.52011108398438
131|880|32.53599548339844
131|893|53.5081672668457
131|898|74.84038543701172
131|1031|67.19601440429688
131|1201|85.13680267333984
131|1227|43.55791473388672
131|1254|130.82412719726562
131|1264|46.8438720703125
132|807|50.3006477355957
132|862|117.91153717041016
132|897|83.54332733154297
132|1041|119.3345947265625
133|817|32.45029067993164
133|884|58.87275695800781
133|931|32.119422912597656
135|887|40.45222854614258
135|892|32.14970397949219
135|1009|35.75883102416992
136|893|37.01960372924805
136|997|40.61054992675781
139|546|39.65822219848633
139|901|39.550289154052734
139|1009|33.45402908325195
140|893|51.23157501220703
141|906|40.414649963378906
141|1001|50.908939361572266
142|1002|58.679935455322266
143|549|52.7643928527832
143|885|47.811981201171875
143|1010|47.645545959472656
144|116|77.45477294921875
144|225|35.94419479370117
144|890|161.67636108398438
144|1009|40.70125961303711
144|1022|38.91152572631836
145|115|92.47071838378906
145|226|45.29740905761719
145|281|37.456783294677734
145|513|48.7830810546875
145|659|82.05907440185547
145|905|35.32294845581055
145|908|32.6619758605957
145|925|33.725067138671875
145|977|33.905479431152344
145|993|41.57524108886719
145|1001|153.50064086914062
145|1018|44.06863021850586
145|1024|46.33320999145508
145|1031|46.618927001953125
145|1087|33.59907913208008
145|1094|96.26181030273438
145|1133|43.28447341918945
145|1136|39.69505310058594
145|1187|42.85852813720703
145|1191|35.054656982421875
145|1242|39.6757926940918
145|1245|43.223628997802734
145|1247|44.941715240478516
146|64|35.26952362060547
146|98|56.55720138549805
146|113|104.58610534667969
146|154|60.908329010009766
146|159|37.84955978393555
146|173|47.12910079956055
146|178|32.33713150024414
146|207|59.66383743286133
146|223|80.57304382324219
146|439|35.40240478515625
146|550|130.35655212402344
146|657|105.28913116455078
146|680|32.86812973022461
146|891|159.9937286376953
146|969|57.62259292602539
146|983|130.93020629882812
146|1030|56.08061981201172
146|1034|132.77252197265625
146|1086|33.86070251464844
146|1092|129.14964294433594
147|554|32.92677688598633
147|859|35.960601806640625
147|999|283.0340576171875
148|1010|38.925418853759766
149|893|39.31422805786133
149|993|39.8917121887207
149|1014|37.73041534423828
150|1009|31.284807205200195
151|889|65.94755554199219
151|993|39.369876861572266
151|1192|36.836185455322266
151|1246|38.338294982910156
152|155|48.30046463012695
152|210|36.261993408203125
152|888|70.1170425415039
152|1080|34.713993072509766
153|298|40.54002380371094
153|561|41.335567474365234
153|1001|51.354671478271484
153|1013|163.90231323242188
154|129|38.531044006347656
154|156|33.56747817993164
154|183|60.002376556396484
154|187|41.67499542236328
154|210|42.73484802246094
154|751|55.32120132446289
154|765|34.41500473022461
154|849|48.449729919433594
154|851|54.455318450927734
154|892|47.602169036865234
154|895|56.05861282348633
154|991|67.71630859375
154|1000|66.3458023071289
154|1003|35.647926330566406
154|1006|34.355613708496094
154|1024|34.07246780395508
154|1044|59.7014274597168
154|1049|34.50830841064453
154|1052|47.292213439941406
154|1081|40.24946594238281
154|1085|54.56058120727539
154|1131|31.607402801513672
154|1140|55.322017669677734
154|1153|34.5006103515625
154|1158|43.82337951660156
154|1161|31.23867416381836
154|1163|33.09125900268555
154|1180|32.97867202758789
154|1185|38.15558624267578
154|1189|38.70941162109375
154|1196|93.05791473388672
154|1212|46.481136322021484
154|1217|41.93229293823242
154|1223|60.681602478027344
154|1239|43.40223693847656
154|1247|95.0756607055664
154|1267|31.64615821838379
154|1270|42.875999450683594
155|128|34.814430236816406
155|260|34.411991119384766
155|377|33.48228073120117
155|679|38.13135528564453
155|684|35.47919845581055
155|718|33.84498596191406
155|740|36.906036376953125
155|793|67.00406646728516
155|825|36.5321159362793
155|888|68.05386352539062
155|924|34.05823516845703
155|933|31.8467960357666
155|985|37.710933685302734
155|996|34.58675003051758
155|999|62.95671463012695
155|1113|95.84112548828125
155|1135|31.491851806640625
155|1152|35.425437927246094
155|1159|37.911415100097656
155|1167|82.861083984375
155|1194|74.04522705078125
155|1277|71.45204162597656
156|853|62.37623977661133
156|997|51.18199920654297
157|903|32.036048889160156
157|1011|50.876556396484375
159|888|38.69957733154297
162|119|37.004539489746094
162|991|40.88521957397461
163|120|35.7109375
165|890|32.451133728027344
166|165|31.704832077026367
166|981|40.756038665771484
167|56|35.239376068115234
167|219|31.700307846069336
167|545|31.727230072021484
167|926|36.61302947998047
167|1035|38.116580963134766
167|1089|32.07576370239258
168|1029|37.23252487182617
169|992|39.032711029052734
170|991|42.64312744140625
171|554|47.72548294067383
171|883|42.16768264770508
171|893|38.16044235229492
171|1183|47.11318588256836
171|1261|43.05989074707031
172|282|37.16804122924805
172|702|60.856178283691406
172|1043|84.92118835449219
172|1125|37.05693435668945
172|1260|55.35457229614258
173|176|31.567989349365234
173|180|37.939842224121094
173|208|42.73261642456055
173|499|42.91332244873047
173|608|36.42182159423828
173|701|93.49020385742188
173|707|39.8536491394043
173|771|40.11602783203125
173|814|37.58027267456055
173|826|55.556053161621094
173|863|50.29092788696289
173|868|72.32878875732422
173|933|81.97570037841797
173|990|117.97377014160156
173|1003|102.20377349853516
173|1012|32.433074951171875
173|1102|56.6922607421875
173|1118|45.30190658569336
173|1121|33.519290924072266
173|1127|42.225181579589844
173|1148|49.85605239868164
173|1175|40.311466217041016
173|1179|67.52400207519531
173|1188|31.407621383666992
173|1200|54.32585525512695
173|1206|76.63743591308594
173|1209|51.53706359863281
173|1235|98.77200317382812
173|1240|36.315773010253906
173|1262|48.65985107421875
173|1291|90.29808044433594
174|51|58.316158294677734
174|106|68.75751495361328
174|161|46.72359848022461
174|214|44.26521301269531
174|487|44.9548225402832
174|541|49.78900909423828
174|595|46.11269760131836
174|650|45.248924255371094
174|881|93.67211151123047
174|896|81.65750122070312
174|923|56.7725715637207
174|976|67.20942687988281
174|989|108.80123138427734
174|1008|44.7796630859375
174|1032|54.165008544921875
174|1046|47.61362838745117
174|1085|59.459617614746094
174|1119|38.762420654296875
174|1202|52.15019226074219
174|1237|44.489707946777344
174|1254|40.48183822631836
174|1261|39.962852478027344
175|895|71.07836151123047
175|985|60.17612075805664
175|1029|32.504398345947266
175|1092|63.56306457519531
176|700|51.21943283081055
177|987|40.84819793701172
177|992|48.32100296020508
179|1001|39.33456039428711
182|100|35.152000427246094
182|152|35.87845993041992
182|207|37.38890838623047
182|211|33.88020706176758
182|703|41.21514129638672
182|974|42.60124588012695
182|997|35.61448287963867
184|1112|35.16495895385742
185|791|50.77006530761719
186|998|43.64308166503906
187|206|34.77307891845703
188|155|40.626338958740234
188|159|32.456878662109375
188|207|41.00590896606445
188|209|48.14393615722656
188|213|35.03803634643555
188|1134|37.38671112060547
188|1188|37.029571533203125
188|1243|36.971092224121094
190|1274|40.201683044433594
191|1112|53.87147903442383
192|812|37.074527740478516
192|904|31.846351623535156
192|985|31.52210235595703
192|1012|40.73659896850586
192|1271|31.67198371887207
192|1275|60.55150604248047
193|121|34.32777786254883
193|378|31.25348472595215
193|486|31.6943359375
193|547|33.152034759521484
193|684|69.08910369873047
193|698|50.85195541381836
193|704|38.177513122558594
193|717|63.19080352783203
193|746|46.1395263671875
193|751|33.00402069091797
193|850|33.16880798339844
193|922|45.12287521362305
193|935|36.89139175415039
193|1000|37.5410041809082
193|1006|31.987247467041016
193|1025|39.99957275390625
193|1031|53.13164138793945
193|1044|43.004581451416016
193|1115|88.90174865722656
193|1197|35.81293487548828
193|1273|47.39805603027344
194|120|32.42662811279297
194|122|32.220985412597656
194|174|42.933631896972656
194|268|33.31792068481445
194|293|35.6401252746582
194|371|32.45830154418945
194|595|37.656410217285156
194|685|75.96509552001953
194|853|77.22284698486328
194|1024|41.1835823059082
194|1272|33.71892166137695
194|1276|63.30653381347656
195|1275|33.739402770996094
196|1000|44.36235427856445
197|1269|31.323701858520508
200|703|32.76131057739258
200|730|32.47385787963867
200|757|36.06147766113281
200|811|39.261390686035156
200|839|37.09524917602539
200|866|35.227725982666016
200|893|33.75022888183594
200|920|37.02924346923828
200|947|35.6109733581543
200|1002|35.49159240722656
200|1056|36.41395568847656
200|1083|34.6850700378418
210|1058|32.728965759277344
214|753|35.117252349853516
214|1173|32.8433837890625
214|1288|41.51288604736328
215|813|60.27183151245117
215|1042|33.1307373046875
215|1091|37.67287826538086
215|1126|61.835018157958984
215|1149|32.46346664428711
215|1179|75.68997192382812
216|706|119.01371765136719
216|760|51.988059997558594
216|861|32.11244201660156
216|869|107.00946044921875
216|894|32.69919967651367
216|933|49.819942474365234
216|1002|54.051326751708984
216|1006|65.02008056640625
216|1127|59.02303695678711
216|1147|43.661319732666016
216|1208|61.024784088134766
216|1234|51.75450897216797
216|1289|47.52986145019531
217|208|53.29026794433594
217|757|35.66885757446289
217|761|49.42072296142578
217|815|57.99165344238281
217|866|73.8550796508789
217|896|31.821918487548828
217|1045|38.63918685913086
217|1148|38.9593620300293
217|1180|73.98412322998047
217|1233|34.59214782714844
217|1236|35.605384826660156
218|754|59.31844711303711
218|1237|38.44825744628906
219|812|36.99064254760742
219|1201|37.89979553222656
220|703|37.212806701660156
220|708|36.47766876220703
220|757|33.689918518066406
220|866|47.091896057128906
221|550|43.02763366699219
221|862|36.24618911743164
228|850|37.4743766784668
229|983|34.83176803588867
229|987|53.20088577270508
230|683|42.23706817626953
230|986|70.49485778808594
230|989|56.91395950317383
230|1042|38.89436721801758
231|744|57.50758361816406
231|850|60.341407775878906
231|882|49.796993255615234
231|936|44.18607711791992
231|985|91.71807098388672
231|988|63.41790008544922
231|1012|45.27018737792969
231|1085|34.04350280761719
231|1141|33.90247344970703
231|1169|53.23101806640625
231|1275|47.542903900146484
232|281|32.556190490722656
232|336|40.80107116699219
232|826|46.40704345703125
232|881|46.81095504760742
232|935|38.373844146728516
232|983|64.12569427490234
232|1044|47.321380615234375
232|1168|75.26406860351562
233|282|37.44554138183594
233|425|34.0667839050293
233|500|35.5816764831543
233|554|33.00529098510742
233|608|39.3797721862793
233|933|38.97730255126953
233|986|88.2752685546875
241|947|31.565282821655273
241|1001|63.00552749633789
241|1083|33.804344177246094
242|703|31.832590103149414
242|1002|32.98257064819336
243|1133|42.19514465332031
244|549|36.66303634643555
245|550|49.33892822265625
245|999|32.68233871459961
257|1042|41.007720947265625
258|812|41.33809280395508
258|932|50.3082160949707
258|1044|61.30824661254883
258|1125|35.725521087646484
259|706|44.39191818237305
259|760|75.57478332519531
259|813|41.772090911865234
259|1003|46.169532775878906
259|1006|49.56001663208008
259|1180|65.71253204345703
260|870|32.36823654174805
260|934|73.27478790283203
260|1045|46.195098876953125
260|1145|67.62700653076172
261|547|31.235620498657227
261|1046|61.42112350463867
261|1202|52.908390045166016
262|1201|64.38088989257812
263|1003|32.22032165527344
263|1200|54.84835433959961
264|982|32.90576171875
269|825|35.622283935546875
269|849|41.95351028442383
269|859|37.13151168823242
269|895|47.47418212890625
269|1012|50.5025520324707
269|1247|37.41141891479492
270|893|36.474693298339844
270|1000|41.760860443115234
270|1043|34.77085494995117
271|683|32.18186569213867
271|831|31.252321243286133
271|999|46.14743423461914
272|892|36.499263763427734
272|1012|32.78969192504883
285|890|50.916404724121094
285|1001|31.41381072998047
289|882|40.11677932739258
289|989|58.21767807006836
289|1001|58.047916412353516
290|880|40.84291458129883
290|890|34.736122131347656
290|988|43.201412200927734
290|1000|58.16176223754883
291|891|51.3931884765625
291|1035|43.04035568237305
292|883|31.628421783447266
292|992|40.128135681152344
293|884|33.081504821777344
293|892|47.081809997558594
293|1034|31.516849517822266
294|891|53.33284378051758
295|999|59.783905029296875
298|322|32.38631820678711
299|1042|35.01958084106445
302|895|58.65444564819336
302|931|37.499874114990234
302|1004|40.72883605957031
303|1007|46.83940887451172
303|1041|46.421607971191406
303|1151|42.3723030090332
304|896|65.09683227539062
305|895|55.30828094482422
305|1014|35.187156677246094
307|874|38.30732727050781
307|1013|39.09477996826172
308|840|32.12479782104492
308|925|43.265045166015625
308|1041|38.310760498046875
308|1196|47.72041702270508
310|499|36.01804733276367
311|691|34.5758171081543
341|1034|58.282798767089844
343|731|34.17899703979492
343|924|90.72205352783203
345|880|34.59355926513672
345|1223|48.569091796875
345|1260|35.27437973022461
346|846|32.460601806640625
346|1098|68.52995300292969
346|1224|51.0157585144043
346|1261|32.58424758911133
347|841|34.165470123291016
347|922|39.232906341552734
347|1101|57.8044319152832
350|692|33.10324478149414
383|1164|42.31024169921875
385|734|32.282066345214844
385|844|59.807579040527344
385|1139|34.7197151184082
386|736|34.29799270629883
386|798|45.946510314941406
390|1160|32.544715881347656
391|1159|34.93798065185547
392|1105|36.20348358154297
392|1160|33.98142623901367
394|1161|41.16394805908203
396|1161|39.50116729736328
424|735|47.336788177490234
424|844|39.85895538330078
426|691|47.02303695678711
430|1119|44.10973358154297
432|920|32.54409408569336
433|838|31.311342239379883
434|1163|39.866432189941406
435|1106|41.237247467041016
437|1163|36.9508171081543
441|1162|38.90117645263672
443|1162|45.86220932006836
475|703|35.52101516723633
482|1106|31.363718032836914
484|1163|39.610774993896484
487|1162|35.40970230102539
493|1162|62.47261047363281
494|1161|55.2166862487793
501|735|38.17654800415039
501|798|35.52497100830078
502|845|45.86372375488281
503|736|37.37283706665039
517|1119|38.10297775268555
519|1098|43.795475006103516
521|1100|39.76130676269531
540|846|33.96250915527344
540|1224|37.930877685546875
608|1284|33.77936935424805
620|1284|43.31886291503906
627|1106|38.67761993408203
683|1033|34.16455841064453
1306|663|42.82419204711914
1306|672|35.265743255615234
1306|772|39.68105697631836
1306|781|36.08910369873047
1306|880|40.432743072509766
1306|882|38.464359283447266
1306|890|33.52892303466797
1306|991|38.293251037597656
1306|998|32.28458023071289