Dance Monkey
Tones and I

Soul/R&B
dance_monkey
2049x1292
2902

4|1249|43.40039825439453
5|667|82.76962280273438
5|669|71.68649291992188
5|695|77.78726196289062
5|719|86.3460464477539
5|748|77.4207992553711
5|772|88.10994720458984
5|774|67.2941665649414
5|825|89.1304931640625
5|827|66.68896484375
5|840|64.91047668457031
5|853|70.12773132324219
5|880|66.66797637939453
5|906|78.83187103271484
5|930|83.53842163085938
5|959|73.60516357421875
5|983|92.21739196777344
5|985|66.7884521484375
5|1064|59.65441131591797
5|1077|51.17718505859375
5|1091|51.699886322021484
5|1104|50.560882568359375
5|1117|52.31355667114258
5|1130|55.3048095703125
5|1143|68.8331298828125
5|1170|47.95319747924805
5|1183|56.92430877685547
5|1196|66.48445129394531
5|1209|54.6085205078125
5|1224|45.380985260009766
5|1262|49.85202407836914
5|1275|52.0050048828125
5|1288|54.721134185791016
6|955|31.49557876586914
6|1115|97.54571533203125
7|641|208.93853759765625
7|666|234.23915100097656
7|694|204.2876739501953
7|718|229.979736328125
7|720|232.1909637451172
7|747|212.49168395996094
7|771|225.87742614746094
7|773|226.11961364746094
7|824|248.04266357421875
7|839|184.20278930664062
7|877|229.6097869873047
7|905|204.01441955566406
7|929|236.08729553222656
7|931|237.2131805419922
7|958|201.8625946044922
7|982|232.76976013183594
7|984|226.6331329345703
7|1077|158.9479522705078
7|1103|170.82232666015625
7|1133|126.95677947998047
7|1156|192.77015686035156
7|1159|128.7979736328125
7|1169|195.21200561523438
7|1195|126.3358383178711
7|1222|193.31333923339844
7|1224|150.1073760986328
7|1235|177.31781005859375
7|1248|230.76162719726562
7|1251|159.04835510253906
8|800|182.28929138183594
8|823|204.5174560546875
8|852|234.75575256347656
8|876|216.1504669189453
8|879|209.60098266601562
8|1065|220.7101287841797
8|1067|109.17083740234375
8|1078|193.3607635498047
8|1081|147.7047576904297
8|1091|215.47059631347656
8|1104|227.86691284179688
8|1107|139.26454162597656
8|1117|230.4050750732422
8|1131|222.4947509765625
8|1144|243.59417724609375
8|1157|231.42324829101562
8|1166|95.87303924560547
8|1170|259.9268493652344
8|1180|167.4871826171875
8|1183|248.1306915283203
8|1201|35.07918167114258
8|1210|215.8694610595703
8|1212|97.82623291015625
8|1223|245.0221405029297
8|1236|248.95767211914062
8|1249|236.5396728515625
8|1262|219.2338409423828
8|1265|103.1124496459961
8|1273|103.21833038330078
8|1276|289.378173828125
8|1286|153.53318786621094
8|1289|250.57699584960938
9|743|87.88731384277344
9|842|53.945316314697266
9|1074|140.662109375
9|1087|86.40508270263672
9|1100|90.05399322509766
9|1113|86.29660034179688
9|1134|54.32730484008789
9|1139|66.03031158447266
9|1179|130.02670288085938
9|1187|88.66671752929688
9|1196|206.23150634765625
9|1205|57.311805725097656
9|1232|52.791324615478516
9|1244|33.864234924316406
9|1275|278.15447998046875
9|1285|137.3381805419922
10|737|38.49641799926758
10|948|42.30257034301758
10|954|85.57820129394531
10|1063|259.5428161621094
10|1090|261.02001953125
10|1103|256.599853515625
10|1116|280.94476318359375
10|1129|262.1876525878906
10|1156|237.6939239501953
10|1161|35.363040924072266
10|1169|268.29345703125
10|1182|249.9066925048828
10|1195|289.7174377441406
10|1231|64.57734680175781
10|1235|262.0134582519531
10|1248|254.82362365722656
10|1261|259.19677734375
10|1274|299.94110107421875
10|1279|48.928016662597656
11|641|149.09434509277344
11|665|182.91761779785156
11|667|166.13336181640625
11|720|163.27088928222656
11|772|154.9624481201172
11|796|100.87556457519531
11|823|198.93292236328125
11|852|128.07130432128906
11|876|172.36497497558594
11|878|160.92135620117188
11|931|159.3614044189453
11|1068|30.469806671142578
11|1076|261.33660888671875
11|1089|281.214111328125
11|1102|270.7882385253906
11|1115|281.19757080078125
11|1142|278.6494445800781
11|1155|269.81884765625
11|1168|275.0046691894531
11|1181|261.6716003417969
11|1208|243.7052001953125
11|1221|281.9631042480469
11|1234|287.6707458496094
11|1247|258.8525695800781
11|1260|241.77223205566406
11|1287|264.6407775878906
12|640|143.2584686279297
12|717|200.08876037597656
12|746|176.63583374023438
12|770|191.7594757080078
12|822|192.72921752929688
12|850|226.5320587158203
12|928|207.4177703857422
12|957|165.416259765625
12|981|203.9053192138672
12|1062|241.8982696533203
12|1075|218.33416748046875
12|1088|202.26248168945312
12|1128|252.28573608398438
12|1141|258.00830078125
12|1154|224.64141845703125
12|1194|249.7806396484375
12|1207|231.20240783691406
12|1220|223.04029846191406
12|1233|220.51812744140625
12|1286|226.248046875
13|523|30.562583923339844
13|664|181.2198944091797
13|694|237.791015625
13|719|215.32806396484375
13|733|41.135250091552734
13|745|138.89682006835938
13|798|335.8841857910156
13|805|262.4069519042969
13|809|260.8908386230469
13|813|233.5753936767578
13|827|101.03467559814453
13|834|284.8868713378906
13|838|292.76544189453125
13|844|299.7904968261719
13|875|179.26358032226562
13|905|243.94790649414062
13|916|192.1173858642578
13|930|218.05665588378906
13|956|141.0233154296875
13|1108|33.392784118652344
13|1136|133.57440185546875
13|1162|166.18008422851562
13|1224|36.111366271972656
13|1228|171.38485717773438
13|1236|52.58102798461914
13|1242|148.77719116210938
13|1246|236.7686004638672
13|1250|30.982982635498047
13|1255|152.00379943847656
13|1268|193.09759521484375
14|692|239.92376708984375
14|698|232.25975036621094
14|704|200.91641235351562
14|711|159.7530975341797
14|715|138.6231231689453
14|734|40.43004608154297
14|738|286.53125
14|823|113.88800048828125
14|825|95.97164916992188
14|903|250.20095825195312
14|909|236.94332885742188
14|915|205.39588928222656
14|918|177.5106964111328
14|925|139.8555145263672
14|935|92.46054077148438
14|940|76.61446380615234
14|949|267.2013854980469
14|951|263.5152893066406
14|1122|85.36473846435547
14|1133|74.57186889648438
14|1146|45.88071060180664
14|1150|92.61344909667969
14|1178|124.66130065917969
15|322|29.9775333404541
15|325|53.61893081665039
15|342|30.22170639038086
15|345|40.58636474609375
15|365|37.13359451293945
15|534|33.93095016479492
15|536|32.663414001464844
15|666|103.3875732421875
15|716|110.36273956298828
15|750|268.2504577636719
15|753|263.0745849609375
15|771|146.5814208984375
15|775|77.74675750732422
15|778|79.625244140625
15|786|58.51039505004883
15|791|272.94622802734375
15|794|276.6809387207031
15|822|115.26471710205078
15|824|98.29398345947266
15|837|58.553035736083984
15|842|119.9816665649414
15|851|90.17314147949219
15|927|107.73085021972656
15|962|264.1885986328125
15|982|164.3944549560547
15|986|78.28226470947266
15|989|77.58393096923828
15|997|46.25226593017578
15|1003|88.67401885986328
15|1007|35.0097770690918
15|1099|60.1692008972168
15|1134|46.92802429199219
15|1170|41.66082763671875
15|1177|157.93136596679688
15|1188|111.15302276611328
15|1197|60.99412536621094
15|1202|215.04196166992188
15|1209|40.33523178100586
15|1217|67.20048522949219
16|344|34.84374237060547
16|362|38.20793533325195
16|679|29.730131149291992
16|745|197.0213165283203
16|901|73.77447509765625
16|955|187.1492919921875
16|1001|58.62631607055664
16|1008|35.10478591918945
16|1085|34.944156646728516
16|1180|149.66741943359375
16|1193|180.66998291015625
16|1212|63.99637985229492
17|218|44.996726989746094
17|238|47.63840866088867
17|257|47.6436767578125
17|429|45.411949157714844
17|449|44.74559020996094
17|469|44.63059616088867
17|645|212.5670623779297
17|653|189.24842834472656
17|658|176.6934051513672
17|666|131.05722045898438
17|678|32.09559631347656
17|685|74.52842712402344
17|693|90.60099792480469
17|853|73.88648223876953
17|863|188.7884979248047
17|868|170.9083251953125
17|877|129.1417999267578
17|888|45.45140838623047
17|896|82.89509582519531
17|903|98.9793701171875
17|1066|65.8187484741211
17|1071|193.65042114257812
17|1078|31.094789505004883
17|1081|66.27994537353516
17|1091|49.94367599487305
17|1096|184.07373046875
17|1104|47.43975067138672
17|1106|72.24056243896484
17|1110|191.30203247070312
17|1115|147.7289581298828
17|1125|33.29930114746094
17|1128|149.5583038330078
17|1187|41.249507904052734
17|1213|46.357398986816406
17|1273|168.839111328125
17|1277|55.60313415527344
17|1280|74.31798553466797
17|1284|67.46910095214844
17|1291|73.36518096923828
18|640|113.19572448730469
18|663|107.00004577636719
18|717|117.64265441894531
18|719|97.2777099609375
18|770|109.35478973388672
18|798|110.16172790527344
18|874|113.72637176513672
18|928|114.02196502685547
18|930|96.75663757324219
18|1062|169.20712280273438
18|1086|33.69880294799805
18|1098|85.38398742675781
18|1108|100.54361724853516
18|1114|165.2488250732422
18|1141|181.63401794433594
18|1154|166.68716430664062
18|1167|158.90052795410156
18|1180|144.76231384277344
18|1207|168.81631469726562
18|1220|184.07652282714844
18|1246|173.1044158935547
18|1260|152.1213836669922
19|664|119.2264633178711
19|769|108.63504028320312
19|822|123.81520080566406
19|838|85.53917694091797
19|875|118.18407440185547
19|980|117.80630493164062
19|1068|32.73135757446289
19|1075|161.67611694335938
19|1088|156.18527221679688
19|1101|170.01637268066406
19|1233|212.70193481445312
19|1239|67.09407806396484
19|1250|38.61931610107422
19|1264|49.55593490600586
19|1286|150.64552307128906
20|686|324.74908447265625
20|692|71.7354965209961
20|837|79.08712768554688
20|897|312.564453125
20|903|76.33768463134766
20|1144|49.99929428100586
20|1154|172.53457641601562
21|1127|185.4725799560547
21|1133|60.89293670654297
21|1140|118.11534881591797
21|1159|66.11280059814453
22|690|117.55522918701172
22|692|58.08156967163086
22|842|88.01013946533203
22|901|127.11741638183594
22|903|58.97093200683594
22|954|81.27249145507812
22|1125|58.36544418334961
23|737|92.98263549804688
23|743|81.27803039550781
23|831|83.50663757324219
23|1114|92.0539779663086
23|1167|133.49395751953125
23|1186|60.14915084838867
23|1193|136.09898376464844
23|1196|72.79646301269531
23|1212|57.50047302246094
24|640|122.5595932006836
24|736|97.38095092773438
24|851|105.46891784667969
24|947|103.25885772705078
24|1081|43.36130142211914
24|1086|37.043880462646484
24|1099|43.876373291015625
24|1112|35.25481414794922
24|1140|62.81132888793945
24|1207|60.37062454223633
24|1239|43.32020568847656
24|1273|63.21027755737305
25|666|53.19162368774414
25|719|49.5350227355957
25|772|42.39543151855469
25|789|99.35569763183594
25|796|111.74696350097656
25|808|40.83595657348633
25|822|58.58904266357422
25|836|39.761783599853516
25|842|100.58948516845703
25|877|49.62291717529297
25|956|41.682498931884766
25|1008|42.16020584106445
25|1080|44.796199798583984
25|1101|100.52201080322266
25|1114|77.18891143798828
25|1180|68.42646789550781
25|1206|65.86751556396484
25|1230|56.436466217041016
25|1238|32.73860549926758
25|1285|97.68810272216797
26|377|41.657737731933594
26|396|43.18526840209961
26|684|86.3191909790039
26|690|117.33958435058594
26|717|54.3677864074707
26|743|90.09737396240234
26|771|46.31687927246094
26|805|50.99851989746094
26|813|67.46475219726562
26|826|39.57950210571289
26|835|33.92563247680664
26|839|42.42350387573242
26|848|32.4970588684082
26|895|79.90463256835938
26|901|125.0383529663086
26|928|50.46398162841797
26|930|59.34684371948242
26|954|94.67636108398438
26|982|45.76384735107422
26|1062|74.78203582763672
26|1065|32.06025314331055
26|1074|99.9708251953125
26|1088|96.21560668945312
26|1106|38.39985275268555
26|1140|75.11581420898438
26|1160|33.542171478271484
26|1228|48.40076446533203
26|1241|63.185726165771484
26|1254|75.68231201171875
26|1268|67.32462310791016
26|1272|76.49205780029297
26|1291|36.210819244384766
27|272|40.76945877075195
27|291|72.365966796875
27|311|47.46546936035156
27|483|36.242919921875
27|502|75.66224670410156
27|522|45.20774459838867
27|691|130.10833740234375
27|697|40.113407135009766
27|701|94.6664810180664
27|710|33.04039001464844
27|713|49.12045669555664
27|716|55.41789627075195
27|732|40.99124526977539
27|838|47.2253303527832
27|902|125.048583984375
27|911|116.43213653564453
27|924|61.56148147583008
27|938|42.66608428955078
27|948|91.53546905517578
27|1123|85.63674926757812
27|1135|70.0162353515625
27|1149|81.79750061035156
27|1162|50.005645751953125
27|1167|63.73759460449219
27|1206|65.99307250976562
27|1220|78.4373550415039
28|310|47.162437438964844
28|741|39.8791389465332
28|797|36.539276123046875
28|837|43.33060836791992
28|929|35.67937088012695
28|1134|46.26975631713867
28|1141|66.42679595947266
28|1207|65.91705322265625
28|1233|66.12745666503906
28|1259|83.4224853515625
29|789|105.13570404052734
29|796|43.80423355102539
29|895|77.1873550415039
29|928|32.85289001464844
29|982|49.63920593261719
29|1114|66.23866271972656
29|1127|65.96378326416016
29|1140|64.21565246582031
29|1206|73.06340789794922
29|1272|58.57048797607422
30|323|34.37038803100586
30|343|76.58528137207031
30|716|39.74772644042969
30|719|40.23876953125
30|743|85.80889129638672
30|745|81.40882873535156
30|751|37.13608932495117
30|772|48.34521484375
30|786|69.0015869140625
30|795|49.79281997680664
30|824|46.24259948730469
30|831|60.43221664428711
30|838|38.672733306884766
30|842|54.80964660644531
30|927|38.010643005371094
30|930|33.520545959472656
30|954|100.87030792236328
30|956|99.192138671875
30|963|49.24722671508789
30|977|45.89408874511719
30|980|57.057884216308594
30|983|55.43026351928711
30|990|50.680301666259766
30|996|46.76545333862305
30|1061|64.27942657470703
30|1101|65.12218475341797
30|1151|33.583984375
30|1154|63.192298889160156
30|1189|84.69955444335938
30|1193|72.93416595458984
30|1202|76.50647735595703
30|1214|86.50830841064453
30|1220|74.75407409667969
30|1286|56.24538040161133
31|322|33.594703674316406
31|342|91.69330596923828
31|362|59.378257751464844
31|693|31.090431213378906
31|717|46.526771545410156
31|752|32.508296966552734
31|759|52.18452072143555
31|769|54.409244537353516
31|806|34.006290435791016
31|812|33.702701568603516
31|819|46.497867584228516
31|822|51.42496871948242
31|845|35.53656768798828
31|875|40.090476989746094
31|877|40.95585250854492
31|895|80.05250549316406
31|928|42.179420471191406
31|971|32.31279373168945
31|1007|36.983890533447266
31|1075|62.897926330566406
31|1088|69.50299072265625
31|1127|64.05311584472656
31|1141|67.96080017089844
31|1167|84.62318420410156
31|1176|68.45222473144531
31|1246|75.4161376953125
32|664|45.16484832763672
32|690|62.93337631225586
32|798|39.74382781982422
32|901|65.26424407958984
32|1177|37.28822708129883
32|1180|64.80530548095703
32|1207|55.64693832397461
33|640|100.71370697021484
33|663|32.047218322753906
33|665|49.648902893066406
33|683|67.71823120117188
33|716|38.33417510986328
33|718|38.332916259765625
33|771|35.561973571777344
33|876|32.65213394165039
33|894|74.39004516601562
33|927|38.97402572631836
33|954|64.96410369873047
33|983|33.61122512817383
33|1072|38.80455017089844
33|1193|57.20981979370117
33|1206|51.79425048828125
34|216|63.0336799621582
34|237|52.45328903198242
34|257|70.06793212890625
34|271|37.39179611206055
34|291|36.982364654541016
34|311|39.55826950073242
34|427|56.571754455566406
34|448|45.482887268066406
34|468|54.343421936035156
34|482|32.53950881958008
34|502|34.15275192260742
34|522|39.80201721191406
34|642|125.59625244140625
34|653|108.98914337158203
34|662|31.95976448059082
34|680|87.88367462158203
34|700|78.90518951416016
34|706|80.23970794677734
34|713|95.77427673339844
34|727|93.59915161132812
34|733|95.4722900390625
34|736|68.00572967529297
34|740|60.63038635253906
34|756|33.917266845703125
34|768|30.869922637939453
34|781|30.414081573486328
34|789|81.58085632324219
34|807|32.27425765991211
34|818|29.579317092895508
34|831|34.52145767211914
34|851|82.1350326538086
34|859|109.56861114501953
34|864|101.93609619140625
34|872|96.54473114013672
34|879|32.159114837646484
34|884|97.81385803222656
34|891|103.27745819091797
34|898|51.65201950073242
34|902|54.44658660888672
34|911|106.18383026123047
34|918|70.08153533935547
34|924|96.43787384033203
34|930|39.22711181640625
34|937|121.66976165771484
34|944|87.65430450439453
34|947|73.51971435546875
34|951|48.566715240478516
34|962|29.595443725585938
34|976|38.79667663574219
34|988|29.82450294494629
34|1001|30.64739990234375
34|1062|51.803871154785156
34|1071|57.121524810791016
34|1083|115.751953125
34|1096|93.2230224609375
34|1101|61.89183807373047
34|1109|88.78558349609375
34|1140|47.47029113769531
34|1281|98.93647766113281
34|1285|71.2419204711914
35|220|42.35536575317383
35|430|39.84648513793945
35|664|32.49380111694336
35|684|108.94227600097656
35|877|38.10370635986328
35|895|94.6407241821289
35|899|47.09653854370117
35|1074|34.663848876953125
36|743|45.24379348754883
37|690|42.09182357788086
37|736|40.886505126953125
37|772|30.371089935302734
37|841|30.267982482910156
37|901|36.84252166748047
37|947|37.400508880615234
37|980|30.715089797973633
37|1206|36.724632263183594
37|1219|42.61610412597656
37|1272|40.83451461791992
38|717|29.71837043762207
38|760|32.711891174316406
38|769|32.70293426513672
38|824|40.775028228759766
38|954|51.29204177856445
38|971|34.56494903564453
38|983|35.41572189331055
38|1007|44.11725616455078
38|1061|29.6442813873291
38|1127|34.470516204833984
38|1220|38.562469482421875
38|1241|58.23948669433594
38|1256|51.195068359375
38|1267|50.429691314697266
38|1270|40.0880241394043
39|664|37.29656982421875
39|666|31.349788665771484
39|745|40.6534538269043
39|753|48.32231140136719
39|759|32.7474250793457
39|766|63.02386474609375
39|785|61.1905632019043
39|792|29.539669036865234
39|796|77.13729858398438
39|807|39.398563385009766
39|812|55.33733367919922
39|822|42.52165985107422
39|825|39.52816390991211
39|832|33.59853744506836
39|842|47.094322204589844
39|844|64.00679779052734
39|875|30.05131721496582
39|877|41.53886413574219
39|964|48.97100830078125
39|977|54.332557678222656
39|996|58.470130920410156
39|1101|35.02632141113281
39|1114|39.416717529296875
39|1154|36.93260192871094
39|1167|42.37968063354492
39|1180|40.26652526855469
39|1193|34.113712310791016
39|1227|47.84333419799805
39|1246|37.3259391784668
39|1259|38.25008773803711
39|1286|30.30832862854004
40|684|91.2728042602539
40|693|34.117919921875
40|699|48.26822280883789
40|736|44.94491195678711
40|895|91.85269927978516
40|901|54.895870208740234
40|904|37.532588958740234
40|910|51.8560676574707
40|947|43.96855163574219
40|949|30.965059280395508
40|1075|37.492523193359375
40|1088|37.711585998535156
40|1140|35.86131286621094
40|1161|29.964200973510742
40|1207|32.92728805541992
40|1233|30.45684051513672
40|1272|30.765378952026367
41|237|39.21574783325195
41|257|35.12265396118164
41|448|32.56752014160156
41|467|32.14295196533203
41|501|38.24824142456055
41|641|53.67821502685547
41|647|32.010128021240234
41|654|66.71287536621094
41|660|29.803091049194336
41|674|62.66240310668945
41|690|70.05091857910156
41|697|51.37511444091797
41|700|63.311885833740234
41|713|47.613033294677734
41|719|43.47956848144531
41|727|34.13078689575195
41|733|46.339481353759766
41|737|57.354976654052734
41|743|47.4390869140625
41|858|51.04716110229492
41|865|47.60844039916992
41|884|54.4893684387207
41|891|31.486719131469727
41|898|52.685081481933594
41|908|53.6382942199707
41|911|68.10531616210938
41|922|37.83390808105469
41|924|39.468807220458984
41|930|34.684871673583984
41|937|32.288238525390625
41|944|44.188758850097656
41|948|54.06315612792969
41|953|54.57435607910156
41|980|29.83572769165039
41|1122|55.18902587890625
41|1127|32.7242546081543
41|1135|51.85968017578125
41|1149|77.10128021240234
42|683|55.51700973510742
42|699|36.84229278564453
42|894|53.894412994384766
42|923|40.99768829345703
42|1074|29.972885131835938
42|1087|31.3342227935791
43|684|51.71391677856445
45|796|39.996002197265625
46|322|30.393396377563477
46|343|53.396942138671875
46|362|38.1897087097168
46|553|31.13466453552246
46|684|48.854736328125
46|747|33.335723876953125
46|753|30.075048446655273
46|760|67.99064636230469
46|766|60.5501594543457
46|773|40.41423034667969
46|779|68.64571380615234
46|786|38.26232147216797
46|790|58.273948669433594
46|792|58.03987503051758
46|795|43.59746170043945
46|842|33.35289001464844
46|955|70.35263061523438
46|959|37.8331413269043
46|967|29.933921813964844
46|970|68.77631378173828
46|976|46.589324951171875
46|979|41.45766067504883
46|983|51.60042190551758
46|990|84.60128784179688
46|1003|74.23822784423828
46|1175|63.70752716064453
46|1189|55.64546585083008
46|1202|63.884586334228516
47|789|47.54312515258789
49|684|48.67604064941406
49|901|32.65375518798828
49|947|30.61223793029785
50|894|46.35759735107422
50|1098|32.79817199707031
51|217|36.13887405395508
51|237|33.547706604003906
51|246|31.528453826904297
51|257|38.6169548034668
51|641|68.04071044921875
51|654|50.65653991699219
51|667|45.397239685058594
51|674|45.2253532409668
51|853|43.11132049560547
51|865|46.17068099975586
51|878|38.469791412353516
51|892|29.745025634765625
51|1070|79.72901916503906
51|1082|79.72493743896484
51|1097|47.427555084228516
51|1109|74.55647277832031
51|1228|35.1751594543457
51|1241|45.550743103027344
51|1255|33.81139373779297
51|1267|58.37272262573242
51|1281|70.45475006103516
52|161|34.73078536987305
52|238|35.3685188293457
52|375|47.6683464050293
52|415|62.83102035522461
52|448|40.489471435546875
52|456|37.058570861816406
52|640|71.59640502929688
52|660|44.11567306518555
52|673|45.99159622192383
52|680|45.09270477294922
52|686|49.352657318115234
52|796|53.204708099365234
52|858|48.6264762878418
52|871|38.561241149902344
52|895|40.228614807128906
52|898|46.656715393066406
53|683|43.25581741333008
53|894|39.86273193359375
54|273|54.194664001464844
54|291|59.15945816040039
54|485|45.13938903808594
54|521|46.07884216308594
54|524|66.8791732788086
54|700|39.79465103149414
54|721|30.229625701904297
54|734|36.91547393798828
54|918|36.30867004394531
54|925|41.06344223022461
54|932|34.50707244873047
54|938|36.77000045776367
54|944|37.177642822265625
54|1123|60.96522903442383
54|1135|41.590641021728516
54|1148|46.62510681152344
54|1161|40.57263946533203
55|56|39.3714599609375
55|102|44.72859191894531
55|246|30.15416145324707
55|267|31.76738739013672
55|270|57.34123229980469
55|289|73.6050796508789
55|309|67.71759033203125
55|330|35.74342346191406
55|343|86.0088882446289
55|356|137.47409057617188
55|434|31.611530303955078
55|481|51.962440490722656
55|501|59.89728546142578
55|520|54.2689208984375
55|691|39.32060623168945
55|701|40.18294143676758
55|714|30.1540584564209
55|737|41.50392532348633
55|740|44.0883674621582
55|789|32.10345458984375
55|902|41.070674896240234
55|931|32.61962890625
55|945|39.15566635131836
55|951|43.244911193847656
55|953|42.32172775268555
56|901|31.40152359008789
56|947|31.290199279785156
57|437|37.27651596069336
58|222|34.58586502075195
58|407|48.78707504272461
58|410|29.657306671142578
58|1245|36.4693603515625
60|212|109.79608154296875
60|352|166.3135986328125
60|409|211.39694213867188
60|435|168.08522033691406
60|447|50.33902359008789
60|789|37.87958526611328
60|1100|38.842769622802734
60|1152|30.098957061767578
61|108|36.83656311035156
61|155|49.27366256713867
61|213|84.57080841064453
61|238|49.17593002319336
61|250|109.39632415771484
61|323|99.6557388305664
61|329|36.28805923461914
61|341|256.35272216796875
61|354|228.36834716796875
61|362|117.25249481201172
61|366|42.03496170043945
61|395|30.85177230834961
61|408|229.30105590820312
61|411|244.47145080566406
61|436|206.7325897216797
61|448|53.88443374633789
61|458|88.45964050292969
61|530|34.6894416809082
61|536|54.004642486572266
61|550|33.8223991394043
61|555|30.47675132751465
61|566|51.0367546081543
61|587|34.23110580444336
61|594|31.899686813354492
61|684|43.63236618041992
61|701|30.0858097076416
61|744|42.647178649902344
61|752|32.348148345947266
61|785|30.3203182220459
61|790|48.60503005981445
61|895|39.93534469604492
61|901|31.181133270263672
61|954|34.81452941894531
61|963|40.09608459472656
61|976|43.691925048828125
61|996|35.13553237915039
61|1001|30.56220054626465
61|1166|32.757301330566406
61|1175|53.306114196777344
61|1179|37.68672180175781
61|1188|51.52259826660156
61|1202|39.801918029785156
61|1213|52.00554656982422
62|223|91.03130340576172
62|248|127.36943054199219
62|376|35.32259750366211
62|412|263.1385803222656
62|422|145.6320343017578
62|539|39.05934524536133
62|586|32.488277435302734
62|610|40.648258209228516
62|730|35.71285629272461
62|1187|37.9581184387207
63|552|50.31985092163086
63|743|33.8182373046875
64|220|41.253639221191406
64|342|32.75049591064453
64|410|37.004268646240234
64|940|66.7364730834961
64|1179|42.99839401245117
65|343|56.72547912597656
65|551|79.50920104980469
65|730|138.3113555908203
65|991|51.95871353149414
65|1112|46.55807113647461
65|1265|50.617496490478516
66|356|37.686317443847656
66|561|58.4903678894043
66|575|74.51660919189453
66|941|97.28440856933594
66|1272|41.73815155029297
67|203|75.86553955078125
67|344|74.85160064697266
67|414|101.57820129394531
67|557|54.97357177734375
67|610|56.18185806274414
67|858|82.29486083984375
67|872|98.67051696777344
67|885|112.2264404296875
67|996|75.65277862548828
67|1000|71.90367126464844
67|1097|138.09043884277344
67|1113|84.20944213867188
67|1153|34.56766891479492
67|1221|59.3846435546875
67|1260|66.19358825683594
68|204|86.81644439697266
68|230|71.61125183105469
68|253|98.70942687988281
68|259|70.45841979980469
68|311|36.88106155395508
68|345|82.84491729736328
68|416|86.59498596191406
68|441|85.22114562988281
68|464|48.75390625
68|539|78.46815490722656
68|545|145.81529235839844
68|556|46.962852478027344
68|574|134.7383270263672
68|640|41.851314544677734
68|711|38.9964714050293
68|742|31.498859405517578
68|779|48.205501556396484
68|789|68.62397003173828
68|793|62.68500518798828
68|859|90.10807037353516
68|874|133.41400146484375
68|887|128.5121307373047
68|931|32.09617614746094
68|953|33.97355270385742
68|994|53.49977111816406
68|1035|91.22727966308594
68|1050|86.9543685913086
68|1070|44.472042083740234
68|1074|34.2484130859375
68|1083|55.39588928222656
68|1098|123.65869903564453
68|1109|52.88642883300781
68|1192|90.60453033447266
68|1222|56.267417907714844
68|1250|108.80168914794922
68|1261|74.16307067871094
68|1281|62.884742736816406
69|49|54.326881408691406
69|205|100.46881866455078
69|218|127.68708801269531
69|232|48.86907958984375
69|237|93.34359741210938
69|244|138.19606018066406
69|257|87.58861541748047
69|270|64.73347473144531
69|290|62.20917892456055
69|328|84.20399475097656
69|333|197.465576171875
69|357|56.89969253540039
69|417|64.11997985839844
69|429|98.48943328857422
69|449|95.47966003417969
69|468|71.24688720703125
69|471|60.15153121948242
69|481|58.19801330566406
69|501|37.134124755859375
69|517|101.41544342041016
69|521|49.59305953979492
69|546|113.27819061279297
69|559|51.57075881958008
69|573|161.696044921875
69|659|35.791812896728516
69|707|31.711820602416992
69|714|37.17230987548828
69|743|30.519641876220703
69|781|64.97698974609375
69|792|66.35271453857422
69|794|56.77802276611328
69|852|59.48233413696289
69|862|131.07383728027344
69|868|38.48319625854492
69|875|144.52159118652344
69|888|119.8430404663086
69|893|73.9830322265625
69|922|30.422597885131836
69|927|29.61069679260254
69|964|95.97453308105469
69|977|72.50234985351562
69|998|138.4717254638672
69|1032|55.4360466003418
69|1039|112.08765411376953
69|1087|47.48122024536133
69|1099|128.0436248779297
69|1117|31.261974334716797
69|1194|41.06650161743164
69|1203|97.7647705078125
69|1223|43.08160400390625
69|1259|42.020606994628906
69|1263|101.1969223022461
69|1272|44.30253982543945
69|1285|30.801990509033203
70|256|59.28864288330078
70|347|55.37142562866211
70|358|50.96743392944336
70|427|86.99840545654297
70|547|75.19365692138672
70|560|54.165950775146484
70|610|57.10184860229492
70|788|38.35651779174805
70|896|37.006038665771484
70|942|86.28912353515625
70|1053|114.5152359008789
71|308|40.16157913208008
71|518|123.5478744506836
71|895|29.92813491821289
71|1001|47.27165603637695
71|1185|125.59733581542969
72|327|109.82528686523438
72|576|34.50033187866211
72|1178|162.881103515625
72|1215|130.70823669433594
72|1224|74.5051498413086
73|1272|47.2296257019043
74|470|75.62686920166016
74|547|32.59734344482422
74|576|33.78543472290039
74|880|32.603878021240234
74|1177|210.6117401123047
75|259|33.24777603149414
75|312|45.36641311645508
75|324|50.97148132324219
75|471|97.66293334960938
75|595|48.98876190185547
75|1001|30.38414192199707
75|1084|177.59239196777344
75|1091|126.23826599121094
75|1153|39.98250961303711
75|1176|213.40426635742188
75|1180|47.433841705322266
76|268|46.20222854614258
76|308|60.828060150146484
76|319|125.71171569824219
76|326|67.0741958618164
76|364|95.75924682617188
76|530|42.29643630981445
76|845|101.94843292236328
76|865|36.07294845581055
76|954|79.07866668701172
76|970|218.43795776367188
76|981|64.0661392211914
76|1002|33.69355010986328
76|1011|35.773963928222656
76|1013|35.9059944152832
76|1078|171.01918029785156
76|1166|167.15103149414062
76|1174|92.38690948486328
76|1181|53.821163177490234
76|1188|160.42507934570312
76|1199|170.1085662841797
76|1277|30.51662254333496
76|1288|207.097900390625
77|271|51.53860855102539
77|279|41.44556427001953
77|321|141.5448455810547
77|342|31.746158599853516
77|375|90.85267639160156
77|395|65.26237487792969
77|415|48.06001663208008
77|483|37.585357666015625
77|537|36.10799789428711
77|547|36.975685119628906
77|586|45.235145568847656
77|594|39.27382278442383
77|610|66.31510925292969
77|632|29.52515411376953
77|637|32.75037384033203
77|639|36.04927062988281
77|660|36.52206039428711
77|685|102.70799255371094
77|744|48.0897331237793
77|747|40.38668441772461
77|759|36.49395751953125
77|765|33.21798324584961
77|773|37.58722686767578
77|785|50.359031677246094
77|812|44.463775634765625
77|818|32.160099029541016
77|846|124.42465209960938
77|850|33.56989669799805
77|958|63.2230224609375
77|971|210.08236694335938
77|975|88.0795669555664
77|983|55.03428649902344
77|989|34.59705352783203
77|996|43.891605377197266
77|1012|35.744205474853516
77|1079|104.92840576171875
77|1086|203.05911254882812
77|1101|30.058483123779297
77|1106|107.41521453857422
77|1154|36.46113204956055
77|1164|101.34822082519531
77|1167|101.28821563720703
77|1182|55.2158088684082
77|1200|140.22264099121094
77|1227|55.553688049316406
77|1273|159.7505340576172
77|1287|155.9307403564453
78|272|63.76718521118164
78|365|99.42605590820312
78|521|34.5174674987793
78|548|29.56728172302246
78|576|37.82517623901367
78|585|38.424068450927734
78|591|45.79547119140625
78|640|33.317169189453125
78|661|41.19468307495117
78|673|40.22643280029297
78|684|71.6823501586914
78|732|55.390872955322266
78|774|32.64963912963867
78|986|39.326812744140625
78|1009|34.10490417480469
78|1062|133.7602081298828
78|1070|124.6520004272461
78|1153|35.699031829833984
78|1190|33.2185173034668
78|1216|134.35276794433594
78|1286|160.82574462890625
79|259|73.38628387451172
79|312|69.77967834472656
79|366|93.64574432373047
79|473|110.67144012451172
79|519|44.739078521728516
79|647|32.00358581542969
79|847|103.12855529785156
79|943|68.37001037597656
79|960|31.34274673461914
79|1071|125.7467041015625
79|1075|107.47036743164062
79|1081|48.80796432495117
79|1090|78.89510345458984
79|1198|40.3287467956543
79|1211|30.143173217773438
79|1217|145.48736572265625
79|1280|101.61099243164062
80|308|130.04092407226562
80|370|51.799781799316406
80|372|35.174930572509766
80|577|30.522979736328125
80|640|36.125404357910156
80|662|94.73863220214844
80|683|35.0541877746582
80|735|75.94632720947266
80|845|131.26345825195312
80|944|50.68083572387695
80|1003|44.098358154296875
80|1072|89.72404479980469
80|1102|56.964962005615234
80|1155|96.43264770507812
80|1282|129.80995178222656
80|1285|139.53787231445312
81|313|140.62985229492188
81|324|71.05729675292969
81|336|155.386474609375
81|474|127.74347686767578
81|477|40.60618591308594
81|523|61.42536926269531
81|579|44.12100601196289
81|649|98.33617401123047
81|661|148.57273864746094
81|675|156.33145141601562
81|799|37.61919403076172
81|803|37.323448181152344
81|849|191.35865783691406
81|891|30.733125686645508
81|902|38.83082962036133
81|946|107.9834976196289
81|974|41.16755676269531
81|1004|43.24327850341797
81|1065|155.8147735595703
81|1159|140.66346740722656
81|1209|179.83554077148438
81|1228|93.70426177978516
82|260|134.77774047851562
82|265|67.52625274658203
82|270|61.86241912841797
82|275|64.1294937133789
82|289|54.8095817565918
82|312|182.90118408203125
82|368|237.83119201660156
82|468|40.92433547973633
82|481|58.28098678588867
82|500|59.600345611572266
82|520|31.731115341186523
82|648|110.29496002197266
82|654|61.38068771362305
82|667|47.452476501464844
82|674|193.65850830078125
82|680|44.62601089477539
82|687|51.97844314575195
82|700|45.17545700073242
82|720|63.19011688232422
82|727|48.175716400146484
82|735|54.10417175292969
82|764|35.94263458251953
82|858|32.870548248291016
82|865|46.09654235839844
82|871|68.61544799804688
82|878|49.67452621459961
82|884|52.91482162475586
82|898|35.040340423583984
82|901|46.50859832763672
82|906|45.65031814575195
82|911|53.50305938720703
82|918|30.436105728149414
82|924|33.4592399597168
82|931|70.78144073486328
82|937|60.064208984375
82|1005|44.82510757446289
82|1064|166.34898376464844
82|1089|158.24664306640625
82|1104|112.62907409667969
82|1108|67.88590240478516
82|1158|109.31024932861328
82|1208|168.85226440429688
82|1211|190.36668395996094
82|1231|157.16139221191406
82|1275|183.5514678955078
82|1284|189.2194366455078
83|259|146.14093017578125
83|309|65.6948471069336
83|585|29.535396575927734
83|647|88.39478302001953
83|736|60.65138626098633
83|910|45.45101547241211
83|1073|147.3004913330078
84|277|44.7700309753418
84|325|54.8905029296875
84|974|41.48126220703125
85|326|57.618534088134766
85|1018|47.146759033203125
87|337|146.36497497558594
87|611|136.35926818847656
88|325|83.71966552734375
88|338|152.81776428222656
89|274|33.00008773803711
90|380|78.14173889160156
90|488|55.39654541015625
90|612|349.0087890625
90|656|68.23369598388672
90|669|74.3392105102539
90|828|347.1139831542969
90|1017|73.45758056640625
90|1228|31.08721160888672
90|1254|36.027000427246094
91|377|30.011682510375977
91|630|58.06944274902344
91|827|241.42974853515625
91|830|323.87646484375
91|832|290.65765380859375
91|836|262.6639709472656
92|322|54.193687438964844
92|343|50.58517074584961
92|363|87.32672119140625
92|415|30.450355529785156
92|535|53.113216400146484
92|544|37.01494598388672
92|588|37.321983337402344
92|591|41.56339645385742
92|599|34.04305648803711
92|629|46.74505615234375
92|835|313.8467712402344
92|990|34.16216278076172
92|997|30.953147888183594
92|1016|68.47216033935547
93|273|94.06166076660156
93|380|117.72498321533203
93|614|194.178466796875
93|642|110.1530990600586
93|826|206.81861877441406
94|636|54.27679443359375
94|654|123.5130844116211
94|667|93.38470458984375
94|837|125.43195343017578
95|379|122.59114074707031
95|592|80.76914978027344
95|615|181.43966674804688
95|908|54.432247161865234
95|1161|29.993349075317383
96|641|56.19620895385742
96|808|38.866119384765625
96|826|221.8116455078125
96|829|36.065826416015625
96|838|90.84855651855469
97|640|56.94035720825195
97|776|164.3750762939453
97|825|203.75741577148438
97|1016|79.84326171875
98|485|38.67648696899414
98|912|58.36143493652344
100|750|107.7332534790039
100|838|107.05193328857422
101|626|43.37648010253906
102|375|48.220680236816406
102|485|75.27476501464844
102|618|368.7898864746094
102|625|39.680335998535156
103|161|62.62657165527344
103|170|60.734764099121094
103|177|56.291229248046875
103|183|62.251861572265625
103|190|62.69221878051758
103|196|54.28346252441406
103|217|54.6379280090332
103|236|43.48610305786133
103|257|62.57963562011719
103|309|32.3775520324707
103|372|53.71729278564453
103|381|54.11809158325195
103|388|48.44916915893555
103|395|46.891815185546875
103|401|54.14116668701172
103|407|50.90419387817383
103|414|85.90261840820312
103|421|49.11030578613281
103|428|59.118289947509766
103|447|44.79375076293945
103|468|48.84012222290039
103|500|37.41691970825195
103|520|32.13222122192383
103|619|298.8703308105469
103|641|53.913841247558594
103|647|35.4178581237793
103|673|45.4351921081543
103|680|47.80510711669922
103|687|35.434329986572266
103|749|87.41584777832031
103|796|47.555057525634766
103|812|36.61346435546875
103|818|51.849281311035156
103|825|32.39113998413086
103|832|39.63400650024414
103|845|32.44198226928711
103|858|35.094940185546875
103|878|37.456703186035156
103|884|38.739593505859375
103|891|43.664485931396484
103|1007|49.42440414428711
104|387|47.82678985595703
104|394|50.281620025634766
104|420|46.54161834716797
104|620|248.12034606933594
104|626|37.53499221801758
104|806|106.70270538330078
106|806|113.68414306640625
107|1188|31.41459846496582
108|525|30.08696746826172
109|56|54.3394889831543
109|65|56.01494598388672
109|71|59.00316619873047
109|78|58.821380615234375
109|84|58.643272399902344
109|91|60.3082160949707
109|97|57.73277282714844
109|104|58.90937042236328
109|267|47.839866638183594
109|275|53.049781799316406
109|282|58.83101272583008
109|289|84.47175598144531
109|295|59.897605895996094
109|302|57.635257720947266
109|309|92.87066650390625
109|315|53.03004837036133
109|478|44.51078414916992
109|486|50.703556060791016
109|493|57.91898727416992
109|500|94.76596069335938
109|513|60.98493957519531
109|526|49.42945861816406
109|691|40.17054748535156
109|700|32.63483810424805
109|706|62.18876647949219
109|713|45.08247375488281
109|720|39.55451965332031
109|726|77.68019104003906
109|733|56.270790100097656
109|739|58.136940002441406
109|902|40.8559455871582
109|911|56.33677291870117
109|917|36.58663558959961
109|924|65.8681411743164
109|931|30.56772232055664
109|937|50.34661102294922
109|944|42.566253662109375
109|950|34.39787673950195
110|506|54.96907424926758
110|519|49.262088775634766
110|732|47.64522171020508
114|1234|42.87970733642578
119|211|70.74681091308594
120|212|88.27864837646484
120|1096|30.93454360961914
121|409|58.04685592651367
121|458|120.1785659790039
122|109|60.313453674316406
122|238|52.633846282958984
122|250|38.315364837646484
122|351|65.39325714111328
122|367|52.77452850341797
122|408|63.7797737121582
122|414|53.28956985473633
122|447|55.169925689697266
122|535|41.303367614746094
122|552|29.756296157836914
122|766|57.9217643737793
122|785|39.339385986328125
122|818|55.89692306518555
122|990|56.5233039855957
123|108|59.95407485961914
123|117|67.11846160888672
123|124|61.04819869995117
123|130|62.65931701660156
123|137|61.420013427734375
123|144|64.46199035644531
123|150|59.50440979003906
123|157|63.194461822509766
123|161|59.48908615112305
123|170|61.91376876831055
123|177|61.151790618896484
123|183|67.52555847167969
123|190|61.20743942260742
123|196|62.43088912963867
123|217|31.80814552307129
123|225|42.00946807861328
123|237|51.88228988647461
123|249|33.962432861328125
123|256|30.883390426635742
123|270|51.438690185546875
123|290|59.70515441894531
123|310|50.78860092163086
123|320|47.6945915222168
123|323|85.99849700927734
123|328|42.77626419067383
123|335|56.9041748046875
123|342|127.41927337646484
123|348|71.58870697021484
123|355|43.70177459716797
123|362|118.92103576660156
123|368|55.45018768310547
123|372|51.39237976074219
123|376|37.239105224609375
123|381|56.290931701660156
123|388|60.00837707519531
123|394|109.27638244628906
123|401|65.4359130859375
123|407|65.94003295898438
123|416|41.651180267333984
123|420|63.17768859863281
123|481|45.41084289550781
123|501|67.8101806640625
123|521|53.90146255493164
123|530|51.45400619506836
123|534|43.2579345703125
123|547|44.137351989746094
123|587|46.43808364868164
123|597|38.84014129638672
123|641|42.349632263183594
123|667|39.30424880981445
123|674|40.1883659362793
123|687|42.774497985839844
123|733|29.8709716796875
123|744|44.815879821777344
123|752|32.751949310302734
123|759|55.11970901489258
123|772|33.0093994140625
123|779|45.63302230834961
123|786|42.04627990722656
123|792|44.652976989746094
123|796|30.186952590942383
123|805|61.794776916503906
123|825|53.23430252075195
123|832|47.88100814819336
123|838|53.64897155761719
123|845|32.59272384643555
123|865|34.748687744140625
123|872|34.154483795166016
123|885|35.18288040161133
123|891|35.95000457763672
123|898|47.632591247558594
123|944|39.44233703613281
123|954|54.734378814697266
123|963|49.28289794921875
123|970|39.76232147216797
123|976|37.3421516418457
123|983|41.76845169067383
123|996|48.58203887939453
123|1003|49.592491149902344
123|1007|66.08195495605469
124|248|50.50417709350586
124|354|40.89263153076172
125|213|54.66618347167969
133|794|34.263736724853516
134|428|32.7943000793457
134|557|83.70513153076172
134|785|31.788602828979492
134|995|63.17332077026367
134|1113|33.70183181762695
135|203|86.06787872314453
135|346|139.8013916015625
135|360|57.86339569091797
135|415|82.785888671875
135|464|74.3889389038086
135|571|72.03883361816406
135|711|56.36451721191406
135|1096|68.4240951538086
135|1221|72.63672637939453
136|204|78.59752655029297
136|230|65.2740249633789
136|254|101.54735565185547
136|328|80.8823013305664
136|345|121.24271392822266
136|427|34.6431999206543
136|455|54.77958297729492
136|463|68.29948425292969
136|559|72.69416809082031
136|710|69.90473175048828
136|779|37.79707336425781
136|785|36.16863250732422
136|793|180.15333557128906
136|1035|106.9126205444336
136|1051|79.2881088256836
136|1098|30.948251724243164
136|1193|75.99600219726562
136|1249|123.6935806274414
137|64|65.86976623535156
137|71|64.5196762084961
137|205|94.89302062988281
137|217|187.80233764648438
137|236|73.4450454711914
137|242|56.38386917114258
137|253|98.45577239990234
137|302|66.96989440917969
137|344|83.14140319824219
137|417|57.8532600402832
137|442|118.39484405517578
137|454|80.64629364013672
137|467|114.12769317626953
137|480|39.54833984375
137|493|62.820003509521484
137|500|105.0971450805664
137|520|52.62358856201172
137|660|55.658180236816406
137|720|47.48997116088867
137|733|54.788978576660156
137|782|99.2724609375
137|790|127.10736846923828
137|792|128.1331329345703
137|794|150.39675903320312
137|858|47.40676498413086
137|884|53.399681091308594
137|891|107.0976791381836
137|894|47.07998275756836
137|902|45.0703125
137|911|41.20697021484375
137|917|66.91223907470703
137|950|43.27770233154297
137|995|59.68765640258789
137|1037|103.43217468261719
137|1052|75.38949584960938
137|1223|41.63606643676758
137|1248|107.79830169677734
137|1259|36.49125671386719
137|1262|86.0813217163086
138|38|66.19696044921875
138|45|74.90779876708984
138|51|64.19332122802734
138|56|70.88622283935547
138|78|66.33525848388672
138|84|79.23696899414062
138|91|70.39112854003906
138|97|67.8702621459961
138|104|75.24800872802734
138|218|163.29151916503906
138|223|67.06310272216797
138|249|58.884002685546875
138|256|40.39509201049805
138|262|66.72603607177734
138|267|69.62223815917969
138|275|68.7298583984375
138|282|67.36668395996094
138|289|64.79004669189453
138|295|72.69066619873047
138|309|96.63272094726562
138|315|41.4421272277832
138|322|35.11049270629883
138|362|46.28822326660156
138|429|50.0174446105957
138|434|54.51234817504883
138|440|70.99002075195312
138|447|113.48308563232422
138|453|79.78792572021484
138|460|60.3828125
138|473|56.158756256103516
138|478|49.493709564208984
138|486|59.28154754638672
138|506|68.09171295166016
138|513|63.7148323059082
138|521|36.306556701660156
138|526|65.10482025146484
138|534|37.429420471191406
138|540|30.47091293334961
138|548|29.777442932128906
138|554|37.9013786315918
138|570|78.72893524169922
138|641|47.16179275512695
138|647|75.73411560058594
138|654|59.1378059387207
138|667|40.258583068847656
138|673|40.02082443237305
138|680|66.63331604003906
138|687|53.0218620300293
138|691|54.30234146118164
138|700|56.138694763183594
138|706|40.41977310180664
138|713|56.02813720703125
138|719|41.51872253417969
138|726|72.81945037841797
138|732|52.13069152832031
138|739|40.26845169067383
138|781|106.64068603515625
138|791|129.25155639648438
138|852|43.15457534790039
138|864|46.474300384521484
138|871|79.08070373535156
138|878|36.11310958862305
138|889|58.257144927978516
138|892|93.98391723632812
138|897|66.71247100830078
138|924|47.22762680053711
138|930|33.30025863647461
138|937|38.105403900146484
138|944|46.9442024230957
138|977|43.95249557495117
138|1038|85.48117065429688
138|1203|31.550268173217773
138|1222|41.857765197753906
139|359|218.92933654785156
139|560|131.7606201171875
139|575|32.53232955932617
139|778|44.55772399902344
139|1033|47.41813659667969
139|1049|36.77572250366211
139|1192|42.946624755859375
139|1247|40.5075569152832
140|255|31.625965118408203
140|358|264.55181884765625
140|556|68.96248626708984
140|1032|50.55799102783203
140|1225|51.94655990600586
140|1246|32.010746002197266
141|1224|57.527435302734375
142|1001|81.8553466796875
143|778|43.8447265625
145|1224|129.46119689941406
146|427|51.50819778442383
146|576|90.35956573486328
147|880|93.91927337646484
148|1001|39.81447219848633
149|879|86.73760223388672
150|690|47.86842727661133
150|778|37.392757415771484
150|878|110.5235595703125
150|1175|88.99879455566406
151|471|32.41984558105469
151|682|73.88911437988281
151|689|42.469947814941406
151|853|102.55071258544922
151|1077|71.38177490234375
151|1091|45.9487190246582
151|1227|47.47639083862305
152|268|59.11997985839844
152|319|50.07850646972656
152|533|220.12974548339844
152|576|46.98036575317383
152|747|66.87771606445312
152|845|34.142181396484375
152|866|169.18258666992188
152|969|32.2601318359375
152|1014|84.64263153076172
152|1078|67.197509765625
152|1166|31.110759735107422
152|1188|52.48939514160156
152|1288|91.25653839111328
153|393|40.95857620239258
153|483|43.361019134521484
153|531|213.92738342285156
153|587|78.63929748535156
153|690|47.82526779174805
153|695|32.74317932128906
153|743|40.1280517578125
153|746|62.32155990600586
153|773|83.64986419677734
153|955|225.40115356445312
153|958|229.38729858398438
153|982|138.61474609375
153|985|151.11712646484375
153|1002|63.48766326904297
153|1011|98.32585906982422
153|1082|120.83247375488281
153|1181|92.75373077392578
153|1199|46.13475036621094
153|1273|54.15507125854492
154|117|72.89618682861328
154|124|77.79386138916016
154|130|72.01248931884766
154|144|74.17697143554688
154|177|70.21092224121094
154|183|74.55073547363281
154|190|69.35660552978516
154|271|104.68043518066406
154|322|146.91285705566406
154|328|63.499568939208984
154|348|56.783180236816406
154|355|61.128639221191406
154|361|104.20064544677734
154|368|65.548095703125
154|396|71.28849792480469
154|401|69.58368682861328
154|421|67.60108947753906
154|482|38.717105865478516
154|549|39.28086471557617
154|552|30.33924674987793
154|569|37.16224670410156
154|589|101.4832763671875
154|592|46.178714752197266
154|595|35.84442138671875
154|680|36.390010833740234
154|745|70.48976135253906
154|766|48.50259017944336
154|770|50.063255310058594
154|779|82.66093444824219
154|785|32.28293228149414
154|792|68.81652069091797
154|805|62.37428665161133
154|818|55.34675216674805
154|838|37.000823974609375
154|846|121.89979553222656
154|956|257.6480407714844
154|970|55.44740676879883
154|986|72.21012115478516
154|990|79.64163208007812
154|1007|59.842689514160156
154|1106|94.06830596923828
154|1174|84.03486633300781
154|1200|40.854637145996094
155|108|63.1065559387207
155|137|70.18897247314453
155|150|67.67127990722656
155|157|65.70912170410156
155|161|84.10956573486328
155|170|79.80419921875
155|176|67.08393096923828
155|196|75.16429901123047
155|237|31.115034103393555
155|319|71.01704406738281
155|335|57.4703254699707
155|342|46.49078369140625
155|372|62.354007720947266
155|376|85.2187728881836
155|381|70.70276641845703
155|387|61.80503845214844
155|407|70.17488098144531
155|414|37.763668060302734
155|427|46.143333435058594
155|448|32.258724212646484
155|467|33.22428512573242
155|521|34.908409118652344
155|540|36.5884895324707
155|752|49.17936706542969
155|759|43.97340774536133
155|796|59.38759994506836
155|812|51.21390151977539
155|825|41.99831771850586
155|832|32.63907241821289
155|852|56.68351745605469
155|963|56.447998046875
155|977|36.42880630493164
155|996|47.38960647583008
155|1086|49.234161376953125
156|347|31.436006546020508
156|365|33.73414611816406
156|522|29.80767822265625
156|985|55.33205795288086
156|1010|36.58293914794922
156|1181|39.410274505615234
156|1227|52.892784118652344
157|690|43.336395263671875
157|1062|41.18064880371094
157|1106|52.192771911621094
158|732|100.10211944580078
158|845|29.518770217895508
158|943|75.31935119628906
158|982|36.06524658203125
158|1070|76.87474060058594
158|1105|40.156375885009766
158|1227|54.3834228515625
159|366|30.45669937133789
159|522|33.643531799316406
159|1063|29.925813674926758
159|1069|58.893157958984375
159|1280|110.4345932006836
160|308|88.10137176513672
160|804|102.76513671875
160|847|38.899208068847656
160|1003|196.0804901123047
160|1107|34.88740921020508
160|1279|84.62422943115234
161|313|231.9900665283203
161|662|76.61532592773438
161|799|66.80743408203125
161|803|91.40995788574219
161|944|53.95334243774414
161|1007|62.500179290771484
161|1009|62.042484283447266
161|1069|64.72264862060547
161|1155|70.70785522460938
161|1282|52.92203903198242
162|260|48.45825958251953
162|317|31.872270584106445
162|525|60.49359893798828
162|578|223.67367553710938
162|584|76.57874298095703
162|649|117.90471649169922
162|675|76.84483337402344
162|733|150.48744201660156
162|848|42.91649627685547
162|851|85.69577026367188
162|903|127.31245422363281
162|947|85.30460357666016
162|1013|37.18729782104492
162|1105|49.77275466918945
162|1159|64.48865509033203
162|1228|175.89610290527344
163|266|114.72645568847656
163|289|84.56041717529297
163|309|66.41374206542969
163|318|36.58993148803711
163|371|109.94001007080078
163|523|56.8029670715332
163|526|52.22957229614258
163|585|62.71694564819336
163|641|49.280025482177734
163|654|37.74684524536133
163|662|60.08725357055664
163|673|62.362457275390625
163|676|77.47022247314453
163|719|31.692909240722656
163|739|54.24978256225586
163|764|93.24579620361328
163|802|77.73226928710938
163|902|113.2159652709961
163|906|125.8193359375
163|910|62.87562942504883
163|946|118.87184143066406
163|949|102.4978256225586
163|1005|192.67071533203125
163|1012|41.90290451049805
163|1065|76.43067932128906
163|1210|82.816650390625
163|1229|217.32765197753906
163|1236|34.2938232421875
164|38|78.02306365966797
164|45|71.17668151855469
164|51|75.45692443847656
164|56|76.67571258544922
164|64|73.9948501586914
164|71|77.55354309082031
164|78|76.19869995117188
164|84|72.36087799072266
164|91|74.9871597290039
164|97|68.4964370727539
164|104|80.6626205444336
164|216|54.911888122558594
164|223|64.9057388305664
164|229|69.32015228271484
164|236|65.5690689086914
164|243|62.53921127319336
164|249|67.80026245117188
164|256|73.36064147949219
164|262|62.60538101196289
164|276|59.42041778564453
164|282|76.67152404785156
164|295|69.41954803466797
164|302|77.21279907226562
164|315|76.98666381835938
164|368|55.91547775268555
164|370|89.1893310546875
164|427|70.66130828857422
164|434|69.11357116699219
164|440|69.24256134033203
164|447|61.71133804321289
164|453|68.19637298583984
164|460|77.15833282470703
164|467|51.15671157836914
164|473|72.98946380615234
164|477|112.61434173583984
164|481|54.10213851928711
164|486|67.13451385498047
164|493|64.38030242919922
164|500|64.08739471435547
164|506|71.91836547851562
164|513|70.48222351074219
164|520|60.50189208984375
164|640|49.62456512451172
164|653|33.38108825683594
164|660|79.49925994873047
164|667|66.13795471191406
164|680|65.49468994140625
164|691|49.732757568359375
164|700|60.817630767822266
164|706|61.38051223754883
164|713|70.99519348144531
164|726|61.393836975097656
164|736|74.04449462890625
164|858|55.737239837646484
164|864|47.913883209228516
164|871|71.65031433105469
164|878|75.76048278808594
164|884|59.57646560668945
164|891|65.13799285888672
164|897|60.830196380615234
164|911|63.05868148803711
164|917|64.88330078125
164|924|61.70287322998047
164|930|55.759159088134766
164|937|67.11033630371094
164|944|89.10797882080078
164|1009|42.492828369140625
164|1104|78.90324401855469
164|1108|49.51849365234375
164|1158|70.9368667602539
164|1211|85.28057098388672
164|1230|188.21307373046875
164|1284|48.5433464050293
165|261|44.087764739990234
165|367|57.76077651977539
165|476|97.13850402832031
165|647|43.94783020019531
165|1275|82.39363098144531
166|260|33.92975616455078
166|266|35.625152587890625
166|585|69.8071517944336
166|690|35.76408767700195
167|476|78.40457916259766
171|476|60.077545166015625
179|211|59.25061798095703
180|828|140.51132202148438
181|353|37.30746078491211
181|458|35.6080322265625
181|612|89.25806427001953
181|829|115.97441101074219
182|250|73.34149169921875
182|447|111.4024658203125
182|630|123.37968444824219
182|701|98.37584686279297
182|705|53.28216552734375
182|836|76.8389663696289
183|238|62.600643157958984
183|613|33.94569396972656
183|632|90.76322937011719
183|831|134.40945434570312
184|109|80.31644439697266
184|117|90.87037658691406
184|124|90.835205078125
184|130|75.00132751464844
184|137|84.07940673828125
184|144|76.4164810180664
184|150|78.29330444335938
184|157|75.28092193603516
184|225|62.882598876953125
184|249|69.2004623413086
184|319|69.25927734375
184|328|61.98844909667969
184|335|74.8236083984375
184|342|77.87801361083984
184|348|69.78926849365234
184|355|99.8200912475586
184|361|74.81578826904297
184|368|65.89348602294922
184|530|63.846580505371094
184|634|50.072898864746094
184|744|59.72118377685547
184|752|54.13745880126953
184|759|67.39082336425781
184|766|63.000885009765625
184|772|39.97670364379883
184|779|61.04032516479492
184|785|47.13972091674805
184|792|65.52922058105469
184|834|121.47534942626953
184|955|53.541587829589844
184|963|66.3442611694336
184|970|58.79878616333008
184|977|80.56626892089844
184|983|61.54395294189453
184|990|85.31551361083984
184|996|80.10779571533203
184|1003|75.47823333740234
185|354|92.84618377685547
185|449|117.63624572753906
185|635|55.69362258911133
185|702|32.57661819458008
186|248|60.81220626831055
186|422|46.76533508300781
186|628|75.39542388916016
187|826|48.36619567871094
187|837|32.7353630065918
188|614|47.75496292114258
188|703|31.392309188842773
190|615|48.39783477783203
190|628|61.188194274902344
192|636|30.533056259155273
192|703|49.32712173461914
193|627|89.3712158203125
193|838|30.209186553955078
196|679|44.3419075012207
197|615|52.00720977783203
197|627|85.49028778076172
197|706|52.105628967285156
199|428|73.24725341796875
200|557|142.5355224609375
200|626|85.16492462158203
200|838|35.44312286376953
200|1113|50.0048713684082
202|216|33.047569274902344
202|253|33.13102722167969
202|889|30.20038604736328
202|1096|43.14784240722656
202|1221|77.10037994384766
202|1226|40.43537902832031
203|204|50.61886978149414
203|230|151.84262084960938
203|345|75.1472396850586
203|415|188.09165954589844
203|429|68.35871887207031
203|465|267.9789733886719
203|558|76.53107452392578
203|571|55.147315979003906
203|617|183.50379943847656
203|626|61.47732162475586
203|706|66.3905029296875
203|793|70.6239013671875
203|1034|96.41766357421875
203|1193|119.47870635986328
203|1261|132.51788330078125
204|216|33.06157302856445
204|254|114.96080780029297
204|328|82.32264709472656
204|441|118.76766204833984
204|454|138.86875915527344
204|459|47.72844314575195
204|618|170.98410034179688
204|707|101.68798065185547
204|1035|115.87501525878906
204|1050|200.21607971191406
204|1247|68.19169616699219
205|228|34.09463882446289
205|235|43.92173767089844
205|253|109.49910736083984
205|255|101.62826538085938
205|357|30.691871643066406
205|500|32.37955093383789
205|574|38.89858627319336
205|626|79.64252471923828
205|794|41.236976623535156
205|874|31.235071182250977
205|1036|132.6970977783203
205|1222|46.91822814941406
205|1248|89.59555053710938
205|1262|72.6512222290039
206|38|100.84173583984375
206|45|88.3753890991211
206|223|74.20768737792969
206|232|130.36534118652344
206|238|74.49923706054688
206|243|102.30397033691406
206|249|97.22683715820312
206|256|108.74049377441406
206|262|78.78214263916016
206|434|75.78585052490234
206|442|180.5828857421875
206|460|89.55316162109375
206|466|141.43641662597656
206|559|66.49876403808594
206|571|60.72734832763672
206|640|73.3153076171875
206|647|113.92916870117188
206|654|65.71318054199219
206|660|81.74288177490234
206|667|77.67308044433594
206|687|57.422672271728516
206|708|247.71884155273438
206|780|279.1683044433594
206|783|218.115234375
206|852|43.84598922729492
206|858|75.45926666259766
206|864|71.58525085449219
206|871|80.49281311035156
206|885|71.01737976074219
206|891|178.60577392578125
206|897|46.93611526489258
206|995|29.92502212524414
206|1000|33.563838958740234
206|1033|31.181921005249023
206|1037|125.74360656738281
206|1223|42.1119384765625
207|51|95.05225372314453
207|205|52.5631103515625
207|217|164.06761169433594
207|229|47.73152160644531
207|375|86.473876953125
207|395|105.0511703491211
207|414|73.32050323486328
207|417|88.78546142578125
207|427|178.87289428710938
207|447|132.32858276367188
207|467|133.3877716064453
207|473|81.03433227539062
207|570|57.45894241333008
207|620|165.8023223876953
207|673|92.37422180175781
207|680|86.96011352539062
207|707|211.9611053466797
207|790|56.99631881713867
207|851|39.724056243896484
207|878|65.4632568359375
207|1225|58.507999420166016
208|218|165.13206481933594
208|573|46.52534866333008
208|625|49.04269027709961
208|785|43.171146392822266
208|791|86.1900405883789
209|359|114.53133392333984
209|559|55.945735931396484
209|783|47.32457733154297
210|216|75.48026275634766
210|891|49.56103515625
211|625|33.148162841796875
211|1001|45.00185012817383
211|1224|47.53699493408203
212|1225|42.66948699951172
214|427|61.59727478027344
214|698|32.86482238769531
214|1224|66.70613098144531
215|322|38.99668502807617
215|362|30.57501983642578
215|576|71.55026245117188
215|1178|29.96415138244629
216|1001|38.3349723815918
217|691|121.21321868896484
217|1224|89.23454284667969
219|269|46.121185302734375
219|289|79.22196197509766
219|309|41.46418380737305
219|481|53.032066345214844
219|500|75.1719970703125
219|520|44.8988151550293
219|742|36.849735260009766
219|1227|37.00016784667969
222|576|43.42359924316406
222|692|91.98444366455078
222|1001|32.63942337036133
223|697|120.27130889892578
223|742|51.501060485839844
225|696|88.25592041015625
226|1001|30.016721725463867
226|1175|32.850013732910156
227|272|45.611473083496094
227|742|73.88325500488281
227|770|61.98057556152344
227|853|38.34749221801758
227|954|30.62137794494629
227|1083|164.88255310058594
227|1182|46.30192565917969
228|268|272.5844421386719
228|681|79.73712158203125
228|693|196.38905334472656
228|696|96.24263763427734
228|698|38.05722427368164
228|701|30.976572036743164
228|866|38.320499420166016
228|1188|55.0880241394043
228|1288|69.97754669189453
229|269|245.52235412597656
229|278|29.60202980041504
229|319|97.80204772949219
229|531|51.40446853637695
229|576|45.066993713378906
229|587|276.597900390625
229|694|233.9207763671875
229|758|52.42188262939453
229|846|77.39852142333984
229|1002|36.353492736816406
229|1011|203.98143005371094
230|320|91.51758575439453
230|323|30.713823318481445
230|374|291.7205810546875
230|481|332.4171142578125
230|485|69.81639862060547
230|592|29.67707633972168
230|691|46.12964630126953
230|743|229.7782745361328
230|771|236.8726348876953
230|955|36.42347717285156
230|1012|201.747802734375
230|1085|30.32950782775879
230|1182|154.8443603515625
231|321|65.39867401123047
231|373|212.75802612304688
231|521|181.6639862060547
231|745|176.5758514404297
231|776|31.953468322753906
231|956|39.375267028808594
231|983|55.13530731201172
231|1106|85.35857391357422
231|1185|32.635536193847656
231|1288|34.51188278198242
232|699|32.19362258911133
232|847|36.54368209838867
233|236|39.208099365234375
233|479|142.354736328125
233|522|82.2911605834961
233|576|53.4675407409668
233|586|68.03644561767578
233|680|62.51557540893555
233|740|39.90916442871094
233|759|67.63835144042969
233|846|35.875892639160156
233|1174|49.064693450927734
233|1287|30.764020919799805
234|266|60.92530059814453
234|585|61.13072204589844
234|758|64.85346984863281
234|1106|67.00440979003906
235|373|97.73999786376953
235|520|87.02326965332031
235|732|34.248592376708984
235|1105|45.91489028930664
236|519|98.96338653564453
236|522|60.200714111328125
236|759|57.62842559814453
236|847|30.919052124023438
236|1002|45.594478607177734
237|577|62.17711639404297
237|1070|153.23272705078125
237|1106|54.72547149658203
238|943|62.495758056640625
239|1107|49.49493408203125
239|1227|40.61093521118164
239|1280|157.70867919921875
240|478|118.59927368164062
240|662|88.60325622558594
240|700|52.698646545410156
240|1102|70.2229995727539
240|1281|141.26705932617188
241|237|131.87545776367188
241|313|100.89323425292969
241|352|39.47274398803711
241|448|74.25302124023438
241|522|62.37691116333008
241|675|61.85466003417969
241|699|54.81132507324219
241|1003|100.3707046508789
241|1155|84.30567932128906
242|342|32.63319396972656
242|372|128.59561157226562
242|800|187.6423797607422
242|1108|64.49468231201172
243|260|77.50397491455078
243|458|31.96111488342285
243|478|145.45074462890625
243|524|158.6487274169922
243|579|206.2995147705078
243|701|214.26930236816406
243|705|108.02877807617188
243|733|84.26405334472656
243|740|57.49384689331055
243|803|113.79228210449219
243|848|39.10457992553711
243|904|237.9591827392578
243|945|161.3323516845703
243|1104|87.16603088378906
243|1283|29.761083602905273
244|238|97.6448745727539
244|448|53.01749801635742
244|580|189.75479125976562
244|649|158.21072387695312
244|662|78.2672119140625
244|676|31.020999908447266
244|734|84.15827941894531
244|760|254.4783172607422
244|802|193.07823181152344
244|948|203.36642456054688
244|1105|75.5556411743164
244|1155|35.64919662475586
244|1228|129.35052490234375
245|224|161.1754913330078
245|341|41.04341506958008
245|370|66.79798126220703
245|449|59.131561279296875
245|523|199.8269500732422
245|738|192.5395965576172
245|763|184.9389190673828
245|849|33.54932403564453
245|1005|63.28287887573242
245|1064|38.276607513427734
245|1210|122.24166870117188
245|1229|112.93115997314453
246|354|36.342506408691406
246|736|95.88451385498047
246|1104|136.5250701904297
246|1211|94.98690032958984
246|1230|97.43645477294922
247|1108|93.9470443725586
248|260|38.11661911010742
249|261|30.152151107788086
249|703|73.85993194580078
252|703|60.48078918457031
256|703|60.70587158203125
259|217|37.31253433227539
259|375|42.386322021484375
259|394|47.31653594970703
259|414|37.741966247558594
259|428|40.93178176879883
259|447|49.307273864746094
259|467|39.15491485595703
264|428|36.88607406616211
266|428|35.96030044555664
267|996|73.37478637695312
268|453|39.50237274169922
269|464|43.58765411376953
270|415|78.94327545166016
270|428|50.07653045654297
270|1033|57.1693115234375
271|231|103.94891357421875
271|429|56.48809051513672
271|571|93.8948745727539
271|793|50.59381103515625
271|1097|44.2106819152832
271|1193|32.88943099975586
272|454|178.98745727539062
272|465|31.523231506347656
272|1035|55.32320022583008
272|1050|29.773908615112305
273|328|99.06871032714844
273|630|208.45565795898438
273|638|35.192684173583984
273|783|58.85750961303711
273|790|66.94074249267578
273|1036|35.46402359008789
274|571|32.47101974487305
274|633|222.11895751953125
274|791|67.35968017578125
275|708|33.205841064453125
275|793|45.48649597167969
276|216|58.536251068115234
276|232|47.29673767089844
276|629|95.3270263671875
276|709|32.48514175415039
276|781|51.65209197998047
276|794|46.21461486816406
276|997|33.78594970703125
277|236|45.519927978515625
277|256|33.98072052001953
277|427|30.467466354370117
277|447|31.695886611938477
277|467|33.0883674621582
277|634|82.16150665283203
277|791|59.95381164550781
277|892|115.92656707763672
278|628|72.89018249511719
278|794|47.3500862121582
279|219|48.22212600708008
279|359|108.91448211669922
281|1001|60.63312911987305
287|628|56.091609954833984
287|632|43.43077850341797
288|236|32.77468490600586
288|691|39.312408447265625
290|627|70.67357635498047
292|691|36.355831146240234
292|1001|30.747112274169922
295|692|51.87760543823242
297|697|103.48538208007812
300|236|39.55970764160156
300|626|79.29605102539062
300|692|39.26869583129883
301|237|39.63918685913086
301|447|56.51276779174805
302|696|47.07745361328125
302|1083|66.20112609863281
303|267|52.7463264465332
303|695|38.9826545715332
304|458|35.3142204284668
304|696|41.613677978515625
304|701|70.0935287475586
304|705|33.254154205322266
305|319|44.34528732299805
305|448|39.264305114746094
305|587|58.05458450317383
305|693|75.27188110351562
305|1181|47.97903823852539
306|223|50.35353088378906
306|238|42.22735595703125
306|320|41.392642974853516
306|351|32.32896041870117
306|588|64.88311004638672
306|694|90.7314453125
306|732|41.267940521240234
306|1011|89.7852554321289
306|1082|33.368141174316406
307|224|40.2150993347168
307|270|67.15454864501953
307|341|33.27490997314453
307|374|80.91610717773438
307|449|37.44059753417969
307|480|71.12711334228516
307|702|30.22941017150879
307|743|84.61436462402344
307|771|99.49728393554688
307|1106|35.57345199584961
307|1182|50.32270431518555
308|225|37.76153564453125
308|321|41.0684814453125
308|361|38.28354263305664
308|482|48.36449432373047
308|589|59.26851272583008
308|626|63.41914367675781
308|742|53.02597427368164
308|745|87.67115783691406
308|983|43.2113151550293
309|521|69.66197204589844
310|372|29.71297264099121
310|625|57.47002410888672
311|373|30.024269104003906
311|414|31.640846252441406
311|943|33.617427825927734
315|943|36.097984313964844
315|1070|49.946258544921875
316|759|32.67163848876953
318|1280|93.16730499267578
319|944|59.72331237792969
320|703|37.387935638427734
321|1003|66.51530456542969
321|1155|39.190826416015625
321|1281|91.69979095458984
322|312|45.08852005004883
322|799|77.859130859375
322|944|60.2242546081543
322|1004|66.98892211914062
323|372|68.78516387939453
323|525|62.527774810791016
323|800|91.82190704345703
324|524|59.0223388671875
324|738|43.6964111328125
324|803|87.89363098144531
324|903|98.45252227783203
324|945|73.63853454589844
325|371|108.8682861328125
325|477|62.96574401855469
325|580|122.47743225097656
325|1156|34.855323791503906
326|737|100.2347412109375
326|761|138.11634826660156
326|802|128.9560546875
326|906|62.41718292236328
326|946|51.15166091918945
327|524|63.8361930847168
327|738|80.73946380615234
327|764|115.72234344482422
327|949|131.16641235351562
328|370|60.094478607177734
328|427|34.023193359375
328|477|51.69332504272461
328|1005|104.61576843261719
328|1104|36.96380615234375
329|367|34.19817352294922
329|476|56.79669952392578
329|1158|40.08832931518555
329|1230|41.66656494140625
330|236|35.018531799316406
330|289|38.96192932128906
330|309|32.770938873291016
330|467|34.80485153198242
330|480|32.29660415649414
330|500|37.1732177734375
330|1231|50.80192947387695
333|557|33.74640655517578
336|344|37.396202087402344
337|428|34.033287048339844
337|464|45.945098876953125
337|571|36.296112060546875
337|996|30.922422409057617
338|230|72.15457916259766
338|429|40.90095138549805
339|231|50.98250961303711
339|345|45.5247802734375
339|1049|30.85239601135254
340|1035|56.50156021118164
341|328|110.21138763427734
341|454|71.09638214111328
342|253|34.7549934387207
342|783|72.56039428710938
343|708|59.060035705566406
344|442|32.49806594848633
345|232|48.49075698852539
345|709|52.477394104003906
345|781|90.01290130615234
345|894|40.83612823486328
346|707|50.78143310546875
346|893|31.523544311523438
347|216|41.575565338134766
347|236|45.05622100830078
347|427|36.051055908203125
347|447|40.57080841064453
347|467|31.985069274902344
357|236|29.94837188720703
361|237|39.50418472290039
362|448|40.52360153198242
362|701|36.04438781738281
364|630|117.58987426757812
365|701|69.0760269165039
365|704|39.402687072753906
366|632|142.201171875
367|223|68.43518829345703
367|629|49.15016174316406
368|238|39.57862854003906
368|449|44.34672927856445
369|629|45.309444427490234
369|692|32.215232849121094
369|702|30.35848617553711
370|225|37.2077751159668
370|628|40.377017974853516
371|635|34.17677688598633
371|697|55.79937744140625
373|449|41.011138916015625
374|635|37.64445495605469
376|628|41.496395111083984
376|704|31.544240951538086
378|692|40.689456939697266
378|696|43.23632049560547
379|267|78.30320739746094
379|628|33.8292121887207
379|681|40.67556381225586
380|703|32.33421325683594
381|587|60.7251091003418
381|693|56.75762176513672
382|267|35.51279830932617
382|530|32.95664596557617
382|694|62.73653030395508
382|1181|39.6325569152832
383|269|58.52079391479492
383|480|76.41350555419922
383|628|31.14999771118164
383|1012|100.49472045898438
384|270|68.4968032836914
384|374|60.863826751708984
384|481|83.57527923583984
384|743|46.596282958984375
384|747|35.442352294921875
384|772|62.88587188720703
384|1182|43.137428283691406
385|322|29.95060157775879
385|375|55.98637771606445
385|482|67.76696014404297
385|703|44.00522994995117
385|983|33.074928283691406
386|376|51.5459098815918
386|479|30.26239776611328
386|745|65.44176483154297
386|1010|31.812429428100586
387|520|40.589176177978516
387|589|35.536460876464844
388|680|39.60177993774414
389|266|49.061676025390625
389|627|35.887451171875
391|519|53.50944137573242
391|1009|33.67158126831055
393|266|53.51723861694336
393|943|30.66534423828125
394|1009|32.18335723876953
398|1155|33.627891540527344
399|557|45.993099212646484
400|265|30.414697647094727
401|626|36.41154479980469
401|1155|39.49628829956055
402|799|77.20226287841797
403|265|30.563007354736328
404|464|42.93223571777344
404|478|36.04029083251953
404|1159|37.33138656616211
405|230|36.99654006958008
405|903|50.529388427734375
406|371|36.355865478515625
406|428|31.115007400512695
406|477|34.96120834350586
406|581|32.90130615234375
406|801|36.77775192260742
406|905|41.577056884765625
406|1192|37.381221771240234
407|737|43.980045318603516
407|762|49.96494674682617
407|802|44.761741638183594
407|906|35.17848205566406
407|1049|35.64671325683594
407|1193|43.92477798461914
408|254|32.16682815551758
408|328|40.6564826965332
408|345|46.80630111694336
408|454|41.391475677490234
408|465|32.306766510009766
408|477|35.082332611083984
408|738|44.06899642944336
408|763|42.149959564208984
408|949|29.52027702331543
409|466|34.25872039794922
409|764|46.06331253051758
410|476|30.896162033081055
410|783|48.35685729980469
411|708|52.41700744628906
413|442|47.161293029785156
413|710|82.76261901855469
414|232|40.76544189453125
414|709|92.81244659423828
414|781|41.63772964477539
415|784|36.503692626953125
417|707|33.08943557739258
431|690|30.85121726989746
436|690|34.41810607910156
445|697|32.721675872802734
450|471|44.794010162353516
453|1077|29.930992126464844
454|630|30.090940475463867
454|853|31.084854125976562
454|1092|30.029827117919922
455|681|48.0654182434082
455|982|44.67682647705078
456|633|34.96088409423828
456|954|30.532392501831055
457|319|57.40403747558594
457|632|33.89656448364258
458|532|58.50166702270508
458|587|40.42060089111328
458|982|44.6501579284668
459|531|65.51933288574219
459|955|34.20890426635742
459|985|34.82512664794922
459|1013|56.84697341918945
460|680|31.608203887939453
460|771|43.256412506103516
461|270|38.78068542480469
461|323|69.40376281738281
461|374|35.32635498046875
461|773|56.74913787841797
462|271|40.03406524658203
462|322|94.7021255493164
462|483|44.34926223754883
462|746|53.28369140625
462|956|52.39430236816406
462|983|61.67552947998047
463|376|74.53519439697266
463|745|46.07106018066406
464|589|39.22783279418945
465|680|31.434171676635742
466|557|32.29731369018555
466|852|39.705108642578125
467|635|33.32486343383789
470|365|29.705472946166992
470|667|30.7780818939209
471|654|42.553802490234375
472|441|39.845829010009766
475|346|56.308048248291016
477|328|49.15325164794922
480|710|41.357669830322266
481|308|38.66777038574219
482|333|40.33311080932617
483|332|42.972206115722656
483|709|33.44695281982422
484|710|30.296770095825195
486|903|36.08597183227539
487|371|33.15953826904297
487|905|32.36819839477539
488|762|40.58399200439453
489|906|39.25586700439453
491|764|36.09574508666992
491|1064|43.218631744384766
492|369|31.26639747619629
517|879|29.67870330810547
518|880|36.87942123413086
519|879|38.05232238769531
523|879|29.65886688232422
530|853|37.001373291015625
532|866|40.7177734375
533|853|35.400634765625
535|1013|34.82597732543945
536|1012|34.47530746459961
537|320|34.33460235595703
537|374|31.281089782714844
537|668|49.562538146972656
537|771|36.11687469482422
538|321|49.78357696533203
538|773|33.332054138183594
539|322|60.074859619140625
539|746|39.49032211303711
540|376|51.86691665649414
540|745|43.49042510986328
541|655|53.39963912963867
542|590|31.251646041870117
542|685|31.247467041015625
544|669|44.95098876953125
545|254|36.008148193359375
545|630|32.60586929321289
546|656|46.70714569091797
547|669|49.805763244628906
547|783|35.66204833984375
550|334|36.60234832763672
550|656|65.54662322998047
550|669|52.77803039550781
552|333|50.96657943725586
552|781|47.05936050415039
553|642|63.957027435302734
553|656|42.88822937011719
553|670|48.98653030395508
555|668|30.362022399902344
558|643|30.204294204711914
559|642|33.99397659301758
560|667|31.969228744506836
562|643|60.68077087402344
564|799|31.07694435119629
565|800|30.472822189331055
566|641|31.220138549804688
567|903|41.48528289794922
569|760|43.49159240722656
570|761|43.751075744628906
570|802|37.23402786254883
573|764|39.736473083496094
573|1064|29.613021850585938
605|1166|35.1431770324707
606|872|39.731346130371094
607|681|32.825706481933594
607|866|36.76596450805664
609|873|29.933902740478516
611|532|31.077722549438477
611|866|30.838638305664062
612|254|36.17829895019531
612|1013|34.466915130615234
614|685|62.6037712097168
615|321|38.281044006347656
615|783|37.797935485839844
618|686|44.0609130859375
618|860|35.22005081176758
619|1086|37.905426025390625
620|333|41.21488571166992
621|685|38.56423568725586
622|244|29.61918067932129
622|684|35.89491653442383
624|680|31.07278060913086
627|668|34.242919921875
630|655|40.96812057495117
636|655|36.77159118652344
641|656|46.76341247558594
643|669|29.98383140563965
644|656|41.87549591064453
645|642|49.33914566040039
645|668|31.201316833496094
649|580|46.85302734375
649|675|30.007328033447266
650|371|39.522987365722656
650|733|42.69123077392578
651|737|51.199764251708984
651|803|34.16687774658203
652|802|36.716800689697266
652|1232|34.26197052001953
653|949|31.712133407592773
655|643|31.506887435913086
666|879|37.87693405151367
668|879|39.185340881347656
674|872|46.523475646972656
674|879|39.18844985961914
676|544|36.60163497924805
677|873|30.12106704711914
678|345|37.45526885986328
679|789|30.64325714111328
682|681|39.46246337890625
683|682|39.36806106567383
683|866|35.205379486083984
684|790|38.734310150146484
686|319|33.73738479614258
686|530|32.27444839477539
686|860|38.520263671875
687|533|42.8464241027832
687|866|39.27938461303711
688|532|49.271602630615234
688|969|33.320804595947266
691|320|30.114356994628906
691|685|41.0311279296875
692|971|30.83387565612793
693|322|54.13132095336914
694|956|42.359336853027344
695|686|30.827543258666992
699|358|32.9974250793457
699|365|31.07478141784668
720|661|50.130767822265625
722|1003|35.55904769897461
724|848|33.61325454711914
725|662|38.07182312011719
729|675|38.370140075683594
731|631|30.716463088989258
731|649|56.82831954956055
734|676|47.6593132019043
735|523|34.42607879638672
763|359|33.071693420410156
766|358|29.682668685913086
769|321|36.1168327331543
769|358|33.496456146240234
814|737|31.45235252380371
824|860|35.54829406738281
876|872|29.642745971679688
917|531|29.93619728088379
918|532|30.406652450561523
1584|1162|30.593820571899414