Here with me
Marshmello
Chvrches
EDM
here_with_me
2049x1292
2459

6|1255|252.58680725097656
6|1257|250.9958953857422
7|496|237.1136016845703
7|499|232.4117431640625
7|507|238.22927856445312
7|514|230.74855041503906
7|521|209.22361755371094
7|599|238.05267333984375
7|604|235.99716186523438
7|613|212.35964965820312
7|618|233.45875549316406
7|623|213.15269470214844
7|625|200.80966186523438
7|702|234.6042938232422
7|706|235.60719299316406
7|721|232.9181365966797
7|727|213.49771118164062
7|803|238.83497619628906
7|805|235.82855224609375
7|907|250.84271240234375
7|912|241.46080017089844
7|916|266.4842224121094
7|922|265.4772644042969
7|929|266.81005859375
7|933|261.43988037109375
7|1012|251.73428344726562
7|1019|267.6146545410156
7|1023|259.589599609375
7|1032|246.3308563232422
7|1036|252.06820678710938
7|1038|249.45632934570312
7|1116|263.771728515625
7|1120|260.633056640625
7|1123|262.8419189453125
7|1129|276.51397705078125
7|1132|273.98193359375
7|1137|281.44317626953125
7|1140|285.5421447753906
8|474|160.24253845214844
8|491|185.47879028320312
8|520|213.8131103515625
8|558|110.7557144165039
8|681|129.3252410888672
8|698|189.67230224609375
8|740|242.95352172851562
8|746|232.19180297851562
8|905|202.34886169433594
8|1008|186.7066192626953
8|1282|200.8113250732422
9|441|254.48590087890625
9|444|255.6605224609375
9|447|251.5355682373047
9|469|251.81141662597656
9|490|207.19097900390625
9|545|246.99105834960938
9|548|252.54002380371094
9|551|251.44418334960938
9|553|251.86331176757812
9|564|240.6398162841797
9|569|249.8807830810547
9|572|248.9478759765625
9|648|249.87998962402344
9|651|250.26675415039062
9|656|254.3546142578125
9|661|405.4239807128906
9|676|249.71286010742188
9|697|204.99951171875
9|713|257.4514465332031
9|726|275.3304443359375
9|733|206.02206420898438
9|755|248.82981872558594
9|759|247.5625457763672
9|767|224.2634735107422
9|773|246.8305206298828
9|779|251.53038024902344
9|1146|239.7860565185547
9|1159|201.1820526123047
9|1269|351.44720458984375
9|1274|289.9912414550781
9|1276|289.01611328125
9|1284|240.4715118408203
9|1290|263.3005065917969
10|422|348.2409973144531
10|454|477.3831481933594
10|479|224.56777954101562
10|482|222.23915100097656
10|487|226.493408203125
10|489|225.80148315429688
10|525|417.7712097167969
10|585|223.85784912109375
10|592|229.54930114746094
10|609|375.3922424316406
10|622|394.58795166015625
10|646|169.34791564941406
10|680|351.9722900390625
10|687|231.4005584716797
10|694|223.7507781982422
10|732|363.21588134765625
10|764|398.69464111328125
10|781|178.07164001464844
10|784|354.8957824707031
10|885|279.71185302734375
10|888|276.1350402832031
10|893|291.2115478515625
10|896|264.39398193359375
10|903|286.96185302734375
10|989|271.19000244140625
10|992|280.773681640625
10|997|290.6847839355469
10|999|291.0981750488281
10|1005|286.130126953125
10|1092|272.61383056640625
10|1097|283.97662353515625
10|1100|293.698486328125
10|1103|278.5345764160156
10|1109|294.8373718261719
10|1158|339.3709716796875
10|1171|435.8489074707031
10|1184|433.96759033203125
10|1268|470.16632080078125
11|453|438.5870361328125
11|473|380.49688720703125
11|505|418.0096435546875
11|518|468.5989685058594
11|557|412.4229736328125
11|576|409.3347473144531
11|608|398.5450744628906
11|621|446.9178161621094
11|628|463.12408447265625
11|660|433.9597473144531
11|712|405.6951599121094
11|725|432.2389221191406
11|731|452.3915100097656
11|763|422.922607421875
11|783|373.78424072265625
11|791|247.85633850097656
11|799|246.6904754638672
11|860|347.11651611328125
11|868|355.9826965332031
11|870|358.8059997558594
11|876|376.5738830566406
11|883|352.28509521484375
11|958|353.99176025390625
11|962|381.39453125
11|969|384.2903747558594
11|973|377.421142578125
11|978|340.7289123535156
11|983|315.0980529785156
11|986|332.2724304199219
11|1066|357.5003967285156
11|1070|344.2957458496094
11|1075|338.4861145019531
11|1083|294.1572265625
11|1089|320.34844970703125
11|1145|423.5281066894531
11|1164|262.11773681640625
11|1167|279.436767578125
11|1170|450.8634033203125
11|1179|330.2726745605469
11|1183|452.1357116699219
11|1192|363.1895446777344
11|1248|508.06494140625
11|1280|484.2820739746094
12|421|474.1610107421875
12|430|254.77145385742188
12|436|245.05165100097656
12|472|358.98809814453125
12|533|252.7764434814453
12|541|243.64712524414062
12|556|388.3677062988281
12|627|444.3179931640625
12|637|252.93226623535156
12|644|246.783447265625
12|679|366.5196838378906
12|711|372.715576171875
12|724|423.5152282714844
12|782|351.0216369628906
12|839|288.0744934082031
12|844|310.1968078613281
12|851|356.2266845703125
12|945|419.1399230957031
12|948|422.0266418457031
12|954|425.3442077636719
12|1046|402.0041198730469
12|1051|363.38775634765625
12|1056|330.271728515625
12|1144|463.2591552734375
12|1154|289.472412109375
12|1157|425.4980773925781
12|1161|264.9501647949219
12|1253|148.22018432617188
12|1260|136.40435791015625
12|1267|491.8694763183594
13|1141|61.45740509033203
14|909|153.90704345703125
14|912|156.06182861328125
14|915|171.52212524414062
14|920|150.4805450439453
14|922|154.0039825439453
14|928|137.478271484375
14|932|128.3962860107422
14|1010|145.39523315429688
14|1013|156.60682678222656
14|1016|151.58544921875
14|1019|155.9927520751953
14|1025|143.86302185058594
14|1028|132.7715301513672
14|1030|133.59652709960938
14|1036|121.0771484375
14|1039|102.56539154052734
14|1116|168.76129150390625
14|1119|162.79119873046875
14|1128|158.55648803710938
14|1133|150.94805908203125
14|1138|138.91766357421875
14|1143|235.28829956054688
14|1156|175.60491943359375
15|934|112.88423919677734
15|1037|112.37318420410156
15|1140|121.89125061035156
18|904|51.21263122558594
18|1111|41.142967224121094
18|1143|139.1681365966797
18|1182|123.84468841552734
18|1253|92.07726287841797
18|1271|144.09725952148438
18|1277|132.6231231689453
18|1284|172.51104736328125
18|1288|163.5953826904297
19|164|41.8331413269043
19|472|132.1860809326172
19|475|48.854156494140625
19|581|63.768760681152344
19|678|127.98897552490234
19|833|51.46946334838867
19|886|164.67330932617188
19|893|206.1647491455078
19|899|107.56036376953125
19|990|167.21670532226562
19|997|152.16873168945312
19|1000|148.77288818359375
19|1093|133.68006896972656
19|1100|171.78244018554688
19|1106|118.79011535644531
19|1110|45.48573303222656
19|1266|189.25184631347656
20|710|115.68533325195312
20|730|137.2084503173828
20|901|110.16255187988281
20|1005|114.88916015625
20|1092|130.74954223632812
20|1108|108.38609313964844
20|1169|150.98330688476562
21|372|57.7638053894043
21|376|51.7762451171875
21|385|45.22395706176758
21|517|146.56068420410156
21|626|140.06471252441406
21|659|125.31529998779297
21|723|136.02980041503906
21|798|41.9853630065918
21|902|123.88694763183594
21|1109|117.59920501708984
21|1143|159.48117065429688
21|1168|168.81622314453125
21|1194|56.22151184082031
21|1279|162.0818328857422
22|386|42.11433410644531
22|493|41.60863494873047
22|513|40.67085647583008
22|516|140.7248077392578
22|575|113.94918823242188
22|598|44.58244705200195
22|602|41.09102249145508
22|607|150.42242431640625
22|616|41.7678108215332
22|620|158.17103576660156
22|703|42.416160583496094
22|707|42.161712646484375
22|781|125.75251007080078
22|790|51.25894546508789
22|800|43.63100814819336
22|806|67.29135131835938
22|855|229.3825225830078
22|861|204.6463623046875
22|870|151.15579223632812
22|874|138.498046875
22|876|139.10128784179688
22|880|119.91202545166016
22|903|131.05020141601562
22|909|54.380706787109375
22|912|54.41496658325195
22|916|60.63226318359375
22|918|62.14093780517578
22|922|60.563053131103516
22|925|67.721923828125
22|930|64.69971466064453
22|934|75.59352111816406
22|958|199.08131408691406
22|964|180.0849151611328
22|968|186.6114501953125
22|973|159.04286193847656
22|978|141.7550811767578
22|983|129.9607696533203
22|1006|111.08811950683594
22|1014|55.1786994934082
22|1019|56.426212310791016
22|1023|60.610801696777344
22|1031|60.58244323730469
22|1035|59.31267166137695
22|1038|73.6268539428711
22|1062|217.47833251953125
22|1069|183.5072479248047
22|1076|142.94264221191406
22|1081|122.5969467163086
22|1086|136.63943481445312
22|1110|116.43896484375
22|1113|51.979103088378906
22|1117|60.22959899902344
22|1128|47.867523193359375
22|1133|62.74475860595703
22|1136|59.95936584472656
22|1141|83.91092681884766
22|1164|183.47854614257812
22|1170|119.38885498046875
22|1173|153.83604431152344
22|1182|204.0557861328125
22|1186|126.79426574707031
22|1190|144.11277770996094
22|1266|181.33609008789062
23|471|123.48583984375
23|504|119.84498596191406
23|555|116.40586853027344
23|762|137.43846130371094
23|1156|131.0934295654297
24|8|45.64681625366211
24|14|54.069087982177734
24|111|40.89947509765625
24|215|67.61351013183594
24|220|65.20858764648438
24|420|166.1886749267578
24|423|52.26678466796875
24|428|46.480255126953125
24|452|142.47946166992188
24|517|130.94053649902344
24|523|176.2347412109375
24|627|138.29977416992188
24|659|127.25082397460938
24|678|122.99354553222656
24|723|150.48916625976562
24|737|44.09282302856445
24|739|46.04273986816406
24|742|43.36796569824219
24|748|43.096031188964844
24|835|92.7312240600586
24|843|85.70637512207031
24|850|60.36487579345703
24|852|60.07933044433594
24|938|151.71388244628906
24|948|94.72161865234375
24|951|80.09414672851562
24|955|63.78718185424805
24|1042|80.44180297851562
24|1052|54.592010498046875
24|1055|61.68054962158203
24|1143|162.02252197265625
24|1147|73.41981506347656
24|1150|72.3355941772461
24|1159|47.927425384521484
24|1162|45.45351791381836
24|1169|152.6547088623047
24|1257|80.03829956054688
25|730|135.6695098876953
25|1041|67.99303436279297
25|1182|126.70269775390625
25|1246|147.07785034179688
25|1255|88.89532470703125
26|710|127.40601348876953
27|441|47.9734001159668
27|447|44.23981857299805
27|457|42.14794921875
27|461|43.303958892822266
27|464|44.9741325378418
27|469|46.65519714355469
27|517|104.43036651611328
27|545|44.874427795410156
27|548|49.92631530761719
27|553|45.68889236450195
27|563|47.23657989501953
27|566|44.8704948425293
27|570|45.991939544677734
27|572|45.662967681884766
27|575|99.1759033203125
27|647|47.3900032043457
27|651|45.48967742919922
27|656|46.83918762207031
27|659|116.48673248291016
27|671|46.03605651855469
27|678|120.2853775024414
27|753|52.521202087402344
27|757|51.61260986328125
27|775|46.788963317871094
27|779|45.50896453857422
27|782|87.0257568359375
27|904|41.356937408447266
27|1156|106.15580749511719
27|1273|67.9890365600586
27|1279|137.429443359375
27|1284|72.1951675415039
27|1287|75.96219635009766
27|1290|83.99475860595703
28|503|98.60565185546875
28|516|112.32146453857422
28|574|102.15143585205078
28|658|109.88013458251953
28|781|98.54808044433594
28|1110|65.74707794189453
28|1136|61.46119689941406
28|1278|142.70989990234375
29|78|76.4663314819336
29|82|66.80046081542969
29|173|47.67947006225586
29|471|87.93547058105469
29|481|51.5145378112793
29|488|51.23109817504883
29|496|44.67906188964844
29|500|49.76250076293945
29|504|70.27928924560547
29|555|94.5998306274414
29|586|86.17821502685547
29|592|57.12748336791992
29|597|45.3049201965332
29|686|51.90773391723633
29|695|51.51383590698242
29|699|68.87877655029297
29|714|41.973731994628906
29|888|73.5681381225586
29|893|70.13097381591797
29|896|59.293975830078125
29|903|56.15056228637695
29|906|45.77525329589844
29|931|62.67206954956055
29|992|76.9996109008789
29|999|103.22216033935547
29|1006|75.43923950195312
29|1019|61.07249069213867
29|1034|44.97157287597656
29|1036|43.548831939697266
29|1093|71.26210021972656
29|1100|74.7125473022461
29|1106|63.914974212646484
29|1109|61.05081558227539
29|1115|51.23926544189453
29|1129|84.9674072265625
29|1134|61.34920883178711
29|1138|72.23011779785156
29|1266|108.20738220214844
30|885|45.132774353027344
30|904|42.08221435546875
30|936|41.013092041015625
30|1040|40.77540588378906
31|325|41.59864807128906
31|503|59.27246856689453
31|516|72.80401611328125
31|575|66.20254516601562
31|710|77.48249816894531
32|318|79.62346649169922
32|323|64.8448257446289
32|574|65.18913269042969
32|736|81.20123291015625
32|791|44.62310028076172
32|855|76.4195327758789
32|858|88.0038070678711
32|864|85.62450408935547
32|870|67.6776351928711
32|882|70.54830169677734
32|884|61.76301956176758
32|961|93.79560852050781
32|971|83.2780990600586
32|979|61.86103439331055
32|987|67.25556945800781
32|1065|76.93729400634766
32|1071|72.79106903076172
32|1083|58.45975875854492
32|1086|63.453006744384766
32|1089|68.00508880615234
32|1091|65.44258880615234
32|1156|77.95028686523438
32|1164|53.94267272949219
32|1174|76.0462875366211
32|1179|77.69827270507812
32|1188|62.81034851074219
32|1192|70.79817199707031
33|420|56.158382415771484
33|517|68.76356506347656
33|607|81.48768615722656
33|620|70.8243408203125
33|659|55.615116119384766
33|678|59.04343795776367
33|730|48.72425842285156
33|799|40.93299102783203
33|869|66.61910247802734
33|876|63.47706985473633
33|964|77.89938354492188
33|986|67.0444564819336
33|1069|72.10762786865234
33|1076|73.96794128417969
33|1081|60.109527587890625
33|1169|124.14247131347656
33|1181|89.76809692382812
33|1266|80.42394256591797
33|1279|98.89183807373047
34|903|48.88810348510742
35|626|53.52801513671875
35|1143|74.55419158935547
35|1156|67.04454803466797
35|1182|61.00791549682617
35|1278|72.71336364746094
36|79|52.96544647216797
36|285|41.237125396728516
36|388|43.50227737426758
36|429|42.90558624267578
36|436|43.102298736572266
36|471|55.290931701660156
36|492|62.8754768371582
36|533|42.33009338378906
36|541|42.48673629760742
36|620|60.114498138427734
36|635|42.291954040527344
36|639|45.799503326416016
36|645|40.740089416503906
36|710|69.28984832763672
36|730|48.94705581665039
36|781|65.0076904296875
36|838|140.98292541503906
36|843|78.73274993896484
36|852|51.88888931274414
36|856|43.307682037353516
36|940|115.15913391113281
36|948|76.09003448486328
36|1042|85.26763153076172
36|1049|68.56900787353516
36|1055|42.97627639770508
36|1058|44.59385681152344
36|1063|42.34419631958008
36|1112|56.7397575378418
36|1144|69.60682678222656
36|1148|95.90734100341797
36|1151|99.73234558105469
36|1155|87.21920776367188
36|1169|81.33409881591797
36|1247|64.28010559082031
36|1260|91.25588989257812
36|1266|71.64679718017578
36|1279|68.26927947998047
36|1286|96.48506927490234
36|1290|45.28615188598633
37|420|60.180419921875
37|452|60.09307861328125
37|503|55.810630798339844
37|637|40.74647903442383
37|640|41.40615463256836
37|659|49.92538070678711
37|678|57.46115493774414
37|723|61.154273986816406
37|938|108.71243286132812
37|1054|41.83662414550781
37|1059|43.81302261352539
37|1153|86.80636596679688
37|1251|44.94119644165039
38|471|51.93415832519531
38|658|45.961910247802734
38|681|46.46592330932617
38|887|97.79192352294922
38|894|64.40789031982422
38|898|45.92306137084961
38|992|108.39448547363281
38|1095|93.41520690917969
39|323|64.98681640625
39|327|41.567832946777344
39|575|62.3770637512207
39|620|53.67904281616211
39|740|51.55855941772461
39|895|56.190574645996094
39|897|47.778282165527344
39|1094|95.17266082763672
39|1259|61.152610778808594
39|1279|54.75840377807617
40|626|42.70777130126953
40|1143|54.885311126708984
40|1153|79.17713928222656
40|1182|60.63904571533203
40|1246|60.15920639038086
40|1266|58.69847869873047
41|739|57.11726379394531
41|1152|70.9638442993164
41|1155|67.50983428955078
41|1169|51.14860153198242
42|619|46.540470123291016
43|27|59.61791229248047
43|34|68.64402770996094
43|39|64.72872924804688
43|46|46.87946701049805
43|130|79.38861846923828
43|133|61.569007873535156
43|137|69.06914520263672
43|142|58.016849517822266
43|147|53.40506362915039
43|150|55.82567596435547
43|182|64.83894348144531
43|191|44.85393142700195
43|200|54.89365768432617
43|204|53.11277389526367
43|234|60.52286148071289
43|236|59.27117156982422
43|240|60.60890197753906
43|242|63.10575866699219
43|246|63.146602630615234
43|250|58.2869873046875
43|255|56.7374153137207
43|325|105.05255889892578
43|337|68.33383178710938
43|345|60.87189865112305
43|347|58.637001037597656
43|358|55.140262603759766
43|373|50.75776290893555
43|440|76.34593200683594
43|446|76.28545379638672
43|457|64.85778045654297
43|460|68.15493774414062
43|550|100.8854751586914
43|564|57.56726837158203
43|595|45.462093353271484
43|598|47.53253936767578
43|605|55.97956085205078
43|610|57.248138427734375
43|615|43.9832878112793
43|658|87.58880615234375
43|663|77.75881958007812
43|667|79.03114318847656
43|750|48.80622863769531
43|759|93.10167694091797
43|761|99.12933349609375
43|765|65.79254913330078
43|782|66.54388427734375
43|786|69.44934844970703
43|854|135.90191650390625
43|875|94.79105377197266
43|905|88.98117065429688
43|909|78.0177230834961
43|919|42.25619125366211
43|922|44.411376953125
43|933|55.12281036376953
43|957|130.3843231201172
43|978|111.79700469970703
43|982|44.242034912109375
43|995|56.426631927490234
43|1008|108.16287231445312
43|1015|80.93340301513672
43|1019|66.50768280029297
43|1027|77.67713928222656
43|1031|84.4749755859375
43|1063|117.93755340576172
43|1073|74.17047882080078
43|1083|48.27802658081055
43|1113|76.60527038574219
43|1121|54.019405364990234
43|1125|59.28593444824219
43|1128|57.61975860595703
43|1133|52.85899353027344
43|1138|71.66120910644531
43|1150|71.0689697265625
43|1174|67.70698547363281
43|1185|74.77668762207031
44|606|53.41209411621094
44|1033|46.84051513671875
44|1077|59.61174774169922
44|1168|47.70986557006836
44|1177|52.82565689086914
45|1155|53.68172073364258
46|1156|53.116188049316406
46|1279|49.84434509277344
47|1246|48.679866790771484
48|7|71.88960266113281
48|111|46.2396354675293
48|214|59.05335998535156
48|218|50.88326644897461
48|277|41.73366165161133
48|427|69.07485961914062
48|481|52.09934997558594
48|585|43.066593170166016
48|634|58.2327995300293
48|690|49.306663513183594
48|730|52.38014221191406
48|834|119.79936981201172
48|844|58.91050338745117
48|849|41.55281066894531
48|892|42.11653137207031
48|897|50.62485122680664
48|944|84.95547485351562
48|1001|44.974281311035156
48|1047|100.4894790649414
48|1101|73.44424438476562
48|1110|52.42472457885742
48|1149|79.79109954833984
48|1171|45.819339752197266
48|1181|47.10390853881836
49|68|41.014915466308594
49|172|60.62250518798828
49|275|58.33633804321289
49|420|62.48484802246094
49|516|43.69301986694336
49|524|46.02851104736328
49|607|51.14122009277344
49|627|67.04158782958984
49|689|56.72407531738281
49|937|71.61139678955078
49|1041|106.28096771240234
49|1078|99.76776885986328
49|1111|53.45832443237305
49|1150|86.31791687011719
49|1155|42.52919387817383
49|1168|57.70269775390625
49|1172|57.86762237548828
49|1252|44.90767288208008
49|1258|50.48753356933594
51|800|81.12076568603516
51|1211|144.3614044189453
52|819|59.19281005859375
52|1181|57.45378494262695
52|1232|97.41824340820312
53|1156|66.28597259521484
54|379|61.517913818359375
54|386|46.104698181152344
54|432|42.08944320678711
54|641|43.47270202636719
54|792|51.410037994384766
54|860|43.55354690551758
54|878|48.94907760620117
54|961|61.94148635864258
54|1060|46.19558334350586
54|1212|141.39437866210938
54|1273|55.828392028808594
55|637|43.42234802246094
55|742|49.151695251464844
55|794|48.80017852783203
55|956|43.071197509765625
55|1059|50.32633972167969
55|1078|94.57086181640625
55|1182|69.3289566040039
55|1213|160.37109375
56|636|52.55142593383789
56|1215|81.38025665283203
57|17|58.96355056762695
57|78|42.765506744384766
57|85|45.0904426574707
57|120|71.1028823852539
57|196|56.855350494384766
57|258|77.34661102294922
57|271|79.29985809326172
57|281|82.49056243896484
57|291|41.3839111328125
57|349|79.35614776611328
57|361|79.0327377319336
57|373|106.2166519165039
57|387|163.51722717285156
57|391|87.19868469238281
57|398|52.4381217956543
57|425|43.84446716308594
57|502|59.910037994384766
57|528|50.57979202270508
57|533|52.661521911621094
57|611|59.95322036743164
57|632|47.19265365600586
57|637|55.503517150878906
57|687|71.78829193115234
57|710|46.09074783325195
57|734|49.233253479003906
57|763|77.328125
57|772|115.22894287109375
57|776|81.23970794677734
57|801|159.6407470703125
57|807|125.97242736816406
57|820|43.963714599609375
57|823|40.93452835083008
57|891|46.869022369384766
57|947|63.25413131713867
57|989|40.80602264404297
57|1032|47.217281341552734
57|1050|44.86259078979492
57|1156|49.51897048950195
57|1183|78.46160125732422
57|1187|143.3726043701172
57|1206|125.20060729980469
58|19|48.94876480102539
58|87|73.66022491455078
58|90|48.81385040283203
58|92|88.73692321777344
58|121|71.51454162597656
58|192|129.7863006591797
58|223|49.44640350341797
58|259|100.50161743164062
58|265|107.14706420898438
58|275|60.83932876586914
58|278|71.25701141357422
58|285|43.969139099121094
58|290|44.41743087768555
58|347|119.87871551513672
58|358|157.50445556640625
58|374|116.4399642944336
58|377|134.5950164794922
58|388|151.98109436035156
58|430|52.25953674316406
58|493|54.25822830200195
58|506|54.911903381347656
58|512|43.63329315185547
58|523|44.304290771484375
58|610|64.01111602783203
58|671|110.02019500732422
58|684|84.68914794921875
58|686|74.25891876220703
58|694|64.80561828613281
58|703|42.355255126953125
58|714|42.96678924560547
58|761|109.82367706298828
58|764|76.59444427490234
58|771|134.2483673095703
58|777|67.34982299804688
58|786|107.22406768798828
58|791|124.78294372558594
58|794|97.88429260253906
58|802|157.9300994873047
58|805|116.08177947998047
58|808|125.99754333496094
58|816|102.00167083740234
58|844|49.15302276611328
58|892|46.805259704589844
58|900|42.21649169921875
58|903|49.00180435180664
58|908|69.23319244384766
58|915|82.55044555664062
58|919|130.13534545898438
58|922|115.27084350585938
58|932|42.96390914916992
58|1006|69.67806243896484
58|1012|68.88719940185547
58|1017|118.02950286865234
58|1021|45.45918273925781
58|1025|84.02198028564453
58|1030|57.17045593261719
58|1033|52.52623748779297
58|1079|76.22660064697266
58|1089|84.91004180908203
58|1097|61.58168411254883
58|1109|154.84532165527344
58|1114|98.92105102539062
58|1121|98.27420043945312
58|1125|97.75390625
58|1139|72.71874237060547
58|1155|73.87613677978516
58|1160|41.32080841064453
58|1176|159.445556640625
58|1182|93.83171081542969
58|1186|150.89404296875
58|1202|191.01783752441406
58|1204|188.3349151611328
58|1213|137.40184020996094
58|1219|175.36668395996094
58|1229|105.62389373779297
59|91|82.79706573486328
59|190|69.39278411865234
59|195|75.15626525878906
59|389|126.43333435058594
59|445|48.023128509521484
59|774|103.56714630126953
59|1007|56.43454360961914
59|1027|53.54460525512695
59|1102|44.671180725097656
60|781|54.30732727050781
61|190|57.35014343261719
63|435|104.45933532714844
63|447|48.54209518432617
63|487|46.38422775268555
63|997|51.72420120239258
63|1156|49.08376693725586
63|1169|84.36588287353516
63|1195|98.96611022949219
63|1198|62.73179626464844
64|46|69.79188537597656
64|59|55.4555778503418
64|64|50.23663330078125
64|70|111.67657470703125
64|73|134.36610412597656
64|82|113.39716339111328
64|85|75.59890747070312
64|123|59.222347259521484
64|172|51.794715881347656
64|175|79.19245147705078
64|180|103.6759262084961
64|189|79.48419189453125
64|298|68.30845642089844
64|329|44.26991653442383
64|370|93.9666519165039
64|486|64.49018859863281
64|688|42.20682907104492
64|974|61.61227035522461
64|1035|56.34068298339844
64|1077|54.61873245239258
64|1126|70.64861297607422
65|20|80.29350280761719
65|32|78.8341293334961
65|58|59.518531799316406
65|71|138.58560180664062
65|74|127.8075180053711
65|77|95.74966430664062
65|122|72.11243438720703
65|124|72.63516235351562
65|135|123.01514434814453
65|150|51.27689743041992
65|174|67.95365905761719
65|176|80.0718002319336
65|179|88.0893325805664
65|182|104.42695617675781
65|253|48.16893768310547
65|285|74.02470397949219
65|344|88.94549560546875
65|433|77.64279174804688
65|446|80.1443862915039
65|469|164.4605712890625
65|475|52.785709381103516
65|487|64.8311767578125
65|549|119.14399719238281
65|562|109.7685775756836
65|586|48.6772575378418
65|594|75.02409362792969
65|698|52.75153732299805
65|713|72.82685089111328
65|743|43.588844299316406
65|757|86.70446014404297
65|782|69.79056549072266
65|856|63.064735412597656
65|861|88.32323455810547
65|866|57.441688537597656
65|878|79.29145812988281
65|881|44.429561614990234
65|956|88.17290496826172
65|963|45.756717681884766
65|971|102.69523620605469
65|981|50.296783447265625
65|993|48.82028579711914
65|1019|61.32406997680664
65|1062|62.51275634765625
65|1068|84.0382080078125
65|1073|62.36579132080078
65|1084|52.88282012939453
65|1111|64.61011505126953
65|1116|47.10995101928711
65|1163|88.4839096069336
65|1169|127.00040435791016
65|1173|162.46412658691406
65|1179|106.8917236328125
65|1184|44.74507141113281
65|1197|121.06344604492188
66|19|78.41871643066406
66|34|97.48353576660156
66|68|96.27304077148438
66|75|110.66348266601562
66|125|57.20756530761719
66|177|86.58931732177734
66|187|75.73584747314453
66|368|79.13167572021484
66|448|63.99913024902344
66|781|68.38862609863281
66|992|41.80186080932617
66|995|47.329586029052734
66|1110|56.13037109375
67|32|46.53654098510742
67|45|43.39340591430664
67|84|47.302467346191406
67|449|70.93035125732422
67|1111|51.047569274902344
67|1168|133.65672302246094
67|1195|166.37945556640625
68|83|51.37162780761719
68|698|45.49795150756836
68|820|56.250606536865234
68|878|40.70661926269531
68|1167|92.00172424316406
68|1234|62.53584671020508
69|35|44.7363395690918
69|289|89.23570251464844
69|341|120.63509368896484
69|1156|50.61465072631836
70|36|55.68852233886719
70|436|58.663997650146484
70|543|93.61288452148438
70|584|93.33800506591797
70|655|52.443389892578125
70|924|42.10801696777344
70|1090|197.95057678222656
70|1143|45.180946350097656
70|1168|62.852725982666016
70|1279|42.077613830566406
71|342|97.39053344726562
71|583|127.5194320678711
71|699|50.40288162231445
71|711|41.5230598449707
71|1100|52.18120574951172
71|1119|44.201778411865234
71|1266|45.92627716064453
72|37|166.78976440429688
72|51|108.77189636230469
72|126|78.22048950195312
72|129|62.93647003173828
72|142|103.9303970336914
72|194|45.141361236572266
72|251|80.74275207519531
72|288|72.07524108886719
72|292|62.29640579223633
72|442|106.52112579345703
72|453|101.1410903930664
72|542|94.42253875732422
72|558|97.3617935180664
72|594|47.23125457763672
72|598|43.336952209472656
72|606|51.2551383972168
72|620|43.48855209350586
72|665|59.20060348510742
72|839|49.32569885253906
72|851|48.74845504760742
72|881|51.355743408203125
72|926|52.4943733215332
72|1027|46.31957244873047
72|1088|68.6389389038086
72|1115|211.333984375
72|1123|92.24072265625
72|1156|57.092769622802734
73|25|83.82393646240234
73|36|154.07447814941406
73|39|111.13475036621094
73|49|89.66460418701172
73|127|81.89790344238281
73|130|50.934234619140625
73|140|107.7044906616211
73|159|183.08872985839844
73|181|48.649532318115234
73|242|148.64451599121094
73|247|133.4816436767578
73|287|64.74714660644531
73|291|79.72254180908203
73|293|57.93168640136719
73|295|74.35665130615234
73|338|93.38272094726562
73|389|44.87417984008789
73|437|166.49134826660156
73|440|146.52780151367188
73|451|169.44479370117188
73|466|45.63713073730469
73|554|159.8995819091797
73|557|136.71029663085938
73|567|49.450809478759766
73|575|58.73345947265625
73|581|59.5667839050293
73|599|41.75906753540039
73|619|42.75132369995117
73|648|43.292884826660156
73|656|100.33448791503906
73|701|122.07543182373047
73|705|143.12391662597656
73|707|111.4242935180664
73|751|43.41797637939453
73|754|135.63253784179688
73|803|44.974124908447266
73|820|80.88902282714844
73|824|63.08690643310547
73|835|99.68045043945312
73|844|66.39894104003906
73|848|61.49089813232422
73|896|54.3072395324707
73|907|44.661399841308594
73|912|42.0776252746582
73|920|184.65850830078125
73|937|125.56356811523438
73|947|73.94229888916016
73|953|76.8144760131836
73|1011|85.20697021484375
73|1014|95.89387512207031
73|1017|60.3309326171875
73|1021|57.72556686401367
73|1024|66.97552490234375
73|1032|205.20057678222656
73|1041|105.73743438720703
73|1048|120.6521224975586
73|1058|58.39328384399414
73|1109|54.45718765258789
73|1121|99.4561767578125
73|1146|81.15402221679688
73|1149|75.61957550048828
73|1152|47.838993072509766
73|1158|41.118831634521484
73|1162|52.66693115234375
73|1166|84.23182678222656
73|1237|66.0983657836914
74|541|73.23230743408203
74|655|95.45130157470703
74|879|86.87439727783203
74|895|58.86301803588867
74|924|117.78680419921875
74|930|46.23716354370117
74|1008|76.34687042236328
74|1020|55.02638626098633
74|1143|45.62262725830078
75|539|58.43999481201172
75|997|66.9264907836914
75|1118|98.99555206298828
76|153|43.30037307739258
76|240|91.10126495361328
76|580|85.4428939819336
76|820|60.1476936340332
76|992|62.06694412231445
76|1091|55.238014221191406
77|167|72.10475158691406
77|230|97.06912994384766
77|239|88.10330963134766
77|323|64.67462158203125
77|327|63.73899459838867
77|579|80.78974914550781
77|647|103.29608917236328
77|653|94.02798461914062
77|984|45.173892974853516
77|994|85.7645263671875
77|1020|53.99479675292969
77|1234|91.11209869384766
78|229|74.95344543457031
78|232|111.21043395996094
78|238|69.20413208007812
78|577|51.01667785644531
78|645|93.04827880859375
78|740|65.06060791015625
78|925|54.2103271484375
78|988|47.523216247558594
80|643|93.16366577148438
80|982|45.68178939819336
81|821|109.11862182617188
81|1234|136.9099578857422
82|984|53.07251739501953
83|982|56.117637634277344
83|985|46.04499816894531
83|988|56.59568786621094
83|1152|44.67412567138672
84|893|57.26677703857422
84|926|50.624725341796875
85|884|75.06025695800781
85|1107|86.86151885986328
85|1239|48.55929183959961
86|27|80.4460678100586
86|130|49.70834732055664
86|142|60.269004821777344
86|181|47.89857482910156
86|543|69.84908294677734
86|550|48.023193359375
86|554|48.49831008911133
86|881|59.33025360107422
86|885|81.15859985351562
86|893|54.97529602050781
86|896|161.0462646484375
86|907|93.66910552978516
86|983|107.54021453857422
86|990|45.25227737426758
86|996|63.891456604003906
86|1000|90.36245727539062
86|1019|52.21273422241211
86|1022|103.05811309814453
86|1026|69.72674560546875
86|1099|53.71143341064453
86|1108|60.0964469909668
86|1115|58.883323669433594
86|1128|44.60205078125
86|1172|53.26642608642578
86|1175|49.77674102783203
86|1180|41.34223175048828
86|1186|82.83108520507812
86|1200|157.4256134033203
86|1215|111.99848175048828
86|1218|76.84547424316406
87|30|60.19356155395508
87|32|63.615379333496094
87|35|57.70225143432617
87|38|50.28774642944336
87|45|92.65116882324219
87|151|55.77547836303711
87|440|53.82240295410156
87|443|54.73187255859375
87|450|76.35909271240234
87|454|70.15556335449219
87|463|50.184871673583984
87|549|42.97062683105469
87|559|58.39298629760742
87|824|86.67009735107422
87|853|105.0118408203125
87|856|71.91038513183594
87|859|55.51544952392578
87|866|123.3453598022461
87|876|88.50871276855469
87|880|58.62551498413086
87|890|97.28490447998047
87|895|153.6444549560547
87|906|86.0303726196289
87|909|108.14216613769531
87|912|43.20215606689453
87|918|86.4271469116211
87|926|64.72746276855469
87|956|46.79669189453125
87|960|61.75716781616211
87|968|84.10362243652344
87|972|59.43706130981445
87|974|59.09693908691406
87|979|49.79722213745117
87|985|66.51689147949219
87|988|52.567569732666016
87|1018|42.22711181640625
87|1021|58.62550354003906
87|1024|108.13191223144531
87|1050|49.81061935424805
87|1060|63.183570861816406
87|1063|89.74740600585938
87|1073|104.08992767333984
87|1084|61.89962387084961
87|1100|51.80348587036133
87|1105|57.30605697631836
87|1111|65.25994873046875
87|1114|53.58061981201172
87|1124|47.30297088623047
87|1127|42.68539047241211
87|1150|245.43699645996094
87|1153|58.35472106933594
87|1173|55.18487548828125
87|1179|40.768436431884766
87|1185|55.88199234008789
87|1188|46.36528015136719
87|1201|143.9135284423828
87|1204|76.40956115722656
87|1216|113.40411376953125
87|1236|77.21260070800781
87|1238|106.19407653808594
87|1258|57.67207717895508
88|737|51.95411682128906
88|981|63.28290557861328
88|984|62.52334976196289
88|1059|55.742183685302734
88|1214|81.15972900390625
89|881|60.358642578125
89|885|97.50172424316406
89|897|80.37454223632812
90|459|43.9088249206543
90|588|42.96086883544922
90|910|100.01824951171875
90|1021|46.53178787231445
90|1240|51.81336212158203
91|717|43.31275939941406
91|930|94.89407348632812
91|984|59.66983413696289
92|737|41.624202728271484
92|988|48.44807815551758
92|1040|42.054805755615234
94|1227|57.38130569458008
96|433|44.18037033081055
96|510|42.966400146484375
96|562|41.50205993652344
96|588|57.47857666015625
96|614|43.33375549316406
96|691|54.74644470214844
96|795|40.93940353393555
96|885|61.71067810058594
96|989|43.76348114013672
96|1101|79.8698959350586
97|69|67.47368621826172
97|275|50.14183044433594
97|482|61.357364654541016
97|689|54.9161376953125
97|869|42.64402389526367
97|874|51.8499755859375
97|876|45.11442947387695
97|887|55.6364860534668
97|895|104.52435302734375
97|971|51.739986419677734
97|998|44.69154357910156
97|1039|122.31905364990234
97|1074|98.37068939208984
97|1078|55.98717498779297
97|1088|41.813987731933594
97|1096|80.3077163696289
97|1099|64.21784973144531
97|1102|106.2327880859375
97|1168|53.51616287231445
97|1177|89.42877197265625
97|1191|82.40098571777344
97|1196|87.3958511352539
98|1195|64.2045669555664
98|1198|82.95063781738281
98|1281|40.68692398071289
99|1028|74.7950668334961
101|1143|41.388423919677734
102|562|43.142032623291016
106|833|53.17932891845703
108|833|57.94129180908203
108|958|46.95097351074219
109|814|42.542022705078125
109|941|55.715065002441406
109|948|43.67177963256836
109|1043|59.3220329284668
109|1048|40.887672424316406
109|1061|45.603057861328125
109|1147|74.285888671875
109|1156|58.8743782043457
109|1169|43.82557678222656
110|1103|42.780460357666016
111|1104|44.22616958618164
111|1215|129.84786987304688
112|814|52.32305145263672
112|1228|82.453369140625
113|255|109.12265014648438
113|372|78.77177429199219
113|936|78.86866760253906
113|1014|47.66864013671875
113|1183|50.028465270996094
114|256|116.8087387084961
114|271|46.51765060424805
114|278|107.36770629882812
114|537|52.67979431152344
114|685|85.99939727783203
114|801|59.29668426513672
114|1097|51.89997100830078
114|1106|92.49111938476562
114|1185|53.971248626708984
114|1206|180.26791381835938
115|17|95.78119659423828
115|121|96.55790710449219
115|223|83.40937805175781
115|266|167.62649536132812
115|270|46.68980407714844
115|275|90.82231140136719
115|356|44.86910629272461
115|373|56.65061950683594
115|378|111.97745513916016
115|387|57.021244049072266
115|430|91.49726104736328
115|534|81.11672973632812
115|637|102.1446304321289
115|669|45.95909118652344
115|681|57.298702239990234
115|690|78.89405822753906
115|693|106.21208953857422
115|771|72.1380615234375
115|787|88.76858520507812
115|792|100.55361938476562
115|804|64.98987579345703
115|818|82.59789276123047
115|844|64.44696807861328
115|846|62.97875213623047
115|947|110.54438018798828
115|998|53.11918258666992
115|1003|41.278236389160156
115|1012|66.80284118652344
115|1018|58.11333084106445
115|1024|111.1580581665039
115|1028|84.2999496459961
115|1030|75.92949676513672
115|1035|59.21781921386719
115|1050|89.63326263427734
115|1053|69.0611572265625
115|1092|116.23075866699219
115|1096|56.891815185546875
115|1102|50.94329071044922
115|1109|88.84996795654297
115|1116|45.58566665649414
115|1119|41.31880187988281
115|1139|43.33421325683594
115|1143|58.98289489746094
115|1154|94.11077880859375
115|1199|233.92715454101562
115|1212|44.3381462097168
116|257|119.83241271972656
116|267|165.29444885253906
116|328|55.54070281982422
116|357|42.63539505004883
116|503|50.60231018066406
116|507|40.67422103881836
116|670|48.766700744628906
116|684|68.12055969238281
116|689|61.225589752197266
116|786|89.702392578125
116|789|74.64775085449219
116|791|73.42754364013672
116|794|83.8298110961914
116|815|189.61459350585938
116|843|56.6326904296875
116|905|43.48419189453125
116|1002|41.219844818115234
116|1008|63.20661544799805
116|1017|61.9302864074707
116|1027|124.61109161376953
116|1037|81.72765350341797
116|1080|62.823116302490234
116|1094|90.77286529541016
116|1108|107.54241943359375
116|1146|63.644710540771484
116|1153|89.08971405029297
116|1176|45.44371795654297
116|1187|109.49502563476562
116|1201|185.8079071044922
116|1207|93.15565490722656
116|1216|111.9626235961914
116|1219|63.84397506713867
116|1228|236.92079162597656
117|504|44.84789276123047
117|1079|74.10719299316406
117|1105|56.08100891113281
117|1204|120.11722564697266
117|1214|90.90633392333984
118|277|67.19212341308594
118|389|47.56310272216797
119|258|47.60660171508789
119|274|82.33208465576172
119|678|59.681541442871094
119|1028|68.39306640625
119|1231|74.03329467773438
120|266|47.417789459228516
120|1102|144.34996032714844
121|639|46.210960388183594
121|1023|92.3558349609375
121|1028|63.176143646240234
122|1104|45.15590286254883
124|254|41.95142364501953
124|1023|97.40078735351562
124|1227|48.61955261230469
126|370|63.47343063354492
126|446|71.52207946777344
126|1111|61.07326126098633
127|369|55.90862274169922
127|814|46.14205551147461
127|1112|61.23338317871094
128|59|107.39610290527344
128|499|66.91403198242188
128|602|58.98659896850586
128|1106|47.93355941772461
129|32|169.08465576171875
129|70|58.1552734375
129|123|79.97039794921875
129|149|159.0020751953125
129|172|88.48908233642578
129|175|65.08831787109375
129|179|141.29258728027344
129|476|163.16880798339844
129|482|42.765316009521484
129|485|43.96695327758789
129|489|84.64947509765625
129|492|142.49893188476562
129|586|59.640018463134766
129|599|70.0116195678711
129|859|44.931365966796875
129|989|44.84965515136719
129|1023|99.74728393554688
129|1028|40.72110366821289
129|1102|48.722232818603516
129|1111|74.13030242919922
129|1196|90.3622817993164
130|20|84.37588500976562
130|33|171.7747802734375
130|71|52.85289001464844
130|122|82.43489837646484
130|148|104.53942108154297
130|174|57.011600494384766
130|178|118.39791107177734
130|253|127.19568634033203
130|329|124.89739227294922
130|343|40.85234832763672
130|370|68.20012664794922
130|446|66.83875274658203
130|474|160.32249450683594
130|477|161.24691772460938
130|563|80.04154205322266
130|587|73.94387817382812
130|592|133.38784790039062
130|596|76.55706024169922
130|598|70.52510070800781
130|743|101.21183776855469
130|752|43.153141021728516
130|757|61.53163528442383
130|834|48.50315475463867
130|854|56.574398040771484
130|858|44.82111358642578
130|864|58.8380241394043
130|867|65.70626831054688
130|879|65.20036315917969
130|886|63.84754943847656
130|921|57.62682342529297
130|933|66.54312133789062
130|938|55.81566619873047
130|959|46.74747848510742
130|971|71.75120544433594
130|976|65.24771881103516
130|992|42.350650787353516
130|996|65.00714111328125
130|1022|155.6524200439453
130|1064|62.02897262573242
130|1073|62.14923858642578
130|1076|67.9363784790039
130|1081|58.96147918701172
130|1086|74.87521362304688
130|1093|63.10003662109375
130|1103|79.79463958740234
130|1126|74.14044189453125
130|1135|51.993385314941406
130|1140|79.09690856933594
130|1144|46.02931594848633
130|1146|45.718238830566406
130|1151|48.96260070800781
130|1171|69.75138854980469
130|1179|71.8591537475586
130|1191|43.79742431640625
131|31|56.78922653198242
131|34|146.52981567382812
131|77|112.56707763671875
131|433|139.6427459716797
131|600|61.69327163696289
131|1078|43.940067291259766
131|1104|91.57478332519531
132|84|63.71717834472656
132|149|82.7929916381836
132|285|88.1933822631836
132|1169|45.693809509277344
133|252|51.102256774902344
133|1195|56.5640869140625
134|68|48.404869079589844
134|814|80.24478149414062
134|1227|72.99832916259766
135|19|59.73874282836914
135|252|49.3771858215332
135|497|87.20022583007812
135|1156|103.20764923095703
136|251|58.887977600097656
137|45|53.997840881347656
139|251|59.525733947753906
140|906|47.67978286743164
140|1082|59.15264892578125
141|919|46.26129150390625
142|50|75.57575225830078
142|540|56.28634262084961
142|880|41.21525573730469
142|1021|71.30921936035156
142|1082|75.70018768310547
143|342|43.151851654052734
143|568|58.02672576904297
143|900|83.24226379394531
143|1119|78.4847412109375
144|37|84.47242736816406
144|129|79.54923248291016
144|251|79.32929229736328
144|333|50.695457458496094
144|576|94.06136322021484
144|752|93.42581939697266
144|898|73.74585723876953
144|901|103.76982116699219
144|919|49.52507019042969
144|1009|71.64531707763672
144|1030|99.37926483154297
144|1112|60.33706283569336
144|1120|70.09135437011719
144|1123|53.20893096923828
144|1245|90.2693099975586
145|126|121.9066390991211
145|141|176.99778747558594
145|162|144.1528778076172
145|244|127.20965576171875
145|292|47.1956672668457
145|332|58.166988372802734
145|336|74.78221893310547
145|439|142.49948120117188
145|450|79.97338104248047
145|466|45.07804489135742
145|554|45.35710525512695
145|556|43.312801361083984
145|581|76.56710052490234
145|658|154.50457763671875
145|701|79.87554168701172
145|706|79.3459701538086
145|709|58.162532806396484
145|746|53.0622444152832
145|753|53.35741424560547
145|830|124.05488586425781
145|846|62.472747802734375
145|848|61.46674346923828
145|886|41.84270477294922
145|900|92.03816223144531
145|905|120.99431610107422
145|909|87.88284301757812
145|1031|111.10936737060547
145|1044|43.643402099609375
145|1087|113.11641693115234
145|1122|95.30825805664062
145|1153|43.5015754699707
145|1166|119.96295928955078
145|1242|121.92835998535156
145|1244|113.27057647705078
146|25|98.20618438720703
146|36|54.26771545410156
146|49|69.2546615600586
146|155|52.19206237792969
146|242|65.56634521484375
146|245|131.18565368652344
146|288|66.80955505371094
146|338|138.9207763671875
146|440|110.51554870605469
146|451|66.65669250488281
146|541|70.83283233642578
146|555|43.063785552978516
146|557|41.052215576171875
146|566|106.7763900756836
146|665|62.5504150390625
146|707|83.85262298583984
146|745|42.500308990478516
146|840|47.817386627197266
146|847|68.97848510742188
146|850|54.01311492919922
146|890|42.55665588378906
146|897|71.71329498291016
146|902|43.43659210205078
146|911|47.25947570800781
146|934|110.16011810302734
146|939|64.21697235107422
146|947|67.3691635131836
146|951|63.40188217163086
146|1011|155.2815704345703
146|1015|287.1296691894531
146|1017|256.09930419921875
146|1034|305.8538818359375
146|1036|304.80804443359375
146|1041|98.9657974243164
146|1051|77.18309020996094
146|1054|78.19158172607422
146|1058|47.361656188964844
146|1088|110.21881866455078
146|1098|93.9278564453125
146|1114|91.98523712158203
146|1121|107.89093017578125
146|1142|41.43385314941406
146|1146|67.80854034423828
146|1155|71.53375244140625
146|1243|112.54796600341797
146|1264|115.0695571899414
147|750|70.86441040039062
147|879|57.0079460144043
147|888|51.96382141113281
147|899|85.58736419677734
147|904|92.12718200683594
147|925|46.19648742675781
147|1008|164.77764892578125
147|1021|67.85600280761719
147|1029|75.86561584472656
147|1082|73.36113739013672
147|1164|81.93901062011719
148|140|47.69227981567383
148|576|54.423370361328125
148|885|46.830848693847656
148|895|60.20460891723633
148|905|95.76665496826172
148|920|58.276214599609375
148|1016|44.81589126586914
148|1161|61.95741271972656
149|162|93.439453125
149|334|55.213165283203125
149|880|46.750526428222656
149|921|43.13229751586914
149|1092|223.9612274169922
149|1098|92.38803100585938
150|1009|50.62436294555664
150|1029|43.69928741455078
151|665|48.25044631958008
151|911|46.82256317138672
151|992|50.16081237792969
151|1097|89.91435241699219
152|153|82.37547302246094
152|163|98.56861877441406
152|910|41.04081344604492
153|166|156.03042602539062
153|230|45.61589431762695
153|239|73.25245666503906
153|462|81.40501403808594
153|579|77.7226791381836
153|988|44.104000091552734
154|164|238.5550994873047
154|578|93.37162780761719
154|653|90.7160415649414
154|989|40.78968811035156
154|1003|59.12368392944336
155|163|199.3719940185547
155|914|45.37223815917969
155|995|78.50952911376953
155|998|77.0248031616211
155|1094|361.4140625
155|1100|55.36007308959961
156|229|40.98917770385742
156|232|60.812198638916016
156|577|90.75204467773438
156|645|45.18665313720703
156|913|48.240482330322266
156|996|76.71224975585938
159|643|44.723358154296875
159|997|51.20643997192383
160|226|55.5516471862793
162|640|41.22751235961914
163|227|41.24043273925781
164|988|49.914344787597656
164|1157|54.531105041503906
165|640|41.27865219116211
165|907|93.252197265625
166|679|57.40118408203125
166|1103|98.81450653076172
167|501|136.74081420898438
167|641|56.18354797363281
168|896|86.52359008789062
168|988|79.29915618896484
169|502|67.8118896484375
169|536|50.1461181640625
169|588|45.53569412231445
169|614|44.89403533935547
169|717|45.562042236328125
169|908|84.56436920166016
169|989|62.484893798828125
169|1000|54.790992736816406
170|608|66.98683166503906
170|641|46.3983154296875
170|899|172.67843627929688
170|1106|79.09988403320312
171|227|61.028255462646484
171|277|85.42657470703125
171|505|109.42003631591797
171|604|117.27770233154297
171|668|61.92057418823242
171|815|93.52751159667969
171|888|48.01000213623047
171|989|108.47639465332031
171|1084|45.55712890625
171|1103|48.302589416503906
172|275|118.30306243896484
172|502|198.697509765625
172|638|56.37986373901367
172|901|151.14634704589844
172|988|78.9416275024414
172|1000|44.313880920410156
172|1258|41.84420394897461
173|266|52.5025749206543
173|276|104.39714813232422
173|536|55.61198806762695
173|604|126.92417907714844
173|606|177.38218688964844
173|673|102.83038330078125
173|681|86.6549072265625
173|690|231.0093231201172
173|831|256.2611389160156
173|843|56.18620681762695
173|887|161.987548828125
173|889|170.716552734375
173|908|91.66728210449219
173|927|49.42280960083008
173|934|237.99627685546875
173|1005|45.26031494140625
173|1007|51.235755920410156
173|1009|43.28702163696289
173|1086|79.5240478515625
173|1105|65.67411041259766
173|1107|77.5462417602539
173|1155|51.46601104736328
173|1168|46.527557373046875
173|1186|41.290802001953125
173|1203|65.79925537109375
173|1229|173.4898681640625
173|1244|299.1628723144531
173|1257|45.6829833984375
173|1261|58.62001037597656
173|1271|40.880123138427734
173|1274|47.75361633300781
174|501|101.58453369140625
174|506|97.85943603515625
174|605|192.65658569335938
174|678|43.476280212402344
174|680|64.26599884033203
174|790|48.33510208129883
174|794|43.96904754638672
174|816|128.09339904785156
174|891|114.0048828125
174|896|95.07772827148438
174|900|195.10719299316406
174|916|50.40009307861328
174|932|234.9080810546875
174|984|44.09751892089844
174|1006|54.0683708190918
174|1010|40.77969741821289
174|1026|167.8360595703125
174|1080|174.46823120117188
174|1085|64.99130249023438
174|1094|76.96163177490234
174|1160|118.27104187011719
174|1201|62.86713790893555
175|225|50.85122299194336
175|500|46.3812255859375
175|504|138.26651000976562
175|608|78.71270751953125
175|670|66.9826431274414
175|681|66.34744262695312
175|814|59.85371780395508
175|817|82.36138153076172
175|898|175.47572326660156
175|909|67.3005142211914
175|911|65.91525268554688
175|1079|143.9246063232422
175|1108|70.20333862304688
176|607|87.69336700439453
176|673|66.04461669921875
176|815|58.67164993286133
176|897|178.4161376953125
177|500|47.031578063964844
177|639|47.60810089111328
177|827|105.61583709716797
177|1241|122.72026062011719
177|1245|48.5316276550293
178|276|93.9879150390625
178|885|75.69965362548828
178|1000|80.35307312011719
178|1004|41.301475524902344
178|1102|64.7821044921875
178|1105|67.16184997558594
178|1246|41.332157135009766
179|535|87.66170501708984
179|604|44.45560073852539
179|911|64.52558135986328
179|988|45.91740798950195
180|500|46.23192596435547
181|1001|73.84332275390625
182|911|122.28607940673828
182|1000|73.08219146728516
183|500|42.67581558227539
183|988|44.9442253112793
185|1000|46.411319732666016
186|500|50.727970123291016
188|910|49.29691696166992
189|499|104.36067199707031
190|1001|43.48215103149414
191|225|42.33395767211914
191|459|65.43596649169922
191|498|101.67654418945312
191|536|47.294010162353516
191|910|42.49113845825195
191|1000|42.0470085144043
192|32|76.9649658203125
192|499|133.87318420410156
192|1003|60.46611022949219
193|46|51.64474105834961
193|123|83.72222900390625
193|149|71.24714660644531
193|172|68.49940490722656
193|175|62.91480255126953
193|433|48.85540008544922
193|500|111.18180847167969
193|602|192.32240295410156
193|743|93.3980712890625
193|914|94.14906311035156
193|1002|63.78853225708008
193|1157|55.532745361328125
194|33|81.60011291503906
194|45|51.705440521240234
194|148|52.11619567871094
194|179|55.627227783203125
194|252|69.7237777709961
194|475|82.86003112792969
194|479|99.4824447631836
194|482|159.6522216796875
194|489|64.43128967285156
194|492|61.058841705322266
194|499|131.69296264648438
194|536|85.87787628173828
194|586|99.2091293334961
194|592|55.99907684326172
194|597|163.04299926757812
194|639|44.002235412597656
194|744|98.076416015625
194|999|56.57012176513672
194|1279|60.265968322753906
194|1285|54.640647888183594
195|20|111.4103012084961
195|178|58.26927185058594
195|253|68.58741760253906
195|330|124.68307495117188
195|459|129.08851623535156
195|474|103.01901245117188
195|481|163.17361450195312
195|485|83.45835876464844
195|488|58.91122817993164
195|493|42.024742126464844
195|535|62.19655990600586
195|587|76.48011016845703
195|596|150.77178955078125
195|598|147.26229858398438
195|602|107.314208984375
195|666|48.067771911621094
195|688|46.76555633544922
195|1022|62.79706573486328
196|79|97.56568908691406
196|122|52.464420318603516
196|124|45.755802154541016
196|149|56.194602966308594
196|174|62.5570068359375
196|433|84.9383316040039
196|913|70.91252899169922
196|1001|70.88835906982422
196|1157|82.21468353271484
196|1280|62.104862213134766
197|173|58.03671646118164
197|536|83.1883773803711
197|667|43.0227165222168
198|34|44.9371337890625
198|498|52.60514831542969
198|666|53.213165283203125
199|497|43.825225830078125
200|498|45.82362747192383
201|536|79.31351470947266
203|1158|45.34514617919922
204|744|69.05712890625
205|432|41.24309539794922
205|639|47.53536605834961
206|331|82.92947387695312
206|433|41.357872009277344
206|665|67.96525573730469
207|744|61.320499420166016
208|331|82.93941497802734
208|745|63.119693756103516
208|1001|49.33464050292969
208|1158|57.646488189697266
209|639|47.7994384765625
209|744|67.9326171875
210|536|50.321441650390625
212|154|43.078125
212|332|78.3814468383789
212|745|66.29374694824219
213|1083|67.3623275756836
214|1084|58.70358657836914
215|333|159.3217010498047
215|463|79.28854370117188
215|752|46.80271530151367
215|1083|53.91328430175781
215|1159|76.40677642822266
216|536|40.98076248168945
216|1030|100.41031646728516
216|1082|60.30791473388672
216|1086|64.19388580322266
216|1162|73.85697937011719
217|128|122.6317367553711
217|154|55.036102294921875
217|243|67.79147338867188
217|336|122.99195098876953
217|465|61.46247482299805
217|747|175.64122009277344
217|751|51.01277542114258
218|25|136.6056671142578
218|248|96.72859954833984
218|566|118.03304290771484
218|658|74.13861083984375
218|701|41.61594772338867
218|746|199.11273193359375
218|749|141.85226440429688
218|924|42.91958236694336
218|1015|70.82627868652344
218|1159|183.2431640625
218|1164|41.125709533691406
218|1251|45.96228790283203
219|24|149.5774383544922
219|155|86.40491485595703
219|247|148.75413513183594
219|288|68.25194549560547
219|332|164.68287658691406
219|337|105.02555084228516
219|567|80.5772933959961
219|656|45.85152053833008
219|700|42.00236892700195
219|745|144.03988647460938
219|1004|142.59165954589844
219|1017|66.4308853149414
219|1032|155.2758331298828
219|1036|55.25970458984375
219|1083|44.75463104248047
219|1098|54.151405334472656
220|127|113.25804901123047
220|243|52.021732330322266
220|334|132.4824676513672
220|463|72.72566223144531
220|535|92.00251007080078
220|746|128.14894104003906
220|1011|57.9932861328125
220|1082|49.41781997680664
221|242|43.875465393066406
221|245|44.226192474365234
221|333|83.90799713134766
221|567|77.40614318847656
221|748|166.83555603027344
221|1003|54.59541320800781
221|1029|43.66807174682617
221|1103|51.31715393066406
221|1164|77.31959533691406
222|501|72.83073425292969
222|1004|64.46340942382812
222|1161|162.21119689941406
223|464|78.63983917236328
223|911|51.627197265625
223|1085|74.54903411865234
224|334|156.515869140625
224|1029|45.547767639160156
224|1084|69.8023681640625
226|433|46.39948654174805
226|459|42.74471664428711
226|510|44.13218307495117
226|536|68.83255004882812
226|562|43.60194396972656
226|588|45.76970672607422
226|665|42.8717155456543
226|691|47.29316711425781
226|794|42.60121154785156
226|1103|62.57128143310547
227|462|52.39500045776367
227|1102|49.86129379272461
227|1106|43.228050231933594
228|505|44.19355010986328
228|608|42.474002838134766
229|604|64.11150360107422
229|998|63.61500549316406
229|1003|76.8642349243164
229|1103|69.00434112548828
230|502|71.9398422241211
230|606|69.2326431274414
230|673|54.519493103027344
230|690|61.447147369384766
230|1002|79.5098648071289
230|1102|62.16178894042969
230|1105|56.055023193359375
230|1203|49.39046859741211
230|1248|53.91849899291992
231|165|82.7421646118164
231|167|106.2200698852539
231|607|52.90972137451172
231|682|42.61479949951172
232|506|40.841224670410156
232|692|40.988983154296875
232|790|56.33395004272461
232|998|51.743587493896484
232|1024|47.2985954284668
232|1080|81.38690185546875
232|1103|73.56073760986328
232|1160|64.96119689941406
233|605|76.60757446289062
233|997|51.11418914794922
233|1023|42.958839416503906
233|1105|72.49522399902344
234|536|43.33647918701172
234|610|42.620201110839844
234|640|48.475711822509766
234|998|54.247344970703125
234|1102|92.70406341552734
235|607|58.40382385253906
235|1027|55.16725540161133
236|997|51.72134017944336
236|1001|44.971858978271484
237|998|41.858890533447266
238|1105|97.56192016601562
239|1001|49.18577575683594
253|499|92.27787780761719
254|498|80.51805114746094
256|602|73.95411682128906
257|149|67.88497924804688
258|46|55.385337829589844
258|173|43.886444091796875
258|252|47.871116638183594
258|476|56.724056243896484
258|586|40.70569610595703
258|666|54.417659759521484
259|475|97.03643035888672
259|478|42.34571838378906
259|484|129.83509826660156
259|499|80.87416076660156
259|602|59.45723342895508
259|1022|88.82711029052734
260|21|52.415889739990234
260|459|54.48115158081055
260|474|128.8851318359375
260|485|110.34095764160156
260|932|42.37883758544922
261|79|42.3164176940918
261|173|45.72810363769531
261|480|42.28953170776367
261|911|86.15116882324219
262|174|43.8917350769043
262|253|43.23377990722656
262|666|59.034149169921875
263|667|64.57271575927734
263|1022|41.02777099609375
266|897|61.085472106933594
267|911|55.695987701416016
275|679|42.17040252685547
277|501|44.549781799316406
286|673|60.98990249633789
287|690|62.701168060302734
287|787|89.35858154296875
288|746|62.2905158996582
289|266|40.704872131347656
289|701|93.51313018798828
289|705|42.72648620605469
289|1080|74.66852569580078
290|23|43.823238372802734
290|746|71.13956451416016
290|749|42.05915451049805
291|332|43.96918869018555
291|566|52.483558654785156
291|656|80.0174331665039
291|673|46.02859115600586
291|691|47.40036392211914
291|748|47.859718322753906
291|914|72.76044464111328
291|1015|57.87875747680664
291|1159|41.31660079956055
292|565|55.878910064697266
292|745|74.0849380493164
292|1004|54.643402099609375
293|332|42.1236686706543
293|691|43.04634094238281
293|700|45.81757354736328
293|746|74.33452606201172
293|913|59.06280517578125
293|1005|51.978702545166016
294|1006|45.07946014404297
295|704|65.95982360839844
296|748|61.488441467285156
296|1161|44.499210357666016
297|1082|51.983245849609375
299|334|49.05564880371094
300|464|48.541873931884766
305|165|54.05067443847656
305|462|44.78406524658203
307|998|68.10062408447266
308|165|167.61203002929688
308|1002|84.87042999267578
309|163|76.62540435791016
309|1095|41.03578186035156
310|535|56.87686538696289
311|163|76.57093048095703
314|535|68.20892333984375
318|667|45.313995361328125
319|59|42.14837646484375
320|33|67.04093170166016
321|21|44.14511489868164
321|173|68.74049377441406
321|476|55.70322799682617
321|536|44.558353424072266
321|562|41.71604919433594
321|586|115.04607391357422
321|600|43.86279296875
321|643|45.6068000793457
321|667|66.32243347167969
322|123|68.52787017822266
322|175|54.64054870605469
322|252|51.64445495605469
322|330|81.18743133544922
322|492|110.30472564697266
322|563|42.5960693359375
322|743|69.88697052001953
323|253|49.927703857421875
323|482|135.9217987060547
323|600|58.369911193847656
324|21|95.24787902832031
324|174|56.316162109375
324|179|99.96929931640625
324|472|61.82148361206055
324|477|95.89334106445312
324|484|73.62932586669922
324|489|66.54373168945312
324|598|90.68447875976562
324|667|59.063350677490234
325|33|47.54982376098633
325|474|63.9552001953125
325|481|105.24369049072266
325|485|74.6762924194336
325|586|67.29474639892578
325|595|70.62602233886719
326|77|127.29106140136719
326|123|55.60117721557617
326|330|43.22232437133789
326|491|62.97764587402344
327|253|54.96980285644531
328|78|43.22941207885742
328|174|79.36237335205078
328|536|45.875587463378906
328|854|41.99971008300781
328|1060|45.55539321899414
330|33|40.99325942993164
330|150|44.58872985839844
330|600|56.72101974487305
330|667|60.89327621459961
332|34|45.53865051269531
335|640|43.65011978149414
338|45|47.62825393676758
342|668|40.89439392089844
344|673|52.104530334472656
345|681|64.84188842773438
345|901|41.295005798339844
346|227|48.00374221801758
346|785|45.60831069946289
346|927|68.65120697021484
346|933|45.750972747802734
347|682|50.676204681396484
347|926|68.58602905273438
347|1079|47.2043571472168
348|669|44.54869079589844
348|693|90.4386978149414
348|894|55.48171615600586
349|670|44.23360061645508
349|895|55.399715423583984
349|900|41.398624420166016
350|154|62.855735778808594
350|926|40.80996322631836
351|898|43.684303283691406
352|665|43.41094207763672
353|1108|44.728118896484375
356|463|45.39236831665039
357|154|49.203304290771484
358|1163|58.57280349731445
359|161|81.14901733398438
359|885|46.84450149536133
360|905|52.3984260559082
360|1086|53.0088996887207
361|126|67.42436218261719
361|140|43.9903450012207
361|336|60.148033142089844
361|705|85.3546371459961
361|885|46.80691146850586
362|155|61.11260223388672
362|465|90.87957763671875
363|23|104.04163360595703
363|127|46.29384994506836
363|566|90.35838317871094
364|25|70.91537475585938
364|140|47.128170013427734
364|287|66.40242767333984
365|24|94.61455535888672
365|155|89.08351135253906
365|464|41.64963912963867
365|706|131.05787658691406
365|1004|43.24553680419922
365|1035|82.41593170166016
366|750|55.939361572265625
366|1011|102.48414611816406
366|1162|40.88642501831055
367|24|73.68740844726562
367|139|40.92476272583008
367|337|43.8089714050293
367|466|51.75631332397461
367|1161|40.89148712158203
368|541|43.60540771484375
368|554|51.71154022216797
368|1006|121.36137390136719
369|464|44.95975875854492
369|466|46.13275146484375
369|567|47.76237106323242
369|639|57.56067657470703
370|750|81.8634033203125
370|1164|56.962158203125
372|1085|44.01969909667969
374|464|47.775657653808594
382|239|61.70578384399414
383|59|44.05712127685547
385|653|99.50528717041016
386|20|49.07181930541992
386|123|61.26824188232422
386|175|43.888954162597656
386|585|46.07447814941406
387|479|63.72299575805664
387|644|40.673770904541016
387|995|69.1722183227539
388|176|44.392024993896484
388|230|42.73694610595703
388|597|65.51087951660156
389|20|71.22606658935547
389|478|63.33002853393555
389|489|69.00150299072266
389|592|82.34009552001953
389|596|80.51884460449219
390|230|45.33489990234375
390|239|62.79043197631836
390|479|50.12070846557617
390|595|92.15938568115234
391|229|43.287994384765625
391|480|49.541297912597656
392|79|78.1743392944336
392|124|56.4209098815918
392|594|56.41785430908203
398|685|46.81693649291992
403|792|50.166748046875
404|1229|52.42971420288086
406|694|45.608272552490234
406|816|61.71598815917969
407|682|53.516624450683594
407|1230|67.57604217529297
409|1108|40.89943313598633
409|1234|64.91829681396484
426|982|67.82899475097656
426|989|58.7850227355957
430|1119|41.84212112426758
431|752|54.916229248046875
432|829|86.6109619140625
432|886|66.82026672363281
432|889|48.1641960144043
432|892|64.03939819335938
432|990|80.6077880859375
432|1243|94.47566986083984
433|705|46.158790588378906
433|830|61.97382736206055
433|887|84.21188354492188
433|933|83.45917510986328
433|1114|41.4075813293457
434|438|42.25764465332031
434|582|41.124107360839844
434|831|48.790863037109375
434|1165|41.920555114746094
434|1244|63.870296478271484
435|888|63.050968170166016
435|987|44.69892501831055
436|891|47.090309143066406
436|1087|42.81447982788086
436|1166|41.07795333862305
436|1193|44.634521484375
437|828|60.64496612548828
437|1113|51.40266418457031
437|1241|74.42206573486328
437|1244|41.210723876953125
438|708|116.31603240966797
438|827|59.240501403808594
438|1010|44.0706787109375
438|1036|60.429141998291016
438|1087|48.06340026855469
440|338|62.052303314208984
440|1088|59.861454010009766
441|1008|68.15233612060547
443|275|41.49150848388672
443|688|46.01822280883789
444|827|61.92982482910156
444|1240|74.46068572998047
447|1118|52.699363708496094
453|592|50.026546478271484
454|20|41.5539665222168
455|593|43.62541580200195
456|230|55.3636474609375
460|579|75.8424301147461
461|793|46.772483825683594
462|647|55.150508880615234
464|578|42.913490295410156
464|645|42.38731002807617
465|647|47.74362564086914
465|654|45.774776458740234
468|232|62.99730682373047
468|645|72.67003631591797
468|1111|42.66298294067383
470|993|47.058345794677734
472|577|43.993228912353516
489|821|62.673282623291016
489|1234|63.83695602416992
501|1119|47.642364501953125
505|292|57.72577667236328
506|705|47.26009750366211
507|450|44.345462799072266
507|706|43.6873664855957
507|1123|72.27877044677734
508|1122|68.7684097290039
509|1121|60.009979248046875
509|1196|46.89718246459961
510|707|55.95063400268555
513|294|91.88479614257812
516|1196|48.96671676635742
517|1171|56.61412811279297
518|757|51.116573333740234
519|889|71.75188446044922
520|890|87.38375091552734
520|1125|49.94622802734375
520|1196|57.075809478759766
521|825|75.68962097167969
522|824|77.08208465576172
522|1238|98.85797119140625
523|71|44.09850311279297
523|823|72.4509506225586
523|891|59.19174575805664
523|1237|99.39376831054688
524|822|51.055877685546875
525|823|57.38359832763672
526|1237|64.0609130859375
528|1237|55.413150787353516
529|823|55.44327163696289
529|1236|56.026973724365234
537|579|52.720375061035156
546|232|44.291805267333984
546|645|42.31877899169922
572|821|49.89197540283203
572|1119|44.86796951293945
572|1235|50.01540756225586
574|1235|54.47371292114258
577|793|45.78523635864258
578|1235|43.964439392089844
579|1123|63.85753631591797
579|1176|45.59005355834961
580|1122|63.33092498779297
581|1171|43.57406234741211
582|1034|43.386199951171875
582|1121|49.32429885864258
583|757|55.10030746459961
584|708|81.4551773071289
585|700|46.7314338684082
585|1036|52.57804489135742
585|1197|41.27252197265625
586|294|40.73951721191406
586|1011|48.8963737487793
586|1174|43.32194137573242
587|1006|43.51789474487305
589|75|50.43293762207031
590|1173|41.190940856933594
592|1173|46.611656188964844
596|921|45.30067825317383
608|890|41.69971466064453
609|825|53.10086441040039
609|1238|65.9208755493164
610|824|53.384700775146484
610|1236|56.33488082885742
612|1238|47.70707702636719
613|579|64.1370620727539
616|823|53.66780090332031
616|1237|61.867401123046875
621|995|71.70367431640625
624|232|45.78834533691406
635|1218|46.978214263916016
644|1119|66.17720031738281
647|597|43.439022064208984
647|905|41.321006774902344
648|757|48.46455383300781
649|292|47.284637451171875
649|593|46.62962341308594
650|474|43.481170654296875
652|1123|55.83683776855469
653|71|40.711483001708984
653|79|51.201568603515625
653|1122|52.87698745727539
655|1121|47.63560485839844
658|1010|52.45426559448242
659|246|51.938323974609375
659|294|59.86861038208008
659|1011|41.67477798461914