Heroes
Alesso
Tove Lo
Soul/R&B
heroes
2049x1292
2741

5|840|64.75953674316406
5|844|53.15793991088867
5|851|44.70217514038086
6|833|81.78923797607422
6|836|69.13153076171875
6|1182|34.92487716674805
7|834|52.13066864013672
7|838|53.133277893066406
7|1179|34.732234954833984
8|830|83.40872955322266
8|849|55.929805755615234
8|857|43.041141510009766
8|869|59.0838737487793
8|890|60.10325622558594
8|992|54.9785270690918
8|1001|35.718570709228516
8|1021|41.595211029052734
8|1054|60.94050979614258
8|1170|91.08094787597656
8|1176|66.93083190917969
8|1184|42.08842849731445
8|1186|38.08491516113281
8|1208|40.49646759033203
9|891|63.256126403808594
9|972|99.69432830810547
9|1055|65.12361145019531
9|1136|86.05915832519531
9|1156|58.18348693847656
9|1167|121.1957778930664
9|1197|52.79262924194336
9|1207|43.99906921386719
10|829|135.1502227783203
10|834|99.62630462646484
10|843|110.62386322021484
10|847|80.87909698486328
10|851|144.68922424316406
10|856|119.57685089111328
10|867|142.5452880859375
10|870|98.974609375
10|874|142.1438751220703
10|878|118.90512084960938
10|888|135.92462158203125
10|894|129.31546020507812
10|904|123.43852996826172
10|990|146.13800048828125
10|1031|113.71963500976562
10|1041|125.38166809082031
10|1052|129.05674743652344
10|1058|102.37127685546875
10|1068|120.29801177978516
10|1154|136.455322265625
10|1163|165.83274841308594
10|1168|127.95075225830078
10|1181|42.425350189208984
10|1183|53.22849655151367
10|1193|108.67864227294922
10|1204|112.36213684082031
10|1214|122.49571228027344
10|1222|91.72542572021484
10|1229|72.3697509765625
10|1232|98.28858947753906
11|831|86.06189727783203
11|838|183.43338012695312
11|848|122.57490539550781
11|869|183.09571838378906
11|880|167.4017791748047
11|889|142.9706268310547
11|910|171.12770080566406
11|921|133.69239807128906
11|931|161.7891387939453
11|951|171.65977478027344
11|957|151.8348388671875
11|959|151.21701049804688
11|967|149.77230834960938
11|970|157.96896362304688
11|976|121.30550384521484
11|986|104.042236328125
11|992|152.5233154296875
11|1008|62.783809661865234
11|1043|141.4571533203125
11|1074|161.4101104736328
11|1085|143.8318634033203
11|1095|154.78842163085938
11|1113|133.15689086914062
11|1115|160.37062072753906
11|1121|143.6280517578125
11|1124|142.9924774169922
11|1131|146.67864990234375
11|1134|145.12313842773438
11|1140|110.8720932006836
11|1147|114.99491882324219
11|1150|103.7879867553711
11|1156|137.26766967773438
11|1162|175.46755981445312
11|1167|145.47193908691406
11|1180|34.667118072509766
11|1196|84.87821960449219
11|1207|100.05125427246094
11|1217|108.76971435546875
11|1238|131.31338500976562
11|1278|92.03987884521484
11|1285|89.5033950805664
11|1288|85.52897644042969
12|500|164.59957885742188
12|511|169.34381103515625
12|521|185.31460571289062
12|531|186.6544647216797
12|541|172.64785766601562
12|552|183.7227783203125
12|562|196.93606567382812
12|572|197.95068359375
12|582|189.5585174560547
12|593|188.3896026611328
12|603|210.4869842529297
12|613|204.6897735595703
12|623|185.84751892089844
12|634|197.37156677246094
12|644|212.47268676757812
12|654|208.97933959960938
12|664|189.59979248046875
12|675|203.3136749267578
12|685|209.59646606445312
12|695|211.50173950195312
12|705|190.10040283203125
12|716|199.75
12|726|210.2039337158203
12|736|209.52003479003906
12|746|194.53665161132812
12|757|200.84646606445312
12|767|218.66177368164062
12|777|206.47825622558594
12|787|184.24810791015625
12|798|205.73968505859375
12|808|158.84092712402344
12|818|151.6936492919922
12|859|161.72186279296875
12|890|160.1147918701172
12|900|140.60289001464844
12|908|251.3457489013672
12|941|146.91787719726562
12|947|98.87166595458984
12|952|128.8299102783203
12|961|176.15040588378906
12|972|173.05934143066406
12|982|147.98455810546875
12|987|72.29732513427734
12|993|127.94843292236328
12|1003|157.04913330078125
12|1023|159.03567504882812
12|1033|151.4414825439453
12|1044|150.1254425048828
12|1054|151.9862823486328
12|1064|130.53948974609375
12|1072|236.34779357910156
12|1090|49.36185073852539
12|1105|138.2069854736328
12|1111|87.89778137207031
12|1116|128.91189575195312
12|1125|166.7652587890625
12|1136|158.33082580566406
12|1146|129.91294860839844
12|1151|72.28382873535156
12|1157|206.4469451904297
12|1172|46.769649505615234
12|1187|124.33832550048828
12|1197|120.4123306274414
12|1208|117.95574951171875
12|1218|128.0769500732422
12|1236|189.91868591308594
12|1248|106.89156341552734
12|1259|95.50674438476562
12|1275|59.22096252441406
12|1289|69.03990173339844
13|849|167.87535095214844
13|992|116.41149139404297
13|1013|160.96957397460938
13|1173|47.65848922729492
13|1177|134.01844787597656
13|1239|87.09854125976562
13|1290|81.87385559082031
14|854|55.65411376953125
14|910|164.84495544433594
14|914|160.81192016601562
14|919|251.5790252685547
14|925|163.65585327148438
14|929|282.2328186035156
14|935|174.3800048828125
14|945|170.84043884277344
14|1018|61.4174919128418
14|1074|156.6917266845703
14|1078|144.635986328125
14|1083|252.70535278320312
14|1089|153.1363983154297
14|1093|263.4429016113281
14|1099|162.76858520507812
14|1109|162.34307861328125
14|1172|50.488338470458984
14|1182|57.78227996826172
14|1228|89.9174575805664
14|1238|114.29804229736328
14|1242|120.2318344116211
14|1246|196.54393005371094
14|1253|115.92481994628906
14|1257|194.5648956298828
14|1263|130.20533752441406
14|1269|79.42987060546875
14|1273|117.77472686767578
14|1279|62.42654037475586
15|831|138.5134735107422
15|834|144.0799102783203
15|926|163.30613708496094
15|1004|54.687950134277344
15|1060|38.391082763671875
15|1090|151.88169860839844
15|1244|84.98609924316406
15|1248|135.3290252685547
15|1254|114.240234375
16|829|171.15667724609375
16|833|161.39089965820312
16|836|210.2755126953125
16|846|301.1476135253906
16|852|109.68396759033203
16|857|235.1544952392578
16|977|41.17044448852539
16|1000|214.47817993164062
16|1010|316.7099914550781
16|1021|230.12025451660156
16|1142|39.40184783935547
16|1164|203.73313903808594
16|1174|268.8249816894531
16|1185|203.6833038330078
16|1265|36.613037109375
17|500|104.29794311523438
17|510|99.5792007446289
17|521|111.54855346679688
17|531|110.11904907226562
17|541|125.72374725341797
17|562|122.51832580566406
17|572|135.99966430664062
17|582|135.2023162841797
17|603|122.84235382080078
17|613|144.6079559326172
17|623|141.3071746826172
17|644|133.6675567626953
17|654|142.9434814453125
17|664|143.0172882080078
17|685|142.7432098388672
17|695|141.7369384765625
17|705|146.72825622558594
17|726|143.02447509765625
17|736|151.4506072998047
17|746|149.67901611328125
17|767|134.1699676513672
17|777|153.1182098388672
17|787|149.464599609375
17|808|102.69878387451172
17|818|112.25489044189453
17|828|135.21937561035156
17|838|176.37911987304688
17|858|209.7099151611328
17|896|39.341060638427734
17|910|121.42564392089844
17|931|111.44290924072266
17|941|114.79335021972656
17|951|102.7934799194336
17|962|76.0080795288086
17|982|93.08831024169922
17|992|108.7719497680664
17|1022|195.8320770263672
17|1060|41.919918060302734
17|1074|103.66765594482422
17|1085|101.20193481445312
17|1095|106.89244079589844
17|1105|113.48188781738281
17|1115|101.79036712646484
17|1136|75.24948120117188
17|1146|91.37712860107422
17|1156|113.25059509277344
17|1166|165.50494384765625
17|1182|100.74540710449219
17|1186|170.56900024414062
17|1208|112.20502471923828
17|1224|39.578514099121094
17|1238|100.0071792602539
17|1269|63.121768951416016
18|551|119.59886169433594
18|592|125.98039245605469
18|633|132.87696838378906
18|674|131.17196655273438
18|715|142.1969757080078
18|756|138.0020294189453
18|797|138.78109741210938
18|831|83.87506103515625
18|834|95.52875518798828
18|854|118.49820709228516
18|859|149.8739776611328
18|864|211.85147094726562
18|879|138.87472534179688
18|890|125.88090515136719
18|900|129.25296020507812
18|936|44.83331298828125
18|972|80.18499755859375
18|998|100.00830078125
18|1012|136.53411865234375
18|1023|152.4966278076172
18|1028|205.73130798339844
18|1054|123.53117370605469
18|1064|124.51345825195312
18|1126|74.1705093383789
18|1162|84.9930191040039
18|1176|126.21165466308594
18|1187|155.665283203125
18|1192|189.98867797851562
18|1218|118.3337173461914
18|1228|116.28160858154297
19|829|101.48492431640625
19|833|80.7838363647461
19|841|35.69780731201172
19|845|60.546119689941406
19|889|144.7173614501953
19|978|54.54281997680664
19|1043|127.24588775634766
19|1207|123.55889892578125
19|1265|37.163326263427734
20|836|75.44619750976562
20|843|40.38803482055664
20|868|259.7368469238281
20|886|246.0943603515625
20|895|167.46945190429688
20|898|225.90904235839844
20|972|84.60104370117188
20|977|69.47613525390625
20|1032|253.58155822753906
20|1050|239.3771209716797
20|1062|211.56796264648438
20|1141|75.51348876953125
20|1161|39.078182220458984
20|1194|199.16661071777344
20|1196|207.19212341308594
20|1203|206.2854461669922
20|1214|230.51499938964844
20|1226|205.7012176513672
21|831|66.49003601074219
21|835|54.6122932434082
21|867|250.7335662841797
21|873|156.45848083496094
21|877|263.7218322753906
21|887|250.95831298828125
21|904|165.84339904785156
21|988|249.24996948242188
21|1031|237.27313232421875
21|1037|144.41249084472656
21|1041|243.77772521972656
21|1047|121.13438415527344
21|1051|247.43988037109375
21|1058|159.0590362548828
21|1068|155.1444549560547
21|1153|232.80580139160156
21|1155|233.16387939453125
21|1195|201.43614196777344
21|1205|209.6913604736328
21|1215|240.55072021484375
21|1232|127.98541259765625
22|818|46.4840087890625
22|839|34.780174255371094
22|885|91.806396484375
22|949|285.4082946777344
22|960|289.20281982421875
22|970|269.791015625
22|976|152.3534393310547
22|980|215.3808135986328
22|986|173.13821411132812
22|1049|81.32715606689453
22|1113|265.2331237792969
22|1124|274.082763671875
22|1134|259.71429443359375
22|1140|145.32730102539062
22|1144|207.367431640625
22|1150|159.02964782714844
22|1277|233.63723754882812
22|1287|229.58004760742188
23|582|41.96709060668945
23|830|94.48082733154297
24|829|87.1287612915039
24|832|113.83196258544922
24|835|80.0529556274414
24|837|73.296142578125
24|843|94.07135772705078
24|848|42.394683837890625
24|853|97.91647338867188
24|856|79.66410827636719
24|858|61.73142623901367
24|900|45.28322982788086
24|907|160.949462890625
24|936|39.55037307739258
24|997|102.05958557128906
24|1007|85.00606536865234
24|1017|87.46995544433594
24|1020|72.53292846679688
24|1064|44.02341079711914
24|1071|160.31568908691406
24|1100|39.122920989990234
24|1157|42.614013671875
24|1161|92.10345458984375
24|1163|68.7605209350586
24|1171|66.30207824707031
24|1181|78.15851593017578
24|1184|71.70972442626953
24|1235|149.56324768066406
25|613|33.87053680419922
25|831|105.83174133300781
25|838|59.78984451293945
25|854|109.6966781616211
25|909|136.3518524169922
25|1018|104.2271499633789
25|1073|130.36949157714844
25|1165|51.13446044921875
25|1179|44.39585876464844
25|1182|98.74853515625
26|603|55.596107482910156
26|767|59.0102653503418
26|829|98.11127471923828
26|1043|39.07659149169922
26|1166|46.74603271484375
26|1279|58.55763244628906
27|96|60.67665481567383
27|102|59.14399337768555
27|112|58.41144943237305
27|117|55.9586296081543
27|260|63.134361267089844
27|266|60.463768005371094
27|276|55.1407356262207
27|281|48.67875289916992
27|424|63.78986358642578
27|430|53.24039077758789
27|440|67.02021026611328
27|445|44.66802215576172
27|588|56.97379684448242
27|592|49.682308197021484
27|604|62.67786407470703
27|609|38.572418212890625
27|752|52.03166198730469
27|757|45.15989685058594
27|763|41.69515609741211
27|768|66.62490844726562
27|778|35.220924377441406
27|917|156.11065673828125
27|927|171.80361938476562
27|939|230.02227783203125
27|945|84.05924224853516
27|1081|147.32757568359375
27|1091|161.85781860351562
27|1103|219.04408264160156
27|1109|77.20275115966797
27|1245|130.73590087890625
27|1255|133.36181640625
27|1267|203.2880401611328
27|1273|68.3854751586914
28|120|48.88792419433594
28|284|43.51580047607422
28|448|41.66370391845703
28|755|37.28514099121094
28|844|37.733951568603516
28|864|58.025787353515625
28|916|158.2190399169922
28|1027|54.34138107299805
28|1080|143.19256591796875
28|1192|50.00624084472656
28|1258|104.3704605102539
29|766|39.786521911621094
29|1176|35.35984420776367
29|1197|42.52660369873047
30|832|124.81266784667969
30|874|62.46635818481445
30|884|69.3444595336914
30|951|36.53150177001953
30|991|79.10678100585938
30|1038|59.4630241394043
30|1048|61.929447174072266
30|1115|34.20509719848633
30|1156|92.28186798095703
30|1177|41.425628662109375
30|1202|58.31100082397461
30|1212|64.94731140136719
30|1238|40.82637023925781
31|674|38.03508758544922
31|695|50.669921875
31|715|34.83470916748047
31|756|37.3662223815918
31|787|40.262760162353516
31|797|34.915771484375
31|854|34.309608459472656
31|859|53.81322479248047
31|867|88.98921203613281
31|873|62.34599304199219
31|878|100.87447357177734
31|883|67.14799499511719
31|888|94.52346801757812
31|894|67.5047836303711
31|904|64.74020385742188
31|990|86.01215362548828
31|1023|50.73660659790039
31|1031|81.09703826904297
31|1037|59.60596466064453
31|1042|89.13014221191406
31|1047|63.572505950927734
31|1052|92.249267578125
31|1058|58.73501968383789
31|1068|58.34283447265625
31|1154|84.63880157470703
31|1176|43.355613708496094
31|1182|33.88840866088867
31|1187|57.24253845214844
31|1195|77.51914978027344
31|1201|57.128726959228516
31|1206|81.47444915771484
31|1217|83.93175506591797
31|1222|57.21080780029297
31|1232|49.002811431884766
31|1279|60.81996154785156
32|24|36.334232330322266
32|34|36.41111373901367
32|188|38.21460723876953
32|196|36.20490646362305
32|352|42.201995849609375
32|360|42.61193084716797
32|506|34.993804931640625
32|516|37.2216682434082
32|523|38.71391296386719
32|680|34.78555679321289
32|685|45.90411376953125
32|841|45.00885772705078
32|845|115.96139526367188
32|875|43.48007583618164
32|885|41.27620315551758
32|960|81.88641357421875
32|997|58.39731216430664
32|1009|106.67657470703125
32|1039|39.27382278442383
32|1049|42.65374755859375
32|1159|49.226707458496094
32|1169|38.024234771728516
32|1173|82.61393737792969
32|1186|90.48748016357422
32|1203|40.47047805786133
32|1278|70.79582214355469
32|1289|68.384521484375
33|829|60.18565368652344
33|837|93.2860107421875
33|846|120.72802734375
33|857|102.21842193603516
33|869|38.12894058227539
33|949|89.70842742919922
33|955|54.57620620727539
33|959|85.93951416015625
33|965|49.488014221191406
33|970|87.22689056396484
33|976|61.030662536621094
33|986|51.14560317993164
33|999|85.35527038574219
33|1001|83.23612213134766
33|1010|114.1176528930664
33|1020|99.60697937011719
33|1033|38.734893798828125
33|1113|81.90518188476562
33|1119|48.417659759521484
33|1123|79.504638671875
33|1134|80.56531524658203
33|1140|52.54853820800781
33|1150|53.728919982910156
33|1163|78.22827911376953
33|1165|76.19132232666016
33|1174|87.61791229248047
33|1184|96.37236022949219
33|1277|71.86544036865234
33|1288|67.14256286621094
34|833|82.90271759033203
34|1207|38.849735260009766
34|1269|38.071556091308594
35|1177|45.349239349365234
35|1208|37.93327331542969
35|1218|34.727115631103516
36|906|41.95005798339844
36|909|36.734947204589844
36|1070|42.19290542602539
36|1234|39.68642807006836
37|832|36.60275650024414
37|907|36.897430419921875
37|1071|36.75620651245117
37|1157|51.49313735961914
37|1178|51.84333038330078
37|1188|59.95738983154297
37|1198|66.28126525878906
37|1209|53.498382568359375
37|1219|64.83257293701172
37|1229|70.24622344970703
37|1235|34.9362678527832
37|1250|57.85374450683594
37|1260|66.68085479736328
37|1270|64.33908081054688
37|1280|69.69702911376953
38|1167|57.04972839355469
38|1177|71.31271362304688
38|1187|68.14649963378906
38|1208|63.0309944152832
38|1218|76.29785919189453
38|1228|59.748390197753906
38|1238|73.05085754394531
38|1249|61.64322280883789
38|1259|75.84515380859375
38|1269|71.75456237792969
38|1290|62.7889289855957
39|829|40.121376037597656
39|1166|50.35054397583008
39|1207|58.00432205200195
39|1248|56.0350456237793
39|1279|62.113773345947266
40|84|41.92500305175781
40|562|34.228416442871094
40|725|39.433860778808594
40|828|39.87772750854492
40|833|41.10721206665039
40|1043|39.891212463378906
40|1156|55.464195251464844
40|1197|64.30929565429688
40|1218|73.79244232177734
41|50|56.26310348510742
41|55|59.552345275878906
41|71|36.172115325927734
41|83|49.36752700805664
41|87|40.864871978759766
41|214|55.55895233154297
41|219|53.973915100097656
41|227|42.53730392456055
41|235|42.06447982788086
41|242|36.2822380065918
41|247|58.84735870361328
41|251|44.49107360839844
41|378|63.82418441772461
41|383|59.84648132324219
41|391|56.04624938964844
41|396|36.867923736572266
41|406|40.18748092651367
41|411|72.9610595703125
41|415|54.772735595703125
41|542|51.93750762939453
41|547|46.65864944458008
41|555|68.52713775634766
41|560|40.61637878417969
41|563|35.53639602661133
41|570|39.478675842285156
41|575|70.8060531616211
41|579|52.38875198364258
41|705|60.58603286743164
41|711|46.80140686035156
41|718|78.6814193725586
41|724|49.1592903137207
41|733|46.73632049560547
41|738|86.84725189208984
41|743|58.226715087890625
41|837|49.99742889404297
41|857|44.7588005065918
41|869|47.739654541015625
41|873|40.48149108886719
41|883|76.82621765136719
41|900|76.57246398925781
41|907|43.807464599609375
41|916|39.476871490478516
41|927|38.850582122802734
41|1001|37.42245864868164
41|1021|37.93192672729492
41|1033|42.64938735961914
41|1037|38.273780822753906
41|1047|69.86460876464844
41|1062|67.19532012939453
41|1064|67.18992614746094
41|1071|39.522544860839844
41|1080|35.225955963134766
41|1164|40.41790771484375
41|1201|35.07501220703125
41|1210|102.7468032836914
41|1217|65.76705169677734
41|1228|103.21758270263672
41|1238|60.10184097290039
42|644|35.41343307495117
42|786|34.774375915527344
42|838|38.415382385253906
42|1166|36.7635612487793
42|1279|49.795589447021484
43|127|52.20270919799805
43|131|36.053775787353516
43|135|47.68489456176758
43|139|54.4339599609375
43|145|66.54781341552734
43|149|72.91118621826172
43|153|40.29912567138672
43|155|38.14824295043945
43|158|61.19221878051758
43|165|51.31345748901367
43|168|45.48829650878906
43|291|48.49044418334961
43|299|53.78434371948242
43|303|66.41040802001953
43|308|82.6675033569336
43|312|83.71369934082031
43|317|37.8365592956543
43|322|47.01204299926758
43|329|44.19290542602539
43|332|40.61056137084961
43|455|64.97492218017578
43|463|63.78982162475586
43|467|53.17205810546875
43|473|80.63465118408203
43|476|84.45828247070312
43|483|43.45811080932617
43|486|37.22246551513672
43|492|64.12628173828125
43|496|39.012229919433594
43|619|47.8755989074707
43|627|74.41931915283203
43|631|61.41000747680664
43|636|94.51209259033203
43|640|92.85415649414062
43|645|45.040645599365234
43|647|43.99972915649414
43|656|58.3226432800293
43|783|58.8728141784668
43|791|76.8969955444336
43|794|52.08538055419922
43|800|93.88426208496094
43|805|106.24382019042969
43|809|46.767696380615234
43|817|42.49127960205078
43|821|45.5206413269043
43|833|48.07952880859375
43|947|39.079891204833984
43|955|54.92323303222656
43|958|50.94260025024414
43|964|64.43315124511719
43|968|64.01707458496094
43|973|37.3430061340332
43|980|87.06990051269531
43|985|50.11763381958008
43|1118|42.68891906738281
43|1122|41.35332107543945
43|1128|59.96589279174805
43|1132|56.777915954589844
43|1138|44.69961929321289
43|1145|79.38786315917969
43|1149|42.71699905395508
43|1277|40.656612396240234
43|1283|71.02961730957031
43|1287|39.49905014038086
43|1291|65.94197845458984
44|136|39.54404830932617
44|167|39.171485900878906
44|300|44.13361358642578
44|331|36.6143684387207
44|464|47.526649475097656
44|628|54.18855667114258
44|792|57.93710708618164
44|956|48.917327880859375
44|971|41.609981536865234
44|1121|39.72971725463867
44|1135|35.36225128173828
45|797|34.89059066772461
45|829|54.32350540161133
45|1133|34.1019172668457
48|807|35.2619514465332
48|829|83.10406494140625
49|29|41.60463333129883
49|188|40.76169967651367
49|193|44.55710220336914
49|357|45.637451171875
49|517|37.85100555419922
49|521|40.48481750488281
49|597|38.978904724121094
49|665|38.49213409423828
49|681|45.18375015258789
49|685|35.519500732421875
49|696|35.15785598754883
49|745|47.64470672607422
49|832|46.921165466308594
49|834|44.97470474243164
49|859|38.06172561645508
49|1000|34.95527648925781
49|1023|37.43842697143555
49|1134|40.88956832885742
49|1173|34.9268913269043
49|1236|40.88494110107422
52|828|35.6976432800293
53|936|37.327510833740234
54|103|37.49121856689453
54|118|38.7845573425293
54|268|39.13078689575195
54|281|36.24796676635742
54|432|54.351470947265625
54|446|48.94960021972656
54|609|50.0880012512207
54|745|45.691749572753906
54|759|47.60909652709961
54|763|189.48963928222656
54|774|52.529964447021484
54|926|50.762203216552734
54|937|41.417999267578125
54|1090|49.54195022583008
54|1101|41.48748016357422
54|1134|41.54396438598633
54|1254|39.28239440917969
55|255|35.30929183959961
55|269|39.88285446166992
55|422|37.085166931152344
55|431|49.918052673339844
55|434|46.51244354248047
55|594|43.32719421386719
55|598|191.99351501464844
55|746|48.103782653808594
55|751|43.018890380859375
55|758|46.337703704833984
55|765|161.92100524902344
55|773|54.859764099121094
55|924|42.80850601196289
55|927|50.433868408203125
55|939|85.09435272216797
55|1088|45.43315124511719
55|1091|45.813411712646484
55|1103|76.0418930053711
55|1252|33.882102966308594
55|1255|38.96006774902344
55|1267|73.2389907836914
56|745|40.93559646606445
57|602|37.27534103393555
57|1151|35.10292053222656
58|474|60.50093078613281
58|752|81.71192169189453
59|743|54.17207336425781
59|1134|36.38780975341797
60|553|50.77610778808594
60|761|84.99833679199219
61|55|36.29862594604492
61|61|43.277793884277344
61|66|35.89208221435547
61|71|35.825714111328125
61|76|45.3368034362793
61|88|34.34360885620117
61|225|34.81219482421875
61|228|80.55514526367188
61|235|49.589439392089844
61|241|56.88566589355469
61|252|45.12542724609375
61|388|43.69807815551758
61|393|46.0534782409668
61|399|52.90274429321289
61|406|64.76676177978516
61|416|60.12051010131836
61|540|42.65053939819336
61|544|37.55405044555664
61|557|52.41230392456055
61|563|77.0670166015625
61|570|69.12928009033203
61|579|68.13864135742188
61|704|73.94808959960938
61|721|57.149810791015625
61|727|77.34840393066406
61|734|79.75617218017578
61|745|108.92164611816406
61|751|79.09231567382812
61|868|47.914363861083984
61|878|43.05509948730469
61|885|42.433074951171875
61|891|66.63066864013672
61|908|74.27366638183594
61|971|37.64722442626953
61|1032|54.716636657714844
61|1043|41.9687385559082
61|1055|58.27422332763672
61|1058|34.47614669799805
61|1072|67.12100219726562
61|1156|66.8764419555664
61|1193|39.41236877441406
61|1196|40.22496795654297
61|1206|64.80535125732422
61|1213|69.74264526367188
61|1216|61.566131591796875
61|1227|51.07068634033203
61|1235|94.2265853881836
62|251|46.17146682739258
62|392|38.798824310302734
62|415|54.264442443847656
62|433|34.398189544677734
62|552|92.09293365478516
62|562|68.97421264648438
62|674|104.27644348144531
62|715|108.0994644165039
62|750|93.80110931396484
62|879|45.95166778564453
62|1041|37.966304779052734
62|1045|37.829402923583984
62|1207|60.057865142822266
62|1218|52.0455436706543
63|329|134.89854431152344
63|474|45.469295501708984
63|534|95.48309326171875
63|583|84.2390365600586
63|595|95.88152313232422
63|604|44.585079193115234
63|742|111.39851379394531
63|761|86.10765838623047
63|986|33.939022064208984
63|992|35.85660934448242
63|1152|84.9214096069336
64|132|34.64934158325195
64|236|66.29230499267578
64|248|145.5529327392578
64|270|78.00560760498047
64|289|40.70115661621094
64|322|134.77761840820312
64|326|188.90814208984375
64|350|57.405784606933594
64|393|69.85995483398438
64|411|165.01197814941406
64|453|40.135311126708984
64|476|85.29025268554688
64|488|136.80084228515625
64|536|118.75318908691406
64|576|46.56862258911133
64|594|129.58253479003906
64|603|43.412384033203125
64|676|50.4005126953125
64|697|42.365474700927734
64|700|39.487266540527344
64|749|133.51954650878906
64|759|148.6223907470703
64|768|35.666221618652344
64|801|36.64643096923828
64|824|155.2565155029297
64|912|43.13827896118164
64|990|74.9614028930664
64|1015|37.287628173828125
64|1030|39.712928771972656
64|1151|72.95092010498047
64|1157|101.08621215820312
64|1166|59.5843620300293
64|1183|41.766536712646484
65|16|33.96028518676758
65|24|46.046234130859375
65|41|62.738250732421875
65|92|34.21858215332031
65|98|33.97996139526367
65|118|37.864532470703125
65|122|74.03538513183594
65|157|33.86801528930664
65|180|42.75992202758789
65|185|38.17317581176758
65|189|49.492889404296875
65|199|39.25312423706055
65|205|40.10578918457031
65|233|51.38332748413086
65|237|70.68304443359375
65|240|103.57411193847656
65|244|117.7288589477539
65|246|129.61744689941406
65|249|163.4909210205078
65|256|44.5406608581543
65|259|47.00657272338867
65|279|35.93470001220703
65|282|49.07978057861328
65|293|70.1769027709961
65|311|45.45307922363281
65|317|73.60755157470703
65|320|116.12515258789062
65|323|183.09832763671875
65|327|227.43115234375
65|336|52.59096908569336
65|341|41.925567626953125
65|344|55.66838455200195
65|351|70.72429656982422
65|363|46.42173767089844
65|369|35.47969055175781
65|397|45.403629302978516
65|409|141.84005737304688
65|412|178.5043182373047
65|420|57.33641815185547
65|423|53.53209686279297
65|426|52.4381217956543
65|435|43.21488952636719
65|446|57.100494384765625
65|456|46.6630973815918
65|458|35.09717559814453
65|486|176.7593536376953
65|494|51.8034553527832
65|504|40.35118865966797
65|507|58.46924591064453
65|511|151.53355407714844
65|517|68.18840026855469
65|527|46.35887908935547
65|535|133.5708770751953
65|580|86.1303939819336
65|583|94.84500885009766
65|587|57.95780944824219
65|590|61.851470947265625
65|593|105.72642517089844
65|600|35.83932113647461
65|606|40.36038589477539
65|609|74.88468170166016
65|619|43.70338439941406
65|622|40.66132736206055
65|631|34.47981262207031
65|640|49.37100601196289
65|644|46.37211990356445
65|648|47.37526321411133
65|657|56.67208480834961
65|662|34.74069595336914
65|671|80.63578796386719
65|675|52.14877700805664
65|680|79.86675262451172
65|691|45.703739166259766
65|694|117.14250946044922
65|739|43.58899688720703
65|748|118.7322998046875
65|756|91.39060974121094
65|763|40.00660705566406
65|767|38.93147277832031
65|772|68.54978942871094
65|776|70.0527114868164
65|783|42.54063034057617
65|786|47.13279724121094
65|794|39.73344802856445
65|803|61.29597091674805
65|811|48.17162322998047
65|826|113.63093566894531
65|830|75.75121307373047
65|833|71.61990356445312
65|840|80.15068817138672
65|844|80.90436553955078
65|847|50.33369827270508
65|855|34.51726150512695
65|857|36.39575958251953
65|862|76.99906921386719
65|865|35.468177795410156
65|867|38.587074279785156
65|872|34.49718475341797
65|876|75.8397216796875
65|881|43.973304748535156
65|887|48.224449157714844
65|902|36.2376708984375
65|918|77.24752044677734
65|923|39.25481414794922
65|927|108.6322021484375
65|932|33.96126937866211
65|938|62.01820373535156
65|944|93.98863220214844
65|949|44.12099838256836
65|958|166.3577880859375
65|965|60.5679817199707
65|970|95.09446716308594
65|976|38.649017333984375
65|984|55.23214340209961
65|988|90.25774383544922
65|994|95.7348861694336
65|998|60.76966094970703
65|1003|47.45932388305664
65|1009|169.14248657226562
65|1014|48.10647964477539
65|1022|38.40504455566406
65|1025|84.04987335205078
65|1031|59.85692596435547
65|1040|150.50198364257812
65|1049|110.43287658691406
65|1077|129.85499572753906
65|1083|71.0538101196289
65|1088|77.91019439697266
65|1091|77.65028381347656
65|1094|54.57433319091797
65|1099|56.69513702392578
65|1108|155.4169921875
65|1122|165.9255828857422
65|1131|95.7205581665039
65|1134|62.851829528808594
65|1139|62.32905578613281
65|1144|34.59630584716797
65|1148|48.625892639160156
65|1159|143.9276885986328
65|1165|72.1711196899414
65|1173|159.67755126953125
65|1190|156.03811645507812
65|1200|45.47582244873047
65|1204|189.78536987304688
65|1211|34.34128952026367
65|1220|38.74806213378906
65|1231|59.09198760986328
65|1240|143.52215576171875
65|1247|60.10532760620117
65|1255|181.25218200683594
65|1266|41.77729415893555
65|1272|105.76581573486328
65|1275|79.75352478027344
65|1278|78.69189453125
65|1287|186.5075225830078
66|123|70.90382385253906
66|245|119.59698486328125
66|287|41.445499420166016
66|324|225.86370849609375
66|452|46.898956298828125
66|532|112.28321075439453
66|582|136.48516845703125
66|701|73.69513702392578
66|828|96.61454010009766
66|987|103.75659942626953
66|1112|44.58769989013672
66|1152|75.97669219970703
66|1179|48.09918212890625
66|1182|35.563838958740234
67|674|53.537662506103516
67|1110|37.29374313354492
67|1157|56.86140823364258
67|1167|38.35050964355469
68|270|47.56059265136719
68|807|34.93491744995117
69|452|61.10682678222656
69|473|49.72507095336914
69|607|34.259525299072266
69|694|75.38992309570312
69|1049|86.2326431274414
69|1135|52.626121520996094
69|1157|49.436973571777344
70|293|70.84461975097656
70|796|126.12545013427734
70|971|90.30674743652344
71|389|41.40115737915039
71|450|57.39464569091797
71|693|57.80723571777344
71|705|85.51240539550781
71|807|52.695613861083984
71|972|102.4365005493164
71|1058|54.70503234863281
72|270|40.546722412109375
72|293|64.3984146118164
72|373|126.43866729736328
72|448|71.12324523925781
72|451|107.60090637207031
72|608|42.520389556884766
72|628|120.93231964111328
72|772|70.02726745605469
72|778|66.7676010131836
72|781|48.554481506347656
72|785|41.090084075927734
72|789|78.50031280517578
72|992|52.49013900756836
72|1042|56.358245849609375
72|1057|100.24246215820312
72|1148|52.447296142578125
72|1175|43.927982330322266
72|1179|71.63229370117188
72|1181|71.54290008544922
72|1218|34.7391357421875
73|200|144.70726013183594
73|207|96.74761962890625
73|210|211.47169494628906
73|213|64.324462890625
73|285|71.1974105834961
73|291|91.61251068115234
73|361|95.77552795410156
73|367|34.627620697021484
73|377|96.8517074584961
73|387|156.18826293945312
73|445|91.89195251464844
73|455|100.08372497558594
73|472|115.89114379882812
73|613|39.56913757324219
73|632|168.26792907714844
73|673|54.35453796386719
73|773|63.92758560180664
73|782|56.40386199951172
73|793|185.9731903076172
73|808|76.17085266113281
73|871|43.4233283996582
73|880|60.2938232421875
73|889|47.19460678100586
73|979|38.88031768798828
73|982|55.55503463745117
73|1034|68.08706665039062
73|1040|67.84741973876953
73|1051|135.54747009277344
73|1056|103.58152770996094
73|1147|47.87502670288086
73|1183|56.98241424560547
73|1199|77.44205474853516
73|1208|49.47705841064453
73|1211|48.763099670410156
73|1214|39.46607208251953
73|1217|34.39290237426758
74|192|36.30058670043945
74|223|154.84129333496094
74|270|41.22844314575195
74|279|91.16850280761719
74|294|52.971778869628906
74|305|56.74973678588867
74|388|156.23593139648438
74|456|96.44938659667969
74|470|98.26141357421875
74|633|129.54554748535156
74|981|34.66989517211914
74|1053|91.59479522705078
74|1188|51.83433151245117
75|705|73.21158599853516
75|865|36.38407516479492
75|1157|46.03574752807617
75|1181|36.19843292236328
75|1187|47.205806732177734
76|295|62.70276641845703
76|706|62.472042083740234
76|864|40.47221755981445
76|1192|51.354515075683594
77|187|51.802024841308594
77|270|82.70750427246094
77|353|58.02573013305664
77|459|35.04568099975586
77|464|37.665496826171875
77|680|42.659950256347656
77|816|34.18055725097656
77|829|67.80989074707031
77|1058|44.43513488769531
77|1197|34.83173751831055
78|278|81.6971664428711
78|469|41.23247146606445
78|673|55.16903305053711
78|721|76.78123474121094
78|809|44.6513557434082
78|973|43.405906677246094
79|190|57.255104064941406
79|557|73.95681762695312
79|693|57.70835876464844
79|706|48.80073547363281
79|830|46.78407287597656
79|1058|41.82035446166992
79|1158|44.920433044433594
79|1192|39.2554817199707
80|435|72.15185546875
80|459|34.778812408447266
80|666|59.56187438964844
80|954|63.63301086425781
80|993|50.611656188964844
80|1110|188.96632385253906
80|1113|189.18194580078125
80|1118|49.338043212890625
80|1191|38.76373291015625
80|1197|36.30237579345703
81|196|34.38222122192383
81|357|129.28538513183594
81|467|74.26045989990234
81|516|76.44127655029297
81|672|93.22872924804688
81|692|52.699058532714844
81|713|70.01746368408203
81|722|53.4220085144043
81|732|107.89939880371094
81|815|59.675716400146484
81|856|37.84618377685547
81|862|41.21227264404297
81|868|35.76708984375
81|925|236.80580139160156
81|933|331.630859375
81|941|91.92935943603516
81|944|225.67466735839844
81|947|103.71869659423828
81|975|83.63006591796875
81|979|89.31205749511719
81|1014|58.786094665527344
81|1088|309.4547119140625
81|1091|291.78765869140625
81|1104|197.35598754882812
81|1109|139.22708129882812
81|1112|246.8056640625
81|1115|150.3555145263672
81|1143|90.85549926757812
81|1181|48.79195022583008
81|1185|52.29662322998047
81|1190|41.12865447998047
81|1196|38.48194122314453
81|1201|38.45763397216797
81|1204|44.706966400146484
81|1206|48.03144454956055
81|1261|295.0204162597656
81|1268|203.70831298828125
81|1272|183.82008361816406
81|1275|121.50552368164062
81|1284|42.617122650146484
82|14|74.42574310302734
82|23|39.64094161987305
82|30|62.285160064697266
82|35|48.36288070678711
82|91|64.76019287109375
82|96|48.374664306640625
82|101|57.28593826293945
82|117|58.23157501220703
82|176|44.766700744628906
82|180|51.09880065917969
82|190|35.43877410888672
82|193|42.435604095458984
82|197|40.175228118896484
82|200|46.11212921142578
82|255|40.450965881347656
82|260|45.05257797241211
82|273|143.3274688720703
82|277|152.22076416015625
82|281|60.573577880859375
82|296|42.11897277832031
82|302|40.67737579345703
82|343|34.31207275390625
82|364|42.89665603637695
82|431|53.10619354248047
82|445|35.55709457397461
82|465|103.27117919921875
82|505|56.238128662109375
82|508|124.25321197509766
82|524|44.54117965698242
82|526|56.05707931518555
82|549|55.353553771972656
82|569|83.94430541992188
82|594|51.07230758666992
82|671|98.30257415771484
82|690|79.56057739257812
82|752|46.60420608520508
82|759|68.18059539794922
82|773|34.17788314819336
82|811|112.72308349609375
82|852|47.142311096191406
82|855|36.212528228759766
82|860|45.27812957763672
82|867|37.803184509277344
82|903|109.1075668334961
82|908|77.95394897460938
82|928|246.930419921875
82|932|333.14996337890625
82|935|321.3302307128906
82|939|189.9510955810547
82|943|221.05751037597656
82|946|197.5621337890625
82|953|100.48701477050781
82|994|52.368980407714844
82|1008|67.1649169921875
82|1015|58.381065368652344
82|1026|59.059715270996094
82|1031|50.03632736206055
82|1041|38.447208404541016
82|1066|137.6715087890625
82|1079|45.304447174072266
82|1087|312.42315673828125
82|1090|387.03790283203125
82|1094|294.86895751953125
82|1099|398.1819763183594
82|1103|254.3481903076172
82|1106|223.525390625
82|1117|71.17138671875
82|1139|53.47370910644531
82|1144|83.51659393310547
82|1180|56.31673812866211
82|1183|41.76808166503906
82|1186|56.641998291015625
82|1195|41.50157928466797
82|1202|46.95219802856445
82|1205|56.86860275268555
82|1208|54.16353225708008
82|1216|42.487571716308594
82|1231|164.42584228515625
82|1235|55.613826751708984
82|1241|73.11370849609375
82|1251|232.2871856689453
82|1253|229.17120361328125
82|1256|229.33509826660156
82|1260|312.9734191894531
82|1264|320.8116149902344
82|1267|238.354736328125
82|1270|266.9115905761719
82|1279|174.0470428466797
83|301|41.823421478271484
83|439|137.52357482910156
83|460|41.04065704345703
83|507|109.1234130859375
83|547|99.20838165283203
83|844|42.73064041137695
83|922|180.6714630126953
83|942|185.77783203125
83|948|164.46705627441406
83|952|120.78517150878906
83|1007|60.5476188659668
83|1114|185.55838012695312
83|1250|219.9336395263672
83|1271|246.42233276367188
83|1274|225.84454345703125
83|1277|166.80032348632812
83|1280|169.56015014648438
84|300|61.691932678222656
84|502|35.609004974365234
84|506|96.3175048828125
84|670|60.15913009643555
84|688|41.56231689453125
84|707|54.779029846191406
84|710|45.83529281616211
84|723|34.84906005859375
84|921|187.28076171875
84|1249|171.7122802734375
84|1254|43.72004318237305
84|1257|38.8742790222168
85|299|66.93772888183594
85|503|48.86869812011719
85|668|121.53858947753906
85|708|71.86373138427734
85|890|34.444889068603516
85|947|33.980899810791016
85|995|45.514869689941406
85|1059|81.94080352783203
85|1116|104.9417495727539
86|298|85.38959503173828
86|520|82.5101547241211
86|683|53.48219680786133
86|709|76.26982879638672
86|725|47.3541259765625
86|842|108.25485229492188
86|846|36.726478576660156
86|996|58.3217887878418
86|1009|33.92770767211914
86|1011|33.7372932434082
86|1170|114.80859375
87|997|55.457984924316406
87|1006|48.150123596191406
87|1010|34.277130126953125
87|1059|82.05384063720703
87|1117|55.04922866821289
87|1162|39.52969741821289
87|1223|41.809688568115234
88|562|109.6878433227539
88|1220|256.1795349121094
89|891|238.8787841796875
89|896|35.778018951416016
89|920|129.91111755371094
89|1058|47.59336471557617
89|1069|78.92855072021484
89|1219|260.416748046875
89|1227|55.11891174316406
90|1221|105.65882110595703
90|1230|48.137630462646484
90|1233|51.74637222290039
90|1235|38.562564849853516
91|1060|95.28025817871094
91|1070|48.11989974975586
91|1084|68.91732025146484
91|1228|37.21817398071289
91|1248|81.89678192138672
92|891|93.99166870117188
93|1220|78.77354431152344
93|1227|45.801780700683594
93|1230|42.52222442626953
93|1237|50.46879577636719
94|1070|58.93339157104492
94|1225|52.30651092529297
94|1236|40.83940124511719
95|893|112.85417938232422
95|1221|107.9100112915039
96|1055|125.0744400024414
96|1083|163.91000366210938
96|1222|127.8298110961914
96|1238|38.0407829284668
97|45|61.41636276245117
97|51|89.33891296386719
97|56|59.14631652832031
97|66|54.83287048339844
97|76|65.2698974609375
97|80|42.403079986572266
97|89|35.80097198486328
97|209|46.4854850769043
97|215|50.82181167602539
97|221|38.53880310058594
97|241|49.31254577636719
97|373|43.40842056274414
97|380|35.25520706176758
97|385|34.41280746459961
97|404|43.89126205444336
97|537|44.80839538574219
97|543|43.53212356567383
97|568|45.93241882324219
97|708|54.47076416015625
97|732|61.4542121887207
97|842|60.09223937988281
97|896|294.3478088378906
97|903|147.7691192626953
97|918|384.466796875
97|922|89.04347229003906
97|1004|93.57850646972656
97|1064|180.30665588378906
97|1066|183.7420654296875
97|1077|34.076900482177734
97|1082|233.41856384277344
97|1087|158.677978515625
97|1170|166.45989990234375
97|1179|36.49129867553711
97|1220|90.54844665527344
97|1231|393.4437255859375
97|1239|37.106346130371094
97|1246|373.3050537109375
97|1251|176.04373168945312
97|1257|54.3409309387207
97|1263|34.577152252197266
98|59|48.9883918762207
98|79|48.85974884033203
98|86|34.14165115356445
98|895|300.01336669921875
98|923|84.68834686279297
98|1059|111.07897186279297
98|1068|93.8385009765625
98|1223|233.8284912109375
98|1242|64.52703094482422
98|1250|159.6587371826172
99|907|155.94602966308594
99|1071|181.33457946777344
99|1244|113.12993621826172
100|1082|39.46229553222656
100|1249|61.21338653564453
101|918|35.14259338378906
101|1240|42.34233093261719
101|1252|36.433780670166016
104|908|151.64442443847656
104|1072|88.19519805908203
105|1236|173.45440673828125
106|1243|168.80764770507812
107|762|45.911014556884766
107|915|192.28114318847656
108|312|34.54539489746094
108|763|61.197444915771484
108|914|182.6498565673828
108|1240|173.0607147216797
108|1245|53.312705993652344
108|1249|34.35334396362305
109|82|64.43256378173828
109|129|124.22197723388672
109|136|74.89298248291016
109|143|96.3865966796875
109|154|61.674171447753906
109|159|43.12389373779297
109|292|71.20672607421875
109|297|53.58242416381836
109|301|40.74505615234375
109|308|56.98640441894531
109|313|35.429100036621094
109|323|33.90204620361328
109|410|33.78468704223633
109|456|77.29698181152344
109|472|49.68014144897461
109|477|38.72136688232422
109|482|41.20154571533203
109|621|66.8184814453125
109|627|48.062984466552734
109|635|46.48201370239258
109|764|59.62372589111328
109|784|68.22174835205078
109|791|49.61376190185547
109|800|46.103572845458984
109|805|44.32398223876953
109|911|300.5952453613281
109|1074|342.284423828125
109|1077|421.6293640136719
109|1084|69.24192810058594
109|1237|143.56494140625
109|1242|234.5583038330078
109|1248|36.46965789794922
109|1267|77.30645751953125
110|600|37.9073371887207
110|765|63.60714340209961
111|913|49.16764831542969
113|1279|40.23939514160156
117|828|34.0809211730957
117|1277|38.02207565307617
117|1279|39.7820930480957
118|1278|34.11219024658203
119|767|77.92304992675781
121|1289|40.97026062011719
122|735|39.633819580078125
122|1048|37.92240524291992
122|1212|121.89815521240234
122|1226|39.38813400268555
123|716|49.76921081542969
123|866|56.46236038208008
123|886|47.8652458190918
123|1031|132.51783752441406
123|1045|59.43144607543945
123|1195|192.5209503173828
123|1210|161.21194458007812
123|1224|40.662723541259766
123|1227|41.01934814453125
124|552|37.8124885559082
125|534|40.743228912353516
125|741|57.4599723815918
125|767|59.296241760253906
126|603|60.804344177246094
127|604|67.19583129882812
127|700|38.60953140258789
127|736|50.48738098144531
127|768|90.52753448486328
128|229|88.61918640136719
128|476|65.55907440185547
128|536|54.54665756225586
128|574|70.16523742675781
128|579|102.38192749023438
128|697|36.739776611328125
128|758|58.23358917236328
128|825|37.413761138916016
129|237|200.10667419433594
129|313|88.75139617919922
129|316|93.95218658447266
129|319|103.32378387451172
129|325|37.5435791015625
129|351|37.498050689697266
129|394|99.58544158935547
129|403|152.85092163085938
129|408|51.65727615356445
129|475|69.29442596435547
129|478|76.09850311279297
129|481|121.58235931396484
129|485|68.43701934814453
129|488|35.94184112548828
129|573|76.33248138427734
129|578|95.73310852050781
129|739|34.007720947265625
129|757|72.01636505126953
129|769|92.35954284667969
129|828|43.37690734863281
129|1110|34.65095901489258
130|41|51.179447174072266
130|122|52.08401870727539
130|231|87.56710815429688
130|240|83.01966094970703
130|243|73.4964370727539
130|312|75.16755676269531
130|320|111.91028594970703
130|402|117.84890747070312
130|404|137.8254852294922
130|480|95.55289459228516
130|482|106.23186492919922
130|484|57.86924743652344
130|531|37.325904846191406
130|572|64.29075622558594
130|593|79.76779174804688
130|606|50.66872787475586
130|695|97.2855453491211
130|700|36.620784759521484
130|770|117.40692901611328
130|776|48.90757751464844
130|827|53.304847717285156
130|831|36.81169891357422
130|861|34.90672302246094
130|915|39.1683349609375
130|927|34.050392150878906
130|933|38.99032211303711
130|957|41.41139602661133
130|973|38.111427307128906
130|984|35.63772964477539
130|987|36.986289978027344
130|995|36.1519660949707
130|1005|33.96758270263672
130|1008|41.146610260009766
130|1017|37.44429016113281
130|1026|42.22614669799805
130|1080|46.61241912841797
130|1093|47.64815139770508
130|1097|54.82014465332031
130|1121|69.11994934082031
130|1165|55.76715087890625
130|1172|80.02040100097656
130|1180|55.4389533996582
130|1189|44.66216278076172
130|1193|42.20016860961914
130|1203|44.09430694580078
130|1248|45.15339279174805
130|1251|55.95265197753906
130|1255|46.9705696105957
130|1261|72.88923645019531
130|1268|49.77749252319336
130|1271|55.180728912353516
130|1274|68.47502136230469
130|1288|79.76324462890625
130|1291|46.14133071899414
131|242|58.52214050292969
131|245|50.09422302246094
131|294|43.80445861816406
131|311|79.36405181884766
131|405|114.2591552734375
131|411|36.58848571777344
131|483|104.31133270263672
131|486|48.31896209716797
131|532|44.18415832519531
131|535|49.9765510559082
131|1152|48.8800048828125
131|1162|48.701316833496094
132|572|55.7756233215332
132|701|74.2848129272461
133|324|37.44062805175781
133|698|35.52000427246094
136|293|55.582183837890625
139|293|48.253055572509766
142|293|44.38318634033203
142|500|59.05253219604492
144|215|207.0706787109375
144|221|59.755924224853516
144|286|121.02284240722656
144|292|65.02146911621094
144|380|154.96275329589844
144|383|145.19627380371094
144|449|74.43511199951172
144|779|76.33094787597656
144|885|74.03970336914062
144|984|47.4235954284668
144|1223|35.532657623291016
145|199|80.33293914794922
145|208|90.79621887207031
145|217|150.6451873779297
145|287|102.99169158935547
145|290|77.01905059814453
145|368|97.22478485107422
145|379|183.39341735839844
145|384|133.12928771972656
145|388|42.72330856323242
145|619|142.1881866455078
145|623|183.15586853027344
145|778|60.6735954284668
145|784|81.82799530029297
145|789|69.78997802734375
145|819|79.34405517578125
145|875|62.19719696044922
145|881|102.31756591796875
145|888|113.79351806640625
145|983|64.03032684326172
145|1035|210.21044921875
145|1043|50.600791931152344
145|1049|94.27957916259766
145|1147|58.091800689697266
145|1200|99.6247329711914
145|1203|69.1838607788086
145|1209|110.10565948486328
145|1213|137.9319305419922
145|1217|117.64827728271484
145|1224|40.35702133178711
146|200|114.64252471923828
146|204|223.17466735839844
146|219|221.82986450195312
146|285|98.24650573730469
146|291|73.34931182861328
146|373|54.19622802734375
146|378|155.365966796875
146|446|64.5291976928711
146|608|45.69121551513672
146|614|146.35604858398438
146|617|178.9171600341797
146|622|168.2363739013672
146|625|109.68120574951172
146|783|97.8346176147461
146|788|72.78630828857422
146|795|37.71115493774414
146|880|98.39714813232422
146|887|130.52137756347656
146|982|68.86270141601562
146|1034|133.5681915283203
146|1051|74.87874603271484
146|1127|38.45327377319336
146|1133|36.699642181396484
146|1206|69.25340270996094
146|1210|105.91940307617188
146|1218|89.94219970703125
146|1275|46.049400329589844
146|1278|41.13092803955078
147|292|73.49736022949219
147|372|60.03112030029297
147|385|126.31269073486328
147|794|40.57563400268555
147|870|66.46397399902344
147|874|46.8900032043457
147|877|56.600032806396484
147|981|54.28656768798828
147|1037|123.8035659790039
147|1040|56.69389343261719
147|1046|47.75188064575195
147|1202|55.379432678222656
147|1205|82.79986572265625
147|1214|70.34342193603516
148|224|37.2452507019043
148|388|44.58561706542969
148|500|67.75708770751953
148|541|49.59312438964844
148|664|34.0478630065918
148|791|35.88862991333008
148|885|47.120784759521484
150|197|38.816932678222656
150|864|40.39299011230469
150|1029|64.19535064697266
150|1145|45.294898986816406
150|1193|61.64583206176758
151|191|46.36954116821289
152|295|64.88823699951172
152|500|72.16651916503906
152|541|53.137855529785156
153|542|51.09364700317383
154|191|67.86758422851562
154|1029|52.22901153564453
155|197|57.128135681152344
155|296|48.50517654418945
155|501|76.26249694824219
155|721|34.10934829711914
155|1028|37.61783218383789
156|542|78.24834442138672
157|1028|43.832916259765625
158|542|75.36031341552734
158|1033|63.37929916381836
158|1145|37.44392013549805
159|190|62.179019927978516
159|557|50.78318405151367
159|1029|33.802040100097656
159|1144|38.089561462402344
160|543|86.15777587890625
160|570|40.22738265991211
160|601|40.185787200927734
160|713|38.81062316894531
160|865|38.07526397705078
161|193|59.89319610595703
161|296|38.37212371826172
161|866|42.09518814086914
161|1107|34.22818374633789
162|195|81.99128723144531
162|274|96.39898681640625
162|672|75.12400817871094
162|690|40.54467010498047
162|941|49.37807846069336
162|1032|74.08025360107422
162|1101|48.84587860107422
162|1111|44.73044967651367
162|1181|58.913963317871094
162|1265|59.345741271972656
162|1272|40.5692138671875
163|459|50.42951202392578
163|467|106.98257446289062
163|501|65.2001724243164
163|528|70.94194030761719
163|569|132.25787353515625
163|712|177.23040771484375
163|732|77.05184936523438
163|857|76.3343734741211
163|862|94.89567565917969
163|931|73.1124496459961
163|936|37.54353713989258
163|1008|51.02299499511719
163|1014|79.45797729492188
163|1019|122.67713928222656
163|1022|153.833740234375
163|1025|134.17507934570312
163|1031|98.13423919677734
163|1089|55.23748016357422
163|1094|45.39714050292969
163|1102|41.19108200073242
163|1172|35.5660400390625
163|1182|90.528076171875
163|1185|134.1139373779297
163|1189|136.47915649414062
163|1195|73.41131591796875
163|1253|86.61256408691406
163|1256|85.65789031982422
163|1261|79.76992797851562
163|1269|43.26713180541992
164|9|62.7852668762207
164|91|60.80994415283203
164|173|42.58441162109375
164|273|95.6810073852539
164|276|47.06688690185547
164|302|110.86692810058594
164|337|34.47575378417969
164|460|59.54627990722656
164|502|63.69182586669922
164|526|42.16117477416992
164|602|34.101280212402344
164|664|39.548011779785156
164|766|37.50906753540039
164|844|94.88744354248047
164|849|48.92487335205078
164|852|69.20439147949219
164|858|63.66093063354492
164|860|58.355567932128906
164|867|72.40572357177734
164|927|91.80743408203125
164|935|37.83635330200195
164|1020|123.41413116455078
164|1097|35.36186599731445
164|1099|59.23262405395508
164|1104|43.08028030395508
164|1108|46.050453186035156
164|1177|70.36849975585938
164|1187|135.56707763671875
164|1251|54.567073822021484
164|1255|82.83263397216797
164|1264|46.2777214050293
165|301|115.51264190673828
165|508|37.42662048339844
165|765|38.286380767822266
165|1015|63.40031051635742
165|1103|49.204017639160156
165|1106|50.569766998291016
165|1109|44.64422607421875
165|1250|70.39872741699219
165|1267|54.269351959228516
165|1270|39.479103088378906
165|1274|39.41422653198242
166|547|34.29193878173828
166|670|43.82268524169922
166|710|50.68674850463867
166|942|34.19792175292969
167|300|62.7100830078125
168|921|41.70442199707031
168|1085|35.39939880371094
170|669|47.69641876220703
170|1177|34.858734130859375
171|503|57.782814025878906
172|843|40.12533187866211
172|1006|59.48493576049805
173|298|78.34282684326172
173|522|37.84345626831055
173|687|58.815311431884766
173|725|47.417762756347656
173|833|39.42152786254883
173|836|40.55271911621094
173|839|38.54145812988281
173|847|105.8993148803711
173|999|62.01034927368164
173|1003|57.02452087402344
173|1010|73.30464172363281
173|1164|57.22018814086914
173|1167|72.33292388916016
173|1175|129.51614379882812
174|834|49.848670959472656
174|842|35.06576156616211
174|1000|50.60063934326172
174|1004|60.62479019165039
174|1163|55.861270904541016
174|1170|46.0155029296875
174|1220|43.31239318847656
175|562|76.08128356933594
177|891|81.30844116210938
178|1060|40.823646545410156
178|1219|86.29399108886719
181|1221|50.11509704589844
182|1220|43.27738571166992
185|1221|44.28602981567383
186|891|35.21998977661133
190|603|61.722267150878906
190|736|46.59172821044922
190|1221|34.13008499145508
191|604|50.955970764160156
192|229|44.112892150878906
192|476|54.48419189453125
192|574|125.46403503417969
193|235|103.15483856201172
193|317|49.09489440917969
193|395|115.82411193847656
193|475|49.19390869140625
193|576|123.45567321777344
193|582|35.83878707885742
194|229|46.28096008300781
194|233|124.12338256835938
194|237|78.14375305175781
194|313|46.748809814453125
194|319|47.03411865234375
194|397|127.86471557617188
194|480|39.56311798095703
194|577|101.01280975341797
194|700|38.95090103149414
194|894|34.51963806152344
194|898|79.24665069580078
194|901|97.1145248413086
194|918|122.92037200927734
194|1065|83.15894317626953
194|1082|120.2574462890625
194|1226|136.31163024902344
194|1231|68.84825897216797
194|1252|46.67476272583008
194|1254|39.32518005371094
195|232|149.3171844482422
195|399|115.44891357421875
195|479|38.1566162109375
195|896|57.5496826171875
195|904|100.24650573730469
195|1081|112.64707946777344
195|1240|48.303321838378906
195|1246|68.5811538696289
195|1258|42.18794631958008
195|1285|38.85651397705078
196|311|50.27881622314453
196|905|131.74986267089844
196|1080|64.66253662109375
196|1147|34.267974853515625
196|1223|38.143638610839844
196|1234|96.56352233886719
197|895|82.0450668334961
197|906|126.70367431640625
197|916|42.39067077636719
197|1062|56.14806365966797
197|1070|38.79275131225586
197|1244|43.559173583984375
198|701|50.730350494384766
215|215|37.103271484375
215|1039|73.71473693847656
216|216|37.81160354614258
216|286|47.995147705078125
216|380|51.1110954284668
216|764|57.32021713256836
217|199|72.42586517333984
217|291|86.34050750732422
217|368|70.48967742919922
217|379|53.21001052856445
217|885|87.6058349609375
217|912|61.15278244018555
217|983|37.772342681884766
217|1148|43.07757568359375
217|1204|155.34942626953125
218|200|69.11107635498047
218|369|78.5580825805664
218|619|37.17148208618164
218|628|70.5085678100586
218|631|41.41249465942383
218|872|110.20552825927734
218|874|82.94502258300781
218|879|194.88751220703125
218|884|138.37747192382812
218|896|39.042354583740234
218|914|44.243446350097656
218|982|43.81829071044922
218|1035|147.05575561523438
218|1043|88.6231689453125
218|1200|150.37008666992188
218|1208|364.41943359375
218|1223|38.25663375854492
218|1241|80.530517578125
219|202|66.1506576538086
219|218|43.55896759033203
219|617|33.884769439697266
219|626|89.36370086669922
219|629|44.426483154296875
219|765|54.462066650390625
219|878|178.0984344482422
219|882|232.05702209472656
219|888|70.86638641357422
219|891|39.58808135986328
219|895|37.06636047363281
219|909|66.91282653808594
219|913|44.43083572387695
219|1041|148.8840789794922
219|1045|107.13539123535156
219|1050|39.58766555786133
219|1076|47.79386520385742
219|1136|34.72494888305664
219|1201|102.80288696289062
219|1206|229.44651794433594
219|1219|72.48802185058594
220|600|42.14286804199219
220|630|48.67551040649414
220|766|39.49039077758789
220|870|126.83015441894531
220|875|180.79238891601562
220|889|36.71160888671875
220|1040|175.8990936279297
220|1051|39.879974365234375
220|1198|109.84969329833984
220|1205|206.24656677246094
220|1212|170.21632385253906
220|1238|89.24513244628906
221|469|33.74848175048828
221|874|191.09632873535156
221|1037|157.57183837890625
222|1202|114.19581604003906
223|865|40.252540588378906
225|192|36.23847198486328
225|1029|40.20320129394531
225|1193|61.96572494506836
226|869|49.91917419433594
227|190|33.74262619018555
227|864|52.038211822509766
227|1193|58.51430892944336
230|190|35.5547981262207
230|1029|56.617835998535156
230|1194|34.16952133178711
231|1193|45.03908920288086
233|868|36.108272552490234
233|1033|36.1159553527832
234|271|46.937652587890625
234|865|74.87287139892578
234|1197|40.61695861816406
235|1029|53.9869270324707
237|864|68.34471130371094
237|1029|53.806575775146484
237|1033|35.02995681762695
237|1193|48.29420852661133
237|1196|34.30078887939453
238|1032|34.988529205322266
239|864|69.05806732177734
240|1028|40.252845764160156
241|863|65.95818328857422
241|1027|45.15795135498047
242|193|51.71882247924805
243|866|77.17440032958984
243|1023|55.12277603149414
244|195|93.99462127685547
244|274|58.1816291809082
244|568|33.87721633911133
244|712|34.09759521484375
244|844|47.03184509277344
244|853|185.96417236328125
244|856|204.9311981201172
244|862|124.12355041503906
244|1014|168.89646911621094
244|1031|222.96817016601562
244|1181|108.02706146240234
244|1185|143.34280395507812
245|527|80.50702667236328
245|671|86.06241607666016
245|713|34.42875289916992
245|855|263.8491516113281
245|860|226.9780731201172
245|863|95.28482818603516
245|874|38.49787521362305
245|880|34.220890045166016
245|1018|259.7979431152344
245|1022|134.81568908691406
245|1026|196.4619598388672
245|1092|47.49335479736328
245|1096|48.02152633666992
245|1182|134.95687866210938
245|1186|164.68167114257812
245|1190|308.11505126953125
245|1206|51.343162536621094
246|526|88.95152282714844
246|859|205.53892517089844
246|867|149.46145629882812
246|1008|61.30767822265625
246|1041|39.80217742919922
246|1089|45.2440299987793
246|1172|65.6220932006836
246|1177|123.99050903320312
246|1195|150.39649963378906
246|1210|64.3323974609375
247|738|58.23045349121094
247|851|173.3275604248047
247|1015|101.34332275390625
247|1181|54.29698944091797
248|671|42.880218505859375
248|1179|53.88450622558594
249|1009|48.2437858581543
249|1172|46.562278747558594
250|843|41.88697814941406
250|1173|48.498199462890625
250|1177|67.54424285888672
251|1008|43.535484313964844
252|844|51.79158020019531
252|1012|44.233036041259766
252|1176|54.209720611572266
253|1007|35.41257095336914
253|1013|44.645877838134766
253|1177|57.58876419067383
254|1008|37.17178726196289
255|1009|38.83696365356445
256|477|65.0838394165039
256|604|72.3370590209961
257|395|34.407527923583984
257|475|57.08233642578125
257|605|73.02354431152344
257|845|71.66816711425781
257|1009|39.0343132019043
257|1012|43.64998245239258
257|1171|52.8521842956543
258|313|67.55176544189453
258|316|56.66995620727539
258|481|43.0714111328125
258|1173|52.86354446411133
258|1176|136.14984130859375
259|233|35.782493591308594
259|314|76.7453842163086
259|397|35.47705841064453
259|739|36.858577728271484
259|842|49.432884216308594
259|1006|39.626102447509766
259|1175|195.68582153320312
260|399|42.25960922241211
260|479|57.72517395019531
260|833|36.271705627441406
260|839|39.021644592285156
260|1011|143.06149291992188
260|1174|149.11517333984375
260|1180|37.024131774902344
260|1245|34.17300033569336
261|311|35.40702438354492
261|1285|43.928009033203125
267|698|49.99028396606445
268|763|39.45523452758789
287|286|80.61795043945312
288|198|46.646087646484375
288|818|155.91766357421875
288|1213|35.31296920776367
289|368|51.73002243041992
289|448|144.59925842285156
289|819|154.4229736328125
290|447|133.29283142089844
290|624|70.05155181884766
290|885|54.00721740722656
290|983|150.29444885253906
290|1147|116.24227905273438
291|203|50.186065673828125
291|285|52.9351692199707
291|369|43.131935119628906
291|446|151.5443878173828
291|628|43.60495376586914
291|631|35.35585403442383
291|888|67.73339080810547
291|1052|83.6393814086914
291|1146|97.3978042602539
291|1217|52.527191162109375
292|370|41.39146423339844
292|627|34.91649627685547
292|1081|35.14964294433594
292|1215|64.88834381103516
292|1278|36.255096435546875
293|287|35.3303108215332
293|361|42.31656265258789
293|626|36.00369644165039
293|630|45.577049255371094
293|886|48.80870819091797
293|981|41.967838287353516
293|1276|38.537105560302734
294|817|59.34231185913086
295|981|42.399139404296875
296|445|44.972412109375
299|981|37.655120849609375
300|1145|57.62709045410156
306|1145|38.421138763427734
309|738|53.45635223388672
312|741|37.32016372680664
314|980|36.81717300415039
315|816|42.280921936035156
317|740|40.31237030029297
317|816|41.42627716064453
318|697|43.83796310424805
319|477|61.407936096191406
319|758|39.78407287597656
320|574|54.37594223022461
320|739|41.125099182128906
320|980|37.51374435424805
321|395|72.16995239257812
321|475|39.76742172241211
321|573|59.55630874633789
321|759|40.73871612548828
322|317|82.5732192993164
322|396|62.93229675292969
322|576|52.672767639160156
323|193|42.3814697265625
323|313|64.21537017822266
323|316|74.14688873291016
323|318|81.41482543945312
323|468|42.389041900634766
323|481|88.38636016845703
323|577|51.43801498413086
324|233|71.18980407714844
324|319|112.84259033203125
324|327|40.728607177734375
324|739|36.79789352416992
324|759|40.159393310546875
325|194|77.15569305419922
325|232|59.7979850769043
325|399|63.182777404785156
325|467|67.26464080810547
325|479|67.75080108642578
325|606|50.75340270996094
325|816|49.708770751953125
326|127|43.66436004638672
326|231|71.15697479248047
326|311|68.74095916748047
326|466|72.57136535644531
326|568|103.34107971191406
326|711|65.23284912109375
326|759|38.240318298339844
327|128|43.71957015991211
327|275|69.48041534423828
327|302|65.38472747802734
327|482|47.82039260864258
327|567|78.71318817138672
327|570|45.4307746887207
327|667|33.91960525512695
328|483|52.58280944824219
328|1144|53.857303619384766
329|276|71.5574722290039
329|731|55.905479431152344
330|277|67.32452392578125
331|301|39.93660354614258
331|710|37.021263122558594
332|300|35.924198150634766
332|465|72.9425277709961
333|664|35.86977005004883
333|667|44.04261016845703
333|710|38.37208938598633
334|670|41.20193862915039
334|698|45.161869049072266
335|547|57.64699172973633
337|300|35.2376823425293
337|546|49.97564697265625
337|668|38.76824188232422
339|669|67.41398620605469
340|668|68.89618682861328
341|1005|68.3951644897461
342|503|57.81074142456055
342|842|33.76979064941406
343|1170|55.589351654052734
344|726|44.231441497802734
345|842|51.74563217163086
345|1006|84.52882385253906
346|298|40.903053283691406
346|687|36.945899963378906
346|725|40.809383392333984
346|1005|98.53334045410156
346|1167|38.6095085144043
347|1004|95.0146484375
347|1170|40.96262741088867
348|1168|46.70079803466797
350|841|88.15725708007812
351|1169|69.36649322509766
360|450|72.35563659667969
361|368|101.67879486083984
361|449|75.89387512207031
362|369|71.95471954345703
362|379|36.50248718261719
363|614|60.94454574584961
363|793|41.7867317199707
364|369|77.4497299194336
364|615|70.67536163330078
364|618|67.92166137695312
364|621|85.15457153320312
365|204|44.530311584472656
365|370|97.36190032958984
365|608|50.43350601196289
365|617|66.54312133789062
368|279|43.736270904541016
368|371|39.892948150634766
368|794|44.585655212402344
370|791|62.2377815246582
371|738|39.88859558105469
371|1136|43.77484130859375
372|280|38.69263458251953
374|898|34.50719451904297
374|1062|35.52199172973633
382|697|45.393218994140625
385|394|42.376617431640625
385|573|75.0286636352539
387|235|71.27066040039062
387|576|47.91327667236328
388|237|35.98564910888672
388|322|44.42578887939453
388|577|68.5199203491211
388|1064|68.05029296875
389|321|47.36561965942383
389|398|58.71843338012695
389|403|59.43707275390625
389|696|38.123897552490234
389|1063|42.69664001464844
390|48|47.70123291015625
390|54|43.54199981689453
390|75|56.71884536743164
390|232|35.17491149902344
390|320|41.88505172729492
390|400|80.26962280273438
390|695|41.81854248046875
391|44|63.19425964355469
391|231|40.0009651184082
391|401|71.6563491821289
393|770|46.55615997314453
394|1063|43.41929626464844
395|771|35.9389762878418
395|1062|48.385528564453125
396|532|35.412940979003906
398|987|45.07847595214844
408|466|41.07542037963867
410|9|46.48154067993164
411|440|34.608943939208984
416|440|53.4722785949707
417|300|36.841712951660156
418|710|35.98771667480469
421|300|52.11722183227539
424|506|46.4787712097168
425|300|44.600406646728516
426|299|47.05604553222656
426|723|37.64459228515625
429|298|42.055572509765625
430|837|35.473487854003906
430|1165|39.183048248291016
431|215|49.536460876464844
431|522|56.8265380859375
431|686|111.10786437988281
431|833|62.004661560058594
431|838|42.372562408447266
431|1166|47.053436279296875
431|1171|42.078369140625
432|208|37.296730041503906
432|214|45.95341491699219
432|216|46.27806091308594
432|298|104.36731719970703
432|381|68.17507934570312
432|449|34.12852478027344
432|521|46.85262680053711
432|687|81.18970489501953
432|780|92.63114929199219
432|843|45.356651306152344
432|997|108.43838500976562
432|1001|84.81938934326172
433|382|84.92524719238281
433|457|49.34563446044922
433|684|90.72517395019531
433|725|96.56776428222656
433|836|148.19569396972656
433|842|43.82994842529297
433|844|42.14052200317383
433|1000|90.41496276855469
433|1164|113.7274398803711
434|379|48.807762145996094
434|778|44.570030212402344
434|840|58.88978576660156
434|1005|38.27314758300781
434|1166|138.5498504638672
434|1169|45.278831481933594
435|378|37.95171356201172
435|384|36.977821350097656
435|785|133.92884826660156
435|789|47.53059005737305
435|834|128.25531005859375
435|838|89.72791290283203
435|1162|149.9604034423828
436|471|50.45930862426758
436|781|96.96796417236328
436|784|134.3444366455078
436|1001|78.91342163085938
437|387|35.53159713745117
437|783|152.18104553222656
437|787|62.403568267822266
439|205|58.23706817626953
439|218|47.285797119140625
439|471|40.69932174682617
439|1169|36.73619079589844
440|206|46.57168960571289
440|787|40.528236389160156
440|1054|48.7611083984375
441|455|95.80333709716797
441|470|38.25069046020508
443|385|35.48056411743164
444|1152|48.15964889526367
448|991|34.245845794677734
448|1154|47.23253631591797
449|825|69.41507720947266
450|824|71.48444366455078
451|989|121.9771957397461
452|238|40.431358337402344
452|747|41.69423294067383
453|237|46.97156524658203
453|403|42.2884407043457
453|1155|39.32943344116211
454|240|38.72028732299805
455|973|56.679771423339844
456|1157|35.672691345214844
457|680|60.04718780517578
457|829|39.5716667175293
457|988|55.95433807373047
458|405|47.11448287963867
459|992|35.01774597167969
461|829|40.20556640625
461|1154|46.72400665283203
461|1157|37.416133880615234
462|680|48.2829704284668
463|721|47.14365768432617
463|973|37.240203857421875
463|992|36.05055236816406
466|680|37.614173889160156
467|829|36.04569625854492
467|1158|43.381568908691406
469|974|33.92985153198242
472|1158|65.36614227294922
473|830|35.59513854980469
475|1158|65.1427001953125
476|830|38.874969482421875
477|993|57.86131286621094
478|557|34.14317321777344
480|830|45.29460144042969
482|558|35.224769592285156
484|516|51.14038848876953
484|974|79.01457977294922
484|994|62.352264404296875
486|357|65.99302673339844
486|691|107.33968353271484
486|1138|50.028892517089844
486|1158|57.08378601074219
487|48|66.68531799316406
487|75|91.00658416748047
487|239|48.33995819091797
487|241|45.24895095825195
487|403|53.55558395385742
487|405|50.729644775390625
487|567|38.72333526611328
487|732|40.14363098144531
487|1139|54.24141311645508
488|44|54.418296813964844
488|692|62.91990280151367
488|975|63.49135971069336
488|1159|64.53184509277344
492|8|46.990272521972656
492|12|56.186187744140625
492|173|34.52036666870117
492|508|51.7702522277832
492|549|74.26493835449219
492|811|119.58090209960938
492|844|38.670188903808594
492|975|95.35863494873047
492|994|67.91340637207031
493|440|37.932090759277344
493|1139|108.3212890625
493|1172|49.148902893066406
495|508|94.6157455444336
495|1171|38.382511138916016
496|1159|41.018585205078125
497|831|40.77322769165039
497|1007|36.991600036621094
498|810|56.99101638793945
500|1159|36.71657943725586
501|518|35.063236236572266
502|994|37.47410583496094
504|831|49.79501724243164
508|471|49.67936706542969
508|995|39.856231689453125
508|1056|110.0830307006836
509|1153|34.246036529541016
510|518|46.311954498291016
512|825|72.8511734008789
512|1153|33.96956253051758
515|503|47.32625198364258
515|709|65.22541809082031
515|826|35.901485443115234
515|990|68.91822814941406
515|1160|57.31868362426758
516|221|52.90280532836914
516|408|40.4886474609375
516|456|73.1888198852539
516|519|46.1284065246582
516|748|41.360355377197266
516|832|41.83018112182617
516|999|33.808326721191406
516|1002|38.821266174316406
516|1006|34.130001068115234
517|559|36.007057189941406
517|996|70.09672546386719
517|1161|57.98683166503906
518|298|50.71225357055664
518|522|63.002540588378906
518|685|74.08049774169922
518|837|33.90066909790039
518|1167|45.513179779052734
519|521|70.67266845703125
519|826|41.26611328125
519|839|41.57650375366211
519|1162|43.91862487792969
519|1164|62.15493392944336
519|1168|43.42832946777344
520|684|74.90997314453125
521|243|34.329833984375
521|560|71.10429382324219
521|833|86.17668914794922
521|1004|75.93810272216797
521|1161|35.99681854248047
522|826|34.526580810546875
522|997|65.91336822509766
522|1000|74.54093933105469
522|1168|54.428749084472656
523|242|40.01568603515625
524|1163|36.78322219848633
527|1154|42.96380615234375
527|1169|41.413482666015625
566|691|39.25853729248047
569|852|52.34939956665039
569|863|53.12966537475586
569|1139|38.083194732666016
569|1152|37.14007568359375
569|1181|55.79925537109375
569|1184|50.18123245239258
570|857|51.316585540771484
570|862|74.53221130371094
571|467|52.232566833496094
571|854|69.18075561523438
571|1025|50.476898193359375
571|1183|74.6688003540039
571|1190|66.19759368896484
572|1018|56.03005599975586
572|1021|39.94939422607422
572|1139|34.16268539428711
572|1182|61.861907958984375
573|849|35.1898307800293
573|858|45.894535064697266
573|867|68.08897399902344
573|975|35.6881217956543
573|1017|53.50069046020508
573|1019|53.88233947753906
573|1023|55.899444580078125
573|1153|39.6827278137207
573|1188|55.43231964111328
573|1195|63.62813949584961
574|549|39.66554260253906
575|548|35.314239501953125
575|811|53.400978088378906
575|825|47.93620681762695
575|1139|39.56554412841797
575|1180|34.20973587036133
576|440|58.89067077636719
577|850|41.38447952270508
577|990|36.19425964355469
577|1179|51.06735610961914
578|508|40.384212493896484
579|825|36.00992202758789
579|1035|38.61207962036133
579|1153|35.113304138183594
580|811|37.25078582763672
580|976|43.18996047973633
580|990|58.4453125
580|1036|35.46360778808594
580|1213|35.98182678222656
581|471|47.56206512451172
581|747|46.22859191894531
581|872|33.83896255493164
581|1200|55.90587615966797
581|1217|50.29841995239258
582|810|33.93274688720703
582|888|53.33628845214844
582|1216|52.43498992919922
583|883|34.65437316894531
583|1215|44.189422607421875
584|472|39.022430419921875
584|887|48.4420051574707
584|1057|36.474815368652344
585|994|34.96845626831055
586|547|37.10036849975586
588|870|37.76142501831055
588|1198|39.935508728027344
590|456|90.40767669677734
591|831|37.477413177490234
592|470|36.135501861572266
593|506|38.44689178466797
594|1160|58.10565948486328
595|832|51.48493957519531
596|532|42.249656677246094
599|1012|34.485294342041016
601|709|63.612003326416016
601|832|52.97117233276367
601|995|60.32998275756836
601|1160|63.32307815551758
603|519|52.99065399169922
603|848|34.209999084472656
603|1002|56.21524429321289
604|686|80.87892150878906
604|998|90.24407196044922
605|298|55.395320892333984
605|521|92.584716796875
605|833|47.58259963989258
606|836|83.52842712402344
606|839|65.09786224365234
606|999|100.6832046508789
606|1164|85.4607162475586
606|1167|61.738685607910156
607|684|70.75515747070312
607|687|58.921932220458984
607|837|99.31192779541016
607|840|65.30744171142578
607|1000|103.08769226074219
607|1165|96.0604019165039
607|1168|57.51517868041992
608|560|59.57014465332031
608|1162|79.95208740234375
608|1166|72.03684997558594
609|680|38.94529724121094
609|834|70.22113037109375
609|839|55.139522552490234
609|997|63.43156814575195
610|835|47.955936431884766
610|996|46.390628814697266
610|1163|65.08223724365234
612|996|39.493282318115234
647|691|47.496456146240234
647|779|37.44908905029297
649|382|41.0180549621582
650|779|38.31828308105469
651|568|40.34872055053711
652|466|42.88546371459961
652|569|54.05758285522461
652|778|47.314369201660156
652|789|35.42522048950195
653|785|68.1101303100586
653|1055|37.725494384765625
654|781|40.32474136352539
654|786|55.20454788208008
655|615|34.685997009277344
655|784|74.77899169921875
656|9|53.705814361572266
656|173|36.97337341308594
656|549|33.74101638793945
656|623|41.60129928588867
656|783|65.90815734863281
657|787|39.05997085571289
657|975|33.80457305908203
657|1139|37.97604751586914
658|387|36.5997200012207
660|508|49.674530029296875
662|788|34.833011627197266
684|45|34.771602630615234
690|1170|35.560394287109375
694|1000|35.227813720703125
721|449|36.719303131103516
728|1052|40.773765563964844
732|1051|47.697303771972656
736|860|39.22154998779297
736|1018|38.7029914855957
737|859|33.8497200012207
737|1019|34.138206481933594
738|9|36.091644287109375
775|1176|44.73625946044922
776|847|49.49839401245117
779|840|42.14994812011719
780|1168|48.99530029296875
782|846|36.66701889038086
782|1174|35.02464294433594
798|1213|34.350006103515625
800|888|48.308998107910156
800|1217|48.83821487426758
804|1215|39.785037994384766
805|886|34.74987030029297
805|1214|39.60176467895508
816|1019|34.57431411743164
869|1162|36.200775146484375
1517|308|34.504058837890625
1538|495|38.2077751159668