Lean On
DJ Snake, Major Lazer
MØ
EDM
lean_on
2049x1292
3122

7|640|125.08087921142578
7|644|121.24259948730469
7|652|126.89920043945312
7|657|122.47117614746094
7|743|112.60777282714844
7|747|114.61183166503906
7|762|115.92807006835938
7|850|106.88938903808594
7|855|111.48136901855469
7|863|106.54601287841797
7|867|108.50323486328125
7|956|103.5363998413086
7|960|104.30968475341797
7|969|103.78760528564453
7|973|106.12158966064453
7|1059|118.69578552246094
7|1063|119.8399658203125
7|1068|60.43394470214844
7|1073|109.18205261230469
7|1079|125.96321105957031
7|1084|47.4486083984375
7|1128|29.02367401123047
7|1165|114.37863159179688
7|1168|115.73667907714844
7|1179|116.10599517822266
7|1185|110.9163589477539
7|1189|59.338531494140625
7|1271|111.0378646850586
7|1273|111.23206329345703
7|1279|50.736167907714844
7|1284|106.15625
7|1290|110.58557891845703
8|670|164.8362274169922
8|677|158.7041015625
8|683|164.40501403808594
8|769|155.96961975097656
8|774|151.8680877685547
8|786|151.7271270751953
8|789|152.24465942382812
8|877|142.32167053222656
8|880|146.98004150390625
8|894|145.58152770996094
8|982|136.9456787109375
8|986|138.34201049804688
8|994|135.58714294433594
8|998|143.97467041015625
8|1067|76.91569519042969
8|1077|100.0955810546875
8|1089|163.08172607421875
8|1102|158.31170654296875
8|1173|66.20829772949219
8|1183|87.73448944091797
8|1194|153.1293487548828
8|1205|144.59756469726562
8|1208|145.4096221923828
8|1242|41.9029541015625
8|1288|90.27631378173828
9|687|61.28238296508789
9|692|185.28518676757812
9|695|185.09063720703125
9|704|177.8370361328125
9|710|185.12820434570312
9|795|179.66409301757812
9|800|180.59666442871094
9|808|179.72328186035156
9|812|171.78579711914062
9|814|171.17904663085938
9|821|164.0917510986328
9|825|165.7798614501953
9|828|170.6396484375
9|834|156.75592041015625
9|841|167.81219482421875
9|906|167.13934326171875
9|916|160.1549530029297
9|920|168.0399627685547
9|1111|219.7333984375
9|1115|182.2500457763672
9|1120|127.0893783569336
9|1125|211.54296875
9|1131|174.718505859375
9|1172|73.21636962890625
9|1182|71.96173095703125
9|1192|98.2634048461914
9|1219|170.32127380371094
9|1221|174.11929321289062
9|1226|109.0614013671875
9|1230|209.8509521484375
9|1237|169.70335388183594
9|1247|169.68104553222656
9|1256|207.3616485595703
9|1259|164.8663330078125
9|1278|73.09488677978516
10|636|120.66535949707031
10|649|133.99278259277344
10|676|124.51173400878906
10|729|177.07379150390625
10|768|129.6876678466797
10|781|116.10762786865234
10|794|173.83978271484375
10|807|173.7366943359375
10|820|163.59033203125
10|833|151.6717071533203
10|1058|143.75485229492188
10|1071|142.4737548828125
10|1076|74.33766174316406
10|1084|156.29026794433594
10|1119|97.2177505493164
10|1124|221.0091094970703
10|1137|151.60287475585938
10|1151|196.37353515625
10|1163|144.16912841796875
10|1190|136.84310913085938
10|1203|143.06504821777344
10|1225|110.07289123535156
10|1269|137.65805053710938
10|1282|133.21307373046875
10|1287|67.1667709350586
11|662|147.19422912597656
11|675|157.8719482421875
11|715|229.40321350097656
11|722|197.7064666748047
11|730|192.81170654296875
11|736|183.57196044921875
11|741|146.61734008789062
11|754|144.4259033203125
11|931|177.2303924560547
11|934|178.73875427246094
11|942|173.0701141357422
11|947|166.8079833984375
11|1057|183.33270263671875
11|1097|141.66021728515625
11|1123|172.53598022460938
11|1141|180.32260131835938
11|1143|180.43948364257812
11|1152|198.04835510253906
11|1176|150.42408752441406
11|1181|32.855430603027344
11|1189|163.1913604736328
11|1202|170.65634155273438
11|1215|154.33273315429688
11|1242|130.8624267578125
11|1255|152.78738403320312
11|1268|143.95556640625
12|635|163.52476501464844
12|648|171.8592529296875
12|661|170.99681091308594
12|674|157.0851287841797
12|688|153.6968231201172
12|701|156.07992553710938
12|727|150.8860321044922
12|767|151.6611328125
12|780|156.82864379882812
12|793|152.88177490234375
12|806|148.38047790527344
12|1070|172.76998901367188
12|1083|175.0029296875
12|1136|151.39749145507812
12|1138|74.9560317993164
12|1162|151.32444763183594
12|1175|146.3303680419922
12|1228|161.03253173828125
12|1241|135.5627899169922
12|1281|154.8232421875
13|687|132.2930908203125
13|740|154.5987091064453
13|753|138.3155517578125
13|819|136.60646057128906
13|832|127.9185791015625
13|1066|35.63466262817383
13|1086|29.880020141601562
13|1096|172.8015899658203
13|1109|166.6182861328125
13|1119|70.94860076904297
13|1122|142.90536499023438
13|1149|167.478759765625
13|1182|19.220806121826172
13|1188|140.28692626953125
13|1234|57.40982437133789
13|1244|52.58953094482422
13|1254|156.34840393066406
13|1287|58.522220611572266
14|41|25.634859085083008
14|107|27.582080841064453
14|127|24.505136489868164
14|639|20.740516662597656
14|641|20.80061912536621
14|645|20.642051696777344
14|856|31.6077938079834
14|865|23.75302505493164
14|870|20.98889923095703
14|952|21.222274780273438
14|1067|48.48826599121094
14|1072|23.37639808654785
14|1080|26.229801177978516
14|1139|47.20168685913086
14|1167|25.095836639404297
14|1185|26.02159309387207
14|1277|42.40137481689453
15|2|19.645980834960938
15|11|26.156959533691406
15|21|23.492116928100586
15|31|25.17365074157715
15|42|25.63806915283203
15|117|25.955547332763672
15|137|19.707971572875977
15|147|29.602487564086914
15|212|20.524948120117188
15|318|18.567350387573242
15|638|21.150531768798828
15|647|85.67514038085938
15|845|22.084583282470703
15|960|20.386442184448242
15|1079|24.88848114013672
15|1166|28.643342971801758
15|1184|25.01140022277832
15|1278|39.032413482666016
16|242|24.916004180908203
16|252|23.109256744384766
16|463|18.832706451416016
16|559|18.834754943847656
16|568|18.798376083374023
16|980|37.690956115722656
16|990|31.085128784179688
16|1077|30.959613800048828
16|1086|40.01498794555664
16|1192|28.05013656616211
17|357|19.181495666503906
17|989|30.488201141357422
17|1139|34.57168960571289
17|1171|30.17744255065918
17|1181|31.31143569946289
18|54|54.32626724243164
18|64|56.724605560302734
18|74|46.967628479003906
18|84|46.09262466430664
18|94|47.688323974609375
18|160|50.661827087402344
18|170|53.2220458984375
18|180|28.278724670410156
18|189|50.04530334472656
18|199|47.32706069946289
18|265|32.8505973815918
18|275|27.654138565063477
18|285|31.165428161621094
18|371|32.76731872558594
18|381|27.53563690185547
18|390|22.850154876708984
18|400|20.234846115112305
18|410|24.767393112182617
18|417|34.30613708496094
18|476|26.56195831298828
18|486|25.25815200805664
18|496|30.889713287353516
18|582|30.284984588623047
18|591|20.336380004882812
18|601|23.704730987548828
18|621|24.53451156616211
18|628|22.249788284301758
18|707|34.151729583740234
18|795|28.657594680786133
18|802|30.894264221191406
18|806|81.08496856689453
18|813|30.74724769592285
18|819|81.60578155517578
18|822|27.595094680786133
18|832|88.02253723144531
18|835|28.033138275146484
18|898|29.027420043945312
18|908|34.83484649658203
18|914|19.69732666015625
18|918|19.21476173400879
18|1076|55.286712646484375
18|1085|31.620820999145508
18|1113|23.33771324157715
18|1119|73.2348403930664
18|1130|46.85697555541992
18|1230|23.876995086669922
18|1234|46.97257614135742
18|1244|54.52824783325195
18|1256|32.629547119140625
18|1261|33.91973114013672
18|1264|21.112445831298828
18|1287|53.3737907409668
19|370|28.341947555541992
19|627|23.415983200073242
19|700|99.30999755859375
19|713|106.22305297851562
19|805|81.19105529785156
19|821|22.323240280151367
19|1109|92.37629699707031
19|1118|69.9620132446289
19|1138|39.15703582763672
19|1214|115.06240844726562
19|1241|85.48001861572266
19|1260|31.955774307250977
19|1277|52.092323303222656
20|660|99.89358520507812
20|674|91.90589904785156
20|687|92.73026275634766
20|726|97.21882629394531
20|753|95.29679870605469
20|819|83.0489273071289
20|832|94.93572235107422
20|1056|122.0822982788086
20|1082|92.43114471435547
20|1122|102.5191650390625
20|1135|103.49685668945312
20|1175|90.19049835205078
20|1188|99.26818084716797
20|1201|100.47530364990234
21|232|19.547876358032227
21|311|20.77174949645996
21|634|116.17500305175781
21|647|105.71156311035156
21|713|100.2093276977539
21|739|105.65664672851562
21|766|106.04180908203125
21|779|91.64741516113281
21|792|94.97571563720703
21|949|26.407630920410156
21|953|28.228975296020508
21|962|22.288698196411133
21|1066|37.697715759277344
21|1069|101.87641906738281
21|1073|26.69622802734375
21|1095|85.59451293945312
21|1148|108.54922485351562
21|1172|45.812957763671875
21|1178|23.533672332763672
21|1224|27.651748657226562
21|1240|91.4388198852539
21|1254|87.32180786132812
21|1267|94.56704711914062
21|1270|23.042320251464844
21|1280|103.93138122558594
21|1284|24.131359100341797
21|1287|27.936180114746094
22|2|29.985374450683594
22|21|54.33235549926758
22|32|30.813032150268555
22|107|24.61436653137207
22|117|50.71479415893555
22|136|27.788070678710938
22|147|37.295475006103516
22|212|24.51323127746582
22|295|35.24196243286133
22|305|42.58794021606445
22|314|22.139854431152344
22|321|21.662702560424805
22|339|19.473167419433594
22|423|29.64200782775879
22|506|33.680519104003906
22|516|24.544788360595703
22|518|22.802446365356445
22|522|31.243669509887695
22|548|31.813528060913086
22|637|33.3305778503418
22|641|35.505096435546875
22|651|32.195796966552734
22|654|30.541507720947266
22|660|100.56385040283203
22|719|36.08218765258789
22|733|22.935375213623047
22|743|38.33699035644531
22|750|37.90069580078125
22|757|27.191665649414062
22|849|27.595260620117188
22|854|33.77961730957031
22|864|31.016212463378906
22|867|33.717681884765625
22|928|40.047996520996094
22|934|25.491230010986328
22|937|31.696212768554688
22|946|37.027809143066406
22|954|30.26531410217285
22|957|31.068925857543945
22|959|30.40121078491211
22|971|40.10108947753906
22|1061|35.13496398925781
22|1072|26.453636169433594
22|1082|90.27600860595703
22|1138|39.13787078857422
22|1142|24.48969268798828
22|1152|49.37908935546875
22|1157|33.116615295410156
22|1161|103.84458923339844
22|1164|33.762046813964844
22|1182|55.444984436035156
22|1187|80.83837890625
22|1227|91.84346771240234
22|1253|83.0041275024414
22|1272|28.34539794921875
22|1283|26.170801162719727
22|1286|23.148605346679688
22|1290|24.368757247924805
23|686|77.3139877319336
23|752|71.8276138305664
23|1108|80.35791778564453
23|1174|80.86172485351562
24|252|32.7789306640625
24|348|29.05976676940918
24|453|25.330448150634766
24|463|28.20796775817871
24|673|89.09900665283203
24|805|64.95026397705078
24|1086|31.1462345123291
24|1095|82.57465362548828
24|1155|22.563873291015625
25|242|35.83878707885742
25|1085|28.337671279907227
25|1092|23.3220157623291
25|1102|26.599729537963867
25|1129|34.79201126098633
25|1191|25.420166015625
25|1198|31.911867141723633
25|1208|22.2440242767334
25|1234|22.977575302124023
25|1251|22.610788345336914
25|1260|21.146474838256836
25|1277|26.839372634887695
25|1287|20.834871292114258
26|832|51.34001541137695
26|1066|23.314722061157227
26|1121|62.87834548950195
26|1128|33.3576545715332
26|1145|20.21105194091797
26|1155|20.561323165893555
26|1174|58.34498977661133
26|1261|23.58713150024414
26|1266|41.384613037109375
27|64|63.99195861816406
27|74|57.33759307861328
27|160|60.16204833984375
27|169|51.59246826171875
27|179|38.28486251831055
27|285|23.582199096679688
27|370|44.76506423950195
27|390|38.71025848388672
27|416|20.950538635253906
27|486|21.89933204650879
27|582|23.41373062133789
27|591|31.287967681884766
27|601|37.186546325683594
27|611|22.638113021850586
27|691|35.22379684448242
27|694|26.710498809814453
27|697|18.763338088989258
27|706|26.513002395629883
27|709|25.83953094482422
27|739|41.738624572753906
27|795|19.585617065429688
27|802|43.15037155151367
27|808|20.056129455566406
27|813|18.52816390991211
27|823|19.55063247680664
27|828|18.93216896057129
27|836|23.080917358398438
27|902|29.153635025024414
27|906|23.944841384887695
27|917|25.156064987182617
27|921|21.25783920288086
27|1113|26.910367965698242
27|1124|21.22916030883789
27|1134|54.395530700683594
27|1171|26.524999618530273
27|1214|72.46701049804688
27|1218|36.97868728637695
27|1237|25.31524658203125
27|1246|33.61453628540039
27|1253|47.683250427246094
27|1259|19.195138931274414
28|73|50.97593688964844
28|159|59.28547668457031
28|199|41.29338836669922
28|222|21.655654907226562
28|231|26.932998657226562
28|327|23.55986976623535
28|485|22.117212295532227
28|581|24.191448211669922
28|610|23.99276351928711
28|687|37.10829544067383
28|779|40.182403564453125
28|804|43.966758728027344
28|818|37.5103759765625
28|831|43.94562911987305
28|837|21.279621124267578
28|898|20.42411231994629
28|922|18.897130966186523
28|1122|38.66196060180664
28|1128|32.13605499267578
28|1170|20.560720443725586
28|1224|26.565717697143555
28|1234|42.42267608642578
28|1244|25.80678939819336
28|1279|51.67197036743164
29|1|33.58679962158203
29|11|25.891672134399414
29|21|27.979724884033203
29|41|35.283329010009766
29|127|23.91214370727539
29|136|42.38207244873047
29|198|31.054250717163086
29|223|23.074268341064453
29|232|27.966279983520508
29|328|22.659486770629883
29|433|21.580307006835938
29|443|22.98484992980957
29|539|20.22060775756836
29|640|21.07112693786621
29|644|23.265790939331055
29|647|48.71730422973633
29|654|36.99758529663086
29|699|38.593505859375
29|726|44.70179748535156
29|743|22.47913932800293
29|758|19.903860092163086
29|765|49.6089973449707
29|778|38.85272216796875
29|792|38.200679779052734
29|805|42.59392166137695
29|845|19.711397171020508
29|855|43.84917068481445
29|865|50.70195388793945
29|951|18.652912139892578
29|954|20.838829040527344
29|960|32.72450637817383
29|970|50.090599060058594
29|1059|21.54037857055664
29|1066|51.186439514160156
29|1072|25.244884490966797
29|1076|25.384227752685547
29|1165|21.47683334350586
29|1171|24.36823272705078
29|1227|36.61007308959961
29|1267|33.48649597167969
29|1270|37.96703338623047
29|1277|50.362586975097656
29|1283|20.477880477905273
29|1287|37.13100814819336
29|1289|35.68680953979492
30|10|25.806028366088867
30|432|19.386384963989258
30|442|19.727163314819336
30|686|42.29195022583008
30|1068|34.85032653808594
30|1121|35.64966583251953
30|1161|37.2618293762207
30|1174|43.455875396728516
31|1108|52.83418655395508
31|1181|23.846363067626953
31|1234|26.291040420532227
31|1279|29.796985626220703
32|242|93.04757690429688
32|252|77.02180480957031
32|295|84.68891143798828
32|297|72.97959899902344
32|304|111.98218536376953
32|307|79.52733612060547
32|311|93.60323333740234
32|347|98.53070068359375
32|357|86.93470001220703
32|453|77.37078857421875
32|463|61.825435638427734
32|506|63.61459732055664
32|515|86.85145568847656
32|522|75.61145782470703
32|531|21.49282455444336
32|558|84.74649047851562
32|568|66.15827178955078
32|571|56.29747009277344
32|664|67.31507873535156
32|673|66.93357849121094
32|676|29.11375617980957
32|717|61.528873443603516
32|733|39.421993255615234
32|736|27.995346069335938
32|739|42.59104537963867
32|752|32.47835159301758
32|765|36.77174377441406
32|769|62.57419204711914
32|772|54.88273239135742
32|782|46.881229400634766
32|818|28.5152530670166
32|885|36.82543182373047
32|937|53.62974166870117
32|944|28.974510192871094
32|980|76.7889175415039
32|990|39.05518341064453
32|1086|65.85516357421875
32|1088|58.41926574707031
32|1138|49.982749938964844
32|1151|39.373443603515625
32|1156|35.657344818115234
32|1191|50.882686614990234
32|1203|34.14318084716797
33|528|41.13854217529297
33|537|22.398666381835938
33|647|35.88743591308594
33|660|38.480899810791016
33|699|31.810104370117188
33|713|33.8588981628418
33|726|48.747764587402344
33|729|40.19031524658203
33|779|67.67792510986328
33|792|25.98821258544922
33|875|49.351863861083984
33|884|34.58769607543945
33|927|54.003990173339844
33|938|52.6456298828125
33|1069|39.42402648925781
33|1075|28.807174682617188
33|1096|29.027225494384766
33|1121|26.745542526245117
33|1150|40.630088806152344
33|1161|39.087833404541016
33|1201|56.314453125
33|1227|26.77227020263672
33|1240|25.312183380126953
34|336|24.221193313598633
34|883|19.88899803161621
34|936|25.682804107666016
34|1095|27.455059051513672
34|1154|24.486387252807617
34|1253|39.438575744628906
34|1280|30.752166748046875
35|188|40.9017333984375
35|221|54.827880859375
35|844|30.143997192382812
35|1081|19.44643783569336
35|1243|25.693836212158203
35|1279|31.295339584350586
36|2|95.53885650634766
36|7|53.53094482421875
36|11|97.68276977539062
36|21|92.23038482666016
36|27|37.583065032958984
36|31|130.52171325683594
36|37|44.65959167480469
36|41|55.19640350341797
36|44|60.88111114501953
36|50|28.637475967407227
36|54|74.56210327148438
36|59|35.27482986450195
36|64|55.87485122680664
36|74|116.50605773925781
36|79|51.03388595581055
36|84|119.24436950683594
36|89|62.63764572143555
36|93|105.75984954833984
36|107|102.76404571533203
36|112|53.538299560546875
36|116|100.26506042480469
36|127|122.52420806884766
36|136|77.58729553222656
36|142|29.17801284790039
36|146|87.05147552490234
36|152|23.63004493713379
36|159|102.79890441894531
36|165|42.34484100341797
36|169|93.93560791015625
36|175|42.82561111450195
36|179|89.26334381103516
36|185|45.251747131347656
36|189|71.23076629638672
36|195|32.793067932128906
36|199|107.12289428710938
36|204|47.926605224609375
36|212|93.5586166381836
36|222|76.05884552001953
36|228|34.95090103149414
36|232|54.919429779052734
36|265|70.09892272949219
36|270|34.869667053222656
36|275|53.867332458496094
36|279|29.93513298034668
36|285|46.49925994873047
36|318|70.81522369384766
36|328|49.514732360839844
36|337|52.66969299316406
36|343|31.811384201049805
36|370|57.90776443481445
36|376|27.08994483947754
36|380|36.92827224731445
36|390|79.40483856201172
36|396|38.32707214355469
36|400|79.8066177368164
36|406|40.00409698486328
36|410|62.81108093261719
36|417|46.503883361816406
36|423|59.342472076416016
36|433|57.33407974243164
36|438|30.21234703063965
36|442|41.24021530151367
36|445|29.188182830810547
36|448|23.613693237304688
36|476|54.366512298583984
36|481|31.97104263305664
36|486|63.32505416870117
36|492|25.678680419921875
36|495|60.40833282470703
36|529|54.37191390991211
36|534|31.407306671142578
36|538|38.04579162597656
36|542|22.524961471557617
36|548|57.575862884521484
36|554|21.370914459228516
36|581|50.213401794433594
36|587|25.72475242614746
36|591|64.34528350830078
36|597|27.653934478759766
36|601|61.92595291137695
36|607|27.36432456970215
36|611|67.98240661621094
36|621|56.35012435913086
36|627|35.05592346191406
36|634|75.06773376464844
36|644|48.44593048095703
36|648|20.57303810119629
36|650|22.79132843017578
36|654|38.04073715209961
36|687|37.50716018676758
36|696|50.33988952636719
36|703|19.52295684814453
36|707|34.47322463989258
36|713|35.323486328125
36|745|19.97260856628418
36|749|40.323394775390625
36|759|33.7218132019043
36|765|43.96762466430664
36|793|26.09364891052246
36|802|42.91275405883789
36|812|41.40632629394531
36|818|39.81637954711914
36|822|39.254459381103516
36|828|19.87782859802246
36|831|44.493812561035156
36|838|37.09759521484375
36|845|38.005958557128906
36|855|44.873905181884766
36|865|27.813329696655273
36|898|62.98950958251953
36|903|39.74967956542969
36|909|58.5864143371582
36|914|31.27964973449707
36|918|25.879493713378906
36|950|33.91535949707031
36|962|37.03643035888672
36|970|28.985620498657227
36|1056|59.14287185668945
36|1066|41.0799446105957
36|1069|40.64312744140625
36|1075|47.48185348510742
36|1110|29.3405818939209
36|1114|26.162553787231445
36|1121|54.19175338745117
36|1125|22.07241439819336
36|1128|39.87759780883789
36|1134|39.0648307800293
36|1148|24.51275062561035
36|1154|20.340139389038086
36|1163|23.731321334838867
36|1167|29.28386878967285
36|1171|53.66265869140625
36|1181|46.3125114440918
36|1187|39.41429138183594
36|1200|27.8126163482666
36|1214|65.7330093383789
36|1220|19.435131072998047
36|1229|20.92613983154297
36|1234|59.80372619628906
36|1244|33.540767669677734
36|1260|40.44451141357422
36|1266|26.159664154052734
36|1276|38.86776351928711
36|1283|19.38103675842285
36|1286|49.95309829711914
36|1289|46.14609909057617
37|42|52.579437255859375
37|88|60.129825592041016
37|240|18.604421615600586
37|346|23.734949111938477
37|451|18.8900146484375
37|633|59.33864974975586
37|659|23.397197723388672
37|778|26.511194229125977
37|1068|46.672096252441406
37|1095|34.62801742553711
37|1109|30.529254913330078
37|1162|22.265260696411133
37|1165|21.400571823120117
37|1173|42.955440521240234
37|1224|40.569766998291016
37|1226|27.770282745361328
37|1277|35.9819450378418
38|379|19.402318954467773
38|415|19.64406394958496
38|477|19.98790168762207
38|699|29.34078598022461
38|726|24.059659957885742
39|647|22.109323501586914
39|660|24.374706268310547
39|686|25.20924186706543
39|1214|30.542062759399414
39|1227|26.090145111083984
40|752|22.258573532104492
40|765|22.541337966918945
40|792|20.007854461669922
40|805|23.741613388061523
40|818|19.47478675842285
40|874|28.670635223388672
40|1065|24.60317039489746
41|242|62.74373245239258
41|252|57.231666564941406
41|347|42.88434982299805
41|357|35.62080001831055
41|360|28.069538116455078
41|453|36.24319076538086
41|463|47.741302490234375
41|560|29.775922775268555
41|570|41.55757522583008
41|664|29.795679092407227
41|673|36.34407424926758
41|770|30.914657592773438
41|779|41.69267654418945
41|875|34.0960578918457
41|878|31.812942504882812
41|980|21.94829559326172
41|990|32.340492248535156
41|1087|34.472869873046875
41|1095|24.51565170288086
41|1098|25.421615600585938
41|1108|30.810598373413086
41|1121|23.64241600036621
41|1193|20.51377296447754
41|1200|28.087669372558594
41|1204|21.916015625
41|1207|19.326194763183594
42|115|19.925243377685547
42|379|22.20368194580078
42|409|20.267658233642578
42|446|27.955791473388672
42|1213|26.746179580688477
43|2|47.11606216430664
43|13|62.93735122680664
43|21|52.313323974609375
43|31|48.510963439941406
43|40|59.071834564208984
43|54|61.91013717651367
43|64|38.62485122680664
43|69|20.97049331665039
43|74|48.478904724121094
43|84|40.774818420410156
43|94|35.54811096191406
43|96|33.00685119628906
43|99|24.936416625976562
43|107|43.727664947509766
43|116|29.102163314819336
43|126|51.08180236816406
43|136|38.144527435302734
43|146|62.17610168457031
43|159|44.21983337402344
43|169|49.490440368652344
43|179|52.79994201660156
43|189|38.05952835083008
43|199|44.7049446105957
43|212|26.19959831237793
43|222|46.33479690551758
43|232|29.230571746826172
43|265|29.71416664123535
43|275|41.96757888793945
43|285|21.97871971130371
43|294|36.490047454833984
43|304|37.294639587402344
43|311|51.6271858215332
43|316|71.72550964355469
43|320|31.205760955810547
43|328|21.51031494140625
43|337|33.42998504638672
43|370|32.9418830871582
43|380|37.079227447509766
43|390|32.919395446777344
43|400|27.928768157958984
43|410|25.661008834838867
43|416|30.372386932373047
43|423|28.582496643066406
43|427|40.66292953491211
43|433|38.59988021850586
43|447|47.918399810791016
43|475|23.415691375732422
43|486|29.11441993713379
43|496|23.99715232849121
43|498|21.602174758911133
43|505|34.148292541503906
43|516|19.59078598022461
43|522|21.64460563659668
43|525|29.605831146240234
43|528|24.21321678161621
43|538|24.93622398376465
43|548|35.754024505615234
43|581|22.629920959472656
43|591|26.333581924438477
43|601|34.636505126953125
43|611|31.568592071533203
43|621|29.698225021362305
43|627|22.641456604003906
43|644|21.469085693359375
43|646|26.14883041381836
43|654|20.010326385498047
43|660|25.231170654296875
43|689|20.448143005371094
43|696|19.274158477783203
43|699|32.04045867919922
43|707|20.743045806884766
43|712|21.43841552734375
43|733|18.801406860351562
43|739|29.683101654052734
43|749|18.664392471313477
43|759|22.92525291442871
43|765|21.193553924560547
43|812|21.617944717407227
43|822|20.837907791137695
43|832|22.13963508605957
43|845|20.097919464111328
43|917|20.294103622436523
43|960|20.962783813476562
43|1056|22.456165313720703
43|1076|21.32708168029785
43|1140|21.890544891357422
43|1148|24.32529067993164
43|1161|23.98346710205078
43|1171|23.631383895874023
43|1214|33.01568603515625
43|1224|23.5113468170166
43|1227|24.774574279785156
43|1234|21.173137664794922
43|1277|18.92914390563965
44|284|21.44564437866211
44|426|39.30862808227539
44|431|23.878156661987305
44|442|33.99983215332031
44|448|42.52915954589844
44|461|19.194726943969727
44|485|27.701251983642578
44|527|20.7471923828125
44|706|21.290504455566406
44|752|28.61617088317871
44|804|20.913562774658203
44|811|20.291650772094727
44|1055|18.55121612548828
44|1068|26.299049377441406
44|1075|22.962308883666992
44|1119|20.14019775390625
44|1121|24.151548385620117
44|1147|22.48900032043457
44|1181|22.20895767211914
44|1213|29.699979782104492
44|1226|23.236621856689453
44|1233|23.668746948242188
44|1253|30.664154052734375
44|1260|25.947492599487305
44|1279|26.62857437133789
45|449|41.36317825317383
45|765|19.894895553588867
45|1069|21.32694435119629
45|1276|19.668231964111328
46|699|21.991567611694336
46|739|20.136356353759766
46|778|18.750185012817383
46|792|20.877470016479492
46|805|21.898637771606445
46|1066|18.51824188232422
46|1095|19.892995834350586
46|1128|19.421310424804688
46|1134|20.3341007232666
46|1148|23.002485275268555
47|431|25.657928466796875
47|526|23.62371253967285
48|417|26.760196685791016
48|425|20.769655227661133
48|463|42.48600769042969
48|510|59.003929138183594
48|519|37.00672149658203
48|523|28.312971115112305
48|686|25.403026580810547
48|989|19.64356803894043
49|242|38.02991485595703
49|252|24.517784118652344
49|308|46.131927490234375
49|347|23.08348274230957
49|357|30.741531372070312
49|400|36.79537582397461
49|410|37.602149963378906
49|424|27.331762313842773
49|462|43.63539123535156
49|507|45.40434265136719
49|512|88.74230194091797
49|518|36.721458435058594
49|521|31.325634002685547
49|558|29.431798934936523
49|568|28.204635620117188
49|611|35.17616653442383
49|615|19.84755516052246
49|619|71.41985321044922
49|673|28.873863220214844
49|765|20.17865562438965
49|769|25.638761520385742
49|779|26.495872497558594
49|822|19.54439353942871
49|874|25.53253173828125
49|884|32.394168853759766
49|990|19.935405731201172
49|1068|20.968351364135742
49|1095|21.21538734436035
49|1174|22.279571533203125
49|1191|20.28257179260254
49|1240|21.524105072021484
49|1253|24.70966911315918
49|1279|19.961469650268555
50|301|78.72496795654297
50|306|36.178810119628906
50|423|29.514617919921875
50|633|20.510957717895508
50|699|19.211402893066406
50|1069|23.037504196166992
50|1108|20.532377243041992
50|1134|22.112253189086914
51|300|65.41651153564453
51|305|33.99007034301758
51|634|20.01904296875
52|455|32.33072280883789
52|1068|22.44777488708496
52|1121|23.230499267578125
52|1134|22.212556838989258
52|1161|19.64580726623535
52|1200|20.406465530395508
53|299|58.32246398925781
53|409|29.133258819580078
53|420|34.311378479003906
53|454|31.92230224609375
53|472|69.50546264648438
53|525|36.75623321533203
53|621|18.81024169921875
53|634|47.6553955078125
53|765|21.463685989379883
53|1187|22.34970474243164
53|1266|25.653892517089844
54|277|32.025211334228516
54|298|61.96897506713867
54|305|19.376686096191406
54|372|19.50840187072754
54|403|57.562652587890625
54|412|25.81167221069336
54|423|38.21503829956055
54|453|36.245174407958984
54|459|28.616065979003906
54|468|18.705907821655273
54|473|80.47932434082031
54|477|25.20946502685547
54|491|29.56141471862793
54|498|26.030635833740234
54|531|19.51653480529785
54|602|19.008338928222656
54|615|78.24041748046875
54|628|35.847469329833984
54|633|40.269466400146484
54|636|27.10626792907715
54|644|20.13983726501465
54|660|23.539859771728516
54|699|35.80354309082031
54|712|19.367319107055664
54|719|21.358633041381836
54|831|22.140819549560547
54|834|20.40951919555664
54|858|25.587133407592773
54|910|23.142608642578125
54|950|18.868135452270508
54|970|22.14183235168457
54|1069|24.820343017578125
54|1147|19.90027618408203
54|1154|22.064281463623047
54|1174|35.93759536743164
54|1267|26.97369384765625
54|1276|21.47400665283203
54|1279|25.8231258392334
55|2|38.6291618347168
55|11|45.553462982177734
55|21|35.1790885925293
55|31|40.90541458129883
55|41|30.649768829345703
55|54|55.6461067199707
55|64|36.962974548339844
55|74|50.497230529785156
55|84|40.31251907348633
55|93|43.535926818847656
55|107|47.58426284790039
55|116|25.183008193969727
55|126|46.04532241821289
55|136|41.060569763183594
55|146|46.804874420166016
55|159|38.7855339050293
55|169|30.699554443359375
55|179|41.916481018066406
55|189|35.3948860168457
55|199|54.13536834716797
55|212|22.75116539001465
55|222|42.110809326171875
55|232|39.477333068847656
55|265|20.43657684326172
55|276|37.91944122314453
55|284|24.08512306213379
55|304|22.725156784057617
55|311|26.05600929260254
55|317|37.31291580200195
55|327|42.22840118408203
55|337|34.39866638183594
55|370|25.237516403198242
55|380|35.78816223144531
55|390|25.357357025146484
55|413|27.057828903198242
55|416|27.733732223510742
55|419|30.704408645629883
55|433|36.462074279785156
55|443|19.149690628051758
55|486|33.53696060180664
55|492|29.905000686645508
55|495|27.498090744018555
55|522|23.22081756591797
55|524|24.18524742126465
55|528|27.20210838317871
55|538|34.746856689453125
55|548|31.513107299804688
55|581|26.85719108581543
55|591|26.795473098754883
55|601|24.238523483276367
55|627|38.279415130615234
55|637|18.680112838745117
55|646|36.3144416809082
55|686|31.167444229125977
55|696|20.81391716003418
55|716|20.534635543823242
55|735|27.505102157592773
55|739|42.425811767578125
55|749|18.561689376831055
55|759|23.961462020874023
55|802|19.983675003051758
55|812|19.05967140197754
55|835|18.840906143188477
55|855|21.373577117919922
55|865|21.44338607788086
55|899|21.512189865112305
55|908|20.095474243164062
55|943|18.89852523803711
55|947|19.094135284423828
55|960|29.910478591918945
55|1056|21.50628662109375
55|1068|29.53122901916504
55|1082|21.271818161010742
55|1108|29.47109603881836
55|1161|33.91374206542969
55|1171|22.163558959960938
55|1227|22.58959197998047
55|1253|24.7170467376709
55|1266|30.1828556060791
55|1277|21.982812881469727
55|1280|20.388084411621094
56|470|21.120506286621094
56|474|32.73957824707031
56|493|21.69959259033203
56|547|18.4226131439209
56|580|18.877309799194336
56|752|18.73050880432129
56|778|22.385168075561523
56|791|19.61292839050293
56|1055|22.849855422973633
56|1095|24.557559967041016
56|1121|23.13109588623047
56|1134|21.965160369873047
57|249|28.798099517822266
57|475|25.271615982055664
57|611|20.25078010559082
57|638|25.682369232177734
57|765|19.762126922607422
57|1068|26.25518035888672
58|221|37.91044998168945
58|250|33.73550796508789
58|257|19.228166580200195
58|277|25.357816696166992
58|295|45.71322250366211
58|305|22.827030181884766
58|505|37.61296844482422
58|515|27.211021423339844
58|603|29.54210662841797
58|717|18.4796199798584
58|1108|27.070959091186523
58|1134|21.3775577545166
58|1240|21.591670989990234
59|248|36.43701171875
59|611|21.530990600585938
59|1121|20.057514190673828
59|1279|18.39527130126953
60|247|36.087615966796875
60|476|24.88653564453125
60|1082|21.665813446044922
60|1187|22.055795669555664
60|1227|19.600614547729492
60|1253|19.065738677978516
60|1266|19.985456466674805
61|354|32.048885345458984
61|1134|21.4676456451416
61|1240|19.33767318725586
62|287|29.751136779785156
62|361|19.4748477935791
62|402|22.491708755493164
62|487|31.043516159057617
62|1068|21.040258407592773
63|286|20.978731155395508
63|401|21.185880661010742
63|486|31.154634475708008
63|571|21.43738555908203
63|803|28.08850860595703
63|1014|33.84617614746094
63|1055|22.238971710205078
63|1134|20.12445640563965
64|224|84.5152359008789
64|291|21.83039665222168
64|355|90.00106048583984
64|396|26.171663284301758
64|479|35.4910888671875
64|483|46.25006103515625
64|566|38.11897659301758
64|605|25.020082473754883
64|659|22.3221378326416
64|725|22.56531524658203
64|1024|26.379737854003906
64|1121|21.4401798248291
64|1174|18.58296775817871
64|1213|35.185768127441406
64|1224|23.429950714111328
64|1266|24.807649612426758
65|227|19.98151206970215
65|243|95.64332580566406
65|248|70.02703857421875
65|251|67.43390655517578
65|257|26.0860652923584
65|268|45.500064849853516
65|305|26.14136505126953
65|395|35.109920501708984
65|398|34.89848709106445
65|481|40.11891174316406
65|515|29.414674758911133
65|559|19.168180465698242
65|565|55.39219284057617
65|570|29.603187561035156
65|609|74.9020767211914
65|646|19.114042282104492
65|657|22.4121150970459
65|660|21.9676570892334
65|724|28.236522674560547
65|752|20.554706573486328
65|812|22.524051666259766
65|830|27.002302169799805
65|980|18.768701553344727
65|1066|19.253477096557617
65|1068|22.426958084106445
65|1108|36.889339447021484
65|1148|22.222015380859375
65|1161|27.139707565307617
65|1181|18.842409133911133
65|1200|24.41570281982422
66|223|102.21369934082031
66|228|25.253387451171875
66|254|41.565391540527344
66|278|98.2057113647461
66|288|44.44559097290039
66|292|19.724002838134766
66|394|37.081851959228516
66|485|53.14272689819336
66|557|49.99246597290039
66|592|77.55696868896484
66|602|42.756404876708984
66|607|34.25833511352539
66|804|51.08000564575195
66|813|21.586462020874023
66|935|44.01947784423828
66|1082|23.939617156982422
66|1187|23.84158706665039
66|1240|19.468523025512695
67|255|42.86418914794922
67|593|71.190673828125
67|655|30.5362491607666
67|725|26.782379150390625
67|828|18.670562744140625
67|831|33.6497802734375
67|838|33.13652801513672
67|866|19.671144485473633
67|937|22.230602264404297
67|1013|25.746971130371094
67|1015|21.664289474487305
67|1039|18.95030975341797
67|1042|46.701534271240234
68|247|20.073360443115234
68|287|31.98082733154297
68|400|45.99687957763672
68|1108|27.271324157714844
69|268|20.7109317779541
69|1043|36.06157684326172
69|1082|25.10733413696289
69|1187|23.633464813232422
70|585|36.970516204833984
70|1039|19.372896194458008
71|584|33.354549407958984
71|589|77.43566131591797
71|720|22.92097282409668
71|823|19.515090942382812
71|832|30.486297607421875
71|909|24.274887084960938
71|927|19.769344329833984
71|938|33.01231384277344
71|1034|23.5903263092041
72|277|19.002700805664062
72|284|84.15617370605469
72|344|48.94035720825195
72|559|33.982547760009766
72|583|26.081098556518555
72|598|37.3484992980957
72|689|24.464935302734375
72|698|46.94392395019531
72|738|37.139522552490234
72|846|19.370044708251953
72|900|22.65185546875
72|939|30.047805786132812
72|948|40.00122833251953
72|1018|29.65626335144043
72|1054|22.22648048400879
73|64|18.91057014465332
73|227|124.17129516601562
73|232|35.818721771240234
73|240|66.60150909423828
73|243|19.23145294189453
73|256|44.243438720703125
73|270|21.06160545349121
73|275|28.326753616333008
73|280|72.40604400634766
73|283|97.51216125488281
73|332|89.07193756103516
73|338|19.630090713500977
73|345|54.933624267578125
73|390|46.59197235107422
73|400|20.868133544921875
73|554|20.93910026550293
73|560|32.043399810791016
73|582|23.253433227539062
73|591|19.794286727905273
73|687|30.754941940307617
73|727|41.12378692626953
73|785|18.63626480102539
73|790|23.260740280151367
73|857|20.095003128051758
73|928|32.63116455078125
73|947|36.635746002197266
73|952|29.701799392700195
73|973|21.333799362182617
73|1035|19.542146682739258
73|1055|23.45989227294922
73|1076|20.68570327758789
74|267|44.44075393676758
74|281|121.23936462402344
74|350|20.10552978515625
74|374|47.020870208740234
74|690|19.235366821289062
74|717|44.83924865722656
74|728|43.150543212890625
74|806|52.94461441040039
74|833|33.86050033569336
74|858|25.495805740356445
74|907|28.495925903320312
74|1017|54.47945785522461
74|1034|20.51656150817871
74|1044|37.76812744140625
75|357|26.154855728149414
75|584|29.48113250732422
75|699|42.497249603271484
75|808|28.967782974243164
75|826|37.08278274536133
75|834|21.266801834106445
75|839|18.5736141204834
75|908|34.644657135009766
75|972|20.953062057495117
75|1020|32.48896408081055
75|1037|40.810237884521484
75|1045|23.765989303588867
75|1050|19.284893035888672
76|647|21.6712646484375
76|909|28.060832977294922
76|1019|36.012298583984375
77|834|20.346914291381836
77|910|30.311845779418945
77|1016|21.67702865600586
77|1045|21.136159896850586
78|228|34.42451477050781
78|357|21.903396606445312
78|838|21.667104721069336
78|963|23.520822525024414
79|334|24.50751304626465
79|342|23.979249954223633
80|544|25.59918975830078
80|696|20.18994140625
80|729|18.577707290649414
81|228|35.60203552246094
81|342|24.35287094116211
81|488|35.597965240478516
81|752|31.577136993408203
82|357|27.3830623626709
82|837|19.121732711791992
82|905|31.016706466674805
82|1048|18.427806854248047
83|693|43.15920639038086
83|836|19.130477905273438
83|906|27.962181091308594
83|911|42.15999984741211
83|1047|18.844406127929688
84|358|26.48737335205078
84|361|19.018451690673828
84|572|32.01868438720703
84|695|70.48223876953125
84|700|40.59389877319336
84|705|27.452939987182617
84|903|24.822479248046875
84|907|21.514028549194336
84|1049|21.339740753173828
85|359|27.160371780395508
85|446|35.23262023925781
85|569|53.81999588012695
85|575|19.692211151123047
85|702|20.510108947753906
85|730|28.447965621948242
85|835|20.581462860107422
85|867|25.498266220092773
85|904|41.838722229003906
85|913|31.221227645874023
85|1046|21.24469566345215
86|71|22.70447540283203
86|96|18.804224014282227
86|99|18.950048446655273
86|229|57.71868896484375
86|314|60.638999938964844
86|340|73.85974884033203
86|364|18.92574691772461
86|427|35.9738655090332
86|447|37.591060638427734
86|545|66.01588439941406
86|570|50.691184997558594
86|694|54.874141693115234
86|703|31.267717361450195
86|706|28.72577476501465
86|905|42.13883972167969
86|912|31.557769775390625
86|916|28.72471046447754
87|66|22.28029441833496
87|95|19.822303771972656
87|125|20.117774963378906
87|148|22.958621978759766
87|213|20.160974502563477
87|233|26.301713943481445
87|313|60.54511260986328
87|318|46.373252868652344
87|330|20.090539932250977
87|335|42.59310531616211
87|339|50.13341522216797
87|546|76.52881622314453
87|655|19.976221084594727
87|705|31.741104125976562
87|732|41.07406234741211
87|779|19.685943603515625
87|836|31.684452056884766
87|865|39.17312240600586
87|870|21.82977867126465
87|911|29.38249969482422
87|942|47.71876525878906
87|1047|31.530214309692383
88|67|22.04130744934082
88|73|22.243389129638672
88|149|20.09891128540039
88|258|36.999759674072266
88|312|65.16238403320312
88|317|41.213226318359375
88|443|27.807415008544922
88|547|67.35613250732422
88|702|19.080629348754883
88|730|18.802989959716797
88|869|29.1789608001709
88|895|19.316572189331055
89|703|24.432201385498047
90|575|34.49338912963867
91|705|23.0581111907959
91|731|35.54792404174805
92|684|21.5688419342041
92|704|26.512685775756836
93|232|41.695194244384766
93|894|19.15400505065918
94|765|24.453031539916992
95|418|37.80276870727539
96|425|24.383806228637695
97|424|28.16912269592285
97|463|42.880287170410156
97|516|24.207033157348633
97|673|24.04155158996582
97|710|27.531295776367188
97|761|44.429012298583984
97|764|29.59868812561035
98|309|44.63306427001953
98|506|56.013145446777344
98|515|24.710330963134766
98|619|32.095298767089844
98|763|30.02113914489746
98|891|27.369760513305664
99|301|27.240394592285156
99|680|22.304088592529297
100|306|35.21434783935547
100|423|23.23529815673828
100|464|18.358905792236328
100|502|39.24867248535156
101|410|53.32324981689453
101|456|57.264808654785156
101|505|28.406139373779297
101|710|42.7426872253418
102|416|23.12913703918457
103|503|23.37527084350586
103|971|20.52504539489746
104|411|20.213699340820312
104|423|19.104520797729492
104|456|28.3726806640625
104|495|34.27080535888672
104|712|21.210372924804688
104|1107|18.960540771484375
104|1213|19.4562931060791
104|1261|18.411317825317383
105|305|35.96581268310547
105|457|32.65618133544922
105|503|26.005874633789062
105|633|18.515953063964844
105|651|32.312171936035156
105|760|19.04468536376953
105|1102|26.40854263305664
105|1155|23.070226669311523
105|1208|23.064411163330078
106|454|28.560527801513672
106|458|21.986074447631836
106|498|25.58151626586914
106|582|20.95254135131836
106|650|38.94135284423828
106|712|22.84816551208496
106|1066|18.45684814453125
106|1092|21.58540916442871
106|1128|18.46967124938965
106|1250|18.67725944519043
107|411|24.216238021850586
107|457|26.741230010986328
107|632|57.011775970458984
108|370|26.640310287475586
108|404|64.31169891357422
108|453|29.826982498168945
108|498|28.241249084472656
108|613|26.731494903564453
108|631|56.49199295043945
108|783|34.80712890625
108|792|19.591222763061523
108|963|20.37116813659668
108|1260|22.671541213989258
109|64|20.84018325805664
109|159|24.790428161621094
109|213|25.415376663208008
109|232|26.811439514160156
109|275|24.905345916748047
109|297|79.71527862548828
109|312|23.602468490600586
109|328|23.07353401184082
109|338|20.00014877319336
109|369|33.385467529296875
109|381|23.024179458618164
109|413|51.61852264404297
109|433|24.703174591064453
109|458|53.30279541015625
109|466|33.9522590637207
109|490|84.37234497070312
109|495|24.071996688842773
109|497|32.739498138427734
109|504|34.873779296875
109|539|23.81375503540039
109|582|27.505765914916992
109|630|49.465003967285156
109|761|18.597126007080078
109|784|40.56949996948242
109|794|20.94363021850586
109|859|55.20416259765625
109|923|19.88634490966797
109|1128|18.54206085205078
109|1171|24.635271072387695
109|1234|20.13761329650879
109|1263|34.519466400146484
110|581|31.206069946289062
110|648|65.66050720214844
110|785|40.019527435302734
110|860|50.08687973022461
110|898|21.929458618164062
110|1002|26.387250900268555
110|1066|20.716270446777344
110|1106|50.67856979370117
110|1158|38.17900848388672
110|1161|26.24904441833496
110|1211|40.896629333496094
111|580|27.577774047851562
111|790|28.227792739868164
111|899|20.05112075805664
111|1001|29.172941207885742
111|1103|27.441877365112305
111|1107|36.8404655456543
111|1160|39.64936065673828
111|1265|29.531469345092773
112|295|53.4921875
112|493|57.847103118896484
112|783|19.147897720336914
112|789|29.563003540039062
114|497|49.36337661743164
114|627|18.558902740478516
115|433|20.26420021057129
115|1102|21.659841537475586
115|1155|18.798383712768555
115|1208|20.34363555908203
115|1260|20.094144821166992
116|295|37.459007263183594
116|442|18.73623275756836
116|1000|20.55904197692871
121|287|28.27666664123535
122|347|19.65594482421875
122|383|30.152128219604492
122|781|18.89406967163086
123|242|22.293601989746094
123|780|25.244766235351562
124|779|26.796676635742188
124|1107|21.59046745300293
125|623|18.753114700317383
126|287|29.62928009033203
126|430|57.291351318359375
126|624|22.624731063842773
126|686|20.747343063354492
127|251|25.119159698486328
127|355|19.709693908691406
127|366|49.56089782714844
127|432|30.560911178588867
127|606|54.65562438964844
128|290|70.76826477050781
128|398|53.394920349121094
128|483|24.77077865600586
128|623|52.21016311645508
129|252|57.95020294189453
129|255|22.006973266601562
129|289|71.8149642944336
129|292|41.71674346923828
129|314|95.07280731201172
129|323|25.35335350036621
129|396|77.4356689453125
129|399|67.35704040527344
129|402|25.24437141418457
129|410|22.017494201660156
129|447|18.58392906188965
129|482|23.954423904418945
129|657|40.204341888427734
130|189|19.21912956237793
130|213|24.428096771240234
130|223|20.407150268554688
130|243|56.792510986328125
130|249|60.60505676269531
130|268|35.92338943481445
130|305|29.592552185058594
130|313|71.568603515625
130|338|21.792871475219727
130|397|63.415557861328125
130|428|80.81999969482422
130|443|40.799007415771484
130|453|19.641447067260742
130|481|19.943710327148438
130|486|27.891504287719727
130|496|21.01734733581543
130|529|23.887638092041016
130|539|19.075794219970703
130|674|21.87388038635254
130|812|22.456518173217773
130|855|19.50701904296875
130|865|18.543127059936523
130|980|19.76245880126953
131|148|21.13896942138672
131|248|71.3677978515625
131|254|33.45253372192383
131|278|53.706993103027344
131|288|66.95236206054688
131|317|107.39805603027344
131|330|18.394662857055664
131|354|28.35831069946289
131|385|89.86524963378906
131|432|19.764663696289062
131|577|44.20756530761719
131|591|32.76753234863281
131|607|52.740196228027344
131|685|28.58953094482422
131|867|19.0180721282959
131|896|20.27986717224121
131|961|21.598098754882812
132|255|24.762630462646484
132|601|27.148218154907227
132|802|25.89049530029297
132|830|26.689252853393555
132|885|18.600616455078125
132|1013|23.539772033691406
132|1041|25.625295639038086
133|243|18.857276916503906
133|383|19.382230758666992
133|400|19.2086238861084
133|485|18.886014938354492
133|593|58.678314208984375
134|268|19.380725860595703
134|399|18.366779327392578
134|594|53.937835693359375
135|386|36.66889190673828
135|595|68.10331726074219
135|673|36.22919845581055
135|684|40.8155632019043
135|884|33.6311149597168
135|937|18.852767944335938
136|400|37.46860885620117
136|990|23.725982666015625
138|242|22.11574935913086
139|372|67.60881805419922
139|895|29.888967514038086
139|1213|19.519248962402344
140|265|65.47493743896484
140|386|24.140539169311523
141|286|23.43210220336914
141|371|67.1360855102539
141|373|24.963626861572266
141|927|26.66946792602539
141|1035|20.96677589416504
142|387|19.934768676757812
142|510|25.410057067871094
142|522|22.96729850769043
142|841|28.385326385498047
142|1053|31.147241592407227
143|265|69.3396987915039
143|268|19.172414779663086
143|331|32.75758743286133
143|418|56.8819580078125
143|509|21.348291397094727
143|523|25.906633377075195
143|582|81.4432373046875
143|680|32.12338638305664
143|716|20.44019317626953
143|846|22.526111602783203
144|239|54.71831130981445
144|284|41.487247467041016
144|375|31.9694766998291
144|425|74.11512756347656
144|438|20.178871154785156
144|463|44.75272750854492
144|520|53.78877258300781
144|598|29.639602661132812
144|648|46.29460144042969
144|1135|21.036195755004883
145|222|26.22979164123535
145|232|37.599422454833984
145|240|56.16539764404297
145|244|30.942840576171875
145|328|28.78495216369629
145|332|30.494606018066406
145|344|45.88085174560547
145|357|30.7412052154541
145|373|42.46131896972656
145|380|21.850828170776367
145|388|92.22320556640625
145|410|41.08011245727539
145|417|63.57583236694336
145|464|42.475032806396484
145|486|24.36595344543457
145|518|51.002769470214844
145|526|21.164522171020508
145|530|31.176069259643555
145|542|109.41785430908203
145|546|24.091840744018555
145|548|20.18727684020996
145|554|25.24646759033203
145|583|25.3382511138916
145|591|22.313167572021484
145|611|22.513486862182617
145|697|18.799806594848633
145|750|19.313884735107422
145|779|24.541378021240234
145|812|28.186031341552734
145|845|37.24637222290039
145|865|28.864334106445312
145|888|27.856157302856445
145|929|28.552465438842773
145|948|31.16069984436035
145|950|38.85112380981445
145|974|27.10755729675293
146|159|18.501405715942383
146|169|22.11867904663086
146|180|25.37767791748047
146|189|32.768829345703125
146|199|23.25262451171875
146|227|19.449817657470703
146|252|34.4715461730957
146|256|37.980552673339844
146|264|107.00789642333984
146|275|25.748865127563477
146|282|21.02640151977539
146|308|116.29281616210938
146|318|40.188812255859375
146|321|30.372905731201172
146|343|33.8067741394043
146|348|36.348262786865234
146|369|124.1385498046875
146|387|71.40623474121094
146|390|51.49483871459961
146|401|18.922880172729492
146|424|79.15390014648438
146|431|25.952564239501953
146|437|21.67294692993164
146|443|25.213220596313477
146|450|37.752811431884766
146|453|28.148704528808594
146|515|33.44110870361328
146|521|45.60075378417969
146|525|18.417715072631836
146|531|28.48719596862793
146|558|35.545658111572266
146|568|20.812410354614258
146|592|19.031469345092773
146|601|21.711580276489258
146|621|41.38430404663086
146|625|20.44374656677246
146|644|21.071958541870117
146|654|19.21739387512207
146|664|29.842187881469727
146|673|20.98004722595215
146|679|51.755760192871094
146|707|23.98629379272461
146|735|24.717893600463867
146|738|25.46641731262207
146|769|26.357725143432617
146|802|20.16067886352539
146|816|28.624282836914062
146|823|26.941404342651367
146|841|30.263704299926758
146|846|26.419034957885742
146|859|54.05603790283203
146|885|18.578067779541016
146|928|25.11516761779785
146|951|37.555301666259766
146|973|27.058679580688477
146|980|19.290559768676758
146|990|23.754690170288086
146|996|22.58791160583496
146|1000|50.55076217651367
146|1003|20.017690658569336
146|1027|33.64128112792969
146|1031|19.959794998168945
146|1052|27.11203384399414
146|1087|32.628299713134766
146|1137|61.189552307128906
146|1192|30.35895538330078
146|1242|57.121429443359375
147|237|74.99340057373047
147|263|100.92170715332031
147|270|21.891969680786133
147|274|22.999666213989258
147|347|42.74271774291992
147|423|66.00492095947266
147|432|26.6749324798584
147|528|18.73224639892578
147|580|85.81013488769531
147|587|30.934162139892578
147|678|47.95521545410156
147|717|33.387298583984375
147|785|25.13848114013672
147|789|35.24504470825195
147|799|38.261661529541016
147|890|42.427337646484375
147|1051|22.192529678344727
147|1077|73.75776672363281
147|1131|74.61558532714844
147|1138|50.446556091308594
147|1140|37.998714447021484
147|1183|68.53223419189453
147|1186|47.06346130371094
147|1239|51.26519012451172
147|1289|66.53907775878906
148|307|93.61029815673828
148|320|23.39225959777832
148|373|52.174591064453125
148|506|19.376747131347656
148|582|26.601703643798828
148|586|32.37936782836914
148|650|19.203319549560547
148|1010|31.321269989013672
148|1076|58.65283203125
148|1079|79.17120361328125
148|1083|21.354719161987305
148|1132|87.70738220214844
148|1135|24.290225982666016
148|1139|63.88388442993164
148|1142|34.398677825927734
148|1185|74.48567199707031
148|1188|28.836862564086914
148|1234|33.41896057128906
148|1238|76.4997787475586
148|1244|71.30548095703125
148|1287|56.15961456298828
148|1290|72.05473327636719
149|267|57.51814270019531
149|579|71.86723327636719
149|816|25.52723503112793
149|1107|23.14546012878418
149|1194|20.603534698486328
149|1213|20.64430046081543
150|306|86.6964111328125
150|310|19.541976928710938
150|410|23.69394302368164
150|456|19.093347549438477
150|583|38.030338287353516
150|944|18.4417667388916
151|236|57.76170349121094
151|316|22.39885711669922
151|505|22.430389404296875
151|1110|22.683902740478516
152|367|42.00637435913086
152|423|24.33149528503418
152|433|19.549942016601562
152|464|20.133983612060547
152|733|22.001705169677734
153|305|30.308958053588867
153|411|28.25933837890625
154|456|26.569530487060547
155|1116|19.722476959228516
155|1221|21.930919647216797
156|495|44.03374099731445
156|579|21.003347396850586
156|1063|21.604890823364258
156|1110|18.96146583557129
156|1274|19.986875534057617
157|262|40.822452545166016
157|367|38.408058166503906
157|455|22.21856117248535
157|457|28.67173194885254
157|503|24.113365173339844
157|1221|19.547555923461914
158|411|24.96868133544922
158|993|19.118349075317383
158|1195|19.72200584411621
158|1287|21.94933319091797
159|236|27.722503662109375
159|465|39.42084503173828
159|503|20.700992584228516
159|970|21.821552276611328
159|1118|21.595470428466797
160|342|20.86481475830078
160|367|34.34068298339844
160|411|21.18914031982422
160|495|23.6215763092041
160|634|31.737529754638672
160|782|19.855484008789062
160|960|20.23871421813965
160|964|37.35741424560547
160|1155|22.55961799621582
160|1260|22.809001922607422
161|311|24.340469360351562
161|475|21.074583053588867
161|613|37.93545913696289
161|1066|40.479461669921875
161|1102|30.04363441467285
161|1198|24.179563522338867
161|1208|26.725696563720703
162|242|25.144872665405273
162|370|19.384340286254883
162|403|20.437795639038086
162|405|20.455001831054688
162|471|55.3433837890625
162|474|23.56139373779297
162|491|53.23076248168945
162|505|38.775794982910156
162|515|23.217361450195312
162|631|79.93216705322266
162|635|20.15608787536621
162|638|26.97801399230957
162|686|24.659698486328125
162|696|24.48625946044922
162|726|20.318622589111328
162|758|21.23265266418457
162|779|21.82673454284668
162|781|24.887596130371094
162|821|45.8057746887207
162|843|20.88694953918457
162|928|18.514039993286133
162|937|20.445032119750977
162|980|28.86936378479004
162|1064|64.70135498046875
162|1068|22.94263458251953
162|1092|29.860944747924805
162|1117|59.893653869628906
162|1138|18.455041885375977
162|1170|69.00943756103516
162|1195|42.35811233520508
162|1201|20.23714256286621
162|1223|62.79179000854492
162|1261|20.19794273376465
162|1275|54.419769287109375
162|1279|18.878707885742188
163|236|25.58817481994629
163|262|44.65794372558594
163|265|28.006582260131836
163|296|41.49051284790039
163|304|22.465951919555664
163|318|29.911630630493164
163|358|37.0668830871582
163|380|38.339569091796875
163|433|31.887971878051758
163|454|24.963613510131836
163|458|42.26881790161133
163|468|123.8460922241211
163|490|44.23188018798828
163|495|47.80649185180664
163|503|33.04863357543945
163|522|44.781890869140625
163|548|18.800739288330078
163|558|36.24332809448242
163|568|38.8090934753418
163|629|123.28290557861328
163|636|32.19959259033203
163|643|32.76784133911133
163|733|38.477779388427734
163|739|19.853422164916992
163|753|59.14558029174805
163|792|42.22389602661133
163|802|18.765766143798828
163|818|61.2833366394043
163|838|29.36606216430664
163|885|18.766328811645508
163|944|35.50318908691406
163|950|27.842729568481445
163|960|24.625253677368164
163|1067|26.88785171508789
163|1075|25.572914123535156
163|1085|23.195682525634766
163|1090|58.518131256103516
163|1128|34.95866775512695
163|1144|63.3013801574707
163|1147|22.333160400390625
163|1159|30.09263038635254
163|1181|33.49250030517578
163|1196|66.07613372802734
163|1249|52.568973541259766
163|1264|27.66938018798828
163|1287|31.278940200805664
164|169|38.12664794921875
164|180|34.1497688293457
164|189|38.512298583984375
164|199|45.06729507446289
164|213|39.40968704223633
164|222|43.13798904418945
164|232|38.03748321533203
164|243|24.768569946289062
164|252|32.57465744018555
164|275|51.75948715209961
164|284|48.0058479309082
164|297|39.77051544189453
164|328|43.08621597290039
164|338|39.05889129638672
164|371|37.27220153808594
164|391|32.69951629638672
164|413|82.729736328125
164|417|38.865535736083984
164|423|28.07102394104004
164|443|38.25673294067383
164|463|24.041305541992188
164|466|96.87291717529297
164|469|85.03349304199219
164|476|30.509235382080078
164|486|26.098356246948242
164|529|23.712358474731445
164|539|32.268428802490234
164|549|22.01902961730957
164|591|36.46018981933594
164|602|36.06276321411133
164|621|20.56064796447754
164|634|22.23163604736328
164|644|39.724613189697266
164|654|23.856801986694336
164|673|23.653078079223633
164|687|39.29059600830078
164|697|33.43985366821289
164|707|25.236644744873047
164|740|19.756376266479492
164|750|23.350248336791992
164|759|35.42890548706055
164|769|20.68277359008789
164|791|25.713314056396484
164|812|27.40733528137207
164|845|19.64611053466797
164|855|24.460878372192383
164|908|34.19614028930664
164|924|18.752042770385742
164|951|25.35051727294922
164|1003|30.843555450439453
164|1076|25.83199691772461
164|1105|45.6082878112793
164|1108|47.65932846069336
164|1119|42.38750457763672
164|1158|34.81163787841797
164|1210|36.66482162475586
164|1214|48.17727279663086
164|1234|34.677005767822266
164|1244|19.705368041992188
164|1253|19.75050163269043
164|1263|31.253253936767578
165|311|24.701810836791992
165|493|31.133384704589844
165|648|35.138160705566406
165|686|30.31562042236328
165|696|26.56220245361328
165|861|18.518173217773438
165|904|28.345739364624023
165|1002|32.96168518066406
165|1118|52.02251434326172
165|1171|26.16817283630371
165|1276|35.53940200805664
166|236|36.41621398925781
166|262|50.70174026489258
166|342|24.1115779876709
166|366|44.92550277709961
166|492|32.90275192260742
166|578|38.90886306762695
166|629|22.00959587097168
166|685|21.295604705810547
166|790|38.26154708862305
166|899|19.08380126953125
166|1001|26.3647403717041
166|1106|37.81107711791992
166|1159|29.182193756103516
166|1212|28.50212287902832
166|1224|20.567228317260742
166|1265|27.798128128051758
167|358|55.567710876464844
167|493|50.522911071777344
167|754|22.781970977783203
167|798|23.930644989013672
167|965|24.503145217895508
167|1107|38.23276138305664
167|1144|25.676414489746094
167|1197|19.229045867919922
168|429|18.998218536376953
168|470|87.53952026367188
168|897|21.80238151550293
169|365|54.91885757446289
169|551|23.101560592651367
169|754|25.257709503173828
169|1118|22.152149200439453
170|260|75.54590606689453
170|359|41.31786346435547
170|578|69.45426940917969
170|755|30.578672409057617
170|1171|21.02338981628418
171|259|92.41065216064453
171|274|23.730138778686523
171|496|23.714061737060547
171|569|47.74562454223633
171|577|91.22293090820312
171|583|20.647876739501953
171|967|43.9798583984375
171|1224|35.372779846191406
172|233|84.3705062866211
172|260|133.93130493164062
172|314|50.410587310791016
172|340|68.61672973632812
172|365|116.83522033691406
172|551|36.09883499145508
172|639|18.91323471069336
172|847|19.825653076171875
172|1225|50.57763671875
172|1251|40.448936462402344
173|169|29.765588760375977
173|180|21.097089767456055
173|189|19.207521438598633
173|199|26.072458267211914
173|212|28.16106414794922
173|234|123.1161880493164
173|238|24.65383529663086
173|241|26.37924575805664
173|261|141.8796844482422
173|265|42.78788757324219
173|268|28.3050479888916
173|275|25.681819915771484
173|284|32.26047134399414
173|305|48.406211853027344
173|311|26.793834686279297
173|313|40.47288513183594
173|318|58.54075622558594
173|323|19.66925811767578
173|359|39.784584045410156
173|371|29.0776424407959
173|401|21.05158233642578
173|423|21.206130981445312
173|433|20.726003646850586
173|443|18.689380645751953
173|486|23.801429748535156
173|506|21.510196685791016
173|522|26.177236557006836
173|528|21.46733856201172
173|545|19.035682678222656
173|549|87.53927612304688
173|553|24.5891170501709
173|556|22.3764591217041
173|611|34.84384536743164
173|628|27.16703987121582
173|644|22.63060760498047
173|694|25.32581329345703
173|733|22.087663650512695
173|745|25.968751907348633
173|755|44.35853576660156
173|762|31.172563552856445
173|765|30.257123947143555
173|851|21.347900390625
173|908|18.5579891204834
173|927|20.33181381225586
173|937|22.282047271728516
173|957|19.750579833984375
173|971|39.75376892089844
173|974|25.51350975036621
173|1067|80.85942840576172
173|1076|27.146909713745117
173|1093|55.09185791015625
173|1124|22.455055236816406
173|1138|25.944822311401367
173|1146|61.04111862182617
173|1149|23.167800903320312
173|1199|60.16219711303711
173|1213|19.14022445678711
173|1273|20.451433181762695
173|1278|66.1729965209961
173|1287|33.49623489379883
174|222|24.712007522583008
174|258|22.623023986816406
174|295|50.02557373046875
174|327|37.566524505615234
174|410|24.482818603515625
174|539|21.278270721435547
174|591|22.286832809448242
174|635|19.511919021606445
174|660|22.779306411743164
174|686|22.165653228759766
174|697|18.678590774536133
174|779|46.495208740234375
174|812|22.129674911499023
174|865|33.013607025146484
174|1068|65.1330795288086
174|1071|28.302946090698242
174|1094|57.01300811767578
174|1097|30.373456954956055
174|1120|58.709144592285156
174|1147|72.05746459960938
174|1155|27.57819175720215
174|1173|69.8242416381836
174|1181|26.306812286376953
174|1200|50.626136779785156
174|1226|69.25800323486328
174|1229|23.90610694885254
174|1252|48.361114501953125
174|1255|29.670440673828125
174|1268|18.509904861450195
174|1279|56.33921813964844
175|232|42.077178955078125
175|317|45.2364387512207
175|546|21.06511688232422
175|694|19.417024612426758
175|1121|57.32522964477539
175|1174|68.23242950439453
175|1253|48.50852966308594
176|233|52.09823226928711
176|548|36.039276123046875
176|990|31.640226364135742
176|1069|63.01438903808594
176|1095|59.25160598754883
176|1122|55.64436340332031
176|1148|63.63204574584961
176|1201|47.36661911010742
176|1227|58.16872787475586
176|1254|45.90102005004883
176|1280|52.349205017089844
177|685|21.41461181640625
179|259|30.34016990661621
180|232|57.29658508300781
181|318|18.853599548339844
181|713|24.61485481262207
182|284|24.067838668823242
182|337|24.054197311401367
182|380|22.55619239807129
182|486|20.679853439331055
182|495|22.503847122192383
182|591|19.006017684936523
182|621|21.08582305908203
185|621|21.568246841430664
185|713|25.362640380859375
185|780|48.353458404541016
187|1155|18.448442459106445
188|1066|22.26306915283203
188|1092|19.674108505249023
188|1102|20.916851043701172
188|1107|31.427745819091797
188|1171|24.94671630859375
188|1207|18.916912078857422
188|1212|27.794116973876953
188|1260|19.167327880859375
189|1234|20.92937469482422
190|366|37.23896789550781
190|450|21.065183639526367
190|523|26.51349449157715
190|606|71.1496810913086
191|290|150.43365478515625
191|463|54.22959518432617
191|622|56.886619567871094
191|748|23.43730354309082
192|417|30.18779182434082
192|526|24.306129455566406
192|529|31.87779998779297
192|539|24.001544952392578
192|662|20.169103622436523
193|292|73.70719146728516
193|396|22.906572341918945
193|399|20.244691848754883
193|425|20.824722290039062
193|517|84.88925170898438
193|520|81.26434326171875
193|566|21.069337844848633
193|611|19.279956817626953
193|623|60.344398498535156
193|644|20.40387535095215
193|663|28.53901481628418
193|677|44.281192779541016
193|768|18.413036346435547
193|874|25.777435302734375
193|885|56.33937454223633
193|888|30.413782119750977
193|974|21.967464447021484
194|253|111.30794525146484
194|255|27.383283615112305
194|268|50.251869201660156
194|288|53.810970306396484
194|291|79.55186462402344
194|400|20.691463470458984
194|424|21.607582092285156
194|450|96.8944091796875
194|463|26.931873321533203
194|506|22.440340042114258
194|518|87.50499725341797
194|523|32.16825485229492
194|528|41.727867126464844
194|538|35.659568786621094
194|548|18.683650970458984
194|608|44.99380111694336
194|675|63.073402404785156
194|981|31.24578857421875
194|1248|21.65975570678711
195|243|50.400211334228516
195|292|68.9484634399414
195|308|59.226871490478516
195|328|18.747512817382812
195|347|22.03120994567871
195|357|22.703458786010742
195|417|21.571596145629883
195|521|55.380279541015625
195|568|29.16693115234375
195|609|51.740989685058594
195|748|38.75212860107422
195|770|39.31047058105469
195|855|33.26096725463867
195|961|21.867862701416016
195|979|34.033573150634766
195|982|26.15135383605957
195|1076|18.634328842163086
195|1171|19.596372604370117
195|1207|18.90267562866211
195|1224|18.512800216674805
195|1277|32.75846481323242
196|254|74.65966033935547
196|278|24.042831420898438
196|385|52.625816345214844
196|398|21.47711181640625
196|531|29.042160034179688
196|566|22.72844886779785
196|577|31.859079360961914
196|608|65.40460968017578
196|644|48.076995849609375
196|663|42.99136734008789
196|749|35.32862854003906
196|751|24.958818435668945
196|960|25.0895938873291
196|992|42.37935256958008
196|1066|21.244665145874023
196|1092|20.068748474121094
196|1102|27.16159439086914
197|248|22.65348243713379
197|506|44.335750579833984
197|557|25.717098236083984
197|565|21.551193237304688
197|607|70.32073211669922
197|724|19.61632537841797
197|768|19.471893310546875
197|886|38.144813537597656
197|924|18.751567840576172
197|991|37.04826354980469
198|288|53.38917541503906
198|450|33.03150177001953
198|591|34.880523681640625
198|675|26.05093765258789
198|923|20.315753936767578
198|1107|22.39651107788086
198|1213|19.893352508544922
199|243|20.504425048828125
199|268|26.9410457611084
199|306|27.563623428344727
199|464|49.3156623840332
199|592|29.720190048217773
200|456|45.121131896972656
200|502|20.782217025756836
200|593|32.96367645263672
200|713|24.526344299316406
202|254|22.123672485351562
202|268|19.111167907714844
202|595|51.597747802734375
202|675|18.745479583740234
202|712|25.25590705871582
203|386|27.90510368347168
203|410|18.510459899902344
203|452|25.50041961669922
203|455|24.77519989013672
203|505|35.4964714050293
203|676|23.128189086914062
203|990|21.92725372314453
204|242|22.85295295715332
204|347|22.801807403564453
204|401|19.48606300354004
204|456|34.756690979003906
204|558|26.015413284301758
206|452|23.291481018066406
206|712|22.704050064086914
206|922|18.399686813354492
207|400|20.38332748413086
207|451|26.3013858795166
207|503|51.624107360839844
207|596|26.618122100830078
207|923|20.356006622314453
208|265|56.635372161865234
208|386|33.7473030090332
208|457|28.399932861328125
208|495|38.40929412841797
209|239|24.84276008605957
209|272|23.295034408569336
209|372|22.183490753173828
209|585|18.742122650146484
210|371|20.45655632019043
210|429|18.55820083618164
210|504|38.82631301879883
211|451|29.392423629760742
212|596|24.585214614868164
212|798|29.003726959228516
213|242|20.994592666625977
213|266|29.213224411010742
213|371|22.06354331970215
213|452|29.63207244873047
213|504|41.95035171508789
213|841|40.455413818359375
213|844|27.255464553833008
213|1009|24.632648468017578
213|1052|38.07789993286133
214|239|118.43962097167969
214|245|39.648441314697266
214|370|19.788837432861328
214|840|30.730314254760742
214|845|26.196208953857422
214|1051|29.625959396362305
215|404|27.957530975341797
215|452|30.05438804626465
215|475|24.018171310424805
215|495|18.6927547454834
215|599|79.644287109375
215|613|77.92874145507812
215|632|20.359758377075195
215|649|24.55959701538086
215|654|21.19875144958496
215|839|24.481464385986328
215|843|21.10070037841797
215|900|19.163551330566406
215|949|28.95430564880371
215|1032|20.721111297607422
216|265|54.64375305175781
216|274|30.515546798706055
216|284|52.61061477661133
216|387|37.182891845703125
216|405|28.989818572998047
216|468|85.1452407836914
216|491|73.15567779541016
216|550|22.373451232910156
216|598|99.2464370727539
216|697|19.817529678344727
216|717|32.13498306274414
216|737|33.814361572265625
216|793|20.59914779663086
216|818|31.535282135009766
216|846|33.1370735168457
216|928|37.45639419555664
216|947|24.559240341186523
216|1008|18.657197952270508
216|1029|35.65099334716797
217|146|21.110876083374023
217|232|20.903064727783203
217|245|22.854095458984375
217|264|46.16646957397461
217|285|44.14885330200195
217|297|69.08001708984375
217|311|29.337875366210938
217|319|23.9029483795166
217|344|35.71163558959961
217|467|94.67412567138672
217|490|71.58568572998047
217|541|73.85148620605469
217|548|32.682926177978516
217|629|18.97380828857422
217|759|24.55024528503418
217|792|20.04678726196289
217|799|31.77897071838379
217|821|25.660219192504883
217|838|21.416013717651367
217|842|24.8464412689209
217|845|35.0750617980957
217|948|30.22150230407715
217|964|50.47807693481445
217|970|25.078107833862305
217|1010|47.46459197998047
217|1053|25.648530960083008
218|189|24.355079650878906
218|199|19.185321807861328
218|222|24.359846115112305
218|265|38.743919372558594
218|274|25.29000473022461
218|318|27.364669799804688
218|388|95.91284942626953
218|393|27.73917007446289
218|403|70.5177230834961
218|412|39.634315490722656
218|417|20.054519653320312
218|443|33.620460510253906
218|452|40.089603424072266
218|458|36.42854309082031
218|466|87.64639282226562
218|475|43.183372497558594
218|504|66.21978759765625
218|554|48.96308135986328
218|581|35.085838317871094
218|591|19.649839401245117
218|620|21.4602108001709
218|740|20.660266876220703
218|754|61.55645751953125
218|790|22.25879669189453
218|812|21.597484588623047
218|816|28.279619216918945
218|820|29.07794952392578
218|841|24.04806137084961
218|922|19.353979110717773
218|929|28.5509033203125
218|951|35.86896514892578
218|965|71.14913177490234
218|973|19.560016632080078
218|1006|28.129932403564453
218|1109|18.37624740600586
218|1155|24.159809112548828
218|1161|25.592477798461914
218|1213|22.03408432006836
218|1234|22.517000198364258
218|1277|20.698911666870117
219|159|22.630146026611328
219|238|89.74433135986328
219|244|22.360958099365234
219|298|48.408294677734375
219|369|26.600339889526367
219|387|79.80699920654297
219|413|44.247886657714844
219|661|22.009523391723633
219|736|49.92496871948242
219|817|40.21416473388672
219|859|37.30598449707031
219|946|23.34349250793457
219|966|80.16122436523438
219|1003|37.77299880981445
219|1029|46.741668701171875
219|1076|18.843080520629883
219|1105|32.58785629272461
219|1158|26.816038131713867
219|1181|23.158838272094727
219|1210|22.357948303222656
219|1243|19.693378448486328
219|1263|33.638145446777344
220|256|19.698698043823242
220|282|21.192296981811523
220|346|20.688230514526367
220|492|35.07892990112305
220|647|26.05215835571289
220|678|23.394853591918945
220|755|56.59566116333008
220|798|35.01192092895508
220|963|18.690378189086914
220|1211|21.884815216064453
221|264|36.048553466796875
221|553|33.74897003173828
221|687|27.181835174560547
221|718|40.258583068847656
221|735|34.559207916259766
221|800|20.594017028808594
221|816|22.757198333740234
221|1006|18.8082275390625
221|1010|28.013460159301758
221|1027|23.105016708374023
221|1106|28.25806999206543
222|374|20.048538208007812
222|492|35.24746322631836
222|580|23.060754776000977
222|734|21.010616302490234
222|1080|22.545743942260742
222|1102|18.614788055419922
222|1107|41.4921989440918
222|1132|21.035552978515625
222|1139|21.05304527282715
222|1160|39.52736282348633
222|1181|19.75674057006836
222|1185|25.50724983215332
222|1213|36.764404296875
222|1238|19.582685470581055
222|1265|36.205841064453125
222|1290|18.794103622436523
223|267|20.132722854614258
223|579|19.52985954284668
223|799|26.382369995117188
224|493|52.446014404296875
224|497|21.68756675720215
225|553|31.320287704467773
226|583|40.228336334228516
228|496|27.612098693847656
229|236|32.10287857055664
232|236|30.30290985107422
233|553|20.286954879760742
233|1107|26.191165924072266
233|1213|26.85287857055664
238|523|23.007240295410156
239|552|44.996437072753906
240|417|20.520357131958008
240|526|23.095544815063477
240|540|26.287166595458984
241|519|75.34566497802734
241|529|33.78548049926758
241|536|21.30247688293457
242|236|20.277225494384766
242|518|96.67184448242188
242|521|24.50292205810547
242|523|19.71432876586914
242|528|44.39024353027344
242|538|31.131690979003906
242|547|18.643939971923828
242|752|21.811824798583984
243|417|19.385019302368164
243|450|41.22336959838867
244|308|25.78050994873047
244|521|29.935747146606445
244|531|19.47659683227539
246|236|19.347156524658203
246|307|20.489526748657227
246|451|18.900102615356445
246|780|20.53607177734375
247|360|19.007719039916992
247|779|21.14812469482422
249|236|25.451005935668945
249|451|19.3851375579834
250|904|21.261829376220703
252|358|81.98519897460938
252|365|45.246070861816406
252|693|20.093021392822266
253|359|72.56846618652344
253|551|29.599390029907227
254|235|19.77223014831543
254|366|61.912384033203125
254|606|48.728187561035156
255|290|22.193185806274414
255|364|80.3658218383789
256|251|52.233421325683594
256|569|31.816394805908203
256|578|35.76747131347656
257|252|65.72074127197266
257|257|18.841650009155273
257|340|36.092185974121094
257|550|32.966758728027344
257|576|45.61702346801758
258|234|56.83068084716797
258|253|72.75450897216797
258|260|36.134239196777344
258|364|40.53439712524414
258|577|45.477142333984375
258|637|19.71783447265625
259|261|48.606788635253906
259|495|22.508790969848633
259|638|18.776458740234375
259|658|20.47685432434082
260|260|48.887386322021484
260|550|84.5464096069336
260|660|20.47615623474121
260|765|19.935832977294922
260|991|21.661569595336914
261|234|75.18576049804688
261|241|32.39970016479492
261|360|60.462215423583984
261|385|30.09879493713379
261|557|19.211727142333984
261|577|76.351806640625
261|1024|20.220718383789062
262|232|19.40863609313965
262|546|57.14736557006836
262|813|22.74683380126953
262|990|23.131149291992188
263|259|40.04703140258789
263|896|22.001115798950195
264|254|29.483692169189453
264|895|22.686038970947266
266|232|24.487646102905273
266|495|25.985614776611328
267|457|20.387170791625977
267|593|30.179807662963867
267|990|20.024198532104492
269|631|41.340816497802734
269|845|18.881759643554688
270|232|39.33799743652344
270|400|20.807289123535156
270|491|36.610530853271484
270|495|37.958003997802734
270|595|28.983905792236328
271|370|42.485557556152344
271|601|20.062692642211914
272|496|23.152631759643555
272|630|35.866493225097656
273|337|18.42225456237793
273|369|51.42190933227539
273|413|31.40089988708496
273|452|22.18379020690918
273|458|38.345680236816406
273|596|20.231279373168945
273|1157|23.59784507751465
273|1210|22.292116165161133
273|1263|18.375852584838867
274|492|25.824689865112305
274|494|28.45991325378418
274|791|25.80929183959961
274|1104|25.650638580322266
274|1262|18.948638916015625
275|232|28.549497604370117
275|496|29.30459213256836
275|648|18.854259490966797
275|1209|19.614309310913086
276|1001|19.197994232177734
276|1103|23.75901222229004
276|1156|21.097990036010742
277|265|26.135934829711914
277|496|27.74195098876953
277|1108|19.90226936340332
277|1213|19.570240020751953
278|492|28.496665954589844
278|600|29.049726486206055
278|1160|21.50199317932129
280|493|52.139923095703125
281|496|28.427486419677734
283|371|29.1810245513916
284|496|21.805583953857422
284|798|19.99208641052246
284|842|41.03165054321289
284|1053|39.572269439697266
285|840|39.934120178222656
285|1051|36.47913360595703
285|1054|31.930044174194336
286|370|26.38370704650879
286|497|28.42867088317871
286|844|44.2645263671875
286|1055|33.68770980834961
287|227|22.340383529663086
287|717|27.497844696044922
287|949|50.16567611694336
288|255|26.48534393310547
288|284|21.05921745300293
288|516|41.649662017822266
288|519|21.36897850036621
288|526|32.784446716308594
288|536|22.441274642944336
288|598|91.23372650146484
288|649|39.241180419921875
288|718|25.84129524230957
288|738|25.041173934936523
288|846|32.60945510864258
288|947|20.266067504882812
288|1010|25.134641647338867
288|1054|46.979103088378906
289|283|26.404356002807617
289|344|30.27375030517578
289|425|19.853065490722656
289|520|21.023944854736328
289|529|22.114301681518555
289|554|72.67450714111328
289|817|32.985107421875
289|843|62.41270065307617
289|884|23.2900390625
289|1002|19.28162384033203
289|1028|32.0484619140625
289|1053|50.43466567993164
290|256|29.03960418701172
290|345|33.928016662597656
290|370|45.32301712036133
290|450|42.90898895263672
290|509|32.043827056884766
290|515|23.824111938476562
290|538|20.134727478027344
290|568|22.4931697845459
290|675|47.31659698486328
290|793|31.54104995727539
290|885|25.805580139160156
290|930|58.46626281738281
290|948|20.732288360595703
290|1006|20.210247039794922
291|369|71.92139434814453
291|388|22.542036056518555
291|518|19.512990951538086
291|528|19.34149169921875
291|719|19.3681640625
291|737|45.759456634521484
291|791|45.86277389526367
291|799|41.717926025390625
291|819|20.91676902770996
291|951|31.140878677368164
291|1002|38.01531982421875
292|251|20.049362182617188
292|264|35.40144729614258
292|345|30.27019691467285
292|368|65.4378433227539
292|387|21.645586013793945
292|390|19.133251190185547
292|558|20.197053909301758
292|643|18.740083694458008
292|817|29.899768829345703
292|859|33.45875930786133
292|945|39.98781967163086
292|952|26.238540649414062
292|1000|26.085723876953125
292|1028|30.974021911621094
293|227|19.489944458007812
293|346|31.75311279296875
293|509|27.3995304107666
293|554|36.34688186645508
293|674|26.788619995117188
293|738|42.70008850097656
293|769|20.48069953918457
293|816|37.467185974121094
293|840|24.118135452270508
293|884|19.05150604248047
293|887|26.370866775512695
293|953|24.583555221557617
293|1003|53.381309509277344
293|1027|40.543155670166016
293|1051|23.288036346435547
294|256|37.37929153442383
294|452|24.400447845458984
294|664|25.156591415405273
294|678|34.36257553100586
294|687|29.106304168701172
294|719|33.95196533203125
294|736|20.624940872192383
294|860|28.377727508544922
294|1010|21.007253646850586
295|450|28.697677612304688
295|734|32.98018264770508
295|861|29.228803634643555
296|1080|18.923357009887695
296|1132|18.413684844970703
297|374|21.195423126220703
297|650|31.934852600097656
297|921|20.877315521240234
298|922|20.63361930847168
300|553|24.767969131469727
301|861|24.020076751708984
301|1102|21.728551864624023
303|711|31.38876724243164
303|922|20.840648651123047
306|712|21.564167022705078
308|711|29.68486785888672
308|922|20.53929328918457
310|922|25.412939071655273
313|712|21.313678741455078
323|628|30.723543167114258
324|964|33.86086654663086
327|754|22.522781372070312
327|1091|22.216978073120117
327|1144|19.026155471801758
327|1197|20.76531219482422
328|413|23.485322952270508
328|452|20.175851821899414
329|354|26.358304977416992
334|594|38.709686279296875
335|359|21.60071563720703
335|544|29.636037826538086
337|594|26.84517478942871
339|450|37.28025817871094
339|545|24.027027130126953
340|364|22.139751434326172
340|551|22.348295211791992
342|569|21.63496971130371
344|259|24.35182762145996
344|339|40.616539001464844
344|548|33.7611083984375
345|549|38.44599151611328
346|550|48.67735290527344
346|571|45.987091064453125
346|992|40.68318176269531
348|258|32.342342376708984
348|990|21.65928077697754
350|338|24.79276466369629
350|575|30.890220642089844
350|780|29.292936325073242
351|229|21.073232650756836
351|1095|21.12514305114746
358|1134|21.076068878173828
358|1240|22.968671798706055
359|1135|20.342079162597656
361|226|22.842073440551758
361|344|74.8682861328125
361|351|26.36639976501465
361|818|23.704444885253906
361|1029|22.427011489868164
361|1135|26.295372009277344
361|1241|24.515623092651367
363|343|50.05838394165039
363|350|33.859642028808594
363|818|23.9320011138916
363|888|19.107250213623047
363|1029|25.842458724975586
363|1136|29.71963119506836
364|817|27.410377502441406
364|1028|25.830533981323242
364|1137|27.397048950195312
364|1242|25.923524856567383
365|816|24.421449661254883
365|891|19.405380249023438
365|995|20.065776824951172
365|1027|23.187341690063477
365|1077|40.56620407104492
365|1130|38.921142578125
365|1183|28.71141815185547
365|1243|18.84063148498535
365|1288|37.195919036865234
366|890|19.893705368041992
366|1182|26.666933059692383
366|1235|31.360828399658203
367|346|21.324092864990234
367|678|21.002389907836914
368|820|26.03138542175293
368|889|19.145000457763672
368|1031|26.863704681396484
369|333|24.891443252563477
369|1076|20.73213005065918
370|1080|29.150312423706055
370|1132|28.124544143676758
370|1139|26.478099822998047
370|1185|29.253713607788086
370|1238|26.868135452270508
370|1245|21.567991256713867
370|1291|26.564611434936523
374|357|28.718725204467773
377|343|22.87124252319336
382|412|26.841840744018555
382|452|24.923030853271484
383|342|24.96198272705078
383|399|29.91141700744629
383|622|25.707597732543945
385|396|61.257362365722656
385|623|31.476749420166016
386|974|28.3271427154541
388|396|46.705448150634766
388|676|40.58875274658203
388|1075|19.054922103881836
389|395|43.82833480834961
389|397|42.511512756347656
389|973|20.815948486328125
390|763|27.706653594970703
390|887|20.185277938842773
391|764|21.515060424804688
393|397|43.62855911254883
394|394|55.78334045410156
394|398|41.05465316772461
394|763|30.6236572265625
395|975|22.961647033691406
396|976|24.115192413330078
398|829|21.075679779052734
399|342|21.80080795288086
399|1040|19.151315689086914
401|485|24.251358032226562
401|1089|18.907697677612305
402|1090|19.508554458618164
402|1195|18.839143753051758
404|1169|20.88091278076172
405|1064|21.031787872314453
405|1195|19.691970825195312
405|1275|19.278671264648438
406|1117|22.749710083007812
406|1223|21.05011558532715
406|1248|21.85520362854004
407|1090|30.996023178100586
407|1143|22.4929141998291
407|1170|24.31846809387207
407|1196|25.087467193603516
407|1249|21.445486068725586
408|1065|20.070261001586914
423|866|31.491138458251953
424|867|31.013105392456055
425|1172|18.388351440429688
426|589|22.836322784423828
426|867|29.825830459594727
427|569|49.62934875488281
427|1119|19.447797775268555
429|340|25.9488468170166
430|1172|24.864784240722656
430|1251|21.523771286010742
431|1067|24.751358032226562
431|1093|25.24811553955078
431|1199|23.684968948364258
431|1225|20.203081130981445
431|1252|25.74722671508789
431|1278|24.028308868408203
432|656|30.050642013549805
432|1120|24.44765281677246
432|1146|21.35506248474121
432|1226|18.61603355407715
433|655|21.784103393554688
434|332|20.571792602539062
439|227|22.385669708251953
439|391|20.8486270904541
440|1069|22.004594802856445
440|1096|19.651073455810547
440|1122|21.57948875427246
440|1175|20.088624954223633
440|1201|18.934412002563477
440|1227|21.63968276977539
440|1254|19.56689453125
440|1280|22.000347137451172
448|483|47.5214958190918
452|479|53.001197814941406
452|482|39.24590301513672
453|480|51.68819808959961
453|484|26.275060653686523
457|481|42.0992431640625
457|484|22.353300094604492
468|485|30.018869400024414
477|761|20.072675704956055
478|762|19.35480308532715
480|761|22.2217960357666
496|680|22.841167449951172
509|702|20.023344039916992
510|390|21.152610778808594
510|701|25.350528717041016
511|545|24.65350341796875
511|891|18.538074493408203
511|996|18.654775619506836
512|391|20.136032104492188
512|483|22.664472579956055
512|569|20.649925231933594
516|482|21.760379791259766
516|548|29.05731964111328
517|479|23.831668853759766
519|548|27.96335792541504
520|281|19.507593154907227
524|258|31.080001831054688
530|258|20.626367568969727
535|485|25.427949905395508
539|223|21.099443435668945
557|232|20.767980575561523
566|588|31.909666061401367
568|589|24.75541877746582
571|589|20.914827346801758
578|396|19.161142349243164
589|278|19.430866241455078
589|281|19.635446548461914
592|702|21.03976058959961
593|835|26.419347763061523
593|975|20.647869110107422
593|1046|23.18283462524414
594|281|22.774690628051758
598|569|47.31889724731445
599|593|19.90018081665039
602|339|23.83395767211914
605|657|43.131561279296875
606|571|23.732656478881836
611|571|22.64419174194336
611|575|21.039276123046875
643|251|18.661462783813477
676|974|19.343847274780273
684|514|20.199928283691406
685|515|22.38857078552246
782|476|18.794292449951172
836|251|22.85546112060547
840|479|20.904430389404297
854|569|18.409053802490234
859|340|20.422569274902344
870|332|23.04619026184082
870|571|21.44708251953125
897|396|22.048871994018555
1419|1280|18.845417022705078