Mockingbird
Eminem

Hip-Hop
mockingbird
2049x1292
2887

2|865|55.812782287597656
2|1109|58.98454284667969
3|864|49.92597198486328
5|467|45.15184020996094
5|1120|49.20524978637695
5|1200|57.47329330444336
6|32|93.39262390136719
6|765|119.38803100585938
6|1009|88.56802368164062
7|133|270.2395935058594
7|622|252.41265869140625
7|988|247.77548217773438
7|1202|215.3263702392578
7|1291|72.43446350097656
8|10|372.8027038574219
8|12|310.8670959472656
8|16|298.3663330078125
8|18|297.5967712402344
8|22|420.81451416015625
8|29|289.6480712890625
8|132|351.91851806640625
8|134|331.46929931640625
8|139|332.9136047363281
8|144|442.9391174316406
8|152|328.4599609375
8|216|402.4228820800781
8|220|271.112060546875
8|226|297.65289306640625
8|233|240.09326171875
8|236|235.1817626953125
8|244|237.50465393066406
8|256|431.07958984375
8|261|337.61419677734375
8|265|336.5704040527344
8|271|304.59124755859375
8|274|282.79107666015625
8|376|430.7435607910156
8|382|292.2608642578125
8|389|429.3262023925781
8|396|277.83599853515625
8|461|495.3382873535156
8|465|312.7164306640625
8|468|366.07720947265625
8|472|311.213134765625
8|477|303.0653991699219
8|480|298.4532470703125
8|486|284.13299560546875
8|490|266.7957763671875
8|498|347.3897399902344
8|501|287.1689453125
8|504|279.7347717285156
8|511|362.4181823730469
8|516|257.6245422363281
8|519|263.37042236328125
8|620|324.557373046875
8|623|333.3977966308594
8|629|283.5269775390625
8|633|407.05499267578125
8|639|318.9893798828125
8|705|408.7584533691406
8|709|262.18511962890625
8|715|288.7497253417969
8|721|220.43626403808594
8|725|243.2100372314453
8|733|248.0552215576172
8|745|379.7998046875
8|751|299.49652099609375
8|754|353.65118408203125
8|760|286.37896728515625
8|763|313.4707946777344
8|864|191.88818359375
8|867|373.9093017578125
8|871|297.7939147949219
8|873|298.69378662109375
8|876|334.7259826660156
8|883|296.77349853515625
8|885|297.05828857421875
8|950|470.36578369140625
8|953|294.2727966308594
8|956|300.4231872558594
8|960|290.0300598144531
8|966|274.46112060546875
8|969|280.5343017578125
8|977|267.52435302734375
8|987|300.1208801269531
8|990|303.62615966796875
8|993|301.2789611816406
8|996|302.01568603515625
8|999|373.14813232421875
8|1005|285.0511474609375
8|1109|247.9733428955078
8|1112|351.5521545410156
8|1116|313.6059875488281
8|1121|384.0590515136719
8|1128|309.3199157714844
8|1194|466.92041015625
8|1198|311.0543212890625
8|1201|343.7893981933594
8|1206|295.32550048828125
8|1211|285.9436340332031
8|1213|289.4903259277344
8|1221|289.3198547363281
8|1231|316.8494873046875
8|1234|279.13629150390625
8|1237|280.0086364746094
8|1240|283.7019348144531
8|1244|393.94891357421875
8|1251|278.95001220703125
9|33|246.47079467773438
9|41|285.38787841796875
9|72|249.6372528076172
9|83|277.885986328125
9|94|237.9813690185547
9|102|286.5817565917969
9|156|239.0990753173828
9|163|275.5068359375
9|194|257.3166198730469
9|205|261.86151123046875
9|225|246.0618896484375
9|278|258.81365966796875
9|285|268.3254089355469
9|316|250.8448486328125
9|328|254.91395568847656
9|339|256.79632568359375
9|347|251.0005645751953
9|400|283.6194152832031
9|408|267.46929931640625
9|438|265.6377258300781
9|450|282.34820556640625
9|522|266.2319030761719
9|530|262.49176025390625
9|560|251.65597534179688
9|572|268.6650390625
9|583|253.04464721679688
9|591|285.9790954589844
9|644|249.02479553222656
9|652|259.7557373046875
9|682|216.57962036132812
9|694|265.7180480957031
9|766|213.1250762939453
9|774|263.2643127441406
9|805|227.68992614746094
9|816|264.1717224121094
9|828|222.0963897705078
9|835|260.9765625
9|889|250.57095336914062
9|896|279.0401306152344
9|927|257.35675048828125
9|938|252.34609985351562
9|1011|252.337158203125
9|1018|251.1400604248047
9|1049|258.3880615234375
9|1061|257.1963806152344
9|1072|257.5821533203125
9|1080|241.9325408935547
9|1133|240.67271423339844
9|1141|270.4255065917969
9|1171|257.59503173828125
9|1183|263.04998779296875
9|1255|243.34176635742188
9|1263|271.51873779296875
10|133|199.27804565429688
10|193|206.21388244628906
10|224|257.5570068359375
10|469|201.9425811767578
10|713|246.9258575439453
10|743|241.60894775390625
10|988|203.01268005371094
10|1110|229.68746948242188
10|1122|196.8134765625
10|1202|207.43801879882812
11|132|210.8392791748047
11|216|178.72547912597656
11|254|201.0469207763672
11|338|251.4816436767578
11|407|270.44482421875
11|460|222.576904296875
11|468|198.12144470214844
11|590|239.2674560546875
11|704|186.31210327148438
11|712|222.61253356933594
11|865|202.9647216796875
11|949|205.63931274414062
11|1017|208.19180297851562
11|1071|204.6189422607422
11|1131|123.65961456298828
11|1140|251.81085205078125
11|1193|222.42881774902344
12|12|52.509395599365234
12|21|235.45079040527344
12|35|447.29693603515625
12|45|279.0395202636719
12|52|277.85968017578125
12|61|280.90179443359375
12|65|280.063720703125
12|67|283.2449951171875
12|82|237.28004455566406
12|96|44.97417068481445
12|101|241.64779663085938
12|131|198.16758728027344
12|134|51.30925369262695
12|143|212.3081512451172
12|155|427.2638244628906
12|162|341.7123107910156
12|165|234.60215759277344
12|171|205.8289337158203
12|175|206.16978454589844
12|180|207.70950317382812
12|187|217.8535919189453
12|190|214.0161895751953
12|193|208.9101104736328
12|204|227.14169311523438
12|223|210.2996063232422
12|265|201.5145721435547
12|277|445.3876953125
12|284|320.6255798339844
12|287|206.62173461914062
12|291|174.88414001464844
12|294|177.38621520996094
12|297|177.34922790527344
12|305|177.58070373535156
12|312|170.572021484375
12|315|192.242919921875
12|337|248.6749725341797
12|345|209.31890869140625
12|348|43.816673278808594
12|376|207.6224822998047
12|390|49.05179977416992
12|401|373.3828430175781
12|412|233.0325927734375
12|416|234.40863037109375
12|418|235.3989715576172
12|424|223.87620544433594
12|428|234.30465698242188
12|431|231.96937561035156
12|434|228.51673889160156
12|470|51.90807342529297
12|501|42.042057037353516
12|510|196.6900634765625
12|523|431.3219909667969
12|534|265.74603271484375
12|542|244.70545959472656
12|550|262.96832275390625
12|554|270.1514892578125
12|571|232.02952575683594
12|620|190.95957946777344
12|623|43.87813186645508
12|632|200.5074920654297
12|644|413.8750305175781
12|651|296.91278076171875
12|653|214.47427368164062
12|657|200.11709594726562
12|662|200.3018341064453
12|671|208.10159301757812
12|678|195.4905242919922
12|681|205.17774963378906
12|693|216.1361846923828
12|754|214.02386474609375
12|766|435.4593200683594
12|778|217.64964294433594
12|783|224.4546661376953
12|786|208.52894592285156
12|794|223.92205810546875
12|797|227.7356719970703
12|815|205.90313720703125
12|834|215.4110107421875
12|876|201.0449981689453
12|890|328.96478271484375
12|904|191.40211486816406
12|908|185.67417907714844
12|916|179.30653381347656
12|922|182.6851043701172
12|937|215.09597778320312
12|956|215.44798278808594
12|987|157.13265991210938
12|998|207.13868713378906
12|1001|40.03118896484375
12|1010|422.9886779785156
12|1012|436.33135986328125
12|1020|237.96893310546875
12|1022|225.2587127685547
12|1026|241.9211883544922
12|1030|245.17230224609375
12|1035|234.4779510498047
12|1045|245.82510375976562
12|1059|204.80612182617188
12|1078|203.94076538085938
12|1081|46.78096389770508
12|1109|219.21649169921875
12|1134|320.9216613769531
12|1145|210.8079833984375
12|1148|208.9441680908203
12|1152|210.5908660888672
12|1159|209.73179626464844
12|1164|211.64747619628906
12|1167|212.05137634277344
12|1182|239.0213623046875
12|1203|52.35112380981445
12|1243|226.00389099121094
12|1257|400.1321716308594
12|1264|253.69493103027344
12|1268|260.4057312011719
12|1274|262.41741943359375
12|1282|268.61004638671875
12|1286|261.8205261230469
12|1289|248.1718292236328
13|9|200.85960388183594
13|71|320.1631774902344
13|83|217.5661163330078
13|93|215.4072265625
13|194|302.3919677734375
13|206|119.20885467529297
13|313|136.7760467529297
13|316|360.52593994140625
13|326|281.7637023925781
13|406|225.32205200195312
13|437|359.3856201171875
13|449|257.6489562988281
13|498|212.57044982910156
13|582|220.90750122070312
13|682|320.291015625
13|692|166.02865600585938
13|695|156.72874450683594
13|774|191.73374938964844
13|804|320.2270202636719
13|814|227.73634338378906
13|817|195.442626953125
13|894|164.46090698242188
13|926|416.5445556640625
13|938|231.33641052246094
13|948|190.65615844726562
13|1018|182.80271911621094
13|1049|332.1407470703125
13|1058|188.6107635498047
13|1061|180.25343322753906
13|1120|173.52410888671875
13|1139|196.7252960205078
13|1170|360.80950927734375
13|1183|239.96669006347656
13|1200|178.04478454589844
13|1231|193.83779907226562
14|70|315.09710693359375
14|76|197.76205444335938
14|84|152.38246154785156
14|91|152.97500610351562
14|142|114.42636108398438
14|195|272.20599365234375
14|207|103.93543243408203
14|317|367.24951171875
14|320|286.1512756347656
14|329|219.9853973388672
14|335|255.05648803710938
14|398|138.18365478515625
14|439|365.27166748046875
14|443|277.4736022949219
14|457|206.98414611816406
14|559|320.9093017578125
14|565|205.19091796875
14|569|146.5355224609375
14|579|163.36941528320312
14|683|286.4775390625
14|687|194.3784942626953
14|699|147.32626342773438
14|703|210.35821533203125
14|711|124.13280487060547
14|772|115.77046203613281
14|809|240.1572265625
14|815|176.90097045898438
14|824|209.06507873535156
14|927|361.38671875
14|931|266.0916748046875
14|947|215.16366577148438
14|955|122.31626892089844
14|1017|139.95123291015625
14|1053|218.59005737304688
14|1057|183.43798828125
14|1062|172.5078887939453
14|1068|183.0018310546875
14|1172|353.28924560546875
14|1176|273.6363830566406
14|1188|206.8718719482422
14|1190|212.43252563476562
14|1261|141.19522094726562
15|11|170.506591796875
15|21|122.87504577636719
15|81|110.95396423339844
15|96|297.2452087402344
15|101|141.33389282226562
15|106|88.44718933105469
15|109|87.10418701171875
15|114|84.94402313232422
15|122|83.31021881103516
15|129|90.61759185791016
15|133|85.34253692626953
15|145|76.56523132324219
15|151|71.31130981445312
15|215|226.0368194580078
15|222|100.13032531738281
15|225|94.89031982421875
15|229|86.40264129638672
15|234|91.22209167480469
15|243|91.3499526977539
15|247|85.94845581054688
15|255|197.68380737304688
15|262|89.09559631347656
15|271|82.2483139038086
15|276|166.92271423339844
15|339|351.1741638183594
15|347|157.16485595703125
15|354|150.1205596923828
15|358|151.2943115234375
15|366|152.0413818359375
15|370|156.44012451171875
15|373|150.98703002929688
15|376|251.50697326660156
15|378|229.804443359375
15|386|96.37843322753906
15|389|95.29261779785156
15|394|78.62059020996094
15|396|78.8412094116211
15|462|142.81593322753906
15|474|71.54052734375
15|477|69.43264770507812
15|480|65.42887115478516
15|485|66.76802825927734
15|487|65.71253204345703
15|500|145.368408203125
15|503|125.81172943115234
15|509|119.1753158569336
15|512|55.23481369018555
15|516|64.82412719726562
15|518|66.62747955322266
15|520|100.21086883544922
15|584|298.65032958984375
15|593|84.4422836303711
15|597|85.2036361694336
15|601|84.1589584350586
15|611|80.95649719238281
15|613|82.40921020507812
15|617|84.01628112792969
15|622|78.01546478271484
15|634|65.90644836425781
15|640|73.7674331665039
15|680|72.80552673339844
15|693|100.81282043457031
15|704|238.73094177246094
15|706|191.0662384033203
15|714|88.87796020507812
15|717|85.55439758300781
15|725|82.46347045898438
15|730|79.48226928710938
15|733|85.27095031738281
15|735|85.18997955322266
15|744|237.68353271484375
15|750|103.64067840576172
15|754|130.17848205566406
15|759|86.94158172607422
15|828|296.45367431640625
15|836|121.6179428100586
15|839|115.88152313232422
15|844|123.47588348388672
15|847|122.58326721191406
15|852|120.02891540527344
15|856|128.9124755859375
15|858|128.7841033935547
15|866|208.78294372558594
15|878|83.63700866699219
15|883|68.71023559570312
15|950|201.95260620117188
15|958|84.4089126586914
15|961|80.04911804199219
15|963|80.21500396728516
15|969|75.78336334228516
15|977|73.32637786865234
15|984|86.94464111328125
15|989|181.1269989013672
15|998|123.88687133789062
15|1005|81.01628875732422
15|1072|289.42108154296875
15|1080|88.89061737060547
15|1084|80.09780883789062
15|1091|87.28426361083984
15|1097|96.47478485107422
15|1102|93.33090209960938
15|1110|144.61305236816406
15|1127|59.3777961730957
15|1129|60.066280364990234
15|1195|163.69056701660156
15|1207|69.8454818725586
15|1213|72.0376968383789
15|1219|66.37299346923828
15|1225|73.99561309814453
15|1233|180.15887451171875
15|1245|57.76651382446289
15|1250|76.46965789794922
15|1253|109.71723937988281
16|20|104.4295425415039
16|40|94.13748931884766
16|82|101.15840911865234
16|100|176.2361297607422
16|130|97.19583129882812
16|144|92.5707015991211
16|162|107.8157730102539
16|224|116.11346435546875
16|254|178.7846221923828
16|264|104.98605346679688
16|284|107.28479766845703
16|346|156.56320190429688
16|388|113.3248062133789
16|399|102.4377670288086
16|468|81.57337188720703
16|529|82.77572631835938
16|571|87.69874572753906
16|588|179.67698669433594
16|619|77.49815368652344
16|632|95.36486053466797
16|651|88.76006317138672
16|681|70.15070343017578
16|712|102.27783203125
16|753|115.12650299072266
16|773|103.68531799316406
16|803|93.85227966308594
16|827|250.6466522216797
16|835|120.359130859375
16|877|94.23773956298828
16|887|83.59567260742188
16|937|102.97933959960938
16|949|180.81336975097656
16|957|92.1407470703125
16|997|107.04611206054688
16|1059|109.081298828125
16|1071|233.21621704101562
16|1079|94.35540771484375
16|1109|140.20077514648438
16|1121|87.72982025146484
16|1132|66.20018005371094
16|1170|111.97107696533203
16|1193|123.05645751953125
16|1201|89.46141815185547
16|1242|122.58574676513672
16|1291|174.96469116210938
19|193|230.01512145996094
19|216|200.0081024169922
19|388|213.3230743408203
19|407|221.74185180664062
20|9|247.5352020263672
20|21|265.4491271972656
20|32|255.56532287597656
20|40|283.7955322265625
20|70|211.37879943847656
20|73|57.9727668762207
20|76|48.493003845214844
20|82|274.4873046875
20|93|265.1870422363281
20|101|270.40496826171875
20|131|253.81687927246094
20|143|267.6476135253906
20|154|247.3597869873047
20|162|290.71026611328125
20|192|262.05078125
20|195|89.06597900390625
20|199|55.093013763427734
20|204|303.0794677734375
20|215|237.4590301513672
20|223|281.8863220214844
20|254|202.29342651367188
20|265|273.8323974609375
20|276|218.81329345703125
20|284|290.8272705078125
20|314|246.7950897216797
20|326|277.8234558105469
20|338|219.15292358398438
20|345|277.36273193359375
20|376|255.32186889648438
20|387|269.2662353515625
20|399|251.20614624023438
20|406|281.8595886230469
20|437|235.9959716796875
20|448|270.181640625
20|460|258.79931640625
20|467|254.86407470703125
20|498|239.50840759277344
20|509|230.80409240722656
20|521|236.50595092773438
20|528|255.7303466796875
20|559|200.0133819580078
20|562|48.8917350769043
20|571|238.5420379638672
20|582|241.0279083251953
20|589|241.14474487304688
20|620|223.7023468017578
20|632|240.834228515625
20|643|253.36355590820312
20|651|247.11334228515625
20|681|299.22900390625
20|684|69.5271224975586
20|693|278.8968505859375
20|704|228.55210876464844
20|712|249.9939727783203
20|742|291.8787841796875
20|754|259.4208679199219
20|765|243.0301513671875
20|773|278.6522216796875
20|803|298.4957580566406
20|809|41.301456451416016
20|815|286.9723205566406
20|826|263.0451965332031
20|834|272.29541015625
20|864|226.0649871826172
20|876|265.0932312011719
20|887|256.02386474609375
20|895|296.9869689941406
20|925|237.2171173095703
20|937|287.3435363769531
20|948|241.03016662597656
20|956|269.591552734375
20|986|262.74285888671875
20|998|263.45953369140625
20|1009|241.5680694580078
20|1017|289.96990966796875
20|1048|299.1922912597656
20|1051|42.810237884521484
20|1059|263.2229919433594
20|1071|258.0099792480469
20|1078|292.11163330078125
20|1109|235.80044555664062
20|1120|244.69204711914062
20|1132|248.3042449951172
20|1139|283.616455078125
20|1170|230.8274688720703
20|1172|65.48722076416016
20|1181|267.2613220214844
20|1193|259.5390930175781
20|1200|253.69723510742188
20|1231|259.1919250488281
20|1243|246.7706756591797
20|1254|251.56869506835938
20|1261|263.9516296386719
21|77|47.53462600708008
21|173|40.29806900024414
21|198|55.56459045410156
21|320|63.58382797241211
21|497|176.2454071044922
21|687|41.52796173095703
21|692|221.81324768066406
21|810|42.03010940551758
21|1054|44.671234130859375
21|1192|211.52967834472656
22|132|139.9962615966797
22|255|60.7655029296875
22|461|102.2842788696289
22|500|76.05189514160156
22|558|103.06007385253906
22|1110|60.1258430480957
22|1233|80.91459655761719
23|96|76.7562255859375
23|142|183.45436096191406
23|145|64.39789581298828
23|148|53.19615936279297
23|191|102.59752655029297
23|219|123.32540893554688
23|222|173.95433044433594
23|225|51.243858337402344
23|228|44.27275085449219
23|256|52.489253997802734
23|275|102.77645874023438
23|386|192.24464416503906
23|405|110.3826904296875
23|462|112.89324951171875
23|466|111.7259292602539
23|492|85.04295349121094
23|499|95.56008911132812
23|527|86.80979919433594
23|585|73.15349578857422
23|634|56.12899398803711
23|707|85.39212799072266
23|714|45.65534210205078
23|875|169.41879272460938
23|980|85.83140563964844
23|985|131.98289489746094
23|988|120.88593292236328
23|1072|64.72693634033203
23|1074|64.83282470703125
23|1077|142.34471130371094
23|1111|44.129241943359375
23|1119|169.0688018798828
23|1199|149.93399047851562
23|1232|109.90152740478516
23|1260|90.03077697753906
24|32|198.14076232910156
24|45|57.821895599365234
24|48|53.81209182739258
24|50|53.76996612548828
24|60|51.53724670410156
24|63|50.22809982299805
24|66|48.73038101196289
24|109|41.40243911743164
24|161|151.4009246826172
24|166|63.201080322265625
24|170|58.4093017578125
24|174|51.251277923583984
24|179|54.873966217041016
24|185|47.038028717041016
24|277|203.8709259033203
24|289|55.30303192138672
24|294|50.725345611572266
24|304|45.2508430480957
24|399|193.09817504882812
24|411|45.75901794433594
24|424|43.693904876708984
24|428|52.69151306152344
24|521|209.9253692626953
24|533|55.95015335083008
24|541|43.47719192504883
24|546|44.750553131103516
24|549|46.23749923706055
24|554|43.30903244018555
24|660|55.813358306884766
24|669|47.905086517333984
24|778|51.06135559082031
24|783|44.52171325683594
24|786|47.4047966003418
24|794|48.25231170654297
24|887|184.03665161132812
24|894|130.7948760986328
24|900|44.94426727294922
24|902|43.93830108642578
24|905|42.749515533447266
24|913|42.43349838256836
24|916|43.27446746826172
24|1022|45.64473342895508
24|1025|51.23225784301758
24|1035|41.527774810791016
24|1037|43.16850662231445
24|1041|43.98325729370117
24|1045|43.71637725830078
24|1134|134.11111450195312
24|1147|44.10146713256836
24|1153|47.916229248046875
24|1157|42.26420593261719
24|1161|43.692203521728516
24|1163|42.282657623291016
24|1167|43.97992706298828
24|1254|169.77577209472656
24|1269|52.2161979675293
24|1274|51.7339973449707
24|1279|50.39434051513672
24|1282|49.97030258178711
24|1286|50.032981872558594
25|9|225.13461303710938
25|21|182.14463806152344
25|40|175.98252868652344
25|82|198.4794921875
25|93|235.0695037841797
25|101|182.6072998046875
25|143|199.312255859375
25|154|223.6272735595703
25|162|214.50637817382812
25|204|206.71408081054688
25|223|200.21871948242188
25|253|175.46505737304688
25|265|194.89675903320312
25|276|207.2995147705078
25|326|195.98716735839844
25|345|206.2812957763672
25|376|140.06175231933594
25|387|211.30636596679688
25|398|215.1138916015625
25|448|211.02203369140625
25|459|197.19754028320312
25|467|208.25979614257812
25|498|192.0647430419922
25|509|185.3477783203125
25|520|192.157470703125
25|582|195.24937438964844
25|631|175.6239776611328
25|643|213.54954528808594
25|651|187.9726104736328
25|681|169.88780212402344
25|693|179.7993621826172
25|711|185.0629425048828
25|742|192.4951629638672
25|754|174.8473358154297
25|765|195.0900115966797
25|773|181.21328735351562
25|803|178.9959716796875
25|815|182.8114776611328
25|826|182.9956512451172
25|834|186.4221649169922
25|864|180.9913787841797
25|876|209.64559936523438
25|895|205.8367156982422
25|925|202.048583984375
25|937|200.45108032226562
25|956|205.24961853027344
25|998|196.00625610351562
25|1048|154.81517028808594
25|1059|212.30374145507812
25|1078|210.59320068359375
25|1108|183.8446044921875
25|1120|209.80958557128906
25|1131|215.79026794433594
25|1139|210.7781524658203
25|1181|207.94737243652344
25|1200|210.08709716796875
25|1231|207.0498504638672
25|1242|199.31277465820312
25|1291|120.61134338378906
26|20|177.96864318847656
26|39|190.73707580566406
26|70|262.14923095703125
26|81|184.43820190429688
26|100|171.85159301757812
26|131|172.1878204345703
26|192|256.7703552246094
26|215|239.77320861816406
26|284|189.3983612060547
26|314|269.98223876953125
26|337|185.13633728027344
26|406|208.58334350585938
26|436|187.55247497558594
26|528|193.01422119140625
26|559|222.1890869140625
26|570|193.92999267578125
26|581|188.75645446777344
26|589|187.75503540039062
26|620|145.75125122070312
26|704|210.19595336914062
26|772|179.27947998046875
26|932|46.629886627197266
26|948|168.86041259765625
26|986|203.26837158203125
26|1009|160.26284790039062
26|1017|201.74798583984375
26|1070|196.1958770751953
26|1170|202.43661499023438
26|1192|185.86383056640625
26|1261|199.28402709960938
27|76|52.6918830871582
27|84|50.02745056152344
27|89|49.22071838378906
27|315|232.4561309814453
27|328|40.29355239868164
27|437|170.55355834960938
27|565|51.339725494384766
27|578|62.4338264465332
27|681|165.23309326171875
27|805|98.93204498291016
27|927|85.37576293945312
27|933|63.03936004638672
27|944|41.19007110595703
27|1061|52.49750900268555
28|891|50.8222770690918
28|934|52.32559585571289
28|943|44.135231018066406
28|969|72.48628234863281
28|973|47.41334533691406
28|1043|41.63692092895508
28|1064|43.949058532714844
28|1159|42.704078674316406
28|1163|56.1024169921875
29|447|52.1832160949707
29|499|49.07699966430664
29|713|40.46141052246094
29|800|47.20325469970703
29|831|40.30106735229492
29|896|83.01177215576172
29|922|43.12197494506836
29|947|62.561004638671875
29|1042|56.43790054321289
29|1133|62.8305778503418
29|1164|68.48367309570312
29|1180|53.365966796875
29|1190|61.64478302001953
29|1202|50.112396240234375
30|12|82.94866943359375
30|20|101.18221282958984
30|32|79.55217742919922
30|38|50.0259895324707
30|42|40.24909973144531
30|94|145.65435791015625
30|143|66.80689239501953
30|153|75.09564971923828
30|242|49.710079193115234
30|255|117.96302032470703
30|262|72.14407348632812
30|267|76.40074157714844
30|284|81.80548858642578
30|339|158.0062255859375
30|344|110.83694458007812
30|389|66.14012908935547
30|408|44.04425048828125
30|462|84.92566680908203
30|464|70.876220703125
30|466|100.12932586669922
30|494|68.57910919189453
30|501|54.00171661376953
30|508|90.35245513916016
30|517|64.68759155273438
30|521|67.88456726074219
30|525|79.66956329345703
30|561|44.732177734375
30|570|65.78714752197266
30|583|147.97032165527344
30|594|63.92339324951172
30|614|41.558509826660156
30|633|62.155975341796875
30|639|70.01825714111328
30|642|58.85047149658203
30|645|41.932552337646484
30|662|57.37986755371094
30|696|45.870689392089844
30|704|78.90141296386719
30|754|57.61480712890625
30|773|84.64044189453125
30|799|41.14512634277344
30|827|112.23387145996094
30|872|70.79874420166016
30|889|48.53437423706055
30|899|54.127037048339844
30|905|40.627845764160156
30|936|85.58427429199219
30|948|93.53948211669922
30|955|128.05923461914062
30|979|57.17728042602539
30|989|96.5457534790039
30|995|109.31336212158203
30|997|110.77590942382812
30|1011|84.14830017089844
30|1026|67.90658569335938
30|1034|49.72635269165039
30|1041|52.82858657836914
30|1050|54.18562316894531
30|1056|59.549034118652344
30|1100|45.77885818481445
30|1103|76.75719451904297
30|1109|95.8238296508789
30|1122|60.383399963378906
30|1126|83.90370178222656
30|1131|74.64573669433594
30|1148|56.059852600097656
30|1158|58.97134017944336
30|1165|65.13441467285156
30|1175|44.1147575378418
30|1179|46.38410949707031
30|1182|41.61107635498047
30|1188|64.17579650878906
30|1232|110.51004028320312
30|1245|76.23931884765625
30|1261|82.42002868652344
30|1281|48.09141540527344
30|1284|50.36627197265625
30|1291|78.13519287109375
31|9|63.650203704833984
31|18|81.7744369506836
31|27|51.64699935913086
31|31|92.51934051513672
31|34|58.80310821533203
31|100|102.69316864013672
31|134|80.66922760009766
31|138|84.78878021240234
31|145|80.53059387207031
31|161|85.33609771728516
31|222|78.77335357666016
31|270|49.622840881347656
31|276|101.61355590820312
31|283|88.98362731933594
31|314|73.58183288574219
31|345|109.91950225830078
31|352|50.99263000488281
31|375|93.13470458984375
31|378|63.233585357666016
31|385|58.641212463378906
31|398|118.3128662109375
31|461|91.2548599243164
31|467|119.85550689697266
31|473|86.30255889892578
31|487|77.33924865722656
31|506|76.01660919189453
31|509|87.89239501953125
31|516|66.36387634277344
31|526|92.57231903076172
31|564|44.87965393066406
31|589|102.2925033569336
31|595|67.21229553222656
31|600|45.833988189697266
31|608|56.34659957885742
31|617|60.4854736328125
31|619|72.82132720947266
31|623|69.254150390625
31|631|96.34246063232422
31|634|66.24801635742188
31|638|59.662593841552734
31|640|74.80474853515625
31|650|92.80396270751953
31|660|60.37668228149414
31|681|71.9618148803711
31|692|77.6760482788086
31|706|53.79850387573242
31|711|101.50343322753906
31|730|53.868011474609375
31|742|109.54551696777344
31|745|71.4699935913086
31|752|86.23906707763672
31|756|81.50372314453125
31|760|58.121925354003906
31|764|78.71495819091797
31|772|90.74447631835938
31|775|64.47480773925781
31|826|112.56861114501953
31|833|118.11857604980469
31|837|48.78850555419922
31|844|63.826812744140625
31|867|42.07667541503906
31|870|48.02854537963867
31|873|80.07223510742188
31|879|53.95119094848633
31|887|72.36356353759766
31|897|77.85267639160156
31|903|52.64528274536133
31|937|64.93069458007812
31|953|108.84015655517578
31|956|129.64498901367188
31|959|70.3353500366211
31|970|51.965309143066406
31|985|94.12049102783203
31|988|91.46409606933594
31|998|107.00495147705078
31|1003|55.05355453491211
31|1006|42.43440246582031
31|1019|43.95423126220703
31|1035|50.50884246826172
31|1055|44.246795654296875
31|1065|59.624027252197266
31|1071|109.94158935546875
31|1077|109.69140625
31|1081|46.86316680908203
31|1085|87.34693145751953
31|1087|96.00624084472656
31|1091|65.5122299194336
31|1099|41.256248474121094
31|1111|78.16716766357422
31|1114|56.75439453125
31|1117|77.02366638183594
31|1119|80.77283477783203
31|1123|66.26206970214844
31|1128|61.59894943237305
31|1194|77.09550476074219
31|1200|100.32611083984375
31|1203|46.19519805908203
31|1233|96.03890228271484
31|1240|95.3337173461914
31|1244|87.60556030273438
31|1253|126.99969482421875
31|1280|47.991458892822266
32|142|98.13382720947266
32|264|75.15337371826172
32|386|71.47036743164062
32|497|129.20372009277344
32|520|96.92134094238281
32|527|88.34805297851562
32|568|45.09298324584961
32|643|87.7491683959961
32|753|92.09608459472656
32|787|64.38382720947266
32|803|69.72162628173828
32|814|94.91744995117188
32|875|86.3516845703125
32|914|52.119224548339844
32|917|55.233123779296875
32|1070|96.80196380615234
32|1092|68.26177215576172
32|1108|86.28482055664062
32|1172|43.411075592041016
32|1193|93.4332504272461
32|1206|40.47934341430664
32|1222|43.97453308105469
32|1285|44.45256805419922
33|20|72.04047393798828
33|32|94.06649017333984
33|39|88.43585968017578
33|70|111.744873046875
33|81|75.8617935180664
33|131|108.05455780029297
33|154|96.81059265136719
33|161|88.53665924072266
33|192|97.50847625732422
33|204|88.4458999633789
33|222|79.53694915771484
33|253|95.56804656982422
33|284|94.41647338867188
33|326|90.30477905273438
33|337|74.93113708496094
33|387|93.2381362915039
33|406|88.26589965820312
33|459|106.89493560791016
33|488|48.602439880371094
33|559|102.19172668457031
33|582|86.89498138427734
33|597|41.35881042480469
33|620|80.77323150634766
33|642|95.01763153076172
33|645|44.48320770263672
33|681|82.99308776855469
33|765|87.05846405029297
33|772|91.52401733398438
33|848|45.6395378112793
33|864|94.3271484375
33|887|85.21875762939453
33|894|83.95438385009766
33|904|39.88972854614258
33|918|45.5807991027832
33|925|81.54886627197266
33|948|111.14015197753906
33|955|80.28258514404297
33|986|142.0126190185547
33|1009|99.63652801513672
33|1017|88.11857604980469
33|1047|78.57441711425781
33|1059|90.82300567626953
33|1078|88.6905288696289
33|1098|45.070613861083984
33|1120|87.5770034790039
33|1131|67.1759033203125
33|1139|85.0596694946289
33|1170|88.78766632080078
33|1181|77.90277862548828
33|1192|110.53892517089844
33|1223|56.3008918762207
33|1230|53.792423248291016
33|1242|95.6300048828125
33|1261|91.0783462524414
33|1291|72.82898712158203
34|9|82.62213134765625
34|31|83.05874633789062
34|93|74.16291046142578
34|215|95.35580444335938
34|265|85.85452270507812
34|276|95.4540786743164
34|317|43.89799880981445
34|436|81.2557373046875
34|439|62.8115348815918
34|448|86.3255615234375
34|467|78.04380798339844
34|494|51.41117858886719
34|509|74.07328033447266
34|513|43.5438232421875
34|528|84.53763580322266
34|570|89.66911315917969
34|581|82.68243408203125
34|589|80.73705291748047
34|643|86.53275299072266
34|650|102.53466796875
34|665|59.29832458496094
34|790|55.34871292114258
34|797|59.30695724487305
34|806|40.55043029785156
34|812|39.9569206237793
34|876|84.96104431152344
34|901|61.020965576171875
34|927|58.679054260253906
34|937|73.80128479003906
34|956|83.84364318847656
34|971|46.47494125366211
34|980|66.55958557128906
34|983|49.27141189575195
34|1050|44.42707824707031
34|1200|89.66537475585938
34|1231|63.27837371826172
34|1269|68.80159759521484
35|24|43.072166442871094
35|268|41.80308532714844
35|299|43.756919860839844
35|437|74.5824966430664
35|491|72.9623794555664
35|646|58.64601135253906
35|692|103.6302261352539
35|716|43.80912780761719
35|726|52.9127197265625
35|788|44.50849151611328
35|791|60.33251190185547
35|803|71.86103057861328
35|807|51.119041442871094
35|811|51.67518997192383
35|826|85.08660125732422
35|887|91.16421508789062
35|925|88.99783325195312
35|1230|75.59420776367188
36|32|100.31948852539062
36|54|41.38839340209961
36|132|56.80398941040039
36|217|53.12205505371094
36|340|55.07472229003906
36|376|62.73428726196289
36|423|57.44286346435547
36|452|65.06058502197266
36|485|97.08180236816406
36|501|44.22029495239258
36|521|91.33978271484375
36|574|61.46902847290039
36|582|57.66218185424805
36|586|40.4653434753418
36|621|58.8759651184082
36|645|59.15156555175781
36|671|66.48286437988281
36|704|70.95515441894531
36|757|40.56489562988281
36|767|48.432682037353516
36|787|57.36846160888672
36|828|57.318511962890625
36|870|54.24275207519531
36|910|60.67412185668945
36|941|58.25752258300781
36|973|79.75020599365234
36|1111|54.82053756713867
36|1131|69.67900848388672
36|1254|98.86292266845703
36|1266|39.774627685546875
37|9|76.62150573730469
37|85|44.442832946777344
37|216|57.88649368286133
37|315|45.36483383178711
37|360|43.089500427246094
37|497|53.05162048339844
37|505|77.77250671386719
37|575|59.35585403442383
37|603|52.320858001708984
37|644|49.697898864746094
37|696|42.17597579956055
37|765|46.936885833740234
37|818|43.65781784057617
37|971|45.519493103027344
37|1062|40.67345428466797
37|1231|65.82368469238281
37|1255|70.38798522949219
37|1277|42.50191116333008
38|69|52.476844787597656
38|177|40.92279815673828
38|299|43.945674896240234
38|329|44.79924011230469
38|512|57.00305938720703
38|532|69.81369018554688
38|534|82.28624725341797
38|543|40.53472900390625
38|604|51.563350677490234
38|635|43.66038131713867
38|787|40.33192825317383
38|879|42.11440658569336
38|1093|44.27432632446289
39|276|60.053733825683594
39|535|79.55060577392578
39|574|53.94892883300781
39|704|43.89601135253906
39|988|39.94094467163086
39|1139|49.789459228515625
40|131|55.20902633666992
40|143|47.964542388916016
40|154|69.40434265136719
40|161|40.51140213012695
40|192|97.83135223388672
40|204|40.55216598510742
40|284|42.87831115722656
40|315|58.23740005493164
40|337|57.16005325317383
40|345|46.271697998046875
40|387|47.46142578125
40|406|51.94744110107422
40|436|50.25230407714844
40|448|50.314720153808594
40|589|45.01376724243164
40|643|64.44630432128906
40|650|41.79740905761719
40|681|106.27153778076172
40|742|59.79034423828125
40|771|50.420780181884766
40|826|42.401363372802734
40|864|57.82707977294922
40|887|43.23064422607422
40|925|65.06097412109375
40|937|40.3337287902832
40|948|63.324363708496094
40|1078|46.68404006958008
40|1120|46.5069465637207
40|1143|40.39536666870117
40|1261|43.76979446411133
41|39|40.7274284362793
41|70|74.69615936279297
41|81|56.30136489868164
41|93|53.78984069824219
41|100|46.7557258605957
41|193|90.38710021972656
41|223|45.243141174316406
41|253|76.38919067382812
41|326|65.8236312866211
41|528|41.642765045166016
41|558|64.10836029052734
41|561|44.751182556152344
41|570|57.41981506347656
41|687|51.007469177246094
41|711|48.902137756347656
41|803|59.23189926147461
41|814|60.8026123046875
41|833|44.113861083984375
41|894|49.26652908325195
41|936|40.92307662963867
41|956|43.50883865356445
41|987|58.657962799072266
41|1009|56.52153778076172
41|1050|53.108272552490234
41|1059|62.28299331665039
41|1142|42.483131408691406
41|1171|86.29320526123047
41|1176|46.14323425292969
41|1200|43.92219543457031
41|1242|45.55807876586914
42|142|45.40871047973633
42|161|42.092002868652344
42|203|48.24269485473633
42|509|40.47129821777344
42|692|43.027099609375
42|1081|71.18727111816406
42|1108|54.817352294921875
43|93|52.48617172241211
43|154|73.14033508300781
43|173|63.0555534362793
43|215|57.198482513427734
43|276|47.38982391357422
43|398|51.72541427612305
43|459|44.482730865478516
43|581|50.50380325317383
43|643|39.74574661254883
43|948|64.85551452636719
43|1078|43.550933837890625
43|1080|79.48268127441406
43|1192|51.36739730834961
43|1233|53.283233642578125
44|65|67.95723724365234
44|70|57.84341812133789
44|114|45.81337356567383
44|153|64.83512878417969
44|326|41.81946563720703
44|378|53.02550506591797
44|826|57.779571533203125
44|1108|54.43016815185547
44|1193|47.94518280029297
45|113|43.150482177734375
45|151|66.94073486328125
45|222|55.90565490722656
45|375|61.263954162597656
45|986|60.994754791259766
45|1009|41.01652908325195
45|1070|58.6679801940918
45|1241|39.98602294921875
46|9|59.499786376953125
46|16|56.95386505126953
46|20|49.19123840332031
46|27|41.47775650024414
46|31|48.80437088012695
46|96|109.96034240722656
46|102|43.77506637573242
46|110|47.27853012084961
46|134|65.01304626464844
46|140|127.53101348876953
46|168|42.30442810058594
46|217|70.84352111816406
46|219|64.66563415527344
46|255|119.05665588378906
46|259|100.34381866455078
46|340|68.28142547607422
46|348|46.523414611816406
46|386|112.91677856445312
46|389|61.25719451904297
46|393|57.811161041259766
46|460|65.20661926269531
46|462|73.57110595703125
46|465|75.84334564208984
46|472|40.53386688232422
46|497|64.04286193847656
46|504|52.982540130615234
46|509|40.940269470214844
46|584|98.05352783203125
46|590|46.75640106201172
46|622|68.00872802734375
46|629|89.9081802368164
46|705|55.365360260009766
46|708|55.07004928588867
46|710|56.140037536621094
46|743|113.49301147460938
46|831|50.51603317260742
46|867|40.46249771118164
46|874|94.88358306884766
46|878|65.45648956298828
46|881|43.77164840698242
46|887|41.89832305908203
46|953|83.47632598876953
46|959|61.18278884887695
46|983|81.23226165771484
46|1072|104.59098052978516
46|1080|76.73238372802734
46|1111|70.69839477539062
46|1118|105.13163757324219
46|1194|52.726417541503906
46|1197|56.35732650756836
46|1199|60.37080001831055
46|1232|129.6305694580078
46|1237|84.1999740600586
46|1253|41.07394027709961
47|94|49.21055603027344
47|109|65.70170593261719
47|147|42.86915588378906
47|459|62.24131393432617
47|704|51.285255432128906
47|1109|54.325748443603516
48|70|55.70445251464844
48|93|49.051551818847656
48|108|79.468505859375
48|299|41.169254302978516
48|391|44.69496154785156
48|521|50.97685241699219
48|582|45.42134094238281
48|803|40.043792724609375
48|826|40.132789611816406
48|925|45.11119079589844
48|1170|41.71010971069336
49|34|69.81729125976562
49|39|90.35352325439453
49|156|42.43999481201172
49|162|45.162147521972656
49|192|49.634647369384766
49|268|40.045616149902344
49|280|57.88194274902344
49|286|41.75742721557617
49|326|44.23244094848633
49|345|46.15976333618164
49|375|45.92264938354492
49|387|47.594749450683594
49|405|48.58826446533203
49|436|47.006187438964844
49|448|40.425113677978516
49|498|53.25305938720703
49|522|66.46534729003906
49|528|78.15585327148438
49|570|40.602901458740234
49|581|42.553627014160156
49|644|43.99318313598633
49|742|47.08259963989258
49|767|56.343326568603516
49|888|50.3955192565918
49|1011|50.1144905090332
49|1016|71.8037338256836
49|1139|53.580963134765625
49|1169|45.08633804321289
49|1255|67.63654327392578
49|1260|39.749229431152344
49|1263|45.69190979003906
50|270|39.632164001464844
50|276|42.19562530517578
50|765|43.3447151184082
50|887|49.85426330566406
50|958|57.8809700012207
50|1254|47.57334899902344
51|1060|47.93289566040039
51|1291|55.35493087768555
52|70|39.648681640625
52|180|44.68515396118164
52|932|89.93104553222656
52|939|95.36988830566406
52|947|63.444313049316406
52|950|93.5730209350586
52|970|45.68873596191406
52|985|46.17180252075195
52|1045|52.13795852661133
53|268|54.976295471191406
53|367|64.4079360961914
53|436|48.394432067871094
53|961|97.3203125
53|967|109.24759674072266
53|1013|39.96016311645508
53|1044|54.31735610961914
53|1059|40.34899139404297
53|1136|59.122825622558594
53|1170|51.73678970336914
54|267|51.37972640991211
54|366|71.73896026611328
54|437|41.62525177001953
54|907|62.750579833984375
54|1030|68.3755111694336
54|1075|48.50672912597656
54|1106|53.99219512939453
55|73|40.386234283447266
55|76|39.710567474365234
55|193|54.34550476074219
55|266|50.37806701660156
55|439|46.728145599365234
55|528|42.66240310668945
55|561|50.89398956298828
55|877|42.00807189941406
55|927|40.436988830566406
55|952|41.58442306518555
55|1029|81.7547378540039
55|1043|49.525360107421875
55|1105|51.555538177490234
55|1122|76.30311584472656
55|1162|78.9403076171875
56|192|53.23651885986328
56|315|40.08937072753906
56|497|40.232933044433594
56|519|50.40974426269531
56|891|98.30157470703125
56|906|67.84526062011719
56|933|43.51472473144531
56|972|52.99960708618164
56|1028|59.2224235534668
56|1134|42.87329864501953
56|1159|50.335243225097656
56|1192|61.393585205078125
57|464|52.07894515991211
57|816|45.923248291015625
57|922|58.398075103759766
57|936|46.125545501708984
57|969|77.87451171875
57|981|41.32421112060547
57|993|41.40887451171875
57|1058|43.211429595947266
57|1124|42.67880630493164
57|1161|115.10936737060547
58|131|44.81060028076172
58|154|43.666542053222656
58|253|50.79857635498047
58|264|56.775760650634766
58|462|61.660377502441406
58|465|45.64580535888672
58|525|47.25933074951172
58|558|44.409175872802734
58|815|45.652252197265625
58|862|46.57218551635742
58|910|55.704620361328125
58|1011|78.46615600585938
58|1184|47.438358306884766
58|1231|45.561607360839844
58|1262|45.26701736450195
59|70|49.4447021484375
59|549|40.95146560668945
59|561|73.30870819091797
59|592|53.52614974975586
59|643|62.720272064208984
59|800|40.89765548706055
59|814|41.79615020751953
59|830|72.74989318847656
59|861|50.89973068237305
59|877|57.80563735961914
59|1027|79.77810668945312
59|1042|88.39460754394531
59|1057|88.7950668334961
59|1095|41.67959976196289
59|1104|49.67673110961914
59|1126|123.71259307861328
59|1133|40.67203903198242
59|1164|192.8291473388672
59|1176|80.65933990478516
59|1189|125.91780853271484
60|131|49.76874923706055
60|497|56.6866455078125
60|799|41.40886688232422
60|880|46.20331954956055
60|896|139.44285583496094
60|929|54.22659683227539
60|935|94.29969787597656
60|941|48.30445861816406
60|978|126.0040283203125
60|995|130.52798461914062
60|1018|101.86711883544922
60|1041|79.06755065917969
60|1050|110.45664978027344
60|1056|103.22579956054688
60|1103|79.56426239013672
60|1148|135.3692626953125
60|1165|163.73406982421875
61|19|64.72566986083984
61|22|52.42520523071289
61|27|45.826045989990234
61|37|61.782901763916016
61|96|93.45648956298828
61|99|95.47567749023438
61|133|108.07167053222656
61|137|87.33447265625
61|148|42.22135543823242
61|152|42.30148696899414
61|157|44.09809112548828
61|194|40.173091888427734
61|207|40.748756408691406
61|219|52.088314056396484
61|262|105.13004302978516
61|268|52.078826904296875
61|281|51.789310455322266
61|322|44.337013244628906
61|340|112.47315216064453
61|343|109.04450988769531
61|347|84.06395721435547
61|378|111.61552429199219
61|382|104.7058334350586
61|396|68.82311248779297
61|463|55.99310302734375
61|470|50.77800369262695
61|508|41.66861343383789
61|519|45.90088653564453
61|525|78.58688354492188
61|584|99.54405975341797
61|590|69.78367614746094
61|621|111.91696166992188
61|626|53.675270080566406
61|630|54.90803527832031
61|642|93.92623138427734
61|712|68.2076187133789
61|757|58.395721435546875
61|759|59.55519104003906
61|804|75.83917236328125
61|813|49.06868362426758
61|828|68.67023468017578
61|831|89.88629150390625
61|835|60.300933837890625
61|845|92.39696502685547
61|870|102.89598846435547
61|874|93.19195556640625
61|879|47.91572952270508
61|884|48.123172760009766
61|886|54.950836181640625
61|890|109.45769500732422
61|905|98.50082397460938
61|954|85.9838638305664
61|979|157.79698181152344
61|984|40.954917907714844
61|1015|55.60615921020508
61|1019|138.2227325439453
61|1026|126.01863861083984
61|1034|144.61166381835938
61|1051|92.49327087402344
61|1081|50.159400939941406
61|1110|159.83724975585938
61|1115|83.42717742919922
61|1132|50.54479217529297
61|1153|104.46183013916016
61|1158|52.769073486328125
61|1166|127.71121215820312
61|1171|42.7260627746582
61|1180|93.61335754394531
61|1183|131.2209014892578
61|1186|70.72785186767578
61|1241|56.04484939575195
61|1245|54.11991500854492
62|174|42.768306732177734
62|460|46.277427673339844
62|512|45.59298324584961
62|561|52.67069625854492
62|564|88.89122772216797
62|618|64.7400894165039
62|629|53.34971237182617
62|644|111.26526641845703
62|686|76.74457550048828
62|694|153.64642333984375
62|730|110.08706665039062
62|743|43.489173889160156
62|750|50.971160888671875
62|752|66.5222396850586
62|775|73.86608123779297
62|805|74.25077819824219
62|814|49.41358947753906
62|827|43.93581008911133
62|830|66.44145965576172
62|836|65.02014923095703
62|844|74.05131530761719
62|846|88.75102233886719
62|860|61.68011474609375
62|866|201.2866973876953
62|882|72.024169921875
62|889|106.21981811523438
62|942|92.0342788696289
62|952|62.4163703918457
62|1035|137.51910400390625
62|1066|157.3704833984375
62|1073|144.7936248779297
62|1087|187.91989135742188
62|1094|119.32566833496094
62|1099|39.971797943115234
62|1131|48.428199768066406
62|1173|49.248802185058594
62|1189|40.20778274536133
62|1195|157.15191650390625
62|1198|74.10408782958984
62|1204|63.1280632019043
62|1214|42.9312744140625
62|1238|44.627655029296875
62|1244|45.11640548706055
62|1280|98.43386840820312
62|1290|40.25099563598633
63|465|98.19560241699219
63|528|123.44715118408203
63|550|54.97437286376953
63|580|73.66427612304688
63|617|80.04023742675781
63|641|168.51510620117188
63|660|61.46560287475586
63|668|121.08489227294922
63|813|42.12686538696289
63|835|51.43526840209961
63|859|81.50247192382812
63|873|80.36357879638672
63|880|64.50630950927734
63|911|44.330589294433594
63|1004|146.6613006591797
63|1084|146.7552947998047
63|1095|119.65547943115234
63|1128|112.11192321777344
63|1157|80.57119750976562
63|1196|134.1494598388672
63|1283|54.25381851196289
64|262|41.6716194152832
64|466|108.26741790771484
64|494|43.539608001708984
64|497|106.38737487792969
64|551|55.28754806518555
64|568|62.75096893310547
64|637|68.94100189208984
64|640|166.78785705566406
64|661|63.40633773803711
64|698|125.36882781982422
64|728|98.22267150878906
64|760|42.99882888793945
64|787|47.93075942993164
64|789|50.5042839050293
64|828|52.72142028808594
64|843|61.863243103027344
64|916|170.70518493652344
64|953|46.961944580078125
64|1019|50.32625961303711
64|1102|102.84542083740234
64|1129|98.11968994140625
64|1156|73.94672393798828
64|1205|64.44930267333984
64|1220|151.0970916748047
64|1244|40.941062927246094
64|1248|39.838863372802734
64|1279|95.46732330322266
65|173|53.31986999511719
65|378|42.5300407409668
65|529|47.5778694152832
65|576|76.09683990478516
65|597|120.47673034667969
65|622|46.60763931274414
65|692|45.25462341308594
65|752|45.43829345703125
65|778|85.19286346435547
65|803|39.99253845214844
65|858|74.9062728881836
65|879|49.29256057739258
65|1083|120.95032501220703
65|1092|98.8542251586914
65|1172|62.99467468261719
65|1206|76.26943969726562
65|1213|157.3185272216797
65|1258|44.00556564331055
66|153|41.052921295166016
66|466|109.39013671875
66|497|109.69300842285156
66|546|42.56840515136719
66|570|80.4522476196289
66|580|138.31582641601562
66|583|66.40168762207031
66|598|118.54106140136719
66|623|44.544071197509766
66|666|109.77394104003906
66|762|93.85761260986328
66|837|48.84455871582031
66|852|108.2302017211914
66|888|120.14564514160156
66|904|127.09501647949219
66|1003|44.01376724243164
66|1051|67.32831573486328
66|1067|84.76441192626953
66|1099|163.5270233154297
66|1210|104.1126480102539
66|1217|83.213623046875
66|1287|44.737571716308594
67|64|52.88863754272461
67|379|51.15860366821289
67|488|113.82525634765625
67|514|47.45669937133789
67|529|54.12586975097656
67|557|74.90619659423828
67|581|147.3632049560547
67|673|88.0462646484375
67|713|51.93354797363281
67|789|212.22531127929688
67|850|102.5008316040039
67|853|101.50372314453125
67|1006|97.15250396728516
67|1035|84.2917251586914
67|1052|50.14091110229492
67|1146|119.13585662841797
67|1225|195.6492919921875
67|1241|46.16598892211914
67|1251|74.11605072021484
67|1271|62.26919174194336
67|1279|78.72879791259766
68|151|71.68326568603516
68|169|56.92006301879883
68|492|202.50205993652344
68|500|173.2662811279297
68|571|62.699981689453125
68|674|111.637451171875
68|699|159.41986083984375
68|716|152.38258361816406
68|726|41.76151657104492
68|751|80.10935974121094
68|782|108.17598724365234
68|797|107.39142608642578
68|824|149.91470336914062
68|828|63.503662109375
68|839|131.4969024658203
68|843|66.99286651611328
68|900|222.34181213378906
68|1020|83.21455383300781
68|1036|75.79705047607422
68|1114|139.27999877929688
68|1117|42.98938751220703
68|1145|106.41087341308594
68|1152|82.3371353149414
68|1247|62.90825653076172
68|1258|140.08612060546875
68|1270|81.23426055908203
68|1273|95.0030517578125
69|50|48.7664794921875
69|57|67.29689025878906
69|110|42.98997497558594
69|142|42.972450256347656
69|147|64.67236328125
69|168|62.27710723876953
69|293|49.110748291015625
69|302|80.3075180053711
69|317|49.78189468383789
69|490|170.03182983398438
69|506|41.71722412109375
69|513|45.95874786376953
69|538|40.083133697509766
69|545|60.47996139526367
69|552|110.69147491455078
69|556|95.48799896240234
69|572|40.01169204711914
69|576|119.01976013183594
69|585|82.4281005859375
69|598|61.30479049682617
69|624|128.65542602539062
69|646|171.96539306640625
69|691|70.69322967529297
69|700|145.0416259765625
69|735|62.697731018066406
69|786|59.0571174621582
69|805|47.53388977050781
69|808|50.20913314819336
69|812|84.5419692993164
69|834|43.455406188964844
69|838|128.2178192138672
69|856|91.79340362548828
69|868|62.36709976196289
69|884|105.80039978027344
69|986|42.88146209716797
69|1034|65.85466766357422
69|1048|47.243675231933594
69|1082|48.76002502441406
69|1229|47.43281936645508
69|1268|127.10673522949219
69|1278|114.2046890258789
69|1281|56.28390121459961
70|374|45.695556640625
70|651|76.94086456298828
70|664|244.75718688964844
70|692|76.29598236083984
70|715|72.39744567871094
70|731|74.546142578125
70|791|130.30145263671875
70|903|50.47552490234375
70|927|90.57394409179688
70|983|106.49150848388672
70|989|55.84972381591797
70|1035|82.19612121582031
70|1225|114.5263900756836
70|1228|45.29895782470703
70|1242|43.52151870727539
71|337|42.63145446777344
71|373|39.82828903198242
71|466|40.441768646240234
71|530|136.37120056152344
71|669|96.18997192382812
71|691|72.06684112548828
71|766|100.51676940917969
71|786|62.65827178955078
71|792|130.19769287109375
71|811|64.95073699951172
71|857|106.73963165283203
71|869|100.869873046875
71|887|48.34700393676758
71|1036|105.08052062988281
72|108|62.07197952270508
72|311|52.71671676635742
72|314|48.58879852294922
72|344|50.915504455566406
72|503|139.91461181640625
72|512|95.35295104980469
72|554|59.500099182128906
72|585|89.76700592041016
72|628|55.3896598815918
72|671|71.07400512695312
72|716|77.30609130859375
72|752|83.47381591796875
72|764|58.871551513671875
72|785|63.5490837097168
72|868|63.489559173583984
72|947|42.78532409667969
72|955|46.79866409301758
72|1273|86.11485290527344
73|19|121.18961334228516
73|23|76.05421447753906
73|28|54.18620300292969
73|42|137.25650024414062
73|134|44.1087760925293
73|139|61.992759704589844
73|219|50.659751892089844
73|222|52.92678451538086
73|226|46.49237060546875
73|229|51.482791900634766
73|262|107.3460693359375
73|267|88.85517120361328
73|270|105.4237289428711
73|272|107.18495178222656
73|279|106.41740417480469
73|287|114.57784271240234
73|290|105.68316650390625
73|298|55.612083435058594
73|342|49.94110107421875
73|350|45.944969177246094
73|363|80.11156463623047
73|378|53.01328659057617
73|383|55.900020599365234
73|398|49.84313201904297
73|424|56.65241622924805
73|427|50.88865661621094
73|455|64.9269790649414
73|467|49.34422302246094
73|486|94.17876434326172
73|502|147.36016845703125
73|507|129.42344665527344
73|513|103.6913070678711
73|522|44.773033142089844
73|529|76.75861358642578
73|533|87.9758529663086
73|537|74.52128601074219
73|543|90.99922180175781
73|571|88.4135513305664
73|576|78.27613830566406
73|623|48.15398025512695
73|691|76.86971282958984
73|710|43.76427459716797
73|746|51.568565368652344
73|751|78.70872497558594
73|755|83.88780212402344
73|760|118.18861389160156
73|767|151.8164825439453
73|772|54.5963134765625
73|777|94.0817642211914
73|782|101.08516693115234
73|786|62.629966735839844
73|808|65.04151153564453
73|823|43.57395553588867
73|827|61.733184814453125
73|834|48.40373229980469
73|842|77.56382751464844
73|872|56.77614212036133
73|894|40.37094497680664
73|916|47.853302001953125
73|944|40.58677291870117
73|976|76.66521453857422
73|982|99.47885131835938
73|997|107.09812927246094
73|1001|68.7159194946289
73|1006|41.76760482788086
73|1020|177.28921508789062
73|1031|49.96427536010742
73|1052|74.05059814453125
73|1062|55.418697357177734
73|1113|82.93800354003906
73|1199|49.23101043701172
73|1226|157.62936401367188
73|1240|108.9188232421875
73|1244|83.77110290527344
73|1248|98.16059112548828
73|1256|141.3421173095703
73|1264|100.74011993408203
73|1268|96.730712890625
73|1274|90.6330337524414
73|1278|100.10931396484375
74|93|42.90358352661133
74|436|42.38279342651367
74|466|46.01870346069336
74|506|162.08673095703125
74|528|54.871315002441406
74|530|46.64483642578125
74|532|61.10321807861328
74|544|101.19486999511719
74|553|100.75666046142578
74|575|88.2664566040039
74|602|59.61000442504883
74|956|40.81791687011719
74|1237|39.82514953613281
75|270|79.12757110595703
75|276|40.47114181518555
75|467|51.98918151855469
75|512|94.57035827636719
75|531|59.275386810302734
75|536|64.72624969482422
75|720|50.984371185302734
75|955|42.792396545410156
75|1120|49.131221771240234
75|1144|133.4659881591797
76|823|40.26372528076172
76|1061|53.628623962402344
77|269|60.04154586791992
77|310|77.22917938232422
77|533|145.7598876953125
77|768|42.25796890258789
77|988|69.65113830566406
77|1060|81.44029998779297
78|180|126.21796417236328
78|189|46.760711669921875
78|276|44.218727111816406
78|367|48.13739776611328
78|467|50.015682220458984
78|536|193.71148681640625
78|939|89.71004486083984
78|985|53.22586441040039
78|1045|99.57086181640625
78|1107|39.69194793701172
79|187|55.4683723449707
79|268|90.02195739746094
79|543|65.47151184082031
79|769|64.81015014648438
79|938|75.10355377197266
79|965|158.8722686767578
79|982|73.20979309082031
79|984|49.870887756347656
79|1059|72.35993957519531
79|1144|83.43093872070312
80|510|97.5403823852539
80|947|116.71473693847656
80|1013|168.8115692138672
81|366|72.31795501708984
81|467|43.469825744628906
81|541|80.42559814453125
81|908|136.8060302734375
81|944|41.64082717895508
81|962|195.23304748535156
81|988|132.96865844726562
81|1044|129.67005920410156
81|1075|113.1123275756836
81|1106|73.48068237304688
81|1123|82.42678833007812
81|1262|40.9978141784668
82|73|42.50524139404297
82|158|48.24468231201172
82|282|95.66816711425781
82|287|55.1835823059082
82|316|67.67022705078125
82|439|59.20346450805664
82|770|106.5321044921875
82|805|46.499107360839844
82|817|45.35411834716797
82|890|42.61090850830078
82|928|47.06629180908203
82|981|89.7748031616211
82|1029|91.38150024414062
82|1043|121.67633056640625
82|1050|40.38982009887695
82|1058|93.01290893554688
82|1119|52.55877685546875
82|1122|88.79914855957031
82|1135|113.01509094238281
82|1260|83.84268951416016
82|1264|53.779624938964844
83|266|91.9340591430664
83|1011|57.40817642211914
83|1105|72.0406265258789
83|1142|70.87996673583984
84|174|50.049625396728516
84|366|40.71299362182617
84|816|68.03522491455078
84|892|104.88678741455078
84|1028|88.70292663574219
85|525|61.3908805847168
85|973|114.50031280517578
85|1012|57.68354034423828
85|1074|75.55674743652344
85|1104|74.87271881103516
85|1161|49.530189514160156
86|264|50.79557800292969
86|518|46.53606033325195
86|922|51.554161071777344
86|975|82.10704040527344
86|980|80.61627960205078
86|992|61.99197769165039
86|1011|73.37991333007812
86|1134|65.443603515625
86|1160|55.07957458496094
86|1262|73.54146575927734
87|976|80.91551208496094
87|1042|89.06465148925781
88|800|108.80290222167969
88|861|96.7598648071289
88|1027|78.32379150390625
88|1073|71.0846176147461
88|1233|56.36733627319336
89|152|83.44384765625
89|525|41.4390869140625
89|592|64.54931640625
89|830|65.9955062866211
89|860|84.29879760742188
89|936|61.065399169921875
89|1057|99.9939956665039
89|1133|91.4645767211914
89|1190|95.28038787841797
90|146|47.942176818847656
90|167|68.18115234375
90|231|52.58753967285156
90|263|102.53024291992188
90|462|85.01044464111328
90|517|41.05704116821289
90|562|69.10196685791016
90|799|111.83416748046875
90|977|88.68496704101562
90|980|66.77515411376953
90|1126|130.6262664794922
90|1175|58.54901123046875
90|1202|63.83063507080078
90|1284|44.2305908203125
90|1290|60.7679328918457
91|110|58.234718322753906
91|147|44.409515380859375
91|151|46.10734939575195
91|168|84.15998077392578
91|549|47.337249755859375
91|560|64.46686553955078
91|652|45.23221206665039
91|805|66.82976531982422
91|829|41.90929412841797
91|935|116.31755065917969
91|991|45.071144104003906
91|1018|64.48722839355469
91|1026|77.08883666992188
91|1034|57.892093658447266
91|1050|88.6182861328125
91|1103|144.64129638671875
91|1180|152.5469512939453
91|1183|59.14926528930664
91|1187|131.6529083251953
91|1203|59.276458740234375
91|1283|43.30420684814453
91|1291|60.06528854370117
92|11|87.83171081542969
92|23|44.710853576660156
92|218|46.78511047363281
92|221|47.03127670288086
92|255|92.48633575439453
92|428|42.800655364990234
92|500|79.2884750366211
92|504|51.16612243652344
92|564|52.334266662597656
92|592|50.62289810180664
92|594|44.43403244018555
92|686|50.706382751464844
92|710|41.62422180175781
92|730|76.34825897216797
92|744|100.14340209960938
92|753|79.72224426269531
92|759|63.15780258178711
92|845|110.57154846191406
92|874|105.46665954589844
92|983|68.25862884521484
92|989|66.05004119873047
92|992|47.531402587890625
92|995|53.67355728149414
92|1000|62.64521789550781
92|1019|61.00147247314453
92|1118|53.296600341796875
92|1127|55.81071472167969
92|1194|106.04530334472656
92|1205|45.699310302734375
92|1233|78.45863342285156
92|1236|57.428367614746094
92|1290|65.36727142333984
93|109|47.4153938293457
93|195|41.581993103027344
93|374|49.74049377441406
93|516|40.37416458129883
93|563|60.40418243408203
93|814|65.63994598388672
93|844|93.11986541748047
93|881|77.5427474975586
93|1073|42.80638885498047
93|1085|52.818538665771484
94|194|43.2014045715332
94|230|47.56031799316406
94|427|47.70622634887695
94|495|69.9181137084961
94|515|49.1187858581543
94|617|45.324546813964844
94|775|126.75814056396484
94|813|62.857666015625
94|859|53.032135009765625
94|873|71.80862426757812
94|942|87.26544189453125
94|990|51.36084747314453
94|998|46.83037567138672
94|1065|46.927371978759766
94|1072|44.6418342590332
94|1110|40.30561828613281
94|1196|40.879425048828125
94|1203|88.49056243896484
95|526|97.593017578125
95|547|41.559814453125
95|550|68.17678833007812
95|607|51.6687126159668
95|819|61.27760314941406
95|835|97.0688247680664
95|916|54.172183990478516
95|1066|41.53913497924805
95|1102|57.223854064941406
95|1173|65.08047485351562
95|1289|67.39464569091797
96|373|40.33226013183594
96|569|95.8465576171875
96|640|47.524658203125
96|760|59.24146270751953
96|836|95.6164321899414
96|880|64.36882019042969
96|912|119.66287994384766
96|1003|65.19745635986328
96|1129|66.39833068847656
96|1221|108.38695526123047
96|1248|55.297088623046875
96|1283|70.38843536376953
97|279|41.35158920288086
97|529|72.7422866821289
97|547|40.04820251464844
97|629|55.45021438598633
97|766|40.827091217041016
97|837|89.93194580078125
97|847|73.20965576171875
97|953|65.93155670166016
97|1060|41.39510726928711
97|1118|64.3967514038086
97|1206|104.34208679199219
98|188|72.9487075805664
98|229|94.04058837890625
98|275|42.40886306762695
98|488|87.11903381347656
98|494|69.50332641601562
98|514|39.654117584228516
98|583|92.86961364746094
98|599|82.4649887084961
98|606|58.15324783325195
98|761|86.76268005371094
98|919|94.7432861328125
98|1218|126.87549591064453
98|1259|61.56373596191406
98|1286|70.40094757080078
99|499|52.62076187133789
99|546|51.858253479003906
99|567|48.644126892089844
99|598|75.26409912109375
99|762|59.52736282348633
99|812|41.408790588378906
99|1172|82.59851837158203
99|1210|88.20849609375
99|1287|59.9398193359375
100|372|44.557926177978516
100|493|60.54378128051758
100|557|93.87907409667969
100|851|75.83533477783203
100|1209|52.30818557739258
101|492|46.8155517578125
101|556|70.15746307373047
101|1229|52.31211471557617
101|1270|64.9718017578125
102|275|43.249786376953125
102|371|49.49565124511719
102|491|50.27455139160156
102|514|60.7017707824707
102|900|67.76641845703125
103|797|58.06827163696289
103|854|69.85768127441406
103|884|40.623905181884766
103|1269|51.15987777709961
104|490|68.04505920410156
104|552|47.950294494628906
104|556|92.86235046386719
105|119|44.6278190612793
105|275|47.1341667175293
105|664|48.34869384765625
105|812|70.55772399902344
105|855|65.91670227050781
105|965|58.176536560058594
105|1247|41.64815902709961
106|268|82.28761291503906
106|530|40.243961334228516
106|628|55.16513442993164
106|731|45.798988342285156
106|735|71.5667724609375
106|806|43.65153503417969
106|927|64.01779174804688
106|1014|69.05252075195312
106|1145|45.453426361083984
107|674|58.929588317871094
107|869|88.48251342773438
107|963|68.01915740966797
107|1013|65.42997741699219
107|1044|45.75044250488281
107|1229|66.99781799316406
107|1267|92.43714904785156
108|425|59.336830139160156
108|552|45.86631393432617
108|571|57.746726989746094
108|603|126.91854858398438
108|701|97.69020080566406
108|807|71.80425262451172
108|944|43.04538345336914
108|989|41.56145095825195
108|1075|52.94274139404297
108|1256|91.85227966308594
109|316|52.44910430908203
109|1105|61.46140670776367
109|1274|42.813819885253906
110|767|67.18846893310547
111|118|46.45854568481445
111|167|48.224124908447266
111|195|39.715370178222656
111|505|45.454898834228516
111|545|116.31045532226562
111|586|75.65685272216797
111|768|73.90555572509766
111|974|73.27568817138672
111|1237|77.98674011230469
112|117|49.046592712402344
112|425|51.058006286621094
112|602|113.73115539550781
112|1236|76.8442153930664
112|1255|86.85063171386719
113|655|102.66481018066406
113|816|43.07416915893555
114|632|76.32012939453125
114|654|101.01533508300781
114|720|86.79251098632812
114|974|87.7951889038086
115|168|44.026268005371094
115|264|73.35005187988281
115|518|75.0354995727539
115|631|61.67641830444336
115|991|108.7900161743164
115|1263|58.49070358276367
116|463|114.36185455322266
116|653|89.48302459716797
116|709|56.89909744262695
117|263|51.523319244384766
117|374|52.6051025390625
117|517|50.41205978393555
117|720|49.248470306396484
117|769|79.3309555053711
118|592|121.50502014160156
118|679|57.72394561767578
118|1236|49.148109436035156
119|562|66.01028442382812
119|652|53.8399772644043
119|759|42.69778823852539
120|157|46.84885787963867
120|609|91.72270965576172
120|678|75.33158874511719
120|682|41.60808181762695
120|770|77.5531997680664
120|1284|51.992942810058594
121|156|41.21659851074219
121|593|72.4606704711914
121|608|86.69657135009766
121|935|43.23869323730469
121|1143|43.99005889892578
121|1187|42.260986328125
121|1290|48.725833892822266
122|463|45.83279800415039
122|516|48.12778854370117
122|562|59.358211517333984
122|615|40.48691177368164
122|682|42.451072692871094
122|759|44.382057189941406
122|872|47.8498420715332
122|1001|72.4625244140625
122|1118|50.48892593383789
122|1283|45.29657745361328
123|133|73.82167053222656
123|137|54.354469299316406
123|378|67.00282287597656
123|382|51.58036422729492
123|548|67.86396789550781
123|594|113.06219482421875
123|622|63.18906784057617
123|630|98.06698608398438
123|729|42.946781158447266
123|866|61.89966583251953
123|870|42.06171417236328
123|873|57.574462890625
123|954|68.0493392944336
123|1034|39.78725814819336
123|1111|65.81584167480469
123|1115|48.4178581237793
123|1173|43.137176513671875
123|1195|52.787628173828125
124|608|76.62578582763672
124|999|93.10114288330078
124|1142|64.85391998291016
124|1290|50.73147201538086
125|496|56.59701919555664
125|607|82.84442138671875
125|629|72.5675277709961
125|775|59.24459457397461
125|881|69.70393371582031
125|1065|41.74772262573242
125|1204|50.534828186035156
126|527|59.453102111816406
126|547|75.6036605834961
126|677|64.49362182617188
126|737|57.84149169921875
126|819|85.14350891113281
126|835|44.22863006591797
126|954|52.88645553588867
127|568|49.76874923706055
127|953|39.764034271240234
127|1289|43.88612747192383
128|836|51.245975494384766
129|676|80.48873901367188
131|599|76.00135040283203
131|606|64.69271850585938
131|919|45.49159240722656
131|1099|58.021175384521484
131|1117|40.272945404052734
131|1218|57.67461013793945
131|1233|76.09352111816406
132|546|83.0941390991211
132|736|71.72339630126953
132|1211|49.2281494140625
132|1287|190.30825805664062
133|851|49.11115646362305
134|1271|56.41433334350586
135|675|121.46839904785156
135|1272|52.111671447753906
136|900|64.66742706298828
138|256|42.956886291503906
138|260|40.31610870361328
139|604|40.42504119873047
139|665|40.31611633300781
140|587|61.26686477661133
142|869|47.35969543457031
143|464|87.73920440673828
144|463|76.09243774414062
144|807|59.97184753417969
145|586|75.27570343017578
145|708|71.85262298583984
146|18|64.80003356933594
146|26|47.89801788330078
146|41|73.4613265991211
146|262|77.44609069824219
146|270|48.09549331665039
146|286|57.53342819213867
146|529|58.012638092041016
146|739|44.776493072509766
146|751|70.28482055664062
146|775|45.223148345947266
146|995|46.65222930908203
146|1004|42.04606628417969
146|1018|64.27730560302734
146|1240|69.35279083251953
146|1248|41.969505310058594
146|1264|48.682029724121094
147|506|63.26069259643555
147|1191|47.004302978515625
148|683|84.48798370361328
148|739|52.55817413330078
149|678|67.45211791992188
149|706|48.200653076171875
149|1255|47.737205505371094
150|614|53.129154205322266
150|738|57.63412857055664
151|1050|40.12041091918945
152|1187|51.65229415893555
153|706|41.47003936767578
153|721|141.0899658203125
153|979|47.59145736694336
153|1194|77.5438232421875
154|535|50.16626739501953
154|594|90.27779388427734
154|1035|45.261165618896484
155|595|83.02897644042969
155|729|42.99055480957031
155|737|99.50373840332031
155|1000|88.38191986083984
155|1196|41.52656173706055
156|496|47.76074981689453
156|1066|44.183006286621094
157|495|41.75639724731445
157|527|47.648521423339844
157|723|84.47221374511719
158|526|44.393070220947266
159|568|45.934146881103516
159|915|52.480323791503906
161|913|46.563697814941406
163|1218|45.916107177734375
166|1142|40.0930061340332
167|851|67.52568817138672
168|557|65.54051208496094
168|1234|53.0993766784668
168|1271|48.533790588378906
169|812|40.207706451416016
170|655|42.842098236083984
170|848|46.77598571777344
170|900|53.68334197998047
171|849|49.000823974609375
174|707|71.22557067871094
175|1233|41.58982467651367
176|812|40.395057678222656
176|870|45.37503433227539
176|1191|39.787803649902344
177|704|43.906497955322266
177|707|64.7608642578125
177|735|45.184226989746094
178|167|43.13263702392578
178|706|53.987186431884766
179|739|46.48627853393555
180|513|41.754302978515625
182|1180|56.57564163208008
182|1187|93.63224792480469
183|559|60.16633224487305
183|1256|41.28650665283203
184|12|45.038387298583984
184|133|57.245086669921875
184|255|49.7253532409668
184|378|52.51784896850586
184|586|48.15176773071289
184|622|47.482669830322266
184|744|46.127906799316406
184|866|47.77363967895508
184|1111|48.95642852783203
184|1232|43.732643127441406
185|1204|51.729698181152344
187|512|42.17915344238281
187|1255|58.905853271484375
192|847|43.516334533691406
193|721|53.04156494140625
194|515|42.982234954833984
194|722|60.59305953979492
194|1118|44.58729553222656
194|1206|46.06407165527344
195|813|70.90750122070312
195|1043|42.84058380126953
196|1218|55.03607940673828
196|1286|96.00655364990234
197|515|42.899688720703125
197|1118|40.152915954589844
198|558|64.63041687011719
198|1287|128.60047912597656
199|519|53.43315505981445
199|992|70.25533294677734
200|518|59.75625991821289
200|852|66.79751586914062
201|557|93.6505355834961
201|1271|73.58378601074219
202|556|104.49724578857422
202|1262|47.95502853393555
202|1272|54.06508255004883
204|514|91.78205871582031
208|514|54.19927978515625
209|738|43.0736198425293
210|517|46.7220573425293
210|556|39.805442810058594
212|1256|44.367916107177734
213|1202|49.1409912109375
214|516|56.6008415222168
218|1203|147.72914123535156
219|516|76.29907989501953
219|730|46.097862243652344
219|1103|41.677005767822266
219|1233|72.23918914794922
220|515|75.90030670166016
220|819|42.26858139038086
226|515|47.84364318847656
227|655|47.27216339111328
229|736|50.462100982666016
230|518|74.85648345947266
230|721|43.05201721191406
231|514|42.705039978027344
232|517|56.729061126708984
232|1288|55.011260986328125
233|852|47.55944061279297
234|514|41.6465950012207
234|1271|97.1874771118164
236|517|63.78020095825195
238|552|41.76024627685547
238|683|56.80059051513672
239|652|44.05440902709961
240|738|62.236663818359375
242|516|44.437042236328125
243|563|49.65253448486328
243|652|48.810874938964844
243|759|42.33743667602539
243|962|60.57905960083008
245|594|44.52201461791992
245|652|49.73366928100586
246|563|67.56967163085938
247|737|61.949424743652344
251|813|45.46910095214844
253|737|52.149269104003906
253|819|40.56422805786133
254|568|69.94062042236328
254|655|92.64106750488281
255|586|40.75618362426758
257|569|41.476600646972656
258|568|45.92033767700195
258|654|63.10060501098633
261|707|48.959564208984375
262|653|70.85072326660156
262|1233|59.45650863647461
263|599|39.76272964477539
263|602|56.70029067993164
264|707|40.12825012207031
265|739|47.553043365478516
266|207|51.22520065307617
266|238|47.420047760009766
266|299|53.4331169128418
266|421|48.765785217285156
266|513|48.1704216003418
266|543|50.472469329833984
266|604|43.60665512084961
266|696|50.79351043701172
266|707|43.65772247314453
266|757|46.43952178955078
266|788|42.22657775878906
266|971|48.35813522338867
266|1032|43.81840515136719
266|1154|49.71855163574219
266|1185|41.056541442871094
267|24|46.280635833740234
267|54|50.77658462524414
267|85|52.86231994628906
267|116|46.948482513427734
267|146|49.054107666015625
267|177|46.11376953125
267|329|49.27845764160156
267|360|53.53491973876953
267|390|45.51463317871094
267|482|47.86213684082031
267|574|43.575279235839844
267|665|51.64838409423828
267|721|91.46894073486328
267|787|43.21296691894531
267|849|43.50236511230469
267|879|51.1446418762207
267|910|41.20797348022461
267|940|46.76309585571289
267|1001|43.62080764770508
267|1062|47.05563735961914
267|1093|51.36876678466797
267|1215|48.71944808959961
267|1271|137.11622619628906
267|1276|43.33094787597656
268|176|43.37215805053711
268|512|41.275543212890625
268|614|61.495750427246094
268|1246|45.893310546875
269|24|50.25517654418945
269|85|49.06468963623047
269|116|50.006072998046875
269|146|49.76346206665039
269|177|44.94553756713867
269|207|48.85757827758789
269|299|47.99182891845703
269|329|47.968807220458984
269|360|51.063499450683594
269|390|45.22077941894531
269|421|47.89448928833008
269|451|43.497467041015625
269|482|48.27626037597656
269|513|40.988250732421875
269|543|53.085060119628906
269|574|51.786869049072266
269|604|40.68928909301758
269|635|56.06081008911133
269|665|51.688289642333984
269|683|60.0379753112793
269|696|49.05363464355469
269|726|46.1340446472168
269|739|69.68628692626953
269|757|49.761837005615234
269|818|48.52469253540039
269|849|39.93701934814453
269|879|49.41610336303711
269|910|48.90955352783203
269|940|49.63764572143555
269|971|45.24824142456055
269|1001|44.76266860961914
269|1032|43.84244918823242
269|1062|47.93062973022461
269|1093|48.35276794433594
269|1123|47.438499450683594
269|1154|50.13047790527344
269|1184|45.98640823364258
269|1215|44.95565414428711
269|1276|46.827484130859375
270|238|44.3984489440918
270|268|46.61540222167969
270|787|43.41090393066406
270|1246|44.422611236572266
271|722|71.54058837890625
271|854|53.158836364746094
271|909|40.17335891723633
273|24|49.13454818725586
273|54|43.762115478515625
273|146|44.161155700683594
273|207|39.8813362121582
273|238|44.88600158691406
273|299|41.10868835449219
273|329|42.375274658203125
273|360|46.55594253540039
273|390|41.86834716796875
273|421|46.213077545166016
273|451|41.32099914550781
273|482|43.60747146606445
273|543|42.9206657409668
273|604|42.72394943237305
273|665|49.49809646606445
273|696|47.54665756225586
273|726|40.56277084350586
273|757|46.55057907104492
273|787|40.749351501464844
273|818|48.868892669677734
273|849|43.36574172973633
273|879|45.42302703857422
273|910|42.6316032409668
273|940|43.44096755981445
273|1001|40.4895133972168
273|1062|43.257606506347656
273|1093|43.866310119628906
273|1123|44.17296600341797
273|1154|44.53200912475586
273|1184|41.871456146240234
273|1215|43.430206298828125
273|1246|44.7716064453125
273|1276|40.299598693847656
274|85|44.258121490478516
274|116|41.13201904296875
274|177|42.52070617675781
274|268|43.501678466796875
274|513|42.52866744995117
274|574|41.05154800415039
274|635|47.58457565307617
274|722|74.37860107421875
274|738|47.22833251953125
275|594|86.93914031982422
275|614|48.994117736816406
277|737|49.525367736816406
277|759|39.827022552490234
277|1000|66.69725799560547
278|705|40.20142364501953
280|595|78.68147277832031
280|704|52.4536247253418
280|759|44.8464241027832
282|496|85.23908996582031
283|760|42.4419059753418
284|526|70.52813720703125
284|654|42.61619567871094
286|464|59.67288589477539
290|707|86.43306732177734
290|1221|40.49919509887695
291|760|46.101924896240234
292|706|54.05472946166992
293|592|53.59785461425781
293|602|41.534881591796875
293|708|64.5612564086914
294|599|58.28776168823242
294|709|51.55122756958008
294|740|50.745052337646484
295|706|41.24738693237305
295|761|55.372581481933594
298|706|44.07093048095703
299|720|42.891693115234375
308|1000|68.94881439208984
309|854|48.539249420166016
309|881|52.46284484863281
313|495|93.84810638427734
316|116|40.3485221862793
316|238|41.56955337524414
316|587|47.1389274597168
316|629|50.07019805908203
316|635|39.76703643798828
321|757|40.191043853759766
321|971|39.78977584838867
322|238|40.83614730834961
322|299|42.511085510253906
322|360|41.07545852661133
325|598|62.237709045410156
331|630|43.250701904296875
334|630|49.79356002807617
347|776|55.67074203491211
348|800|45.81001281738281
350|769|48.719669342041016
351|263|43.43383026123047
352|1129|40.544517517089844
353|836|41.999534606933594
354|263|40.728912353515625
355|799|44.624324798583984
355|836|44.948455810546875
356|606|41.44544219970703
357|1002|44.00354766845703
358|799|43.17831039428711
359|605|45.376075744628906
359|609|40.402591705322266
365|545|41.31096649169922
367|767|40.45356750488281
368|1026|41.44650650024414
370|544|70.06546020507812
371|753|41.38258361816406
371|768|51.39775085449219
373|543|41.060420989990234
374|798|41.4974365234375
374|880|42.171512603759766
375|752|47.65456008911133
376|775|54.14875411987305
377|489|45.4489631652832
377|942|41.60602569580078
378|943|43.29302978515625
378|1133|41.15975570678711
379|838|40.940338134765625
381|831|52.801841735839844
382|697|51.1854248046875
382|943|41.214176177978516
383|828|41.024723052978516
383|830|46.13103103637695
387|830|42.60530471801758
388|829|58.14100646972656
389|913|57.6829719543457
389|1133|42.00725555419922
391|829|60.28653335571289
394|761|60.91559600830078
394|829|68.68355560302734
395|751|44.29827880859375
395|935|42.69863510131836
396|695|50.35432815551758
397|829|46.78384017944336
398|24|42.26749038696289
398|85|39.67869186401367
398|299|48.12688064575195
398|543|42.91963195800781
398|1134|41.18318176269531
398|1154|40.18209457397461
399|177|44.22092056274414
399|788|40.407711029052734
400|695|54.6435661315918
401|694|42.44364929199219
401|752|50.3868522644043
404|751|47.19661331176758
407|452|41.3442268371582
407|751|52.5455436706543
407|819|45.192161560058594
408|880|51.720703125
413|489|55.92188262939453
414|914|49.708343505859375
415|799|40.31761932373047
420|913|57.29192352294922
431|753|42.41588592529297
438|880|41.437713623046875
440|775|47.041934967041016
441|776|46.15714645385742
452|913|46.8604736328125
456|935|47.68825912475586
469|880|41.5059928894043