Renegades
X Ambassadors

Alternative-Rock
renegades
2049x1292
2860

6|465|47.294498443603516
6|522|85.26760864257812
6|551|57.589176177978516
6|608|58.7594108581543
6|637|67.12197875976562
6|752|61.26476287841797
6|838|51.266300201416016
6|924|52.22871780395508
6|953|60.68659210205078
6|981|84.55121612548828
6|1010|63.389251708984375
6|1039|53.38235092163086
6|1125|108.70886993408203
6|1154|47.42373275756836
6|1182|72.1070785522461
6|1211|97.32630157470703
6|1240|74.89105987548828
7|494|53.696388244628906
7|523|70.01570129394531
7|537|68.02910614013672
7|566|62.2064323425293
7|609|54.230079650878906
7|623|61.381858825683594
7|652|73.09414672851562
7|666|61.77302169799805
7|724|57.481773376464844
7|738|58.37083053588867
7|767|64.87078857421875
7|781|53.12784957885742
7|817|44.0993537902832
7|932|48.98373794555664
7|982|79.4147720336914
7|1011|68.33245086669922
7|1054|59.05801773071289
7|1068|54.52394104003906
7|1096|82.7305908203125
7|1111|63.703758239746094
7|1126|103.85973358154297
7|1140|66.01952362060547
7|1226|71.15497589111328
7|1241|69.86426544189453
7|1255|64.7085189819336
7|1262|63.29602813720703
8|481|90.53205108642578
8|487|114.67085266113281
8|495|49.20859909057617
8|501|102.11296844482422
8|510|45.5327033996582
8|524|52.30775451660156
8|530|97.66693115234375
8|553|52.92991256713867
8|567|48.59640884399414
8|573|102.49964141845703
8|610|52.051692962646484
8|616|97.20454406738281
8|639|47.415523529052734
8|659|106.30986022949219
8|668|49.06871032714844
8|711|90.616455078125
8|725|52.816829681396484
8|731|93.26567840576172
8|754|48.80519104003906
8|768|50.839412689208984
8|774|98.28141021728516
8|782|48.530433654785156
8|797|46.24817657470703
8|840|46.57735061645508
8|860|97.24862670898438
8|941|84.83494567871094
8|955|47.86865997314453
8|969|47.4702033996582
8|975|90.79100799560547
8|984|45.221649169921875
8|989|105.20967864990234
8|998|55.659767150878906
8|1003|117.14554595947266
8|1012|74.71121215820312
8|1019|58.75978088378906
8|1061|119.70772552490234
8|1070|49.55848693847656
8|1084|48.10844802856445
8|1127|123.38335418701172
8|1133|102.09591674804688
8|1176|124.3841552734375
8|1184|60.53760528564453
8|1199|51.4244384765625
8|1219|104.23670196533203
8|1228|51.897857666015625
8|1233|132.44778442382812
8|1242|76.13993072509766
8|1249|59.881832122802734
9|466|495.6390075683594
9|474|164.91046142578125
9|486|141.50985717773438
9|515|114.68800354003906
9|519|133.72361755371094
9|529|108.13558197021484
9|544|106.84075927734375
9|558|117.8023910522461
9|572|120.09477996826172
9|580|485.2959289550781
9|589|161.15867614746094
9|601|139.72653198242188
9|615|104.83390045166016
9|630|111.68533325195312
9|644|115.13700103759766
9|658|114.84500885009766
9|673|115.6019515991211
9|684|132.2755584716797
9|687|110.49360656738281
9|695|488.9093933105469
9|704|161.20462036132812
9|716|136.09556579589844
9|730|109.41554260253906
9|745|108.24068450927734
9|749|122.51814270019531
9|759|116.49022674560547
9|773|115.02935028076172
9|788|112.59675598144531
9|802|119.4826889038086
9|810|518.480712890625
9|819|159.43077087402344
9|824|175.4029541015625
9|831|128.24862670898438
9|845|110.73259735107422
9|859|104.50408935546875
9|925|488.2901916503906
9|933|177.3029022216797
9|945|125.58222198486328
9|960|125.0115966796875
9|974|110.40595245361328
9|990|96.6126937866211
9|1015|180.82693481445312
9|1020|54.79761505126953
9|1030|312.0765075683594
9|1033|145.46875
9|1040|525.0647583007812
9|1048|178.09710693359375
9|1060|129.41954040527344
9|1075|130.3590087890625
9|1089|121.13935089111328
9|1118|120.95361328125
9|1124|111.32400512695312
9|1130|245.37017822265625
9|1146|197.5552520751953
9|1151|186.14837646484375
9|1155|476.58056640625
9|1163|176.95791625976562
9|1175|152.06527709960938
9|1190|121.4930648803711
9|1204|130.70230102539062
9|1208|148.21237182617188
9|1245|189.68434143066406
9|1260|322.4390869140625
9|1263|151.6946258544922
9|1269|503.5829162597656
9|1278|180.14393615722656
9|1290|152.35719299316406
10|683|129.09597778320312
10|686|56.48952865600586
10|691|137.96804809570312
10|729|60.75318908691406
10|748|137.56033325195312
10|978|137.7584991455078
10|987|173.53323364257812
10|1002|354.99444580078125
10|1101|276.9795227050781
10|1122|127.44580078125
10|1143|192.1791534423828
10|1145|194.2476806640625
10|1217|172.62030029296875
10|1231|372.6951599121094
11|471|50.037574768066406
11|518|129.79473876953125
11|637|223.6602783203125
11|838|189.0704803466797
11|929|166.85411071777344
11|931|196.38381958007812
11|944|139.44198608398438
11|1044|202.34341430664062
11|1111|236.6075439453125
11|1117|188.6273193359375
11|1161|182.09364318847656
11|1173|147.15713500976562
11|1207|139.26324462890625
11|1232|332.91717529296875
11|1240|245.4749298095703
11|1274|204.8978729248047
12|514|46.583866119384766
12|629|48.87822723388672
12|715|47.025054931640625
12|823|277.400634765625
12|933|129.12161254882812
12|941|82.42224884033203
12|945|146.6366729736328
12|948|84.41082763671875
12|967|259.10064697265625
12|1010|261.8049621582031
12|1053|317.82891845703125
12|1059|305.70294189453125
12|1125|283.30804443359375
12|1149|88.99645233154297
12|1163|131.2813262939453
12|1168|311.19561767578125
12|1175|160.49574279785156
12|1178|92.24468994140625
12|1196|290.1517028808594
12|1283|313.86920166015625
12|1288|326.591796875
13|464|253.63758850097656
13|479|263.2384948730469
13|493|251.5718536376953
13|500|49.37639236450195
13|507|284.21356201171875
13|517|99.17530822753906
13|522|239.62599182128906
13|536|298.45208740234375
13|543|54.86977005004883
13|550|274.77386474609375
13|565|291.0654296875
13|579|248.696533203125
13|586|52.75871276855469
13|593|248.3350067138672
13|608|249.8146209716797
13|615|48.87063980102539
13|622|267.6714172363281
13|636|257.6208801269531
13|651|312.9853820800781
13|658|48.954593658447266
13|665|286.69921875
13|680|272.5468444824219
13|689|103.05413055419922
13|708|280.6620788574219
13|723|241.96372985839844
13|737|284.8109436035156
13|751|280.02264404296875
13|766|301.6693115234375
13|780|267.3731384277344
13|787|47.698646545410156
13|794|263.66021728515625
13|808|230.7109375
13|837|244.5011749267578
13|852|267.6822204589844
13|923|257.4834289550781
13|938|280.62548828125
13|952|264.66705322265625
13|958|329.47198486328125
13|981|312.0545349121094
13|995|262.5425720214844
13|1017|61.831939697265625
13|1024|284.86358642578125
13|1038|265.45587158203125
13|1048|102.72573852539062
13|1067|275.7260437011719
13|1074|176.04611206054688
13|1076|175.59921264648438
13|1082|265.1635437011719
13|1096|316.3037414550781
13|1103|57.674625396728516
13|1110|299.4305419921875
13|1120|86.11003112792969
13|1139|299.58270263671875
13|1153|282.4082946777344
13|1182|283.64276123046875
13|1188|322.5618896484375
13|1211|296.8725891113281
13|1225|314.952392578125
13|1239|279.91558837890625
13|1254|291.4783630371094
13|1268|279.09991455078125
13|1278|88.65142822265625
14|467|45.424800872802734
14|473|109.60425567626953
14|487|109.29390716552734
14|502|103.45177459716797
14|516|120.57103729248047
14|530|107.71929931640625
14|539|44.57263946533203
14|545|109.80309295654297
14|553|50.22015380859375
14|559|110.8379135131836
14|573|108.05424499511719
14|582|44.445709228515625
14|588|114.24485778808594
14|602|114.28533172607422
14|617|100.6545639038086
14|631|113.7381820678711
14|639|48.7966423034668
14|645|110.87246704101562
14|660|101.91280364990234
14|668|49.76573181152344
14|674|111.92156982421875
14|683|43.80951690673828
14|688|112.91256713867188
14|694|217.47412109375
14|703|104.1176986694336
14|717|114.70639038085938
14|731|107.04074096679688
14|746|116.70890045166016
14|754|46.15422439575195
14|760|114.92550659179688
14|774|111.01950073242188
14|783|45.95905303955078
14|789|108.563232421875
14|803|117.18252563476562
14|809|223.1581573486328
14|817|100.91072845458984
14|832|111.84081268310547
14|840|44.659629821777344
14|846|104.20986938476562
14|861|101.75206756591797
14|932|125.25154876708984
14|947|112.21025085449219
14|955|73.03055572509766
14|973|233.64431762695312
14|984|48.79396438598633
14|990|113.75740814208984
14|1004|121.6090087890625
14|1018|111.37824249267578
14|1033|122.69992065429688
14|1041|43.357078552246094
14|1047|127.54901123046875
14|1062|113.12421417236328
14|1073|188.8036651611328
14|1081|226.18641662597656
14|1088|251.60386657714844
14|1099|45.96009826660156
14|1105|118.82537841796875
14|1119|120.45679473876953
14|1133|116.97579193115234
14|1142|45.350650787353516
14|1148|120.35623168945312
14|1156|48.624755859375
14|1162|123.77545166015625
14|1176|116.44480895996094
14|1199|108.280029296875
14|1203|254.82803344726562
14|1219|119.47787475585938
14|1234|121.56058502197266
14|1242|50.626197814941406
14|1248|127.99455261230469
14|1262|111.34223937988281
14|1271|43.8198356628418
14|1277|121.70056915283203
16|750|103.2939453125
16|802|100.73019409179688
16|980|116.80105590820312
17|472|114.01250457763672
17|478|170.69744873046875
17|486|119.60319519042969
17|500|103.22749328613281
17|515|124.63465881347656
17|519|163.42623901367188
17|529|94.34686279296875
17|579|148.9485321044922
17|601|138.0569305419922
17|615|104.80510711669922
17|630|132.76824951171875
17|644|133.7681427001953
17|666|356.33172607421875
17|673|144.5637664794922
17|691|142.13931274414062
17|702|106.93405151367188
17|716|110.12199401855469
17|730|127.65689086914062
17|748|150.8726348876953
17|759|120.90519714355469
17|773|124.20984649658203
17|788|107.04408264160156
17|809|145.9501953125
17|831|96.99921417236328
17|838|147.89608764648438
17|845|113.63163757324219
17|859|119.30651092529297
17|931|119.74050903320312
17|945|107.8563232421875
17|960|119.45050811767578
17|974|119.33175659179688
17|978|179.34286499023438
17|981|232.45225524902344
17|989|116.17436981201172
17|1003|123.35317993164062
17|1039|174.38294982910156
17|1048|42.127418518066406
17|1060|126.86357116699219
17|1075|116.30586242675781
17|1104|137.7622833251953
17|1118|131.7691192626953
17|1125|286.53131103515625
17|1161|122.75349426269531
17|1167|193.5107879638672
17|1175|137.93714904785156
17|1189|115.89631652832031
17|1204|136.9094696044922
17|1208|181.93991088867188
17|1218|112.9704360961914
17|1249|46.843772888183594
17|1268|160.28753662109375
17|1282|214.6156768798828
17|1290|140.61264038085938
18|92|419.98052978515625
18|101|71.06059265136719
18|111|360.6283264160156
18|120|63.50224304199219
18|149|66.4055404663086
18|167|54.88230514526367
18|193|51.75221633911133
18|203|143.17274475097656
18|207|387.2861633300781
18|214|72.45336151123047
18|225|217.32630920410156
18|264|117.33914947509766
18|293|173.0999298095703
18|307|44.079139709472656
18|323|276.2049865722656
18|341|275.34930419921875
18|351|55.433921813964844
18|358|74.51142883300781
18|400|81.56234741210938
18|415|82.10015869140625
18|432|174.73880004882812
18|438|439.0576171875
18|455|273.48779296875
18|464|183.7738494873047
18|493|245.93600463867188
18|496|45.085845947265625
18|507|194.51776123046875
18|512|75.12734985351562
18|514|115.82103729248047
18|522|286.2691955566406
18|536|167.64996337890625
18|543|114.40215301513672
18|548|119.80065155029297
18|551|293.6805419921875
18|557|165.11868286132812
18|560|47.88142013549805
18|564|200.28109741210938
18|571|319.39227294921875
18|593|183.53883361816406
18|608|187.97837829589844
18|622|161.9056854248047
18|629|162.45542907714844
18|637|228.29563903808594
18|645|112.44918823242188
18|651|184.42044067382812
18|658|148.64759826660156
18|667|422.0906066894531
18|679|195.39219665527344
18|685|324.7010498046875
18|694|166.1895751953125
18|708|188.35740661621094
18|723|204.6380157470703
18|737|176.82199096679688
18|741|90.103271484375
18|744|131.50572204589844
18|751|232.0459747314453
18|754|51.07890319824219
18|758|98.64950561523438
18|765|197.0068359375
18|768|49.868980407714844
18|782|448.9768371582031
18|789|87.16165924072266
18|794|205.78512573242188
18|799|361.998291015625
18|803|144.020751953125
18|816|124.95223236083984
18|823|187.11923217773438
18|837|136.8863983154297
18|844|96.78862762451172
18|851|153.79141235351562
18|856|43.60521697998047
18|892|117.70256042480469
18|896|307.6128234863281
18|904|113.22956848144531
18|910|46.32378387451172
18|914|217.93380737304688
18|923|149.41981506347656
18|938|177.62557983398438
18|952|233.38845825195312
18|966|179.26785278320312
18|971|78.64775085449219
18|995|173.41738891601562
18|1002|117.56134796142578
18|1010|238.4881134033203
18|1017|141.4949188232422
18|1020|44.00497817993164
18|1024|192.5682373046875
18|1030|237.63864135742188
18|1046|107.01181030273438
18|1052|181.42140197753906
18|1067|198.06788635253906
18|1081|176.5955352783203
18|1089|160.17030334472656
18|1096|238.17190551757812
18|1110|204.22262573242188
18|1117|151.7058868408203
18|1121|138.99754333496094
18|1127|279.7178649902344
18|1139|204.2793426513672
18|1144|303.96923828125
18|1151|147.45143127441406
18|1153|166.60194396972656
18|1174|94.5209732055664
18|1182|266.1407775878906
18|1185|54.75278091430664
18|1196|217.59190368652344
18|1201|75.98380279541016
18|1203|122.53215026855469
18|1211|256.71258544921875
18|1214|43.940406799316406
18|1225|190.9408416748047
18|1232|122.23367309570312
18|1240|255.7688446044922
18|1246|150.2492218017578
18|1253|186.64794921875
18|1260|251.5850067138672
18|1263|90.61677551269531
18|1265|58.53695297241211
18|1275|118.97093963623047
19|23|59.214820861816406
19|34|56.21942138671875
19|52|51.78218078613281
19|78|70.60443878173828
19|87|126.64928436279297
19|138|54.950714111328125
19|192|78.87651062011719
19|202|151.58200073242188
19|235|124.43077850341797
19|253|72.9783706665039
19|257|50.310359954833984
19|282|78.96135711669922
19|317|160.09669494628906
19|375|51.817562103271484
19|379|72.43118286132812
19|397|81.46586608886719
19|425|166.22433471679688
19|431|181.0691375732422
19|466|73.19979095458984
19|483|64.45138549804688
19|485|86.79917907714844
19|490|43.200347900390625
19|547|170.615966796875
19|586|117.06623840332031
19|626|72.686279296875
19|655|163.9513702392578
19|661|176.32191467285156
19|703|56.1871337890625
19|712|64.777099609375
19|724|104.2743148803711
19|729|87.57070922851562
19|777|148.7142333984375
19|787|116.24469757080078
19|802|120.98954772949219
19|805|67.52632141113281
19|827|72.18590545654297
19|834|51.53462600708008
19|891|134.82754516601562
19|921|52.965126037597656
19|926|59.57683563232422
19|942|50.714290618896484
19|1007|153.65316772460938
19|1034|81.8570556640625
19|1064|60.217044830322266
19|1066|128.49075317382812
19|1069|75.45891571044922
19|1086|55.7004508972168
19|1114|146.29898071289062
19|1120|138.35438537597656
19|1134|49.86722946166992
19|1149|103.39395141601562
19|1155|59.659969329833984
19|1172|58.295799255371094
19|1179|47.363834381103516
19|1236|156.1098175048828
19|1264|88.43707275390625
20|81|132.90682983398438
20|86|130.34056091308594
20|195|179.21142578125
20|198|200.61639404296875
20|201|168.24400329589844
20|310|191.62548828125
20|316|167.13339233398438
20|426|199.07611083984375
20|430|180.76583862304688
20|486|88.25105285644531
20|535|263.2081298828125
20|540|186.49014282226562
20|546|187.1620635986328
20|579|109.84967041015625
20|610|65.1324462890625
20|640|115.22547149658203
20|650|219.7163543701172
20|656|188.50277709960938
20|660|174.865966796875
20|665|150.97682189941406
20|700|56.345767974853516
20|715|79.73040771484375
20|753|175.45143127441406
20|757|155.76312255859375
20|761|171.64254760742188
20|764|153.0277099609375
20|767|132.0848846435547
20|770|186.71937561035156
20|773|177.13064575195312
20|831|47.02681350708008
20|837|140.51971435546875
20|866|208.08706665039062
20|875|184.20428466796875
20|887|228.39613342285156
20|890|161.1471710205078
20|923|150.2678985595703
20|946|80.48226165771484
20|976|42.831932067871094
20|984|150.80299377441406
20|994|278.5570068359375
20|999|175.52293395996094
20|1061|47.77285385131836
20|1099|90.3462905883789
20|1109|259.4406433105469
20|1115|146.14016723632812
20|1119|148.40200805664062
20|1156|54.28772735595703
20|1175|95.43758392333984
20|1204|68.03770446777344
20|1214|150.1200408935547
20|1224|300.23040771484375
20|1229|191.2256317138672
20|1233|193.0268096923828
20|1246|84.9563217163086
21|63|191.20176696777344
21|82|134.74830627441406
21|84|133.0303497314453
21|178|206.78814697265625
21|196|187.34423828125
21|199|165.2727813720703
21|293|280.0578918457031
21|304|200.27597045898438
21|312|182.99546813964844
21|408|192.84194946289062
21|414|185.345458984375
21|417|208.7567138671875
21|421|204.2420196533203
21|427|179.1990203857422
21|429|179.2720947265625
21|478|165.71876525878906
21|482|50.669532775878906
21|492|116.17042541503906
21|507|158.10342407226562
21|522|193.56326293945312
21|528|247.25914001464844
21|533|197.53469848632812
21|541|155.879150390625
21|564|152.4376983642578
21|571|66.43575286865234
21|593|163.46925354003906
21|622|141.50140380859375
21|636|165.6870880126953
21|643|199.61476135253906
21|647|208.2347412109375
21|651|239.6219940185547
21|659|179.63363647460938
21|664|111.29100799560547
21|679|150.1379852294922
21|708|176.15768432617188
21|722|108.39923095703125
21|737|144.36874389648438
21|766|152.77444458007812
21|772|190.4227752685547
21|794|157.16429138183594
21|808|152.83438110351562
21|823|123.76834869384766
21|851|127.63741302490234
21|867|214.17178344726562
21|876|190.74049377441406
21|885|209.8341522216797
21|938|163.08152770996094
21|951|149.83409118652344
21|966|150.9747314453125
21|981|196.0859832763672
21|987|201.9871063232422
21|995|261.614501953125
21|1001|144.13235473632812
21|1004|195.46054077148438
21|1024|158.1817626953125
21|1033|47.01448059082031
21|1052|157.01766967773438
21|1081|141.227294921875
21|1096|186.1827392578125
21|1103|150.24508666992188
21|1107|224.9355926513672
21|1110|232.90252685546875
21|1124|127.39591217041016
21|1139|144.63046264648438
21|1167|180.9605255126953
21|1171|47.289710998535156
21|1181|161.76480102539062
21|1196|172.95262145996094
21|1211|189.6835479736328
21|1217|208.55653381347656
21|1225|266.2031555175781
21|1230|160.9154815673828
21|1238|145.69876098632812
21|1253|159.60476684570312
21|1282|179.0961151123047
22|471|162.09210205078125
22|501|42.717010498046875
22|521|171.84576416015625
22|558|49.89386749267578
22|572|47.961265563964844
22|592|167.9506378173828
22|607|134.1344451904297
22|616|47.587894439697266
22|673|42.478572845458984
22|685|46.895408630371094
22|687|47.96324157714844
22|709|137.79171752929688
22|745|51.376956939697266
22|779|122.94381713867188
22|788|47.92124938964844
22|930|133.7764129638672
22|937|193.58607482910156
22|975|51.900081634521484
22|980|164.46888732910156
22|1009|153.3535919189453
22|1018|53.915809631347656
22|1045|94.9537353515625
22|1066|144.4326171875
22|1144|42.475807189941406
22|1152|127.56524658203125
22|1160|143.47496032714844
22|1166|187.396484375
22|1182|144.1749267578125
22|1190|51.236446380615234
22|1247|50.265926361083984
22|1267|151.71365356445312
22|1275|82.69129180908203
22|1281|153.71728515625
23|7|218.880859375
23|13|181.10130310058594
23|24|171.2340087890625
23|29|159.14569091796875
23|121|231.1943359375
23|132|137.03842163085938
23|139|161.27845764160156
23|141|159.92218017578125
23|236|261.9327087402344
23|248|238.22593688964844
23|260|208.0266876220703
23|318|42.79882049560547
23|352|179.3688507080078
23|359|186.40000915527344
23|363|187.8892059326172
23|369|206.52212524414062
23|373|158.52003479003906
23|464|182.10337829589844
23|466|179.85948181152344
23|470|201.763427734375
23|476|236.70022583007812
23|487|201.83421325683594
23|489|200.75857543945312
23|492|135.90383911132812
23|515|45.72075653076172
23|535|110.55036926269531
23|550|155.984619140625
23|579|166.9527130126953
23|585|161.9446258544922
23|591|178.48544311523438
23|599|214.21875
23|603|156.88670349121094
23|605|145.77210998535156
23|615|56.998809814453125
23|630|63.161033630371094
23|665|119.39484405517578
23|693|136.392333984375
23|698|250.78883361816406
23|706|123.08060455322266
23|716|297.75079345703125
23|751|156.91836547851562
23|767|44.91154861450195
23|774|47.35515594482422
23|780|152.199951171875
23|802|52.07916259765625
23|812|189.36953735351562
23|816|197.86607360839844
23|822|159.4397735595703
23|828|169.0475616455078
23|833|202.60325622558594
23|837|140.3251190185547
23|845|56.42559814453125
23|923|150.9124298095703
23|926|154.3839111328125
23|929|142.275390625
23|935|211.08541870117188
23|948|265.57196044921875
23|952|141.20762634277344
23|994|93.74748229980469
23|1007|52.817413330078125
23|1032|54.68848419189453
23|1038|168.79541015625
23|1044|128.59071350097656
23|1050|144.00733947753906
23|1058|178.86380004882812
23|1062|168.49232482910156
23|1064|174.3016815185547
23|1067|124.43910217285156
23|1075|64.77799987792969
23|1124|131.14288330078125
23|1147|52.81908416748047
23|1153|152.4765625
23|1155|153.42698669433594
23|1165|211.04795837402344
23|1178|292.0079345703125
23|1204|49.1319580078125
23|1224|117.61559295654297
23|1239|168.17906188964844
23|1262|48.19955825805664
23|1268|157.54344177246094
23|1274|122.37975311279297
23|1280|143.93267822265625
23|1288|199.9240264892578
23|1291|144.6643829345703
24|252|71.27297973632812
24|385|44.377750396728516
24|479|191.5073699951172
24|482|69.17090606689453
24|507|131.77239990234375
24|514|47.10835266113281
24|522|87.15262603759766
24|529|46.844505310058594
24|536|117.38025665283203
24|543|48.85986328125
24|564|134.02589416503906
24|594|142.3893280029297
24|607|111.95772552490234
24|622|125.66963195800781
24|629|70.58406829833984
24|650|129.335205078125
24|679|126.49822235107422
24|683|44.4375
24|694|147.13739013671875
24|709|120.33566284179688
24|721|141.36607360839844
24|737|125.53834533691406
24|744|52.07286071777344
24|752|104.79977416992188
24|765|128.7943878173828
24|773|50.43190002441406
24|794|131.182861328125
24|823|136.50692749023438
24|852|116.9107894897461
24|938|176.3000946044922
24|966|128.65621948242188
24|974|49.893348693847656
24|988|56.35780334472656
24|995|131.77670288085938
24|1002|43.98744583129883
24|1024|130.46022033691406
24|1031|44.8284797668457
24|1053|149.1230010986328
24|1081|122.15664672851562
24|1110|140.1642608642578
24|1139|114.74726104736328
24|1143|56.36817169189453
24|1146|63.77053451538086
24|1168|181.88540649414062
24|1171|63.992210388183594
24|1196|138.6789093017578
24|1203|53.770751953125
24|1211|89.16488647460938
24|1217|60.902801513671875
24|1225|126.47850036621094
24|1232|44.86802673339844
24|1253|134.5690155029297
24|1261|47.84838104248047
24|1283|137.31088256835938
25|241|44.26725387573242
25|292|69.32859802246094
25|371|43.6978759765625
25|409|60.12218475341797
25|478|117.04386901855469
25|523|97.5877456665039
25|542|45.40933609008789
25|586|65.37286376953125
25|657|48.506324768066406
25|666|75.50096893310547
25|708|126.35669708251953
25|758|69.4620361328125
25|766|104.86671447753906
25|771|47.702877044677734
25|781|77.48989868164062
25|836|68.74908447265625
25|844|71.19449615478516
25|873|46.622772216796875
25|876|44.47062301635742
25|879|52.34577178955078
25|930|63.5535774230957
25|937|112.07313537597656
25|977|53.3944091796875
25|982|111.5034408569336
25|996|115.07208251953125
25|1011|63.481685638427734
25|1013|48.07274627685547
25|1045|74.38256072998047
25|1052|123.22541809082031
25|1060|55.48027801513672
25|1068|115.0954360961914
25|1088|59.007606506347656
25|1097|107.7664794921875
25|1106|61.0127067565918
25|1145|65.34899139404297
25|1160|63.780399322509766
25|1167|120.77025604248047
25|1212|100.95038604736328
25|1231|42.70946502685547
25|1241|51.79549789428711
25|1260|42.33843231201172
25|1269|59.19694900512695
25|1275|75.74755096435547
26|178|59.07693862915039
26|301|65.0670394897461
26|305|84.86674499511719
26|309|94.1573486328125
26|406|95.99363708496094
26|412|92.1316909790039
26|415|65.29010009765625
26|418|85.37216186523438
26|426|44.37743377685547
26|528|42.147247314453125
26|531|69.29376220703125
26|539|82.38151550292969
26|572|46.796817779541016
26|581|44.37571334838867
26|635|130.73825073242188
26|638|93.72795104980469
26|642|95.3936996459961
26|648|82.08261108398438
26|654|43.91322708129883
26|700|80.87494659423828
26|715|46.92570495605469
26|753|80.22600555419922
26|759|59.71446990966797
26|763|78.27124786376953
26|769|73.7483901977539
26|782|45.76228713989258
26|793|99.6366958618164
26|802|49.54997253417969
26|867|63.4829216003418
26|871|71.89129638671875
26|878|62.822147369384766
26|882|61.1805305480957
26|990|70.63398742675781
26|998|89.91188049316406
26|1046|44.84604263305664
26|1101|88.27859497070312
26|1107|81.40428924560547
26|1147|90.78053283691406
26|1220|70.82976531982422
26|1228|88.0001449584961
26|1270|51.47624969482422
27|35|229.53213500976562
27|53|239.3622283935547
27|150|275.79754638671875
27|168|240.10256958007812
27|265|333.31610107421875
27|283|269.4903869628906
27|322|75.3254623413086
27|325|77.79158782958984
27|328|105.03807830810547
27|380|248.6780548095703
27|385|211.50827026367188
27|391|190.26730346679688
27|397|186.46823120117188
27|404|154.4786834716797
27|425|45.10456848144531
27|438|66.9627456665039
27|440|65.49845886230469
27|443|95.65962982177734
27|456|85.48532104492188
27|471|65.73701477050781
27|494|334.5848083496094
27|503|71.58702087402344
27|506|127.20809173583984
27|514|276.806640625
27|521|181.0404510498047
27|530|52.21558380126953
27|557|123.30220794677734
27|562|66.18342590332031
27|566|66.27926635742188
27|570|43.252685546875
27|609|273.0462646484375
27|612|187.7623291015625
27|615|198.11842346191406
27|621|221.2553253173828
27|627|180.07435607910156
27|631|140.3534393310547
27|634|152.79257202148438
27|643|77.43040466308594
27|672|97.4876480102539
27|675|84.44454193115234
27|678|113.95748138427734
27|684|65.159423828125
27|686|96.34590148925781
27|726|174.33470153808594
27|732|265.86700439453125
27|743|328.4297790527344
27|746|269.3710021972656
27|750|195.380126953125
27|760|46.14935302734375
27|764|96.35035705566406
27|783|60.19700241088867
27|787|153.09115600585938
27|789|129.9397735595703
27|838|260.9649353027344
27|840|220.15667724609375
27|848|188.36961364746094
27|851|226.54335021972656
27|856|237.39720153808594
27|860|205.58938598632812
27|874|55.544891357421875
27|897|58.89232635498047
27|902|80.80414581298828
27|908|58.889793395996094
27|911|56.407230377197266
27|916|75.19547271728516
27|972|262.41900634765625
27|980|132.1754150390625
27|994|104.44770050048828
27|1016|186.3420867919922
27|1019|146.5574951171875
27|1074|214.410888671875
27|1080|256.4607238769531
27|1086|159.52005004882812
27|1093|183.01519775390625
27|1095|177.1645050048828
27|1102|82.96277618408203
27|1129|168.98057556152344
27|1138|134.50758361816406
27|1183|339.9643249511719
27|1202|287.60009765625
27|1208|85.16195678710938
27|1219|58.901817321777344
27|1231|42.590702056884766
27|1246|194.71090698242188
27|1251|141.61856079101562
27|1255|93.54167938232422
28|464|232.65220642089844
28|493|378.0633239746094
28|507|160.52352905273438
28|522|227.15904235839844
28|535|135.66644287109375
28|551|261.9706726074219
28|565|130.3253936767578
28|579|241.33114624023438
28|608|380.2983093261719
28|622|198.08041381835938
28|637|239.6063690185547
28|665|252.86264038085938
28|683|65.44862365722656
28|694|238.48028564453125
28|722|184.10806274414062
28|738|129.3998260498047
28|751|269.7678527832031
28|765|146.48573303222656
28|780|217.12631225585938
28|809|227.299560546875
28|837|244.91651916503906
28|924|240.35150146484375
28|953|331.5721130371094
28|981|245.66378784179688
28|1002|50.55974197387695
28|1010|235.85987854003906
28|1024|155.7838592529297
28|1032|48.352081298828125
28|1035|42.45309829711914
28|1039|216.49844360351562
28|1067|320.97113037109375
28|1081|220.82968139648438
28|1125|242.49664306640625
28|1139|159.3919677734375
28|1142|75.57109069824219
28|1148|97.36972045898438
28|1153|246.60348510742188
28|1182|353.4184265136719
28|1211|244.3346710205078
28|1224|137.49893188476562
28|1232|54.495643615722656
28|1239|222.220947265625
28|1254|144.6935577392578
28|1268|245.8015594482422
29|279|43.82191848754883
29|406|100.64653778076172
29|428|58.77788162231445
29|478|152.6678466796875
29|521|178.06517028808594
29|528|80.84671020507812
29|536|145.86875915527344
29|564|161.85145568847656
29|583|52.01777648925781
29|586|55.40089797973633
29|593|157.45704650878906
29|636|248.72987365722656
29|650|158.7720489501953
29|658|70.47705078125
29|679|159.22328186035156
29|708|156.56727600097656
29|736|172.7519989013672
29|794|158.04904174804688
29|823|136.1811065673828
29|866|98.65653991699219
29|938|146.73733520507812
29|966|158.22592163085938
29|980|197.13113403320312
29|984|71.35763549804688
29|995|158.4765167236328
29|1009|207.80027770996094
29|1052|153.6906280517578
29|1096|258.6846923828125
29|1110|146.03941345214844
29|1117|90.00797271728516
29|1124|237.95352172851562
29|1138|141.93679809570312
29|1167|164.89097595214844
29|1196|173.48367309570312
29|1210|208.91075134277344
29|1214|88.57893371582031
29|1217|88.35354614257812
29|1225|154.63494873046875
29|1275|62.8919677734375
29|1282|163.82272338867188
30|293|128.16024780273438
30|312|129.86801147460938
30|314|121.37060546875
30|317|132.72320556640625
30|400|45.33340072631836
30|408|146.6495361328125
30|415|84.22901916503906
30|431|65.66455841064453
30|463|110.4732437133789
30|525|91.04222869873047
30|532|105.3260269165039
30|541|125.86029815673828
30|546|139.6380615234375
30|549|123.21170043945312
30|587|60.36808395385742
30|615|47.521324157714844
30|621|102.0643310546875
30|629|47.47673416137695
30|639|114.14923095703125
30|645|91.43795776367188
30|660|72.31063079833984
30|753|121.17488861083984
30|762|112.32543182373047
30|771|142.1302490234375
30|776|233.10174560546875
30|779|155.14268493652344
30|816|81.40017700195312
30|890|81.38257598876953
30|1004|282.2655944824219
30|1023|138.6602325439453
30|1046|76.65972137451172
30|1099|156.6487579345703
30|1105|151.92201232910156
30|1109|154.4313201904297
30|1112|54.31690979003906
30|1116|103.0116195678711
30|1118|92.7827377319336
30|1152|119.95946502685547
30|1209|148.7714080810547
30|1219|132.47015380859375
30|1221|118.15037536621094
30|1234|283.52056884765625
30|1238|155.4610595703125
30|1253|141.57199096679688
30|1276|65.22968292236328
31|120|134.08656311035156
31|227|49.2554931640625
31|234|46.36715316772461
31|300|156.4990234375
31|311|126.36721801757812
31|318|182.10658264160156
31|328|53.7337646484375
31|347|84.4194564819336
31|357|66.90642547607422
31|371|46.7364501953125
31|386|60.524375915527344
31|405|92.50021362304688
31|407|141.72836303710938
31|416|77.0406265258789
31|418|52.04133605957031
31|426|117.20252227783203
31|432|68.90867614746094
31|435|99.70989227294922
31|443|65.44476318359375
31|462|98.56887817382812
31|486|45.03033447265625
31|522|140.7687530517578
31|529|140.9278564453125
31|535|122.80420684814453
31|544|123.18119812011719
31|547|162.18882751464844
31|577|86.20510864257812
31|579|61.54491424560547
31|638|122.29370880126953
31|648|51.942710876464844
31|656|115.4997329711914
31|661|60.01668930053711
31|692|94.63261413574219
31|701|52.781986236572266
31|723|136.02320861816406
31|748|88.38484191894531
31|759|160.9239501953125
31|770|117.39302062988281
31|777|239.29298400878906
31|807|74.52497863769531
31|828|48.73320770263672
31|856|46.99156188964844
31|864|91.59925079345703
31|867|143.58128356933594
31|875|78.34333801269531
31|886|107.06253814697266
31|894|85.59782409667969
31|916|46.922149658203125
31|946|51.310585021972656
31|978|81.66211700439453
31|982|171.47947692871094
31|989|145.67654418945312
31|994|133.4111785888672
31|1000|121.26044464111328
31|1003|247.28533935546875
31|1007|226.35902404785156
31|1010|95.23667907714844
31|1036|77.1189956665039
31|1094|133.68377685546875
31|1115|121.26806640625
31|1119|103.89503479003906
31|1151|105.34983825683594
31|1212|163.73272705078125
31|1218|141.00816345214844
31|1224|140.6510009765625
31|1233|260.60797119140625
31|1237|210.7996826171875
31|1266|78.69513702392578
31|1287|49.37225341796875
32|91|65.25426483154297
32|199|50.94169998168945
32|322|42.9222297668457
32|339|67.5262451171875
32|433|60.91260528564453
32|436|82.574462890625
32|461|61.521095275878906
32|465|112.48222351074219
32|470|57.17276382446289
32|494|90.68267059326172
32|511|71.9468994140625
32|518|56.90874481201172
32|528|87.08008575439453
32|551|87.46810913085938
32|558|53.254947662353516
32|569|67.43622589111328
32|580|94.94178771972656
32|606|45.044620513916016
32|609|75.46701049804688
32|663|49.93053436279297
32|672|89.55532836914062
32|691|90.08998107910156
32|695|88.31138610839844
32|729|54.97294998168945
32|741|50.5906867980957
32|752|158.05148315429688
32|781|163.44667053222656
32|788|57.67011642456055
32|798|87.92745971679688
32|801|45.690521240234375
32|810|113.81281280517578
32|857|51.33041000366211
32|859|63.395240783691406
32|866|118.9124526977539
32|893|51.88010025024414
32|902|52.612152099609375
32|945|61.3183479309082
32|949|54.21331787109375
32|971|66.52603149414062
32|1011|92.86064910888672
32|1028|66.3006820678711
32|1039|103.21832275390625
32|1051|66.83138275146484
32|1068|89.17649841308594
32|1126|92.03321838378906
32|1132|93.23066711425781
32|1150|89.95014953613281
32|1154|117.27857208251953
32|1175|63.14585876464844
32|1179|55.209136962890625
32|1183|89.03081512451172
32|1240|107.27050018310547
32|1247|63.30088806152344
32|1258|69.04228973388672
32|1269|101.56950378417969
33|260|68.81944274902344
33|263|68.20813751220703
33|281|68.07559967041016
33|321|71.70662689208984
33|349|74.36752319335938
33|370|49.08127975463867
33|375|64.02909088134766
33|385|98.12130737304688
33|399|42.49594497680664
33|415|69.6898193359375
33|489|72.26507568359375
33|517|56.02544403076172
33|522|126.27665710449219
33|557|53.25754165649414
33|600|78.27641296386719
33|604|65.26466369628906
33|644|93.5753402709961
33|694|88.00890350341797
33|723|145.1819305419922
33|736|80.18476104736328
33|787|53.50400924682617
33|802|45.904815673828125
33|809|104.07823944091797
33|830|95.16851806640625
33|838|113.9417953491211
33|874|56.31427764892578
33|888|56.53721237182617
33|924|106.78069305419922
33|981|126.10267639160156
33|1006|60.613319396972656
33|1017|62.8162956237793
33|1023|112.77884674072266
33|1096|81.84882354736328
33|1104|92.5473861694336
33|1125|102.39997100830078
33|1131|76.17135620117188
33|1149|67.44535064697266
33|1182|117.4984130859375
33|1200|66.80030059814453
33|1246|61.77128982543945
33|1255|51.91383743286133
33|1270|69.42979431152344
34|255|68.33663177490234
34|258|54.33988571166992
34|261|72.97965240478516
34|273|85.2852554321289
34|280|78.8601303100586
34|283|43.31426239013672
34|350|93.97954559326172
34|359|64.94416046142578
34|368|80.93370819091797
34|372|85.68555450439453
34|377|88.90364074707031
34|380|51.867835998535156
34|386|118.49537658691406
34|398|89.45832824707031
34|401|42.0517692565918
34|435|80.342529296875
34|464|111.28419494628906
34|474|104.62974548339844
34|478|149.90594482421875
34|485|62.67500686645508
34|492|146.15321350097656
34|497|67.36437225341797
34|500|68.7766342163086
34|504|86.08873748779297
34|507|78.4569320678711
34|510|72.70561981201172
34|516|57.50298309326172
34|521|161.4111785888672
34|581|74.03466033935547
34|589|74.48944854736328
34|593|139.6560821533203
34|598|82.00439453125
34|601|80.2215576171875
34|603|74.68305206298828
34|607|186.18040466308594
34|611|49.63751983642578
34|621|171.3296661376953
34|624|80.25004577636719
34|627|78.40898895263672
34|631|44.85160827636719
34|636|119.08440399169922
34|665|109.8221206665039
34|707|118.19198608398438
34|710|45.23371124267578
34|718|134.44566345214844
34|722|128.28842163085938
34|730|131.05628967285156
34|737|95.18244934082031
34|746|134.5175323486328
34|751|162.9505157470703
34|780|157.2130889892578
34|803|44.48493194580078
34|811|68.91085052490234
34|818|135.80877685546875
34|823|127.5050277709961
34|828|78.80457305908203
34|837|181.46241760253906
34|841|43.790061950683594
34|846|159.55128479003906
34|854|79.66729736328125
34|857|71.20507049560547
34|862|59.561065673828125
34|894|53.592464447021484
34|927|140.57962036132812
34|931|129.84866333007812
34|937|156.86038208007812
34|947|246.4319610595703
34|952|114.98603057861328
34|960|146.2582550048828
34|969|79.77960205078125
34|972|42.589080810546875
34|975|140.80422973632812
34|980|124.03118133544922
34|1016|51.84065246582031
34|1021|68.68461608886719
34|1043|134.7243194580078
34|1048|141.33407592773438
34|1066|198.4927978515625
34|1072|48.10931396484375
34|1076|187.1202392578125
34|1086|66.14659881591797
34|1092|58.171974182128906
34|1095|106.92206573486328
34|1124|90.61370849609375
34|1138|129.11911010742188
34|1146|49.270259857177734
34|1153|114.0729751586914
34|1157|149.28533935546875
34|1161|128.46588134765625
34|1190|141.46319580078125
34|1196|102.32803344726562
34|1199|81.34178161621094
34|1205|168.3109893798828
34|1210|146.11053466796875
34|1273|136.3699951171875
34|1277|142.9860076904297
34|1290|174.24176025390625
35|243|79.93995666503906
35|256|62.93254852294922
35|266|78.57062530517578
35|271|95.41194915771484
35|343|47.039283752441406
35|351|85.43476104736328
35|369|79.52481079101562
35|376|83.54767608642578
35|387|114.54497528076172
35|458|60.65391540527344
35|475|113.25263977050781
35|484|55.662872314453125
35|487|55.317134857177734
35|495|61.6458625793457
35|498|65.73529815673828
35|501|83.41009521484375
35|509|65.02123260498047
35|535|123.06092071533203
35|550|120.16258239746094
35|557|51.39522933959961
35|564|138.5174560546875
35|573|43.201080322265625
35|579|96.7468490600586
35|584|60.93464279174805
35|602|74.1020736694336
35|610|45.424713134765625
35|617|120.19337463378906
35|622|166.4337158203125
35|628|85.17166137695312
35|650|115.73055267333984
35|664|94.74042510986328
35|679|130.97413635253906
35|702|101.31121826171875
35|705|50.75566482543945
35|708|136.42926025390625
35|725|70.3923110961914
35|728|64.23590087890625
35|736|109.33374786376953
35|739|73.04985046386719
35|765|117.91047668457031
35|779|158.0188446044922
35|787|46.914188385009766
35|794|132.434326171875
35|822|154.09849548339844
35|851|156.47061157226562
35|923|122.7967758178711
35|954|61.563846588134766
35|957|70.32382202148438
35|966|118.09696960449219
35|995|120.64246368408203
35|1009|132.61929321289062
35|1024|105.98136901855469
35|1038|112.42980194091797
35|1052|150.07034301757812
35|1057|87.2108383178711
35|1061|180.713134765625
35|1069|43.69240951538086
35|1081|186.32765197753906
35|1087|77.92937469482422
35|1110|103.11878204345703
35|1167|145.53009033203125
35|1176|286.8864440917969
35|1184|69.91874694824219
35|1187|71.36707305908203
35|1204|111.81768035888672
35|1225|129.3720245361328
35|1246|56.03146743774414
35|1253|156.0627899169922
35|1268|109.04332733154297
35|1274|106.93351745605469
35|1282|149.42178344726562
35|1287|103.01090240478516
35|1291|191.72091674804688
36|115|56.50409698486328
36|263|43.506221771240234
36|320|44.809844970703125
36|339|59.86310577392578
36|342|50.27177810668945
36|370|55.05705642700195
36|397|52.40520477294922
36|436|116.01655578613281
36|457|74.84463500976562
36|463|99.24896240234375
36|506|101.90494537353516
36|563|121.55248260498047
36|566|77.40937042236328
36|569|64.17518615722656
36|578|94.72279357910156
36|614|42.69919967651367
36|686|97.26703643798828
36|693|110.69817352294922
36|793|115.28506469726562
36|803|119.4808120727539
36|829|43.29469299316406
36|895|74.27468872070312
36|902|89.81011962890625
36|916|91.3132095336914
36|926|47.14065933227539
36|1015|45.34812927246094
36|1023|102.72454071044922
36|1025|71.56758117675781
36|1124|101.82366180419922
36|1128|110.09671020507812
36|1137|71.77835845947266
36|1148|121.34307861328125
36|1195|110.37066650390625
36|1239|122.4881362915039
36|1245|54.466041564941406
36|1252|111.71407318115234
36|1257|45.00205612182617
37|110|62.77519989013672
37|114|51.597042083740234
37|218|50.73625183105469
37|321|42.37724685668945
37|330|111.42011260986328
37|340|65.60797882080078
37|437|102.3811264038086
37|444|108.80970001220703
37|452|78.15687561035156
37|455|87.43060302734375
37|469|51.36247253417969
37|476|57.926414489746094
37|552|49.4532356262207
37|560|110.51703643798828
37|570|72.0209732055664
37|593|82.22825622558594
37|665|103.0464096069336
37|674|95.71149444580078
37|681|65.07532501220703
37|685|92.53755187988281
37|698|87.27105712890625
37|704|90.17657470703125
37|729|44.09009552001953
37|786|70.75898742675781
37|790|107.88619995117188
37|795|79.84976196289062
37|802|136.46304321289062
37|808|95.24722290039062
37|896|76.9508285522461
37|903|111.44187927246094
37|907|103.76277160644531
37|911|92.37335968017578
37|914|80.24303436279297
37|959|48.34328842163086
37|1018|105.82105255126953
37|1029|51.41986083984375
37|1032|71.23837280273438
37|1035|80.59027099609375
37|1133|109.10902404785156
37|1136|76.84765625
37|1140|70.9094467163086
37|1145|96.96004486083984
37|1152|105.12089538574219
37|1181|91.5401382446289
37|1250|119.8494873046875
37|1259|58.02961349487305
37|1261|67.46123504638672
37|1265|67.00896453857422
37|1267|105.66148376464844
38|341|42.737430572509766
38|477|98.10004425048828
38|557|68.6760025024414
38|571|58.138031005859375
38|650|87.38977813720703
38|672|56.4409294128418
38|787|74.22801971435547
38|798|43.829010009765625
38|995|68.01657104492188
38|1011|54.106117248535156
38|1023|92.66954040527344
38|1031|54.305084228515625
38|1037|98.01704406738281
38|1052|156.423095703125
38|1088|47.67818069458008
38|1246|71.53146362304688
38|1260|75.0853042602539
39|463|90.89886474609375
39|549|95.53663635253906
39|607|84.3857192993164
39|621|65.62313842773438
39|693|86.5865249633789
39|744|63.1273078918457
39|793|67.59783172607422
39|851|60.472599029541016
39|923|94.11275482177734
39|1009|99.01690673828125
39|1066|73.71025085449219
39|1138|98.14747619628906
39|1152|97.77523803710938
39|1181|101.47122955322266
40|56|50.96573257446289
40|271|53.88813781738281
40|315|55.71791458129883
40|380|42.81459045410156
40|386|56.713661193847656
40|404|120.68782043457031
40|478|92.7909927368164
40|507|73.26036071777344
40|513|43.98466110229492
40|545|48.848941802978516
40|564|82.21370697021484
40|578|99.13761138916016
40|628|49.669620513916016
40|633|125.03295135498047
40|664|79.84332275390625
40|700|58.098052978515625
40|707|155.87750244140625
40|720|123.58666229248047
40|750|113.533447265625
40|779|100.36001586914062
40|808|100.9036636352539
40|856|81.33531188964844
40|864|55.4197883605957
40|951|96.82914733886719
40|966|94.27523803710938
40|980|122.97026824951172
40|1005|98.36552429199219
40|1037|94.90721893310547
40|1067|84.91312408447266
40|1071|114.41007232666016
40|1078|48.70188522338867
40|1086|95.092041015625
40|1092|93.18933868408203
40|1187|74.10997772216797
40|1196|71.00611877441406
40|1210|124.98908233642578
40|1234|106.27609252929688
40|1238|90.60454559326172
40|1253|73.12559509277344
41|57|50.89631652832031
41|62|46.51228713989258
41|171|52.63867950439453
41|179|55.153316497802734
41|200|86.85920715332031
41|272|51.99112319946289
41|294|42.39276885986328
41|300|77.76646423339844
41|306|49.61488723754883
41|314|51.56348419189453
41|318|62.243560791015625
41|387|61.17597961425781
41|398|43.64739990234375
41|401|121.07174682617188
41|414|92.67951965332031
41|421|55.92100143432617
41|426|45.9341926574707
41|430|125.19525909423828
41|492|141.1968536376953
41|502|51.5881233215332
41|529|79.94898223876953
41|535|95.50018310546875
41|547|65.50100708007812
41|593|67.28815460205078
41|605|84.20301818847656
41|619|56.468074798583984
41|636|147.17173767089844
41|643|80.35810089111328
41|650|104.25298309326172
41|659|124.00426483154297
41|679|76.78365325927734
41|710|56.157047271728516
41|721|166.22752380371094
41|732|49.904151916503906
41|743|68.43220520019531
41|747|78.33512878417969
41|754|189.09487915039062
41|758|163.0288848876953
41|765|121.79947662353516
41|772|101.10330963134766
41|775|74.52407836914062
41|794|73.7071533203125
41|846|53.545997619628906
41|855|65.82699584960938
41|861|91.0887222290039
41|867|69.36864471435547
41|875|67.49481201171875
41|889|130.0342559814453
41|954|63.74569320678711
41|957|76.56356811523438
41|963|52.66276550292969
41|974|119.75917053222656
41|984|151.47752380371094
41|988|148.90951538085938
41|995|106.2205810546875
41|1002|97.51258850097656
41|1023|90.2248306274414
41|1076|60.484336853027344
41|1087|89.8767318725586
41|1090|130.88987731933594
41|1095|179.7601318359375
41|1098|122.6427230834961
41|1102|163.2748260498047
41|1109|126.8304443359375
41|1116|132.54763793945312
41|1119|190.32374572753906
41|1184|70.97657012939453
41|1186|72.92337799072266
41|1192|56.50835418701172
41|1204|130.9632568359375
41|1214|158.0808563232422
41|1218|153.03768920898438
41|1224|126.8240737915039
41|1231|108.20189666748047
41|1235|99.55400085449219
41|1250|54.19186782836914
41|1267|104.30238342285156
41|1282|66.95130920410156
42|506|67.41170501708984
42|521|114.78492736816406
42|550|101.13442993164062
42|693|97.30127716064453
42|722|189.77037048339844
42|751|136.58712768554688
42|776|48.012001037597656
42|779|105.63693237304688
42|823|75.45655059814453
42|837|112.2329330444336
42|952|124.0979995727539
42|965|54.58967590332031
42|975|104.67375946044922
42|981|115.1142807006836
42|1038|106.28768157958984
42|1067|115.8522720336914
42|1070|52.304439544677734
42|1081|44.778968811035156
42|1124|111.63709259033203
42|1152|106.44998168945312
42|1167|65.81023406982422
42|1181|115.98783111572266
42|1195|75.87744140625
42|1210|124.6826171875
42|1251|53.094425201416016
43|463|89.58243560791016
43|578|90.20077514648438
43|664|97.71231842041016
43|736|64.31880950927734
43|923|108.00786590576172
43|937|67.43108367919922
43|1009|126.37235260009766
43|1153|109.38316345214844
43|1239|102.35508728027344
44|593|46.802886962890625
44|707|44.676795959472656
44|793|53.51873779296875
44|930|52.106990814208984
44|936|61.23554229736328
44|994|55.47048568725586
44|1012|63.3641357421875
44|1023|74.39324951171875
44|1037|82.0152816772461
44|1242|57.111820220947266
44|1252|60.199893951416016
44|1275|51.434776306152344
45|535|75.58612060546875
45|564|68.18828582763672
45|607|101.99136352539062
45|622|56.268802642822266
45|650|69.12904357910156
45|679|70.10901641845703
45|708|52.681392669677734
45|714|45.37712860107422
45|719|51.9222412109375
45|765|74.08140563964844
45|794|63.02949523925781
45|811|58.813594818115234
45|818|106.72740936279297
45|824|124.75743103027344
45|828|113.02181243896484
45|851|61.054813385009766
45|922|106.68778228759766
45|938|55.172401428222656
45|941|44.17015075683594
45|951|93.56217193603516
45|966|99.73318481445312
45|990|54.198001861572266
45|995|58.306251525878906
45|1011|56.3560676574707
45|1014|45.318538665771484
45|1024|76.3188247680664
45|1028|54.96884536743164
45|1080|110.10381317138672
45|1109|70.92123413085938
45|1123|77.78226470947266
45|1128|115.3292236328125
45|1139|99.53629302978516
45|1152|133.35205078125
45|1161|57.45087814331055
45|1180|90.29672241210938
45|1196|63.59370422363281
45|1224|70.64751434326172
45|1251|46.97783279418945
45|1253|54.459068298339844
46|6|91.59622192382812
46|121|76.30963134765625
46|143|55.36267852783203
46|247|79.51130676269531
46|259|61.58644485473633
46|351|74.32029724121094
46|358|56.47686004638672
46|372|91.88199615478516
46|463|80.41085815429688
46|475|80.40988159179688
46|477|81.4161376953125
46|484|53.706485748291016
46|489|59.063472747802734
46|492|80.53370666503906
46|507|66.9952392578125
46|521|80.9227066040039
46|550|85.1329116821289
46|579|95.32308197021484
46|583|87.71176147460938
46|587|52.72275924682617
46|592|64.73754119873047
46|598|53.48320007324219
46|602|103.83189392089844
46|636|80.89485168457031
46|696|171.38900756835938
46|713|80.5419692993164
46|717|56.15185546875
46|736|64.8828125
46|751|70.85553741455078
46|779|83.84705352783203
46|799|47.71580123901367
46|812|54.67367172241211
46|819|109.84455108642578
46|822|52.65507888793945
46|825|115.64521789550781
46|833|43.96576690673828
46|836|66.03431701660156
46|840|74.34422302246094
46|923|143.78369140625
46|926|142.29859924316406
46|931|80.74922180175781
46|936|137.58885192871094
46|942|45.49283218383789
46|946|56.952919006347656
46|949|108.17391204833984
46|952|84.24922180175781
46|987|57.871803283691406
46|989|49.38502502441406
46|1009|86.6297836303711
46|1018|70.48788452148438
46|1029|74.67744445800781
46|1035|99.12567138671875
46|1039|117.96380615234375
46|1052|56.28460693359375
46|1058|113.99363708496094
46|1062|117.75080871582031
46|1066|92.7432861328125
46|1101|54.07102584838867
46|1105|49.379188537597656
46|1134|91.6593017578125
46|1144|96.54743957519531
46|1149|96.4884262084961
46|1153|128.24029541015625
46|1156|149.3823699951172
46|1166|108.35506439208984
46|1171|52.560401916503906
46|1176|72.12043762207031
46|1179|109.69779968261719
46|1239|95.3174819946289
46|1259|95.92578125
46|1264|103.24058532714844
46|1268|112.55316162109375
46|1273|69.89755249023438
46|1277|49.42873001098633
46|1281|69.80834197998047
46|1288|123.58769226074219
46|1291|110.3656997680664
47|464|83.24946594238281
47|485|43.927730560302734
47|578|94.428466796875
47|593|66.11691284179688
47|665|82.09164428710938
47|707|55.00225067138672
47|722|102.22373962402344
47|725|60.90203094482422
47|793|56.2326774597168
47|808|88.70314025878906
47|823|61.84218215942383
47|837|87.84812927246094
47|930|52.095699310302734
47|945|48.58589553833008
47|985|42.437339782714844
47|988|59.341026306152344
47|994|59.574649810791016
47|1023|73.8119888305664
47|1124|95.60040283203125
47|1146|48.980613708496094
47|1210|81.69599914550781
47|1253|49.370689392089844
47|1260|67.17420196533203
47|1267|108.00419616699219
48|507|52.28661346435547
48|708|55.9787712097168
48|951|67.3043212890625
48|980|66.04856872558594
48|1152|49.3338508605957
49|508|53.38473129272461
49|600|50.97471618652344
49|750|57.57088088989258
49|920|43.85235595703125
49|922|49.70330047607422
49|974|50.82963562011719
49|1138|46.097476959228516
49|1146|42.73836135864258
50|464|42.972232818603516
50|492|62.041866302490234
50|521|51.10371017456055
50|550|45.844154357910156
50|601|71.91600799560547
50|607|56.438358306884766
50|612|56.8832893371582
50|636|59.237056732177734
50|726|60.407386779785156
50|728|63.2361946105957
50|817|43.95368194580078
50|837|58.8412971496582
50|923|59.15294647216797
50|937|65.20433807373047
50|966|51.44691467285156
50|984|121.94315338134766
50|988|62.99201202392578
50|1067|56.0798225402832
50|1079|42.88345718383789
50|1089|48.35840606689453
50|1132|42.82193374633789
50|1210|56.965736389160156
50|1214|108.93331146240234
50|1239|60.137451171875
51|463|43.41105651855469
51|512|104.63042449951172
51|535|43.944271087646484
51|613|81.88078308105469
51|650|46.90015411376953
51|727|86.64767456054688
51|842|89.39946746826172
51|989|55.31036376953125
51|992|49.82659149169922
51|995|48.48550033569336
51|1006|107.3328857421875
51|1009|60.94194793701172
51|1023|59.06748580932617
51|1037|45.9830207824707
51|1095|70.8742904663086
51|1099|59.390586853027344
51|1119|148.27587890625
51|1133|49.753997802734375
51|1153|48.56686019897461
51|1222|50.80250930786133
51|1224|52.322105407714844
51|1235|82.3003921508789
52|499|114.298583984375
52|649|42.843387603759766
52|843|101.60325622558594
52|890|47.37588119506836
52|986|64.73504638671875
52|993|61.98973846435547
52|1008|55.98488998413086
52|1102|45.4181022644043
52|1106|113.46805572509766
52|1109|66.8199462890625
52|1112|62.26200866699219
52|1223|60.29410171508789
52|1238|47.28882598876953
53|500|106.64955139160156
53|737|62.6418571472168
53|780|49.85710906982422
53|844|83.3885498046875
53|978|43.430686950683594
53|1017|44.32136917114258
53|1092|95.80330657958984
53|1101|48.28496170043945
53|1239|45.58353042602539
53|1255|45.054561614990234
54|271|42.518802642822266
54|470|68.55482482910156
54|504|59.507408142089844
54|515|48.53865432739258
54|549|50.30916213989258
54|584|47.06760025024414
54|607|68.92582702636719
54|615|88.02469635009766
54|619|95.55927276611328
54|625|50.30601501464844
54|632|43.3929328918457
54|665|56.41935348510742
54|680|50.57167053222656
54|684|47.80476379394531
54|693|44.27153778076172
54|738|76.29527282714844
54|782|82.12122344970703
54|795|55.9798469543457
54|808|50.214271545410156
54|838|62.066402435302734
54|968|45.87824249267578
54|1009|46.57281494140625
54|1011|97.16058349609375
54|1016|42.53709030151367
54|1026|54.11365509033203
54|1036|65.68057250976562
54|1050|52.829776763916016
54|1067|75.33829498291016
54|1128|97.6202163696289
54|1130|107.5405044555664
54|1139|99.17144012451172
54|1241|111.86810302734375
54|1256|65.0073471069336
54|1260|87.15177917480469
54|1266|56.32620620727539
55|13|46.75556945800781
55|44|47.39488983154297
55|47|47.270790100097656
55|53|43.560890197753906
55|167|50.8638916015625
55|272|50.89986038208008
55|339|50.382694244384766
55|387|62.70450973510742
55|394|63.272029876708984
55|448|80.92586517333984
55|454|48.05849075317383
55|464|42.20646667480469
55|492|52.185245513916016
55|502|85.30366516113281
55|512|59.81757736206055
55|516|44.17079162597656
55|521|50.12993240356445
55|550|62.547874450683594
55|564|68.81536102294922
55|570|49.30917739868164
55|593|46.02187728881836
55|620|95.94340515136719
55|624|48.847537994384766
55|631|48.7596435546875
55|636|46.89397048950195
55|677|78.87288665771484
55|681|52.95265197753906
55|698|45.2396354675293
55|702|66.63949584960938
55|707|60.609012603759766
55|713|43.111289978027344
55|722|87.97193908691406
55|731|63.24410629272461
55|735|156.25733947753906
55|742|76.8956298828125
55|745|44.99150848388672
55|751|62.948307037353516
55|781|79.74369049072266
55|792|66.4236831665039
55|796|72.46648406982422
55|817|86.1419906616211
55|821|74.60401916503906
55|825|47.15926742553711
55|846|92.22886657714844
55|850|73.32839965820312
55|860|63.04825210571289
55|907|71.42962646484375
55|923|57.955196380615234
55|937|57.091026306152344
55|952|71.14615631103516
55|965|92.08424377441406
55|974|79.30661010742188
55|980|66.84321594238281
55|987|81.07975769042969
55|1008|42.66736602783203
55|1034|60.938323974609375
55|1051|67.18717956542969
55|1069|59.282859802246094
55|1076|73.7343521118164
55|1083|46.901939392089844
55|1087|63.317054748535156
55|1090|123.0793685913086
55|1095|51.08786392211914
55|1135|111.10660552978516
55|1140|91.05682373046875
55|1145|45.54467010498047
55|1150|112.37556457519531
55|1153|67.26615142822266
55|1167|60.133365631103516
55|1182|74.72233581542969
55|1191|54.80199432373047
55|1195|84.41448974609375
55|1205|46.011863708496094
55|1210|76.1225357055664
55|1252|97.87108612060547
55|1257|58.70851135253906
55|1269|45.177398681640625
55|1281|45.00604248046875
56|501|66.75269317626953
56|858|46.68825912475586
56|927|62.20073699951172
56|1028|43.7209358215332
56|1033|46.70674133300781
56|1041|65.3533935546875
56|1089|102.51058197021484
56|1103|75.61515045166016
56|1124|59.71134567260742
56|1146|49.271034240722656
56|1157|47.13449478149414
56|1258|43.408172607421875
56|1263|59.24710464477539
56|1270|68.0837173461914
57|1064|89.60667419433594
58|947|60.61582565307617
58|951|67.90518951416016
58|988|60.4334831237793
58|1063|96.30838775634766
58|1176|60.337589263916016
58|1181|65.1572494506836
59|700|43.28874969482422
59|992|42.554508209228516
59|1000|78.80854797363281
59|1011|55.72681427001953
59|1108|45.37347412109375
59|1116|88.92654418945312
59|1129|43.5116081237793
60|464|44.99235916137695
60|471|45.43510818481445
60|693|48.170448303222656
60|739|50.659629821777344
60|751|44.5262451171875
60|923|52.69489669799805
60|1001|104.32962036132812
60|1010|56.192161560058594
60|1038|58.32632064819336
60|1079|77.3218765258789
60|1095|47.37859344482422
60|1119|72.00109100341797
60|1126|59.5001335144043
60|1132|43.40821838378906
60|1236|95.91867065429688
60|1239|55.99379348754883
60|1252|47.45649719238281
60|1268|64.5406265258789
61|578|43.2481575012207
61|584|65.28535461425781
61|753|47.613037109375
61|775|71.14328002929688
61|779|42.14934539794922
61|817|49.49302291870117
61|973|87.08625793457031
61|983|93.1190414428711
61|986|89.52680206298828
61|990|87.22187042236328
61|993|70.08719635009766
61|1004|124.83589935302734
61|1100|75.6487808227539
61|1107|44.89442825317383
61|1109|48.01364517211914
61|1115|125.94039154052734
61|1123|63.18472671508789
61|1153|56.23542022705078
61|1213|99.15544128417969
61|1219|97.95205688476562
61|1230|56.105796813964844
61|1233|122.07071685791016
61|1250|47.942569732666016
62|700|43.938392639160156
62|972|77.10562133789062
62|982|93.36914825439453
62|1099|65.78252410888672
62|1111|60.5800895690918
62|1212|101.21766662597656
62|1251|46.15000534057617
63|965|47.549598693847656
63|1005|66.31163024902344
63|1096|44.56151580810547
63|1117|47.568485260009766
63|1121|57.542564392089844
63|1238|42.79740905761719
64|1042|48.482234954833984
64|1128|42.59284591674805
64|1210|49.78628921508789
64|1272|52.54597854614258
65|986|43.030242919921875
65|1150|46.99245071411133
66|928|42.52986145019531
66|996|54.84400177001953
66|1081|69.04503631591797
66|1085|55.77880859375
66|1254|65.40481567382812
66|1273|49.70143508911133
67|698|43.274078369140625
67|974|95.0523681640625
67|980|57.086246490478516
67|1074|42.718997955322266
67|1082|82.07264709472656
67|1091|62.375099182128906
67|1210|45.342872619628906
67|1252|46.25630187988281
67|1255|91.9631576538086
68|473|68.5774917602539
68|506|45.16426086425781
68|735|48.6015739440918
68|746|84.53117370605469
68|845|44.08686447143555
68|861|69.32142639160156
68|925|55.16609191894531
68|931|49.91951370239258
68|955|82.44713592529297
68|964|92.40768432617188
68|968|107.01121520996094
68|972|91.98320007324219
68|975|136.11044311523438
68|979|47.847511291503906
68|1040|47.23554229736328
68|1055|84.87677764892578
68|1089|130.46917724609375
68|1132|64.92658996582031
68|1137|62.34855651855469
68|1141|57.18296432495117
68|1155|61.49760437011719
68|1161|49.40936279296875
68|1176|62.06924057006836
68|1179|119.89169311523438
68|1185|90.26192474365234
68|1193|76.42194366455078
68|1198|84.27360534667969
68|1202|88.63764953613281
68|1205|140.68511962890625
68|1209|52.61626052856445
68|1249|48.93001174926758
68|1256|107.41214752197266
68|1270|42.7109260559082
68|1284|83.7379150390625
68|1290|45.26436233520508
69|247|46.238731384277344
69|273|50.886558532714844
69|364|45.367523193359375
69|366|45.29467010498047
69|401|51.45676040649414
69|472|45.236873626708984
69|503|48.08317565917969
69|505|46.856117248535156
69|630|51.684207916259766
69|734|50.21852111816406
69|860|64.91783142089844
69|932|43.62199783325195
69|937|79.52803802490234
69|939|75.65494537353516
69|949|108.59751892089844
69|958|58.449310302734375
69|1004|121.8957748413086
69|1011|66.52732849121094
69|1018|65.70808410644531
69|1027|55.710575103759766
69|1036|54.61009979248047
69|1046|73.09371948242188
69|1054|76.64120483398438
69|1066|64.24547576904297
69|1083|96.39324188232422
69|1090|136.124755859375
69|1131|73.54752349853516
69|1140|49.225860595703125
69|1166|71.24808502197266
69|1168|83.14252471923828
69|1207|62.02532196044922
69|1233|111.47441101074219
69|1241|64.54329681396484
69|1248|63.260581970214844
69|1251|49.210819244384766
69|1257|77.42206573486328
69|1267|50.1834602355957
69|1276|68.267822265625
69|1291|48.95145797729492
70|475|97.57684326171875
70|703|77.68751525878906
70|948|65.769775390625
70|1021|91.2615966796875
70|1026|54.787296295166016
70|1062|49.88720703125
70|1091|89.71074676513672
70|1258|77.7258071899414
71|975|45.301326751708984
72|1012|45.73328399658203
72|1149|70.12464904785156
72|1242|51.67861557006836
73|332|47.321754455566406
73|340|91.08765411376953
73|445|72.7013168334961
73|455|55.16241455078125
73|470|74.52489471435547
73|562|45.42795181274414
73|570|88.5362548828125
73|674|71.58104705810547
73|681|48.05134201049805
73|685|49.33221435546875
73|790|51.09040451049805
73|799|83.81411743164062
73|904|67.92070770263672
73|907|48.27614212036133
73|910|45.73760223388672
73|914|57.13338088989258
73|1019|47.7253532409668
73|1029|102.90608978271484
73|1125|53.43948745727539
73|1134|87.34795379638672
73|1141|50.521034240722656
73|1144|53.41207504272461
73|1248|48.16973114013672
73|1259|107.1609878540039
74|443|43.48009490966797
74|476|100.4141845703125
75|1267|43.354862213134766
76|1006|45.66738510131836
76|1022|64.25086975097656
76|1252|52.81607437133789
77|584|43.30590057373047
79|705|62.020729064941406
79|719|103.33567810058594
79|1101|58.036556243896484
79|1136|64.29548645019531
80|471|55.46251678466797
80|986|45.17161178588867
80|1100|48.00553512573242
81|419|43.37648391723633
81|491|108.12928009033203
81|606|117.29594421386719
81|656|50.66273880004883
81|707|94.08951568603516
81|926|44.580379486083984
81|950|42.91978454589844
81|956|48.41875076293945
81|997|102.83989715576172
81|1002|93.31594848632812
81|1070|55.74242401123047
81|1090|60.67216110229492
81|1093|79.59906768798828
81|1108|81.49459838867188
81|1111|71.18765258789062
81|1117|65.03155517578125
81|1122|56.02638244628906
81|1180|50.67270278930664
81|1185|51.72829055786133
81|1226|109.7260971069336
81|1231|93.93424987792969
82|605|97.62699127197266
82|770|42.09280776977539
82|1008|47.31473159790039
82|1040|46.312049865722656
82|1089|57.86360168457031
82|1103|68.12914276123047
82|1112|72.01673889160156
82|1114|68.60700225830078
83|1007|48.97433853149414
83|1023|51.451683044433594
83|1105|54.75056076049805
84|1098|45.19172668457031
84|1106|57.797325134277344
86|493|53.23738479614258
86|1024|72.18655395507812
86|1027|57.16177749633789
87|478|65.0997543334961
88|479|67.41663360595703
88|1024|85.0614013671875
89|594|72.10907745361328
89|610|43.81550979614258
89|1025|91.9476547241211
89|1257|50.34790802001953
90|487|65.4026107788086
90|922|48.56882095336914
90|1042|49.243412017822266
90|1047|49.22114562988281
90|1094|54.86984634399414
90|1144|73.46662902832031
90|1152|66.78843688964844
90|1210|46.883426666259766
90|1268|57.763309478759766
90|1276|57.69379425048828
91|484|156.86073303222656
91|496|104.82388305664062
91|595|126.44995880126953
91|598|148.0360107421875
91|716|52.37110900878906
91|826|69.81877899169922
91|832|59.195213317871094
91|840|62.884918212890625
91|925|111.95342254638672
91|932|74.65328979492188
91|959|42.221221923828125
91|973|76.44159698486328
91|976|68.8467025756836
91|1011|43.54528045654297
91|1014|70.63125610351562
91|1018|67.52281951904297
91|1026|109.45528411865234
91|1036|46.04150390625
91|1040|99.61009216308594
91|1045|68.85364532470703
91|1050|92.3753433227539
91|1055|98.16463470458984
91|1060|86.2284164428711
91|1063|117.7962417602539
91|1072|67.57746887207031
91|1076|77.11852264404297
91|1084|106.15213012695312
91|1092|56.75880432128906
91|1108|48.25711441040039
91|1127|76.71989440917969
91|1145|81.45448303222656
91|1155|102.82425689697266
91|1162|76.43975830078125
91|1170|78.0994873046875
91|1174|61.59503936767578
91|1183|42.94231033325195
91|1189|45.1031608581543
91|1202|86.42405700683594
91|1206|53.174861907958984
91|1211|42.13113021850586
91|1233|49.24607849121094
91|1244|50.06767272949219
91|1248|65.66039276123047
91|1269|105.9877700805664
91|1275|68.51300811767578
91|1280|93.28199005126953
91|1285|98.00316619873047
92|483|158.83441162109375
92|495|102.29177856445312
92|596|159.86131286621094
92|609|103.09416198730469
92|799|46.482662200927734
92|935|44.742713928222656
92|943|65.77879333496094
92|966|52.07693862915039
92|1020|52.466529846191406
92|1034|42.38577651977539
92|1062|114.04940032958984
92|1128|77.75434875488281
92|1133|95.21595764160156
92|1142|164.8455810546875
92|1172|73.82774353027344
92|1195|51.21433639526367
92|1259|43.06324768066406
92|1264|46.13874816894531
92|1291|111.94439697265625
93|485|152.9240264892578
93|931|43.53856658935547
93|977|57.5177116394043
93|1021|44.34382247924805
93|1140|56.80061721801758
93|1143|129.6072235107422
93|1265|82.94749450683594
94|472|51.340972900390625
94|480|144.05450439453125
94|1025|48.009376525878906
94|1028|171.3031463623047
94|1034|48.706748962402344
94|1086|56.771060943603516
95|724|59.419639587402344
95|1031|47.676666259765625
96|1049|43.1455078125
97|709|59.179603576660156
98|1034|68.70146942138672
99|600|54.05882263183594
99|915|85.18244934082031
99|1006|44.63380432128906
99|1029|59.08087158203125
99|1035|47.80171203613281
99|1236|44.51189422607422
100|916|80.8602294921875
100|1261|54.6356315612793
101|926|44.51199722290039
101|1111|53.662574768066406
102|474|43.548309326171875
102|613|89.28092956542969
102|918|165.51458740234375
102|1006|73.05218505859375
102|1029|145.58700561523438
102|1035|60.24937057495117
102|1044|46.40635299682617
102|1061|44.681190490722656
102|1112|60.660457611083984
102|1122|44.59546661376953
102|1235|71.21053314208984
102|1273|43.964935302734375
103|473|58.33278274536133
103|475|42.10551071166992
103|727|45.704044342041016
103|763|66.76172637939453
103|842|50.29310989379883
103|917|123.60909271240234
103|929|43.06177520751953
103|985|72.60162353515625
103|989|45.04719924926758
103|993|138.6217041015625
103|998|51.043663024902344
103|1001|79.09461212158203
103|1005|75.64280700683594
103|1007|49.49479675292969
103|1032|180.58494567871094
103|1045|55.18278884887695
103|1064|43.97334671020508
103|1098|67.68597412109375
103|1102|63.70399856567383
103|1109|51.17238235473633
103|1111|50.77203369140625
103|1146|63.371429443359375
103|1215|80.22689056396484
103|1219|49.59640121459961
103|1223|155.22616577148438
103|1227|53.3198127746582
103|1231|73.24430847167969
103|1234|79.5188217163086
104|472|61.5132942199707
104|498|87.92166900634766
104|702|61.295352935791016
104|916|97.16024780273438
104|930|61.978851318359375
104|940|45.05078125
104|1024|63.47154235839844
104|1046|56.29326248168945
104|1056|56.037776947021484
104|1276|56.84989929199219
105|475|44.111785888671875
105|1025|59.756858825683594
105|1047|43.86053466796875
105|1053|47.44036102294922
105|1095|44.73494338989258
105|1160|59.02674865722656
105|1256|50.747459411621094
106|922|74.48533630371094
106|941|75.44961547851562
106|1035|96.36225891113281
106|1038|46.76940155029297
106|1094|46.952938079833984
106|1102|53.85169982910156
106|1107|68.18156433105469
106|1121|48.146671295166016
106|1268|42.56803894042969
107|618|49.56077194213867
107|933|43.31205749511719
107|938|83.973876953125
107|942|63.02272415161133
107|945|46.11054229736328
107|1049|51.9776611328125
107|1056|120.78303527832031
107|1093|46.784637451171875
107|1101|47.75127029418945
107|1144|48.93814468383789
107|1151|111.81449890136719
107|1257|56.96772003173828
108|923|67.20437622070312
108|957|60.6379508972168
108|963|63.36676788330078
108|1064|65.1532211303711
108|1070|57.50668716430664
108|1085|53.55328369140625
108|1142|113.81298065185547
108|1153|87.56184387207031
108|1175|58.72372817993164
108|1187|71.36459350585938
108|1193|63.73405838012695
108|1286|69.01690673828125
109|617|64.26529693603516
109|821|61.879573822021484
109|924|68.5941390991211
109|936|58.94343566894531
109|946|43.820125579833984
109|972|97.89363098144531
109|979|48.937320709228516
109|1008|198.59486389160156
109|1012|50.98171615600586
109|1025|76.68791198730469
109|1037|121.86474609375
109|1050|64.60406494140625
109|1057|105.08448791503906
109|1080|104.37901306152344
109|1084|50.48396682739258
109|1086|52.5437126159668
109|1111|46.57128143310547
109|1121|76.41973114013672
109|1152|82.19361114501953
109|1155|57.3770637512207
109|1177|42.10673141479492
109|1194|109.0678482055664
109|1198|45.2463264465332
109|1202|95.0694580078125
109|1254|101.22836303710938
109|1259|77.09246826171875
109|1266|85.32057189941406
109|1280|72.46478271484375
109|1287|68.33059692382812
110|502|56.772186279296875
110|548|47.696414947509766
110|628|56.92148971557617
110|663|46.712772369384766
110|706|54.21720504760742
110|734|89.38612365722656
110|777|46.55908966064453
110|792|84.23941040039062
110|846|56.133026123046875
110|849|73.73922729492188
110|935|48.63811492919922
110|939|214.01219177246094
110|965|104.43802642822266
110|975|62.964962005615234
110|992|54.08015441894531
110|997|54.36529541015625
110|1022|99.62755584716797
110|1027|44.70951461791992
110|1036|110.77305603027344
110|1042|53.592559814453125
110|1054|159.96145629882812
110|1083|49.64072036743164
110|1090|75.65230560302734
110|1093|54.73419952392578
110|1107|49.06577682495117
110|1112|60.841861724853516
110|1122|103.4674301147461
110|1137|95.35957336425781
110|1139|102.45474243164062
110|1151|122.58134460449219
110|1165|61.203582763671875
110|1252|91.48357391357422
110|1258|94.34526062011719
111|571|47.73053741455078
111|657|45.76755142211914
111|686|48.17770004272461
111|801|53.46369171142578
111|925|53.00975036621094
111|977|80.37047576904297
111|1028|52.786197662353516
111|1193|46.75275802612305
114|942|85.14256286621094
114|1008|42.355003356933594
115|943|76.55644226074219
115|1009|46.150550842285156
117|1057|44.40410614013672
117|1107|60.734859466552734
118|1034|59.170257568359375
119|980|48.99329376220703
120|947|112.4332275390625
120|1059|128.21380615234375
121|944|194.95126342773438
121|979|46.88652038574219
121|1029|46.701900482177734
121|1031|47.87428283691406
121|1062|139.59446716308594
122|855|42.15004348754883
122|945|159.1744842529297
122|1030|77.8046646118164
122|1035|61.82977294921875
122|1057|80.9612808227539
122|1061|195.69815063476562
122|1108|68.4515609741211
123|946|108.59465026855469
123|1060|210.56092834472656
123|1064|54.1878776550293
124|993|100.17536926269531
124|1031|57.42457962036133
124|1059|200.0554656982422
124|1086|46.466304779052734
125|1030|47.24746322631836
126|915|53.859561920166016
126|917|53.74783706665039
126|1063|58.8117561340332
127|1064|59.10007095336914
129|587|42.84070587158203
129|994|78.52860260009766
129|1110|45.11113357543945
130|1036|50.328365325927734
130|1055|43.482017517089844
130|1064|80.29370880126953
132|1054|55.64023208618164
133|1037|54.02429962158203
134|1123|72.38189697265625
135|944|63.52554702758789
135|955|72.56217956542969
135|958|57.03288650512695
135|996|60.00418472290039
135|1007|63.12089157104492
135|1074|43.124637603759766
135|1112|132.21766662597656
135|1116|62.89556884765625
135|1151|72.48086547851562
135|1154|44.581382751464844
135|1272|42.88462448120117
136|711|45.49123001098633
136|940|60.5396728515625
136|950|182.7880401611328
136|994|43.540771484375
136|997|110.50799560546875
136|1065|175.66152954101562
136|1094|47.63368225097656
136|1113|106.9200210571289
136|1153|49.40435028076172
137|586|49.85763931274414
137|623|71.85625457763672
137|716|93.2855224609375
137|853|50.541175842285156
137|939|53.002403259277344
137|949|110.05352783203125
137|1036|72.75535583496094
137|1267|58.001220703125
138|938|51.445709228515625
138|995|74.36920928955078
138|1112|77.39299774169922
138|1266|80.35597229003906
139|1265|60.448734283447266
140|714|55.32551956176758
141|1061|53.622135162353516
142|1058|57.753334045410156
142|1093|49.05481719970703
143|945|52.47966766357422
143|1092|42.19536590576172
144|710|57.33556365966797
147|944|52.781124114990234
155|1107|50.59907531738281
155|1223|43.14961242675781
160|1093|75.84634399414062
163|994|59.51398468017578
164|792|58.045799255371094
164|1051|53.8604736328125
164|1137|43.67766189575195
164|1252|46.535614013671875
164|1280|54.996612548828125
165|1108|50.12135696411133
171|978|45.304752349853516
178|978|43.27745056152344
179|997|50.12392807006836
183|595|65.94153594970703
183|598|96.81997680664062
183|715|55.5462760925293
184|597|80.90377807617188
185|712|44.45118713378906
205|614|89.88732147216797
206|615|56.47420883178711
207|498|48.59052276611328
218|616|48.18865966796875
229|715|65.47903442382812
233|714|47.40776443481445
244|1003|42.38191604614258
244|1233|45.89216995239258
261|989|46.69865798950195
265|1105|87.82259368896484
269|1101|43.26686477661133
269|1106|58.86119079589844
270|711|45.40947341918945
273|713|53.05601119995117
274|712|49.593505859375
275|1101|47.56109619140625
278|712|52.7325325012207
278|1103|58.305850982666016
280|713|46.14977264404297
314|1255|58.73152160644531
318|1106|44.29561233520508
319|495|42.0411491394043
320|481|80.97943115234375
321|482|78.6593017578125
325|1143|55.27153396606445
329|940|54.30897521972656
329|1151|43.05439758300781
330|789|47.63025665283203
330|792|45.04117202758789
331|974|52.58468246459961
333|976|42.93051528930664
340|951|76.39584350585938
342|1065|71.82267761230469
346|916|45.763694763183594
350|916|44.09535598754883
354|917|55.58948516845703
355|918|59.63588333129883
355|1030|58.285953521728516
356|919|42.8101921081543
356|1257|44.797611236572266
357|944|57.20183181762695
359|1029|48.52146911621094
360|1026|42.775325775146484
360|1032|43.94702911376953
363|944|50.099510192871094
366|945|65.17382049560547
367|1061|53.718807220458984
368|946|47.903804779052734
370|1060|55.614044189453125
371|1059|48.14507293701172
371|1086|48.96760940551758
375|618|52.046878814697266
381|1007|46.756526947021484
382|1054|60.86293029785156
383|503|49.92076110839844
383|847|49.515438079833984
384|1022|45.75981521606445
384|1252|44.604618072509766
385|502|55.89488220214844
386|1123|42.520912170410156
402|968|45.45240783691406
412|1086|43.25023651123047
414|1082|51.81278991699219
438|1050|43.41938781738281
439|792|77.25093078613281
439|1022|75.19070434570312
439|1252|65.5428695678711
480|504|42.28178405761719
490|1257|66.977294921875
493|1150|55.54304122924805
493|1251|59.15940856933594
493|1280|42.63197708129883
494|792|54.048492431640625
494|1022|65.65908813476562
494|1194|43.3586311340332
494|1252|58.865360260009766
544|1113|47.3453369140625
561|1116|58.86437225341797
563|1001|42.63762283325195
565|972|55.33406066894531
606|816|61.69581604003906
608|903|51.777809143066406
712|1257|81.92117309570312
713|940|51.32958221435547
715|1255|52.660648345947266
719|1258|44.69866180419922
726|945|51.71139907836914
727|944|55.77094268798828
728|945|42.648651123046875
741|1086|50.32717514038086
744|1080|46.26149368286133
748|951|44.16234588623047
764|1091|49.765235900878906
765|1090|43.012271881103516
797|964|44.4489631652832
807|964|43.97869873046875
829|816|51.9245491027832
839|976|46.26268768310547