Something Just Like This
The Chainsmokers
Coldplay
EDM
something_just_like_this
2049x1292
2344

0|20|53.24018096923828
0|30|84.2879867553711
0|38|55.683658599853516
0|42|59.89353561401367
0|51|41.083736419677734
0|55|50.40959167480469
0|59|48.135498046875
0|63|44.78953170776367
0|71|52.42561721801758
0|76|37.34417724609375
0|80|50.46428680419922
0|82|49.92156982421875
0|94|47.04909133911133
0|101|35.43021011352539
0|105|46.204341888427734
0|107|45.12654495239258
0|114|37.69059753417969
0|118|39.62556838989258
0|121|39.56611251831055
0|126|34.29075622558594
0|134|37.890525817871094
0|145|40.81864929199219
0|155|39.474525451660156
0|157|39.82754135131836
0|164|30.519393920898438
0|168|33.9315185546875
0|180|29.184587478637695
0|185|27.603364944458008
0|196|32.1392822265625
0|207|30.727554321289062
0|1094|27.41989517211914
7|1252|27.738344192504883
7|1258|27.032901763916016
7|1291|33.34160614013672
9|618|225.74266052246094
9|621|219.50099182128906
9|623|221.7453155517578
9|628|228.28076171875
9|631|228.675048828125
9|635|234.4085693359375
9|641|232.79432678222656
9|646|218.04566955566406
9|720|227.07400512695312
9|725|226.81028747558594
9|728|216.50424194335938
9|736|230.84803771972656
9|740|226.9571075439453
9|746|224.3802947998047
9|821|231.29347229003906
9|825|225.58042907714844
9|829|227.5912628173828
9|833|223.0767364501953
9|836|223.51361083984375
9|843|217.41033935546875
9|846|222.94529724121094
9|918|221.08358764648438
9|921|227.6261749267578
9|926|219.1046600341797
9|931|218.7664794921875
9|935|218.9838409423828
9|939|226.27133178710938
9|943|213.80364990234375
9|946|214.12844848632812
9|1023|224.24765014648438
9|1026|223.2957763671875
9|1032|233.58030700683594
9|1037|222.85409545898438
9|1043|227.35507202148438
9|1047|236.11752319335938
9|1120|253.47010803222656
9|1123|251.5050048828125
9|1128|256.1976623535156
9|1131|256.6885070800781
9|1134|258.9189758300781
9|1138|257.2303771972656
9|1141|254.93064880371094
9|1146|267.47381591796875
9|1219|219.6840057373047
9|1221|228.164306640625
9|1224|221.13372802734375
9|1230|217.6220703125
9|1235|212.93780517578125
9|1241|199.9298095703125
9|1246|201.89910888671875
9|1248|209.49346923828125
10|648|240.62030029296875
10|653|236.54965209960938
10|661|233.841552734375
10|664|244.9636688232422
10|699|241.7710723876953
10|702|244.25682067871094
10|704|239.97154235839844
10|709|244.7924346923828
10|714|237.53627014160156
10|748|240.74436950683594
10|753|237.9480438232422
10|758|247.36024475097656
10|764|234.58213806152344
10|800|236.76707458496094
10|804|249.9661865234375
10|809|240.0653533935547
10|812|242.39280700683594
10|815|226.52667236328125
10|849|243.92391967773438
10|853|242.46417236328125
10|856|239.41830444335938
10|859|233.7808074951172
10|862|242.41937255859375
10|900|231.3086395263672
10|904|252.063232421875
10|909|239.56124877929688
10|912|245.52320861816406
10|949|232.00669860839844
10|953|236.96359252929688
10|958|243.3911590576172
10|961|234.5247802734375
10|965|236.08056640625
10|1000|231.25830078125
10|1004|237.3430938720703
10|1007|237.63571166992188
10|1010|227.86593627929688
10|1015|231.2021026611328
10|1051|247.36380004882812
10|1053|251.05819702148438
10|1057|250.12684631347656
10|1060|239.726806640625
10|1066|257.44891357421875
10|1104|270.1997985839844
10|1109|271.19091796875
10|1114|279.77374267578125
10|1150|294.1474914550781
10|1153|285.8480529785156
10|1160|287.5265808105469
10|1165|294.874755859375
10|1201|298.5417175292969
10|1207|286.8096923828125
10|1212|291.2335205078125
10|1216|277.6943359375
10|1254|254.85401916503906
10|1260|246.89041137695312
10|1264|239.88523864746094
11|666|243.0019073486328
11|669|225.8267059326172
11|671|223.46127319335938
11|674|233.4624481201172
11|678|233.17068481445312
11|681|218.37306213378906
11|684|224.54071044921875
11|687|228.4284210205078
11|689|229.87448120117188
11|693|229.94082641601562
11|697|236.5264129638672
11|767|233.05059814453125
11|775|228.24285888671875
11|778|229.3290557861328
11|783|226.4309539794922
11|789|227.1106414794922
11|792|228.8059844970703
11|797|236.55392456054688
11|867|251.76258850097656
11|870|219.866455078125
11|873|223.95298767089844
11|879|232.98963928222656
11|885|235.74842834472656
11|893|239.76942443847656
11|967|213.84866333007812
11|969|218.06153869628906
11|974|221.94650268554688
11|976|224.97454833984375
11|982|224.57528686523438
11|987|216.304931640625
11|991|225.57464599609375
11|995|226.52545166015625
11|998|244.13818359375
11|1068|238.7709197998047
11|1071|231.4288330078125
11|1074|226.48020935058594
11|1077|241.89724731445312
11|1081|238.44053649902344
11|1085|244.97677612304688
11|1091|244.19580078125
11|1098|262.9996032714844
11|1168|284.2063293457031
11|1171|280.90118408203125
11|1177|277.4049987792969
11|1180|271.3007507324219
11|1185|289.24383544921875
11|1189|274.62518310546875
11|1192|280.4101867675781
11|1194|279.34356689453125
11|1198|299.5348205566406
11|1269|227.81240844726562
11|1272|253.66073608398438
11|1279|249.38787841796875
11|1281|242.41546630859375
11|1285|241.1627655029297
11|1290|218.51275634765625
12|1249|58.1873664855957
12|1276|234.7349090576172
12|1288|222.0137176513672
14|1237|27.112295150756836
14|1244|29.298925399780273
14|1275|34.417633056640625
14|1287|34.761817932128906
15|998|27.885915756225586
15|1221|39.873931884765625
15|1227|29.873516082763672
15|1233|36.75914001464844
15|1246|41.86592483520508
15|1252|35.86101150512695
15|1258|48.49428939819336
15|1277|44.514400482177734
15|1282|57.3004264831543
16|873|27.456493377685547
16|1092|27.78618812561035
16|1131|34.51231002807617
16|1137|30.178319931030273
16|1188|27.989442825317383
16|1212|29.364444732666016
16|1218|66.21732330322266
16|1224|60.292301177978516
16|1228|28.797178268432617
16|1239|48.66447448730469
16|1264|45.849220275878906
16|1270|57.460838317871094
16|1276|47.87922668457031
16|1280|35.090354919433594
16|1289|51.67049789428711
17|937|27.60240936279297
17|1031|30.530895233154297
17|1037|33.0418701171875
17|1068|33.22635269165039
17|1074|40.75162124633789
17|1080|30.02451515197754
17|1093|37.66434097290039
17|1130|28.845977783203125
17|1144|27.925830841064453
17|1168|29.925233840942383
17|1187|35.38616943359375
17|1199|27.084321975708008
17|1219|58.8883171081543
17|1225|80.49915313720703
17|1231|82.33531188964844
17|1238|87.79664611816406
17|1244|84.14461517333984
17|1250|47.59513473510742
17|1257|45.69975662231445
17|1263|47.25498962402344
17|1269|45.424015045166016
17|1281|35.34710693359375
18|17|32.81280517578125
18|30|65.39401245117188
18|36|45.37447738647461
18|221|51.06662368774414
18|234|29.72679328918457
18|241|32.330013275146484
18|322|57.74558639526367
18|423|31.32086753845215
18|435|32.39825439453125
18|523|33.588035583496094
18|535|27.33376693725586
18|617|30.580339431762695
18|717|33.89140701293945
18|742|27.724584579467773
18|818|32.6109733581543
18|842|33.962223052978516
18|1018|36.78852081298828
18|1067|27.779434204101562
18|1119|34.330379486083984
18|1125|44.323421478271484
18|1193|31.600692749023438
18|1220|47.07460021972656
18|1233|38.72541427612305
18|1249|54.466129302978516
18|1258|36.3874626159668
18|1268|39.73387908935547
18|1287|45.23379135131836
20|42|46.34300231933594
20|54|35.108638763427734
20|60|82.10646057128906
20|97|45.36989974975586
20|111|34.823463439941406
20|213|28.749958038330078
20|261|28.721006393432617
20|655|28.864397048950195
20|661|34.3491325378418
20|706|27.714576721191406
20|712|35.05369567871094
20|762|41.89527130126953
20|800|28.15513038635254
20|812|34.72041320800781
20|862|30.484460830688477
20|912|31.871173858642578
20|962|27.849449157714844
20|980|45.22705841064453
20|1012|29.428714752197266
20|1050|29.358034133911133
20|1063|42.471317291259766
20|1113|40.694061279296875
20|1164|30.68036460876465
20|1209|27.72773551940918
20|1252|37.084312438964844
20|1258|43.23166275024414
20|1264|32.844120025634766
21|259|27.222854614257812
21|656|27.33755111694336
21|1007|27.304882049560547
21|1165|28.60074806213379
21|1175|34.18558120727539
21|1214|36.9361572265625
21|1287|26.96259307861328
22|1174|45.05659484863281
23|67|56.82356643676758
23|80|64.66143798828125
23|85|91.7964096069336
23|92|43.493865966796875
23|184|54.19969940185547
23|268|35.44770431518555
23|270|36.16380310058594
23|274|42.5042724609375
23|279|39.245567321777344
23|286|30.099504470825195
23|289|34.251930236816406
23|294|46.27878952026367
23|370|34.61452102661133
23|374|30.872037887573242
23|376|29.22844123840332
23|382|38.546409606933594
23|392|47.742454528808594
23|394|41.28662872314453
23|468|33.01369857788086
23|471|32.81684494018555
23|474|43.8970947265625
23|483|31.476905822753906
23|486|33.029151916503906
23|495|52.48158264160156
23|568|36.779117584228516
23|575|41.74423599243164
23|583|35.68479919433594
23|590|48.36306381225586
23|594|57.3351936340332
23|675|40.261356353759766
23|688|36.2087287902832
23|693|33.717979431152344
23|774|34.83688735961914
23|777|31.93364715576172
23|781|28.9938907623291
23|787|40.590457916259766
23|790|28.091188430786133
23|795|44.3709716796875
23|870|27.147016525268555
23|875|31.894311904907227
23|878|31.419471740722656
23|882|48.5689582824707
23|886|55.370872497558594
23|890|28.79731559753418
23|894|32.11204147338867
23|896|31.26566505432129
23|976|37.80747985839844
23|978|38.313533782958984
23|982|48.26313018798828
23|988|45.55419158935547
23|991|39.67668151855469
23|995|51.500274658203125
23|1077|50.284114837646484
23|1082|38.84627914428711
23|1085|32.84556198120117
23|1089|36.71569061279297
23|1096|48.6385498046875
23|1123|34.00153732299805
23|1177|65.4334487915039
23|1181|36.09893035888672
23|1185|33.22312927246094
23|1188|39.041873931884766
23|1195|48.98799133300781
23|1270|40.8124885559082
23|1277|62.1600456237793
23|1283|57.35579299926758
23|1289|56.5669059753418
24|351|31.475812911987305
25|185|42.709163665771484
25|302|30.56622314453125
25|335|30.496217727661133
25|497|42.678836822509766
25|589|35.772117614746094
25|1122|27.11431884765625
25|1227|30.570552825927734
26|186|61.6138801574707
26|190|47.01077651977539
26|209|51.27138900756836
26|246|46.95903396606445
26|249|32.32398986816406
26|260|50.33623504638672
26|262|52.99092483520508
26|292|42.514888763427734
26|303|39.087684631347656
26|341|42.19473648071289
26|371|41.28054428100586
26|506|44.25374984741211
26|564|29.742719650268555
26|588|35.447269439697266
26|940|29.589771270751953
26|1123|36.97041702270508
27|17|29.39885711669922
27|130|28.717714309692383
27|194|47.70573425292969
27|211|38.8807373046875
27|240|62.64277648925781
27|247|48.285118103027344
27|264|45.972599029541016
27|267|42.105167388916016
27|269|42.62610626220703
27|296|40.89462661743164
27|305|40.821353912353516
27|308|52.04050827026367
27|342|51.55133819580078
27|367|44.014366149902344
27|507|47.2086181640625
27|559|53.68914794921875
27|565|40.231422424316406
27|567|43.537296295166016
27|585|70.94220733642578
27|786|52.31784439086914
27|892|28.4448299407959
27|1018|56.21611404418945
27|1025|75.80933380126953
27|1038|75.84883117675781
27|1050|75.2279281616211
27|1087|55.67277908325195
27|1109|99.69662475585938
27|1116|102.26785278320312
27|1120|106.82994079589844
27|1125|92.11243438720703
27|1137|88.70954132080078
27|1182|45.09835433959961
27|1225|63.95038986206055
28|197|36.8411979675293
28|256|36.566646575927734
28|270|42.33235549926758
28|295|40.669105529785156
28|298|45.462066650390625
28|307|54.30328369140625
28|348|43.654151916503906
28|369|44.60704803466797
28|373|43.597774505615234
28|508|40.32032775878906
28|586|62.18824005126953
28|591|33.26702117919922
28|785|43.041015625
28|984|66.68038177490234
28|1017|47.31859588623047
28|1048|48.21820831298828
28|1051|68.04351806640625
28|1108|96.70932006835938
28|1111|85.13871002197266
28|1118|104.02513885498047
28|1121|107.22846221923828
28|1131|31.577163696289062
28|1138|67.53880310058594
28|1151|74.03892517089844
28|1185|61.16248321533203
28|1219|39.16395568847656
29|558|45.27825164794922
29|579|38.633602142333984
29|941|58.75307846069336
29|985|53.446659088134766
29|1016|39.67757034301758
29|1052|83.18968963623047
29|1088|63.21920394897461
29|1099|51.135292053222656
29|1101|49.586997985839844
29|1139|83.71219635009766
29|1204|43.64053726196289
29|1217|39.58336639404297
30|251|42.99732971191406
30|256|45.56867980957031
30|300|33.92255783081055
30|306|29.59064483642578
30|394|31.429336547851562
30|451|75.2173080444336
30|503|28.61667823791504
30|533|66.65906524658203
30|555|60.294368743896484
30|792|63.39091873168945
30|936|40.121788024902344
30|942|76.97604370117188
30|954|52.643043518066406
30|1012|56.3028564453125
30|1040|104.1075668334961
30|1072|27.720983505249023
30|1089|78.43102264404297
30|1107|86.58562469482422
30|1117|41.781333923339844
30|1124|52.550968170166016
30|1152|80.17857360839844
30|1206|62.23103713989258
30|1215|52.68732833862305
31|55|39.19227981567383
31|98|75.8727798461914
31|103|33.27578353881836
31|108|57.20928192138672
31|249|29.174266815185547
31|257|33.70286178588867
31|302|38.73373794555664
31|309|32.83171081542969
31|355|31.004047393798828
31|360|32.12785339355469
31|395|36.71489715576172
31|404|29.932552337646484
31|408|27.524904251098633
31|447|71.27023315429688
31|456|86.0198974609375
31|504|30.16817855834961
31|522|44.2634391784668
31|529|78.92565155029297
31|531|77.75260925292969
31|541|56.36907196044922
31|547|40.14820861816406
31|554|73.93793487548828
31|592|46.386348724365234
31|602|29.510591506958008
31|727|76.65167236328125
31|735|96.889892578125
31|742|82.969970703125
31|748|79.51266479492188
31|754|29.348220825195312
31|926|73.71065521240234
31|938|51.50828170776367
31|945|92.41028594970703
31|949|131.45054626464844
31|955|63.97665786743164
31|999|101.81037902832031
31|1001|103.44255828857422
31|1005|101.32593536376953
31|1013|61.79964828491211
31|1041|129.20289611816406
31|1057|32.38225555419922
31|1071|27.66737937927246
31|1081|27.105192184448242
31|1091|126.64161682128906
31|1104|120.7712173461914
31|1115|28.856821060180664
31|1123|33.44077682495117
31|1140|69.64796447753906
31|1154|81.98138427734375
31|1194|35.001251220703125
31|1201|123.80865478515625
31|1213|48.350189208984375
31|1256|42.97764205932617
32|396|43.225341796875
32|440|32.7871208190918
32|510|53.974151611328125
32|521|45.278175354003906
32|553|66.27459716796875
32|680|47.31182861328125
32|722|28.61720848083496
32|1054|94.56227111816406
32|1080|35.047752380371094
32|1085|27.269140243530273
32|1141|80.32695770263672
33|458|49.68763732910156
33|514|61.02326965332031
33|520|39.88742446899414
33|772|46.4665641784668
33|873|47.71522521972656
33|986|70.58812713623047
33|993|78.84495544433594
33|1055|95.63905334472656
33|1073|106.84663391113281
33|1076|109.28103637695312
33|1124|38.46451950073242
33|1155|62.4415283203125
34|67|27.52414321899414
34|80|35.8051643371582
34|356|47.79353713989258
34|401|89.48957061767578
34|416|50.31704330444336
34|441|30.371286392211914
34|466|56.524261474609375
34|470|44.12506866455078
34|472|42.99040603637695
34|477|42.122520446777344
34|485|35.60169219970703
34|512|83.04667663574219
34|516|46.486663818359375
34|518|45.15251922607422
34|593|54.414100646972656
34|691|74.15047454833984
34|704|71.36883544921875
34|768|79.55135345458984
34|793|74.73098754882812
34|867|77.032958984375
34|894|71.82447052001953
34|900|110.33432006835938
34|961|148.75181579589844
34|992|88.22998046875
34|995|30.882259368896484
34|1043|91.16321563720703
34|1058|117.38972473144531
34|1063|153.6521759033203
34|1066|143.93910217285156
34|1070|74.99139404296875
34|1075|107.56989288330078
34|1083|33.9820671081543
34|1157|58.02415084838867
34|1160|85.42264556884766
34|1167|132.0159454345703
34|1187|57.92435836791992
34|1194|39.30792236328125
34|1275|43.55392074584961
34|1287|29.793214797973633
35|410|75.11552429199219
35|415|45.68203353881836
35|419|49.60377502441406
35|468|48.56585693359375
35|473|41.64939498901367
35|519|53.86544418334961
35|594|67.00145721435547
35|665|92.19302368164062
35|682|107.28968811035156
35|687|54.597686767578125
35|698|116.71276092529297
35|759|99.7524185180664
35|761|88.15303802490234
35|771|75.18372344970703
35|794|85.58894348144531
35|871|50.49999237060547
35|911|106.08314514160156
35|966|29.171646118164062
35|969|77.74462127685547
35|975|32.77793502807617
35|980|28.037172317504883
35|1065|132.46282958984375
35|1073|70.95465850830078
35|1079|55.313568115234375
35|1082|32.012840270996094
35|1093|170.03591918945312
35|1101|27.764726638793945
35|1117|27.06388282775879
35|1143|104.41393280029297
35|1148|29.908952713012695
35|1165|131.21360778808594
35|1168|154.83396911621094
35|1177|33.14013671875
35|1268|53.28884506225586
35|1276|39.62581253051758
35|1288|31.10115623474121
36|216|44.39594268798828
36|220|51.61082458496094
36|317|60.080909729003906
36|322|54.56494140625
36|420|49.505611419677734
36|425|75.03533935546875
36|663|95.83316040039062
36|756|134.52708435058594
36|758|121.27106475830078
36|765|29.057323455810547
36|773|82.34854888916016
36|861|77.57511901855469
36|874|27.576095581054688
36|917|127.38069152832031
36|921|97.09501647949219
36|925|39.47783660888672
36|957|66.66185760498047
36|1045|40.073246002197266
36|1069|111.16346740722656
36|1076|49.354698181152344
36|1086|34.055145263671875
36|1118|36.06732940673828
36|1218|43.257266998291016
36|1230|28.43047523498535
37|218|39.14884948730469
37|222|42.63402557373047
37|224|38.572181701660156
37|316|53.88294982910156
37|320|49.31812286376953
37|424|83.49961853027344
37|757|146.72256469726562
37|919|115.67095947265625
37|943|27.797155380249023
37|1036|32.171241760253906
37|1075|57.07098388671875
37|1130|33.987186431884766
37|1137|31.939950942993164
37|1145|35.23666763305664
37|1239|30.6227970123291
38|434|34.159061431884766
39|658|43.21771240234375
39|714|44.426971435546875
39|801|35.79069137573242
39|1124|30.300077438354492
40|315|27.486663818359375
40|435|76.1369400024414
40|597|41.72359085083008
40|605|27.563583374023438
40|797|48.520572662353516
40|858|57.30326843261719
40|866|28.772192001342773
40|980|54.188262939453125
41|409|31.499177932739258
41|601|73.62096405029297
41|610|36.942962646484375
41|619|29.992841720581055
41|650|132.765380859375
41|655|69.41230010986328
41|702|41.40959930419922
41|707|28.979171752929688
41|712|102.47822570800781
41|748|36.730140686035156
41|757|31.552658081054688
41|763|35.65874099731445
41|786|29.722715377807617
41|793|49.252784729003906
41|798|49.80311965942383
41|800|49.72224044799805
41|802|34.10498046875
41|808|91.34185791015625
41|813|51.007015228271484
41|848|37.817832946777344
41|854|126.43586730957031
41|870|45.44493103027344
41|903|52.62676239013672
41|908|35.552024841308594
41|910|38.23650360107422
41|913|40.528873443603516
41|948|44.554569244384766
41|955|32.816619873046875
41|964|51.9239387512207
41|1002|65.1997299194336
41|1008|39.12041473388672
41|1010|38.382598876953125
41|1014|47.272918701171875
41|1019|34.99150085449219
41|1053|66.08983612060547
41|1064|37.87105941772461
41|1104|84.03227233886719
41|1108|46.623939514160156
41|1111|48.65495681762695
41|1114|46.45172882080078
41|1149|50.66494369506836
41|1155|48.75102615356445
41|1159|43.62120819091797
41|1164|34.85000991821289
41|1167|31.504281997680664
41|1203|48.915924072265625
41|1208|43.41991424560547
41|1211|44.898685455322266
41|1214|53.2006721496582
41|1250|34.35824966430664
41|1259|34.52126693725586
42|334|29.433963775634766
42|600|78.33677673339844
42|711|59.935569763183594
42|822|41.463993072509766
42|838|39.60248565673828
42|849|41.210445404052734
42|898|32.39286804199219
42|960|32.43107986450195
43|233|35.251564025878906
43|503|58.28776168823242
43|803|31.63643455505371
43|1175|68.5404052734375
44|183|63.53130340576172
44|290|36.64514923095703
44|816|33.40160369873047
45|184|65.47606658935547
45|234|48.62881088256836
45|334|26.736528396606445
45|435|48.03218460083008
45|624|108.12733459472656
45|641|29.37838363647461
45|817|54.81575393676758
45|821|77.83943939208984
45|836|65.89308166503906
45|886|47.56533432006836
45|998|28.582040786743164
45|1092|29.71516990661621
45|1098|26.93850326538086
45|1192|27.687881469726562
45|1286|30.537555694580078
46|134|53.76891326904297
46|504|43.95254135131836
46|679|29.422346115112305
46|786|35.6772346496582
46|820|93.53528594970703
46|980|38.18263626098633
46|986|47.85292434692383
46|1036|31.579864501953125
46|1068|28.101259231567383
46|1075|32.05744552612305
46|1081|48.38163375854492
46|1088|57.78730010986328
46|1096|30.148998260498047
46|1177|45.02629089355469
46|1181|52.68443298339844
46|1188|27.33876609802246
46|1190|27.26565933227539
46|1197|41.23388671875
46|1273|41.444339752197266
46|1276|37.871238708496094
46|1279|44.32748794555664
46|1281|46.23824691772461
46|1285|30.20610237121582
46|1288|30.399965286254883
47|639|51.62169647216797
47|1123|44.89037322998047
48|504|42.952327728271484
48|1036|35.75032043457031
49|505|43.2114143371582
50|291|45.97185134887695
50|589|53.82533645629883
50|1122|34.584632873535156
51|148|32.285526275634766
51|185|92.19254302978516
51|189|120.16156768798828
51|197|30.571317672729492
51|248|38.708683013916016
51|307|27.235509872436523
51|335|28.963035583496094
51|348|47.60915756225586
51|354|34.37828063964844
51|400|42.42170715332031
51|497|63.422786712646484
51|588|51.99003982543945
51|800|28.857250213623047
51|858|27.752399444580078
52|102|27.355546951293945
52|187|141.92852783203125
52|190|147.5262451171875
52|198|42.86315155029297
52|209|80.65068054199219
52|234|47.65530776977539
52|250|56.49749755859375
52|258|77.203125
52|262|117.02629089355469
52|292|77.20532989501953
52|298|49.8996696472168
52|303|39.21864318847656
52|305|33.88111877441406
52|350|58.23148727416992
52|359|51.42807388305664
52|371|39.71871566772461
52|505|80.08656311035156
52|798|29.577890396118164
52|857|26.938732147216797
52|1036|77.04071807861328
52|1055|36.571937561035156
52|1086|95.60215759277344
52|1123|37.143402099609375
52|1137|64.18489074707031
52|1159|27.4672794342041
52|1243|30.663616180419922
52|1262|30.59893035888672
53|191|132.64569091796875
53|211|50.898597717285156
53|248|91.22412109375
53|266|61.38783645629883
53|293|68.09738159179688
53|295|67.7143325805664
53|304|45.484153747558594
53|341|125.86084747314453
53|372|31.805702209472656
53|506|111.77347564697266
53|564|54.68009948730469
53|590|65.43526458740234
53|722|37.66449737548828
53|728|26.939416885375977
53|835|34.78041458129883
53|841|34.05652618408203
53|892|41.293113708496094
53|1050|148.80117797851562
53|1053|50.84134292602539
53|1120|84.87146759033203
53|1149|128.46945190429688
54|189|30.079883575439453
54|192|131.96310424804688
54|195|109.24183654785156
54|202|32.629783630371094
54|220|31.853506088256836
54|236|126.49848175048828
54|238|118.51518249511719
54|259|27.6239070892334
54|264|75.32170867919922
54|267|59.894439697265625
54|269|51.07476043701172
54|308|111.34635162353516
54|315|27.460176467895508
54|317|30.682497024536133
54|322|40.321624755859375
54|335|38.565757751464844
54|342|116.35848999023438
54|345|78.20364379882812
54|350|29.022113800048828
54|366|88.63691711425781
54|403|29.849729537963867
54|422|30.836029052734375
54|453|32.94997787475586
54|507|77.7705078125
54|516|37.186492919921875
54|553|28.037830352783203
54|559|83.39832305908203
54|563|27.338546752929688
54|567|69.92501831054688
54|580|36.920616149902344
54|589|49.422847747802734
54|616|37.5135612487793
54|652|38.43294143676758
54|657|52.735172271728516
54|786|128.42245483398438
54|798|29.634973526000977
54|823|51.64845657348633
54|837|68.8553237915039
54|844|44.107398986816406
54|855|46.56721115112305
54|934|48.990745544433594
54|939|45.34419250488281
54|952|42.56834411621094
54|956|29.979833602905273
54|1018|124.41590881347656
54|1030|59.94054412841797
54|1038|242.07017517089844
54|1046|27.962509155273438
54|1054|49.23740768432617
54|1058|78.95807647705078
54|1087|127.31121063232422
54|1109|136.2012481689453
54|1113|173.2168731689453
54|1117|167.8279266357422
54|1135|67.03588104248047
54|1150|111.6431884765625
54|1153|53.00926208496094
54|1175|27.08589744567871
54|1185|101.43646240234375
54|1226|77.85267639160156
54|1231|60.88792419433594
54|1237|164.3603057861328
54|1241|51.36301040649414
54|1248|110.07072448730469
54|1251|147.9927520751953
54|1288|219.40066528320312
55|84|34.48839569091797
55|134|30.720706939697266
55|142|34.41730499267578
55|158|34.60001754760742
55|178|27.104217529296875
55|188|27.746742248535156
55|193|126.09129333496094
55|224|36.70359420776367
55|231|30.83437728881836
55|268|53.364990234375
55|297|128.31466674804688
55|332|34.035736083984375
55|334|31.717771530151367
55|337|29.199567794799805
55|347|113.04535675048828
55|353|53.546417236328125
55|361|28.901214599609375
55|385|30.092105865478516
55|387|33.52167892456055
55|392|37.304771423339844
55|425|39.66362762451172
55|431|48.018009185791016
55|436|38.994354248046875
55|438|38.645408630371094
55|454|30.624832153320312
55|468|31.894765853881836
55|500|28.385026931762695
55|523|58.57299041748047
55|532|31.968202590942383
55|542|27.21025276184082
55|554|31.239877700805664
55|561|55.61498260498047
55|566|94.04258728027344
55|572|36.155635833740234
55|576|29.414241790771484
55|585|82.21089935302734
55|618|43.37855911254883
55|623|54.95243835449219
55|635|42.609832763671875
55|660|28.182415008544922
55|718|42.93107604980469
55|723|34.022254943847656
55|736|30.819961547851562
55|739|42.808868408203125
55|742|48.84583282470703
55|745|48.286842346191406
55|749|31.476037979125977
55|752|30.525115966796875
55|755|34.22087478637695
55|792|49.700286865234375
55|818|44.383689880371094
55|843|50.16907501220703
55|870|30.04132652282715
55|881|29.4020938873291
55|883|30.76076889038086
55|895|40.1258430480957
55|905|29.99720573425293
55|917|29.966123580932617
55|921|37.625579833984375
55|927|45.79342269897461
55|940|48.79706954956055
55|950|36.86262130737305
55|953|38.456687927246094
55|971|37.329681396484375
55|983|127.58800506591797
55|1024|100.66893005371094
55|1032|71.46321868896484
55|1044|47.3934211730957
55|1048|43.962528228759766
55|1088|137.22122192382812
55|1098|30.600431442260742
55|1111|184.1238555908203
55|1116|161.62159729003906
55|1122|88.95635986328125
55|1126|95.50349426269531
55|1132|50.719505310058594
55|1141|65.96782684326172
55|1144|68.94136047363281
55|1176|30.738449096679688
55|1223|65.44754028320312
55|1236|137.28565979003906
55|1239|129.06301879882812
55|1245|70.68450164794922
55|1249|200.14828491210938
55|1259|37.26812744140625
56|223|28.13999366760254
56|298|94.03700256347656
56|369|44.91693115234375
56|373|32.71320724487305
56|586|82.64042663574219
56|1002|27.24570655822754
56|1138|119.72589874267578
56|1237|146.0289764404297
57|270|29.576995849609375
57|372|28.122760772705078
57|558|71.49884033203125
57|1038|96.0167007446289
57|1118|58.3738899230957
57|1121|42.18690490722656
57|1124|40.432151794433594
57|1217|28.63094139099121
58|939|33.55778503417969
58|1039|111.15271759033203
58|1108|58.760520935058594
58|1139|83.75788116455078
58|1195|35.46034240722656
58|1290|117.79817199707031
59|255|33.26723861694336
59|792|60.688114166259766
59|892|42.35595703125
59|941|45.4433708190918
59|1003|27.749267578125
59|1016|49.33903503417969
59|1052|122.96250915527344
59|1089|78.15725708007812
59|1100|117.8155746459961
59|1154|33.69041442871094
59|1238|120.8779525756836
60|446|27.388578414916992
60|555|90.1584243774414
60|722|32.221187591552734
60|942|56.170936584472656
60|951|66.31202697753906
60|1011|96.68629455566406
60|1053|105.31924438476562
60|1099|116.6730728149414
60|1107|91.53201293945312
60|1152|125.71791076660156
60|1161|37.634056091308594
60|1203|51.40958023071289
60|1249|30.274951934814453
61|253|50.86503982543945
61|347|30.333707809448242
61|349|30.066476821899414
61|354|34.95771026611328
61|359|46.166748046875
61|400|31.041664123535156
61|403|33.802734375
61|409|37.02543640136719
61|449|107.90113830566406
61|460|31.291831970214844
61|465|27.22985076904297
61|509|92.95558166503906
61|541|60.49399948120117
61|556|114.89982604980469
61|563|30.70195960998535
61|604|30.739681243896484
61|613|27.102807998657227
61|650|36.67811584472656
61|653|34.34811782836914
61|705|37.00767517089844
61|710|36.2681884765625
61|713|35.58506393432617
61|726|177.66441345214844
61|735|63.59754180908203
61|751|38.09013748168945
61|760|41.56856918334961
61|798|36.46110916137695
61|807|34.748382568359375
61|814|30.96403694152832
61|852|44.487579345703125
61|855|48.45553207397461
61|861|42.4114990234375
61|864|47.37691116333008
61|899|37.45847702026367
61|904|42.395877838134766
61|908|32.21269607543945
61|911|48.65267562866211
61|937|121.27182006835938
61|944|57.447837829589844
61|948|113.83474731445312
61|953|62.63285827636719
61|957|65.01927185058594
61|964|67.57779693603516
61|1001|123.14594268798828
61|1015|51.641632080078125
61|1040|120.42027282714844
61|1044|33.905460357666016
61|1054|98.87505340576172
61|1066|47.70798873901367
61|1089|76.16732025146484
61|1116|54.7298583984375
61|1121|31.034616470336914
61|1140|129.80735778808594
61|1153|137.3945770263672
61|1159|62.34959030151367
61|1164|32.50799560546875
61|1200|131.3837432861328
61|1212|93.23334503173828
61|1216|71.84678649902344
61|1239|148.7405242919922
61|1253|248.27117919921875
61|1262|48.51155471801758
61|1291|193.54757690429688
62|396|29.387102127075195
62|448|103.66498565673828
62|456|144.12811279296875
62|503|75.21521759033203
62|522|105.4246597290039
62|530|112.02055358886719
62|548|68.65646362304688
62|592|29.594514846801758
62|680|36.93632507324219
62|728|198.57595825195312
62|742|125.2463607788086
62|748|64.26969909667969
62|926|95.7071533203125
62|945|65.61974334716797
62|949|159.01170349121094
62|960|46.72190856933594
62|1000|118.22003173828125
62|1005|83.39608764648438
62|1061|47.849037170410156
62|1090|102.63578796386719
62|1104|213.13720703125
62|1112|65.0138168334961
62|1154|110.27791595458984
62|1162|31.68726348876953
62|1240|218.68553161621094
62|1254|223.2707061767578
62|1266|60.13779067993164
63|395|32.340965270996094
63|446|59.31022262573242
63|722|36.93741226196289
63|754|26.93346405029297
63|946|58.33606719970703
63|951|64.85874938964844
63|961|30.824569702148438
63|1141|109.30548858642578
63|1206|32.068199157714844
63|1241|204.291748046875
64|233|39.25291061401367
64|358|34.123756408691406
64|396|30.281713485717773
64|938|26.8359432220459
64|986|43.90412902832031
64|1194|41.55283737182617
64|1260|30.58251190185547
65|290|73.0285873413086
65|510|84.34529876708984
65|793|31.482816696166992
65|872|49.08831787109375
65|893|50.63108825683594
65|951|54.287353515625
65|1054|70.01116180419922
65|1146|31.312273025512695
65|1158|27.14725112915039
65|1175|95.16295623779297
65|1275|29.587255477905273
66|183|33.925819396972656
66|458|53.9505729675293
66|693|27.99126434326172
66|866|49.195274353027344
66|1075|28.097135543823242
66|1169|53.2186279296875
66|1255|170.85552978515625
67|459|53.688846588134766
67|511|97.08485412597656
67|691|60.90702438354492
67|793|35.536766052246094
67|869|29.497764587402344
67|961|42.58294677734375
67|1057|172.5904541015625
67|1167|141.70953369140625
67|1193|58.88929748535156
68|291|38.5407829284668
68|356|49.16735076904297
68|399|83.41869354248047
68|405|66.29108428955078
68|416|48.38193893432617
68|466|101.9361801147461
68|471|112.03031921386719
68|476|42.377288818359375
68|483|48.810882568359375
68|504|45.28778839111328
68|513|145.4495086669922
68|631|31.030363082885742
68|694|27.56591796875
68|734|29.672115325927734
68|763|40.688987731933594
68|769|120.73341369628906
68|772|86.97089385986328
68|876|27.23948097229004
68|886|28.258832931518555
68|899|132.0796356201172
68|903|107.67728424072266
68|986|83.17512512207031
68|993|90.56929016113281
68|1060|193.55259704589844
68|1066|149.78013610839844
68|1072|100.80510711669922
68|1133|30.07381248474121
68|1145|158.4611053466797
68|1149|28.256107330322266
68|1156|246.8751220703125
68|1158|274.2122802734375
68|1166|170.06422424316406
68|1177|69.66231536865234
68|1194|60.19123077392578
68|1257|300.7853088378906
68|1269|233.206298828125
68|1272|96.43802642822266
68|1275|148.1604461669922
68|1284|78.80944061279297
69|269|27.623308181762695
69|290|36.5584716796875
69|368|38.05500793457031
69|398|85.67278289794922
69|400|68.88653564453125
69|403|79.8932876586914
69|410|47.80918502807617
69|415|50.441219329833984
69|418|47.80220031738281
69|467|89.06822967529297
69|470|96.47596740722656
69|477|33.063385009765625
69|481|53.649436950683594
69|487|26.951251983642578
69|492|42.738914489746094
69|517|52.6318473815918
69|567|30.272417068481445
69|665|103.06644439697266
69|672|27.574060440063477
69|684|130.46807861328125
69|691|93.36746215820312
69|697|99.17249298095703
69|704|104.32769012451172
69|760|137.0011444091797
69|766|85.18058013916016
69|771|98.82089233398438
69|786|32.912567138671875
69|791|31.66669464111328
69|868|136.51771545410156
69|872|70.16170501708984
69|880|61.607181549072266
69|901|131.3513641357422
69|962|53.642852783203125
69|968|130.81732177734375
69|974|57.58405303955078
69|990|36.99012756347656
69|996|44.10371780395508
69|1044|166.2685089111328
69|1061|224.7029571533203
69|1065|190.60853576660156
69|1071|55.0229606628418
69|1074|81.39429473876953
69|1080|63.19694519042969
69|1087|51.413116455078125
69|1089|52.93380355834961
69|1094|131.2657928466797
69|1102|41.41886520385742
69|1144|157.62525939941406
69|1163|147.5658416748047
69|1171|56.321189880371094
69|1176|75.33206939697266
69|1181|45.48311233520508
69|1188|85.79509735107422
69|1262|333.93353271484375
69|1267|283.5096740722656
69|1278|127.8969955444336
69|1281|107.20264434814453
69|1290|86.88882446289062
70|402|74.06442260742188
70|419|61.829383850097656
70|468|95.29720306396484
70|519|45.735626220703125
70|664|94.1942138671875
70|692|102.1746826171875
70|698|101.67407989501953
70|710|29.476856231689453
70|885|37.04695510864258
70|1057|30.733335494995117
70|1093|98.0483627319336
70|1098|41.58693313598633
70|1143|167.58509826660156
70|1147|34.82496643066406
70|1157|53.33340835571289
70|1162|178.06346130371094
70|1167|63.99518966674805
70|1192|44.250911712646484
71|291|35.25679016113281
71|496|28.062232971191406
71|594|70.05653381347656
71|755|139.15708923339844
71|767|64.52640533447266
71|794|72.12505340576172
71|886|39.8979606628418
71|898|32.947509765625
71|911|81.16610717773438
71|992|45.51029968261719
71|1068|80.40499114990234
71|1193|49.2519416809082
71|1244|241.22955322265625
71|1250|43.08625793457031
71|1279|37.260562896728516
71|1283|57.468746185302734
71|1288|37.37046813964844
72|216|40.18413543701172
72|220|84.2008056640625
72|318|53.55908203125
72|322|40.23002243041992
72|420|77.06202697753906
72|756|120.46206665039062
72|770|143.8406524658203
72|871|75.02376556396484
72|897|26.753881454467773
72|917|96.40159606933594
72|936|32.923118591308594
72|1043|32.394569396972656
72|1073|29.290136337280273
72|1148|30.190135955810547
72|1158|26.818553924560547
72|1164|45.127296447753906
72|1270|163.33328247070312
72|1273|179.7672119140625
73|218|68.24633026123047
73|221|88.68497467041016
73|316|59.69902038574219
73|320|60.000972747802734
73|422|140.71084594726562
73|434|41.86388397216797
73|660|193.1926727294922
73|721|33.15241241455078
73|773|64.22578430175781
73|837|28.63646697998047
73|861|164.86953735351562
73|920|174.3721466064453
73|931|37.21586990356445
73|937|37.50404739379883
73|1019|34.647552490234375
73|1035|32.614540100097656
73|1137|37.54359817504883
73|1140|36.230411529541016
73|1168|34.037174224853516
73|1226|33.07184982299805
73|1271|184.43954467773438
74|223|73.59695434570312
74|423|155.16920471191406
74|757|87.37825012207031
74|1193|42.26454544067383
74|1276|62.01729202270508
75|797|30.056652069091797
75|1275|74.727294921875
75|1286|27.961076736450195
76|1174|32.434547424316406
77|189|28.697673797607422
77|335|27.90809440612793
77|371|45.705772399902344
77|658|71.87565612792969
77|992|29.560352325439453
77|1049|26.936458587646484
77|1276|28.452375411987305
78|209|49.85674285888672
78|259|37.28278350830078
78|292|50.73012924194336
78|303|67.62032318115234
78|334|27.06680679321289
78|1137|41.17863845825195
79|210|35.451454162597656
79|246|34.224090576171875
79|293|56.063236236572266
79|496|27.739768981933594
79|871|30.06519317626953
79|1024|31.61699867248535
79|1050|27.648693084716797
79|1149|45.42746353149414
79|1219|27.001052856445312
80|211|37.56407165527344
80|265|62.096839904785156
80|341|26.982669830322266
80|507|76.7609634399414
80|848|83.20308685302734
80|858|141.18153381347656
80|1114|34.56932067871094
80|1177|32.9005241394043
80|1226|73.60670471191406
81|269|39.0941162109375
81|294|55.422210693359375
81|305|42.802207946777344
81|367|45.2509651184082
81|371|30.120990753173828
81|503|29.77911376953125
81|560|80.84532928466797
81|587|45.294681549072266
81|591|76.53109741210938
81|605|127.80412292480469
81|654|97.94984436035156
81|738|44.76536560058594
81|786|33.593833923339844
81|800|93.80362701416016
81|857|166.74575805664062
81|936|32.5908088684082
81|948|27.948686599731445
81|981|52.9620361328125
81|1040|47.57316970825195
81|1043|30.14547348022461
81|1050|32.67438507080078
81|1065|37.38383865356445
81|1074|27.46445083618164
81|1113|44.460941314697266
81|1138|33.47947692871094
81|1153|32.35886001586914
81|1184|80.72441101074219
81|1225|80.75003814697266
81|1276|28.46286392211914
82|16|30.768924713134766
82|116|31.522022247314453
82|183|34.31816101074219
82|196|64.52249908447266
82|240|97.81346893310547
82|256|32.73829650878906
82|268|44.29035186767578
82|302|28.161819458007812
82|307|48.65167999267578
82|315|29.138065338134766
82|344|50.3266716003418
82|368|49.199832916259766
82|418|36.4852294921875
82|505|33.22975158691406
82|518|29.434335708618164
82|566|92.94978332519531
82|603|99.15937805175781
82|606|146.56898498535156
82|616|102.7909164428711
82|619|132.18833923339844
82|649|35.365394592285156
82|653|92.60232543945312
82|655|103.04120635986328
82|714|29.189727783203125
82|719|38.40178680419922
82|813|96.77283477783203
82|820|34.524513244628906
82|825|32.78807830810547
82|856|159.62734985351562
82|861|28.18195343017578
82|873|30.484405517578125
82|892|73.61314392089844
82|907|33.29540252685547
82|913|42.01999282836914
82|949|35.77935791015625
82|983|120.54595947265625
82|995|31.047449111938477
82|1014|40.36050796508789
82|1018|48.91767883300781
82|1025|110.65083312988281
82|1049|27.93457794189453
82|1053|33.23208999633789
82|1058|26.811622619628906
82|1073|32.924957275390625
82|1100|33.14445877075195
82|1110|50.92552947998047
82|1140|28.698307037353516
82|1154|32.01152038574219
82|1171|29.532939910888672
82|1215|36.30875778198242
82|1217|35.878746032714844
82|1219|47.37767791748047
83|333|42.4904670715332
83|561|56.8468132019043
83|585|84.61672973632812
83|610|171.82608032226562
83|615|91.55227661132812
83|618|89.52497863769531
83|710|129.60458374023438
83|798|204.86801147460938
83|807|85.83609771728516
83|810|121.75225067138672
83|815|118.65547180175781
83|822|44.321266174316406
83|1111|47.33790588378906
83|1174|51.6544303894043
83|1214|30.23908805847168
84|353|51.881927490234375
84|370|28.664562225341797
84|373|27.516082763671875
84|562|55.177974700927734
84|586|114.48709869384766
84|599|29.550643920898438
84|621|59.66096878051758
84|847|82.15001678466797
84|985|39.55097961425781
84|1018|31.901836395263672
84|1138|27.894094467163086
85|233|58.12744903564453
85|620|47.90064239501953
85|636|30.41481590270996
85|816|97.73880767822266
85|984|35.00807189941406
85|1174|55.21839904785156
85|1186|51.3178825378418
86|1175|64.40680694580078
87|680|28.542255401611328
87|810|51.49010467529297
87|847|99.84272766113281
87|892|58.57535171508789
88|334|41.35624694824219
88|621|58.53614044189453
88|954|32.9428825378418
88|1176|53.9738883972168
88|1195|27.517362594604492
89|637|102.57173156738281
89|941|62.82701110839844
89|985|36.14921188354492
90|216|66.56851196289062
90|255|74.86018371582031
90|592|40.425235748291016
90|638|88.10289001464844
90|680|35.27507781982422
90|893|35.43379592895508
90|942|94.4193344116211
90|1016|51.6094856262207
90|1194|37.380760192871094
91|316|52.780914306640625
91|334|32.35651779174805
91|450|31.362760543823242
91|534|86.95738220214844
91|555|74.28411865234375
91|616|28.944719314575195
91|624|64.50099182128906
91|817|122.22826385498047
91|835|105.67366790771484
91|923|29.999330520629883
91|981|42.65502166748047
91|1015|56.78907012939453
91|1035|37.91738510131836
91|1165|27.648788452148438
91|1168|31.266359329223633
91|1187|43.930782318115234
91|1200|31.984113693237305
91|1216|53.960269927978516
91|1230|33.97502899169922
92|253|88.89374542236328
92|390|30.378427505493164
92|394|33.07730484008789
92|444|28.622098922729492
92|453|37.70093536376953
92|455|39.46415710449219
92|474|26.988252639770508
92|479|28.031408309936523
92|522|60.596866607666016
92|528|34.30109786987305
92|541|105.77342987060547
92|557|43.061500549316406
92|566|27.454910278320312
92|575|27.4504451751709
92|586|27.172170639038086
92|668|38.83669662475586
92|682|31.111818313598633
92|688|39.46986770629883
92|729|27.38322639465332
92|736|28.440265655517578
92|780|40.25439453125
92|786|42.58079528808594
92|823|42.616031646728516
92|842|186.45175170898438
92|855|34.734764099121094
92|860|36.609458923339844
92|870|41.9244270324707
92|874|35.565773010253906
92|882|72.11117553710938
92|891|29.674007415771484
92|894|35.76329803466797
92|918|35.09592056274414
92|929|43.396270751953125
92|932|33.49833679199219
92|944|84.92354583740234
92|951|60.48831558227539
92|963|31.698373794555664
92|970|38.50019454956055
92|974|57.02203369140625
92|980|54.969547271728516
92|988|69.37451171875
92|996|35.86054229736328
92|1012|66.7093276977539
92|1014|51.35690689086914
92|1018|57.46663284301758
92|1024|79.85176086425781
92|1028|55.07493591308594
92|1034|38.3821907043457
92|1044|50.22882843017578
92|1069|72.63182067871094
92|1076|40.38041687011719
92|1082|27.683237075805664
92|1087|46.31490707397461
92|1093|43.89693832397461
92|1096|43.79950714111328
92|1107|28.315414428710938
92|1118|41.46846389770508
92|1121|38.368690490722656
92|1125|49.36878204345703
92|1131|71.40663146972656
92|1137|55.953548431396484
92|1143|53.36581802368164
92|1148|38.88930130004883
92|1152|31.45340919494629
92|1170|49.571510314941406
92|1176|54.14124298095703
92|1183|31.23941993713379
92|1186|35.89311981201172
92|1189|60.9549446105957
92|1196|30.190706253051758
92|1213|39.95146179199219
92|1219|35.14632797241211
92|1225|45.02291488647461
92|1237|41.6641731262207
92|1239|40.74079895019531
92|1243|65.71760559082031
92|1271|50.15162658691406
92|1275|42.967899322509766
92|1284|72.82160186767578
92|1289|45.29315948486328
93|395|46.08881378173828
93|439|54.11943817138672
93|448|77.58670043945312
93|547|55.96232986450195
93|641|97.12686920166016
93|681|43.43369674682617
93|846|51.97206497192383
93|937|95.74803924560547
93|945|65.1923828125
93|947|78.36492156982422
93|986|35.09558868408203
93|1106|29.023921966552734
94|354|30.596921920776367
94|440|51.343284606933594
94|680|39.97930908203125
94|845|50.97064208984375
94|893|33.71868133544922
94|941|30.725690841674805
94|946|93.67803955078125
94|955|33.64158248901367
94|1187|39.3572883605957
94|1194|51.216514587402344
94|1212|39.33175277709961
95|553|62.71709442138672
96|520|36.50050354003906
96|980|28.79258918762207
97|860|33.2381706237793
97|952|30.185638427734375
97|1194|42.72426223754883
98|873|27.6304988861084
98|955|36.618263244628906
98|980|43.130306243896484
99|390|30.854747772216797
99|396|27.68475341796875
99|440|43.816349029541016
99|688|30.657691955566406
99|1193|38.88023376464844
100|515|108.48123168945312
100|903|27.347755432128906
100|1180|34.86589431762695
100|1187|27.783714294433594
101|441|36.47708511352539
101|520|75.32616424560547
101|893|37.486122131347656
101|993|72.81476593017578
101|1194|33.08503341674805
102|440|28.014755249023438
102|466|36.71461868286133
102|471|38.9959831237793
102|768|27.225278854370117
102|772|36.52879333496094
102|899|68.3392105102539
102|981|60.615020751953125
102|1070|35.05275344848633
102|1180|42.29475784301758
102|1205|30.615768432617188
102|1212|27.698997497558594
103|356|84.12519073486328
103|397|48.935546875
103|404|90.85443115234375
103|417|117.95710754394531
103|447|26.934513092041016
103|470|50.24225997924805
103|503|31.2619686126709
103|548|30.332616806030273
103|553|34.40998840332031
103|599|29.91837501525879
103|604|31.180131912231445
103|661|30.095016479492188
103|666|44.16546630859375
103|679|47.5407600402832
103|691|59.71141052246094
103|698|44.55366134643555
103|704|92.46857452392578
103|748|27.818571090698242
103|760|29.698862075805664
103|799|29.02477264404297
103|806|48.398345947265625
103|812|154.969482421875
103|848|29.13671112060547
103|856|118.16930389404297
103|867|63.28853988647461
103|904|156.4495086669922
103|950|52.468902587890625
103|956|74.28266906738281
103|969|46.28056335449219
103|1000|56.1319465637207
103|1007|40.14965057373047
103|1012|35.475379943847656
103|1049|28.62152862548828
103|1057|66.18568420410156
103|1062|54.66460418701172
103|1064|42.15703201293945
103|1071|41.20885467529297
103|1099|41.877403259277344
103|1106|38.29481506347656
103|1109|40.20085906982422
103|1112|39.775814056396484
103|1149|47.15928268432617
103|1162|61.13866424560547
103|1193|36.11880111694336
103|1200|36.432918548583984
103|1207|45.77702713012695
103|1250|54.65138244628906
103|1258|28.284225463867188
103|1266|26.7791805267334
104|303|35.76947784423828
104|398|52.72697830200195
104|418|120.88385009765625
104|469|44.73612976074219
104|480|28.593847274780273
104|517|113.12637329101562
104|519|89.6769790649414
104|635|31.977014541625977
104|667|44.08584976196289
104|687|234.9563751220703
104|692|82.20946502685547
104|699|46.82708740234375
104|811|131.01763916015625
104|816|29.090744018554688
104|868|82.3701171875
104|873|39.1204833984375
104|901|109.0575942993164
104|957|63.207706451416016
104|982|46.183380126953125
104|986|35.464351654052734
104|1005|43.59621810913086
104|1011|32.0875129699707
104|1065|38.36412048339844
104|1108|33.89606857299805
104|1111|31.929553985595703
104|1165|62.00294876098633
104|1187|35.93665313720703
105|441|45.150150299072266
105|468|28.66505241394043
105|855|48.03191375732422
105|981|78.85204315185547
105|992|32.78333282470703
105|1180|40.5123405456543
106|304|30.58025360107422
106|420|35.057373046875
106|442|45.301361083984375
106|593|69.5734634399414
106|1162|28.38351058959961
106|1181|51.941162109375
107|560|41.24387741088867
107|980|42.191646575927734
107|982|77.47577667236328
108|305|32.81374740600586
108|392|28.52393341064453
108|679|66.13834381103516
108|721|40.44893264770508
108|846|78.23912811279297
108|947|34.47481918334961
108|954|34.51231002807617
108|984|32.786251068115234
108|1180|82.92522430419922
108|1183|104.48214721679688
108|1218|124.18363189697266
109|420|36.7271614074707
109|425|35.45089340209961
109|461|33.789215087890625
109|468|27.58636474609375
109|480|35.273685455322266
109|490|32.16397476196289
109|531|33.15299606323242
109|539|42.47152328491211
109|556|37.842613220214844
109|573|29.962661743164062
109|599|27.21662712097168
109|618|36.552730560302734
109|623|30.955209732055664
109|629|46.253055572509766
109|634|54.3541374206543
109|645|50.84052658081055
109|667|45.516902923583984
109|673|43.38645553588867
109|692|48.50170135498047
109|695|46.759151458740234
109|711|51.0367546081543
109|717|33.17927169799805
109|724|39.426429748535156
109|734|38.98518753051758
109|742|88.22785186767578
109|755|37.782718658447266
109|761|41.07204055786133
109|767|59.6266975402832
109|770|51.59806823730469
109|774|66.02691650390625
109|781|33.56602096557617
109|786|50.235591888427734
109|790|48.19013977050781
109|792|51.874629974365234
109|800|44.4857063293457
109|805|53.81377029418945
109|818|42.781951904296875
109|823|35.78303527832031
109|837|65.5325927734375
109|843|108.90386962890625
109|848|44.987552642822266
109|856|62.222896575927734
109|860|57.10091781616211
109|863|38.011775970458984
109|868|55.65133285522461
109|879|42.40019226074219
109|888|48.70273971557617
109|892|60.924171447753906
109|898|54.603694915771484
109|906|63.56291580200195
109|911|90.08928680419922
109|918|126.4630355834961
109|928|79.2413101196289
109|936|64.18560791015625
109|941|60.9581298828125
109|946|62.595767974853516
109|949|77.9146499633789
109|961|69.53689575195312
109|964|65.05231475830078
109|968|77.42988586425781
109|974|89.28362274169922
109|979|85.80852508544922
109|981|81.72837829589844
109|987|115.45897674560547
109|994|92.01363372802734
109|1001|63.337825775146484
109|1005|73.86402893066406
109|1012|110.81671142578125
109|1018|151.13182067871094
109|1024|96.27571868896484
109|1030|95.27854919433594
109|1036|84.0346450805664
109|1040|32.213958740234375
109|1043|83.63927459716797
109|1049|81.41487121582031
109|1055|61.764686584472656
109|1061|69.81008911132812
109|1066|47.4246711730957
109|1069|70.01500701904297
109|1071|59.44795227050781
109|1074|101.97399139404297
109|1080|133.81268310546875
109|1088|53.96314239501953
109|1093|93.1754379272461
109|1100|73.85765075683594
109|1106|63.99708557128906
109|1112|57.25022506713867
109|1119|59.399497985839844
109|1125|102.30703735351562
109|1128|81.41019439697266
109|1131|52.30941390991211
109|1134|52.7302131652832
109|1138|109.94269561767578
109|1143|126.09175872802734
109|1149|77.25152587890625
109|1156|65.48482513427734
109|1160|56.56330108642578
109|1163|100.61495971679688
109|1169|97.94914245605469
109|1176|90.62781524658203
109|1182|102.93448638916016
109|1187|104.98867797851562
109|1193|90.88871002197266
109|1199|73.1440658569336
109|1202|59.66419982910156
109|1206|86.171630859375
109|1209|71.47522735595703
109|1213|56.34908676147461
109|1219|158.19996643066406
109|1224|99.6211929321289
109|1231|122.48545837402344
109|1238|55.442623138427734
109|1244|91.18992614746094
109|1250|68.49850463867188
109|1252|53.317169189453125
109|1256|71.46052551269531
109|1263|69.90775299072266
109|1269|93.22801208496094
109|1275|56.56611633300781
109|1281|79.07115173339844
109|1288|69.28936767578125
110|241|45.32634735107422
110|421|47.30565643310547
110|485|31.397891998291016
110|586|30.96504020690918
110|642|43.899314880371094
110|728|34.25971984863281
110|749|30.954402923583984
110|780|38.25316619873047
110|810|38.01860427856445
110|830|42.0702018737793
110|844|102.26883697509766
110|849|38.9422721862793
110|874|54.885169982910156
110|923|41.892356872558594
110|933|41.34407424926758
110|937|50.36634826660156
110|942|52.67127227783203
110|957|93.48298645019531
110|980|75.72837829589844
110|982|95.23675537109375
110|998|45.86044692993164
110|1067|54.59648132324219
110|1075|98.10167694091797
110|1113|61.841243743896484
110|1129|57.26367950439453
110|1216|41.369842529296875
110|1237|55.99323272705078
110|1243|64.78727722167969
111|392|32.13867950439453
111|561|29.02199935913086
111|1126|35.59970474243164
112|860|26.936670303344727
112|1017|56.69552993774414
112|1217|50.828006744384766
113|393|39.68733215332031
113|635|32.95537567138672
113|721|43.20376205444336
113|1180|44.16214370727539
113|1218|46.55118179321289
114|678|30.194412231445312
114|980|54.118896484375
114|1017|47.858272552490234
114|1179|44.903465270996094
116|393|41.7138671875
116|679|57.82948684692383
116|721|51.208072662353516
116|1016|67.09235382080078
117|391|31.243988037109375
117|635|40.71379470825195
117|954|64.04097747802734
117|980|63.1914176940918
117|1217|90.51875305175781
118|393|36.981754302978516
118|979|62.81503677368164
120|391|60.652130126953125
120|679|40.58466720581055
120|720|51.785980224609375
120|1012|46.208797454833984
121|394|57.70216751098633
121|717|189.80262756347656
121|729|35.00389099121094
121|942|116.98204803466797
121|980|80.05308532714844
121|1180|67.3607177734375
121|1199|31.902481079101562
121|1215|158.04827880859375
122|542|43.834449768066406
122|605|40.7837028503418
122|654|40.309837341308594
122|855|75.22412872314453
122|943|147.13125610351562
122|957|32.281795501708984
122|1014|195.58941650390625
122|1019|27.416854858398438
122|1202|26.908647537231445
122|1214|165.4031524658203
122|1227|27.844263076782227
122|1291|28.997222900390625
123|602|53.117759704589844
123|607|51.656761169433594
123|617|80.6488265991211
123|652|28.209640502929688
123|655|52.76203155517578
123|658|32.22329330444336
123|719|225.0299072265625
123|763|39.53789138793945
123|813|146.40374755859375
123|826|29.687313079833984
123|856|71.87200927734375
123|900|31.813209533691406
123|937|35.01986312866211
123|955|76.38832092285156
123|965|29.23310661315918
123|999|27.600505828857422
123|1013|211.5034637451172
123|1051|28.136337280273438
123|1057|31.789737701416016
123|1062|30.647058486938477
123|1155|45.19804000854492
123|1162|27.754587173461914
123|1213|184.111328125
123|1264|46.8914680480957
124|391|35.31690216064453
124|657|47.74962615966797
124|811|144.98922729492188
124|824|27.59086799621582
126|946|72.5274658203125
126|980|42.539451599121094
126|1180|65.48847961425781
127|955|33.830177307128906
128|392|29.30903434753418
128|635|26.72117042541504
130|440|42.16168975830078
130|980|30.81405258178711
130|1181|52.6299934387207
133|392|29.039392471313477
133|441|39.7719841003418
133|954|42.661258697509766
134|979|42.437191009521484
134|1181|31.51880645751953
135|516|27.111289978027344
135|624|32.79393005371094
135|956|39.08049011230469
136|441|40.5636100769043
136|623|30.325653076171875
136|821|44.50732421875
137|518|36.46204376220703
137|704|28.700441360473633
137|786|31.855684280395508
137|820|53.239341735839844
137|1085|27.434246063232422
137|1134|28.858905792236328
137|1170|52.75471115112305
137|1173|51.08892059326172
137|1181|80.42221069335938
137|1235|29.35493278503418
137|1286|37.532142639160156
137|1289|31.246334075927734
138|517|45.47577667236328
138|622|44.558162689208984
138|667|33.98251724243164
138|687|37.494102478027344
138|767|27.504087448120117
138|789|33.41431427001953
138|795|27.606658935546875
138|819|63.94435119628906
138|868|47.05168914794922
138|875|32.21669006347656
138|881|35.68528747558594
138|887|38.784297943115234
138|893|54.11189651489258
138|968|47.47649383544922
138|974|45.009857177734375
138|983|58.03452682495117
138|985|54.243812561035156
138|993|63.86643600463867
138|996|45.4824333190918
138|1068|52.66389465332031
138|1072|35.696441650390625
138|1077|41.39907455444336
138|1080|37.917728424072266
138|1089|34.94865798950195
138|1093|59.707820892333984
138|1096|64.30231475830078
138|1172|65.00367736816406
138|1175|28.234413146972656
138|1187|69.72785186767578
138|1196|50.091922760009766
138|1269|45.30891036987305
138|1271|42.717838287353516
138|1281|46.49985885620117
138|1291|49.00971984863281
139|391|29.30357551574707
140|442|55.986732482910156
140|519|35.49742889404297
140|639|26.806236267089844
142|956|40.6732292175293
145|1034|37.96693420410156
146|836|28.69385528564453
146|920|30.582242965698242
146|925|27.595325469970703
146|932|27.66399383544922
146|938|33.566890716552734
146|954|36.208290100097656
146|957|46.16727066040039
146|1127|38.41773986816406
146|1139|26.980424880981445
146|1146|32.68031692504883
146|1233|35.167030334472656
146|1246|33.220489501953125
147|422|27.32538414001465
151|556|42.6950798034668
152|1215|29.231721878051758
153|1214|31.724613189697266
154|556|29.9608154296875
154|634|35.96977615356445
155|955|28.89798927307129
155|1177|29.18634033203125
162|1142|27.21941375732422
162|1233|31.83309555053711
163|603|79.76458740234375
163|653|33.85892105102539
163|813|48.0735969543457
163|854|33.479549407958984
163|938|31.551788330078125
163|967|32.06923294067383
163|998|28.52800178527832
163|1012|29.627986907958984
163|1023|42.06630325317383
163|1030|33.91823959350586
163|1048|32.35353469848633
163|1057|29.865007400512695
163|1092|46.085758209228516
163|1098|29.947856903076172
163|1105|62.354209899902344
163|1118|38.835079193115234
163|1123|35.18021011352539
163|1130|54.143226623535156
163|1155|32.63042449951172
163|1167|43.51325607299805
163|1172|34.30025100708008
163|1175|47.70587158203125
163|1180|34.422183990478516
163|1183|33.67333221435547
163|1205|46.52928161621094
163|1217|36.02486801147461
163|1224|40.1985969543457
163|1228|30.102344512939453
163|1235|29.08789825439453
163|1243|45.298851013183594
163|1260|33.081180572509766
163|1267|28.445894241333008
163|1287|37.147647857666016
164|503|27.62847328186035
164|619|34.35771179199219
164|636|26.956573486328125
164|647|34.79465103149414
164|716|28.700353622436523
164|729|27.66029167175293
164|736|34.80006790161133
164|748|32.25264358520508
164|785|38.02358627319336
164|798|28.913530349731445
164|809|43.28487777709961
164|816|38.403621673583984
164|824|31.521133422851562
164|830|33.00051498413086
164|841|41.74720001220703
164|848|43.04895782470703
164|852|28.438194274902344
164|873|31.355436325073242
164|877|28.07211685180664
164|885|28.664016723632812
164|892|43.312992095947266
164|899|37.982913970947266
164|943|37.56923294067383
164|949|45.19805908203125
164|955|38.376708984375
164|961|38.40971374511719
164|977|38.873573303222656
164|1005|63.628231048583984
164|1010|34.39055633544922
164|1015|30.04139518737793
164|1019|44.73689651489258
164|1024|43.3835563659668
164|1027|31.68659019470215
164|1029|33.1025276184082
164|1033|26.733739852905273
164|1036|50.36664962768555
164|1043|56.151817321777344
164|1050|36.18503189086914
164|1056|31.52133560180664
164|1061|49.1892204284668
164|1068|29.040544509887695
164|1070|29.090641021728516
164|1074|40.49602127075195
164|1080|56.82902526855469
164|1086|36.783267974853516
164|1090|38.46177673339844
164|1099|33.780845642089844
164|1112|33.69352340698242
164|1127|30.678531646728516
164|1131|54.02153778076172
164|1137|42.46139144897461
164|1144|41.82460021972656
164|1149|54.353675842285156
164|1156|32.05257034301758
164|1162|47.74726486206055
164|1166|46.39853286743164
164|1169|37.99393844604492
164|1174|54.40078353881836
164|1177|33.72219467163086
164|1182|40.823116302490234
164|1191|39.85209655761719
164|1193|41.00279998779297
164|1216|44.192142486572266
164|1231|40.03818130493164
164|1238|56.51577377319336
164|1250|46.14347457885742
164|1256|40.925994873046875
164|1262|54.03511047363281
164|1268|28.325729370117188
164|1274|51.36865997314453
164|1280|41.874141693115234
165|808|41.36314010620117
165|923|46.674808502197266
165|980|29.307830810546875
165|992|29.144189834594727
165|1020|33.807273864746094
165|1078|32.98619079589844
165|1117|41.014129638671875
165|1142|29.728626251220703
165|1210|30.1931209564209
165|1215|36.038352966308594
165|1255|31.54558563232422
166|1186|29.062044143676758
169|1174|31.04106903076172
173|704|27.337234497070312
182|638|44.811851501464844
182|817|38.72251510620117
182|939|27.870363235473633
183|818|45.887447357177734
183|836|32.5869255065918
183|938|31.881732940673828
183|1046|28.263286590576172
183|1241|29.209247589111328
183|1244|30.03361701965332
184|819|40.43677520751953
184|943|35.208194732666016
184|1040|28.580081939697266
184|1043|34.29965591430664
184|1182|27.478166580200195
184|1240|28.350406646728516
191|1183|29.93600845336914
200|604|26.744604110717773
202|713|35.39544677734375
203|605|95.08474731445312
204|606|102.63577270507812
204|616|36.19232940673828
204|654|60.73494338989258
205|619|101.95661926269531
205|655|71.05331420898438
205|810|48.62400436401367
205|813|77.35922241210938
206|607|130.6088409423828
206|656|65.78545379638672
206|809|47.15956115722656
206|812|87.3736572265625
206|815|34.70615768432617
206|1256|30.72673988342285
206|1262|28.749727249145508
207|657|60.26600646972656
207|798|26.78501319885254
209|711|52.213680267333984
218|637|37.116859436035156
219|660|27.38336944580078
219|1043|36.144447326660156
219|1119|28.57120704650879
219|1130|40.81881332397461
219|1144|39.11672592163086
219|1175|31.259401321411133
219|1219|27.091156005859375
219|1238|32.318965911865234
219|1243|27.64392852783203
219|1246|37.69882583618164
220|636|44.972564697265625
220|1180|34.133445739746094
221|637|44.54408645629883
223|637|46.25872802734375
227|1180|30.582576751708984
229|637|29.783123016357422
230|641|45.78544616699219
233|1180|30.44852638244629
235|641|48.38581085205078
241|716|67.90802001953125
243|616|57.90397262573242
243|687|35.90458297729492
243|717|85.59097290039062
244|718|64.10089111328125
245|812|34.26698303222656
246|635|27.711442947387695
246|813|36.02995300292969
247|609|38.19575119018555
247|810|52.900909423828125
248|610|42.22526168823242
248|811|56.891151428222656
250|799|35.95615768432617
253|636|29.880605697631836
256|660|29.08832359313965
257|635|34.88394546508789
261|635|26.7313289642334
274|905|38.69631576538086
275|1262|29.563661575317383
276|1014|37.580596923828125
276|1214|31.217187881469727
285|720|32.03193664550781
326|842|27.581453323364258
330|1091|27.19053840637207
360|857|34.270023345947266
366|844|50.2757568359375
369|856|45.086734771728516
408|805|47.170188903808594
409|804|34.633872985839844
416|598|29.643396377563477
441|716|36.25990676879883
452|719|33.66396713256836
453|618|48.35566329956055
456|599|34.793609619140625
457|598|30.95694923400879
488|805|43.24095153808594
490|606|27.690532684326172
503|844|30.69983673095703
567|604|39.348026275634766