The Real Slim Shady
Eminem

Rap
the_real_slim_shady
2049x1292
2813

3|2|19.003738403320312
3|101|20.302953720092773
3|125|23.93955421447754
3|249|38.48200988769531
3|570|26.1815242767334
3|589|22.990488052368164
3|743|20.139358520507812
3|1207|20.513219833374023
3|1238|23.37472152709961
4|51|36.05232620239258
4|76|34.80118179321289
4|119|19.755268096923828
4|150|32.20637512207031
4|224|22.112438201904297
4|317|33.679683685302734
4|323|19.800148010253906
4|348|26.67980194091797
4|441|20.889184951782227
4|447|23.1826229095459
4|719|19.36557960510254
4|793|28.990726470947266
4|892|22.23827362060547
4|1263|20.82069969177246
4|1288|22.80223846435547
5|75|30.474729537963867
5|149|22.160579681396484
5|299|28.05609130859375
5|694|22.869918823242188
5|1164|21.747173309326172
6|8|31.22561264038086
6|50|36.75434875488281
6|106|36.73495864868164
6|124|36.708736419677734
6|174|57.93863296508789
6|204|41.17231750488281
6|301|45.458492279052734
6|304|39.59883117675781
6|316|30.68954849243164
6|401|38.233802795410156
6|463|30.591960906982422
6|499|32.135623931884766
6|502|32.84674072265625
6|514|32.20048904418945
6|597|37.054473876953125
6|600|27.926681518554688
6|693|24.52945899963379
6|696|41.14889907836914
6|699|30.722604751586914
6|707|41.41550827026367
6|720|28.10344886779785
6|894|38.853790283203125
6|995|27.8055419921875
6|1091|43.71462631225586
6|1093|30.304061889648438
6|1095|30.97409439086914
6|1189|20.945484161376953
6|1206|25.18048667907715
6|1289|49.96125793457031
7|15|64.09037017822266
7|23|45.726558685302734
7|70|78.0594253540039
7|79|47.92908477783203
7|114|58.86450958251953
7|117|65.42330932617188
7|123|50.857425689697266
7|153|53.15157699584961
7|169|45.293663024902344
7|172|43.496341705322266
7|178|35.9717903137207
7|194|76.13348388671875
7|213|65.27201843261719
7|216|50.376220703125
7|221|37.38669967651367
7|253|60.70781707763672
7|268|71.80254364013672
7|278|34.17399215698242
7|312|49.03529739379883
7|314|48.85488510131836
7|351|70.69207763671875
7|367|51.81842803955078
7|370|43.17487716674805
7|377|28.70762825012207
7|414|47.00725173950195
7|419|49.582916259765625
7|423|53.70438003540039
7|442|53.688777923583984
7|451|30.126758575439453
7|466|55.5366325378418
7|503|31.763940811157227
7|508|28.82720375061035
7|518|47.108985900878906
7|550|33.3527717590332
7|565|56.9868278503418
7|572|64.19019317626953
7|609|45.05854034423828
7|617|19.772357940673828
7|664|60.00984191894531
7|708|39.74222183227539
7|747|41.66215515136719
7|763|55.595970153808594
7|769|89.60076904296875
7|794|69.7580795288086
7|807|46.0357780456543
7|861|39.683815002441406
7|868|82.26205444335938
7|905|39.841007232666016
7|945|27.543170928955078
7|960|37.85544204711914
7|1005|39.74771499633789
7|1060|46.43098068237305
7|1103|28.056236267089844
7|1106|36.493370056152344
7|1111|44.538177490234375
7|1159|26.51674461364746
7|1161|23.858356475830078
7|1163|38.35063171386719
7|1166|41.03607940673828
7|1202|32.474918365478516
7|1205|31.608076095581055
7|1210|46.13774871826172
7|1258|41.27698516845703
7|1265|41.13911437988281
8|27|126.92988586425781
8|30|64.84302520751953
8|46|79.35546875
8|145|103.13346099853516
8|227|77.03388214111328
8|243|102.76290893554688
8|326|72.25007629394531
8|342|96.6302261352539
8|349|109.1503677368164
8|395|45.5942497253418
8|425|60.861663818359375
8|443|72.91773223876953
8|462|23.75645637512207
8|497|100.73490142822266
8|540|77.19739532470703
8|639|80.37957763671875
8|722|61.242740631103516
8|738|72.0845947265625
8|791|37.586021423339844
8|822|39.78742980957031
8|837|68.62763977050781
8|936|48.082130432128906
8|939|43.84038162231445
8|1010|94.67941284179688
8|1019|40.147701263427734
8|1035|48.29866409301758
8|1066|86.78374481201172
8|1084|76.33676147460938
8|1118|34.24688720703125
8|1134|45.13230895996094
8|1217|40.06525421142578
8|1232|50.25135040283203
8|1239|90.89280700683594
8|1282|75.48117065429688
9|95|184.88145446777344
9|126|174.36146545410156
9|175|163.3262481689453
9|292|180.8550567626953
9|490|149.7675018310547
9|521|166.5010986328125
9|591|72.59498596191406
9|620|137.7832794189453
9|690|56.36459732055664
9|787|157.84596252441406
9|886|155.6101837158203
9|917|135.90945434570312
9|987|59.022525787353516
9|1086|63.06028366088867
9|1185|49.910037994384766
9|1214|124.61200714111328
9|1284|49.365257263183594
10|2|177.1674346923828
10|20|171.49520874023438
10|26|151.6198272705078
10|51|154.35574340820312
10|76|212.74610900878906
10|94|188.4784698486328
10|100|203.92198181152344
10|119|203.64183044433594
10|125|187.20553588867188
10|150|209.89898681640625
10|193|176.30267333984375
10|199|179.71543884277344
10|218|155.96766662597656
10|224|186.7408905029297
10|249|153.8407745361328
10|274|171.9900360107422
10|298|158.8873291015625
10|317|148.53262329101562
10|323|191.70565795898438
10|348|211.86033630371094
10|372|152.9833526611328
10|391|175.98660278320312
10|397|160.2959442138672
10|410|153.07440185546875
10|416|180.1107940673828
10|422|172.82208251953125
10|441|153.2440643310547
10|447|163.63861083984375
10|471|134.33282470703125
10|496|158.31689453125
10|515|135.05384826660156
10|546|158.25819396972656
10|570|159.2667236328125
10|589|138.60044860839844
10|595|155.5311737060547
10|614|133.34402465820312
10|645|148.3126983642578
10|669|146.74993896484375
10|688|164.00418090820312
10|694|138.90870666503906
10|713|151.1265106201172
10|719|161.1670684814453
10|743|148.52099609375
10|768|151.55807495117188
10|793|174.83377075195312
10|811|117.05534362792969
10|818|129.0264892578125
10|842|135.80104064941406
10|867|118.60710144042969
10|892|155.2363739013672
10|910|128.55471801757812
10|941|137.20330810546875
10|966|146.3445281982422
10|985|108.43919372558594
10|991|145.56565856933594
10|1009|115.54202270507812
10|1016|132.5232696533203
10|1040|140.93325805664062
10|1065|152.0250701904297
10|1090|115.92390441894531
10|1108|154.5359344482422
10|1114|131.25143432617188
10|1139|135.1903076171875
10|1164|145.21885681152344
10|1183|126.28866577148438
10|1195|141.07162475585938
10|1207|159.1326141357422
10|1213|123.14165496826172
10|1238|130.24424743652344
10|1263|149.46954345703125
10|1281|129.45407104492188
11|75|173.8285369873047
11|217|111.56837463378906
11|248|111.8308334350586
11|316|107.63157653808594
11|347|156.4642333984375
11|415|142.22274780273438
11|520|106.63414764404297
11|619|96.54179382324219
11|984|108.78461456298828
11|990|138.7079620361328
11|1083|112.60424041748047
11|1163|101.72428894042969
11|1194|118.91097259521484
11|1262|114.7228775024414
11|1287|151.85006713867188
12|3|118.03494262695312
12|25|104.7012939453125
12|102|94.81099700927734
12|104|98.3834228515625
12|202|100.82948303222656
12|220|23.87609100341797
12|223|102.4578628540039
12|251|23.029539108276367
12|300|100.09818267822266
12|319|19.287195205688477
12|400|86.19770812988281
12|462|25.931522369384766
12|499|85.70405578613281
12|517|22.83734130859375
12|597|78.99994659423828
12|694|118.09724426269531
12|696|112.14055633544922
12|796|85.54491424560547
12|894|73.77015686035156
12|993|72.7895278930664
12|1039|82.47335815429688
12|1070|20.48706817626953
12|1092|94.21907043457031
12|1189|59.424835205078125
12|1290|73.17581176757812
13|669|132.61390686035156
13|693|112.7274169921875
13|893|73.0273666381836
13|904|56.73671340942383
13|1102|76.06874084472656
13|1201|59.419986724853516
14|1|180.07208251953125
14|15|101.84541320800781
14|20|233.90821838378906
14|26|167.0576934814453
14|51|236.33709716796875
14|55|113.69446563720703
14|70|105.6047592163086
14|78|134.1030731201172
14|94|193.74192810058594
14|100|195.5953369140625
14|114|145.5018310546875
14|125|169.6555633544922
14|150|212.0237579345703
14|169|122.8252944946289
14|175|233.8455047607422
14|193|173.0420379638672
14|213|125.63775634765625
14|218|224.6314697265625
14|224|155.7876434326172
14|249|227.98973083496094
14|268|94.1341552734375
14|273|165.5091552734375
14|277|96.53839111328125
14|292|149.57545471191406
14|298|173.40692138671875
14|311|139.89434814453125
14|317|205.12557983398438
14|323|147.82009887695312
14|350|108.93193817138672
14|367|104.76947021484375
14|372|153.64210510253906
14|375|80.49402618408203
14|397|163.3616180419922
14|409|151.73634338378906
14|412|77.96217346191406
14|418|71.21847534179688
14|440|176.0168914794922
14|450|87.69488525390625
14|471|199.7397918701172
14|474|87.6783676147461
14|490|153.36587524414062
14|496|162.1959991455078
14|509|90.98591613769531
14|565|88.7342300415039
14|573|92.44361114501953
14|609|79.29169464111328
14|614|163.86016845703125
14|619|135.14239501953125
14|644|113.05764770507812
14|663|91.32952880859375
14|672|89.42967224121094
14|688|129.53761291503906
14|707|106.16064453125
14|719|135.01217651367188
14|743|159.8158416748047
14|762|74.30596160888672
14|770|69.21434783935547
14|786|97.50483703613281
14|806|94.12620544433594
14|817|130.1663360595703
14|842|166.494873046875
14|861|90.33042907714844
14|867|179.4309539794922
14|870|64.61479949951172
14|885|107.70915222167969
14|905|64.28035736083984
14|913|63.13938522338867
14|916|108.05836486816406
14|960|76.23078918457031
14|967|121.81534576416016
14|984|118.86919403076172
14|990|123.58454132080078
14|1004|82.06793212890625
14|1009|165.74392700195312
14|1015|109.4066390991211
14|1040|129.05665588378906
14|1059|89.05553436279297
14|1066|93.24761962890625
14|1083|118.99925994873047
14|1089|130.90977478027344
14|1103|85.96502685546875
14|1108|96.1049575805664
14|1111|51.72488784790039
14|1114|123.24497985839844
14|1139|163.5824432373047
14|1158|78.31744384765625
14|1164|161.46426391601562
14|1167|58.08366012573242
14|1182|120.36044311523438
14|1195|121.29312133789062
14|1202|64.9438247680664
14|1207|131.78359985351562
14|1213|118.65437316894531
14|1238|192.56321716308594
14|1257|66.93110656738281
14|1262|128.8768310546875
14|1266|61.351566314697266
14|1281|121.75089263916016
14|1287|116.34292602539062
15|2|167.84323120117188
15|119|170.99578857421875
15|199|167.13038635253906
15|225|162.53953552246094
15|351|108.6104736328125
15|391|138.48736572265625
15|422|188.71847534179688
15|441|186.4849090576172
15|447|174.26028442382812
15|466|113.45452117919922
15|515|171.05804443359375
15|521|142.3042755126953
15|546|124.90545654296875
15|589|147.7731475830078
15|595|132.3419189453125
15|620|151.52110290527344
15|648|70.42082214355469
15|694|123.27949523925781
15|713|141.7437744140625
15|718|134.0517120361328
15|768|114.45832061767578
15|793|132.90345764160156
15|812|124.83924865722656
15|818|137.2989959716797
15|892|123.62442016601562
15|917|120.19962310791016
15|941|117.10488891601562
15|966|128.53433227539062
15|985|115.82318878173828
15|1060|84.21302795410156
15|1065|115.14871978759766
15|1084|111.72870635986328
15|1090|115.3169174194336
16|28|129.86172485351562
16|46|153.87448120117188
16|127|115.04866790771484
16|144|123.154541015625
16|243|147.47959899902344
16|325|170.80604553222656
16|342|161.02818298339844
16|423|118.86442565917969
16|425|88.89124298095703
16|473|37.61995315551758
16|522|92.01917266845703
16|524|74.961669921875
16|540|108.25907897949219
16|623|92.50840759277344
16|639|130.18743896484375
16|721|84.4452896118164
16|738|117.03540802001953
16|819|101.62413024902344
16|837|78.35147857666016
16|918|94.55758666992188
16|936|77.61573028564453
16|1017|106.58525085449219
16|1035|77.57109832763672
16|1110|24.466358184814453
16|1116|85.02774810791016
16|1134|91.13827514648438
16|1215|88.22637939453125
16|1232|94.06212615966797
17|27|106.61543273925781
17|126|110.56945037841797
17|220|18.915388107299805
17|472|36.42947769165039
17|508|21.00247573852539
17|719|84.20841979980469
17|1016|86.1380386352539
17|1115|79.16291046142578
17|1193|27.129222869873047
17|1214|68.6368408203125
18|4|100.98197937011719
18|52|31.22213363647461
18|95|97.79882049560547
18|97|97.75934600830078
18|101|107.80569458007812
18|120|34.37544250488281
18|151|25.448102951049805
18|175|46.35089874267578
18|194|90.86572265625
18|202|89.20587921142578
18|219|25.03021812438965
18|273|27.5492000579834
18|294|110.07795715332031
18|300|99.40189361572266
18|392|93.14153289794922
18|398|84.9025650024414
18|491|105.0176773071289
18|497|68.64910125732422
18|499|67.81529235839844
18|571|23.13774871826172
18|590|113.28815460205078
18|598|64.7888412475586
18|670|29.09871482849121
18|690|58.52137756347656
18|697|70.70362091064453
18|744|23.686092376708984
18|769|27.25949478149414
18|788|82.69207763671875
18|794|98.05919647216797
18|843|19.49283218383789
18|888|79.7157974243164
18|893|53.68675231933594
18|911|25.383747100830078
18|985|78.12510681152344
18|992|72.81159210205078
18|1010|20.774559020996094
18|1041|22.210737228393555
18|1084|73.89525604248047
18|1091|68.38034057617188
18|1109|20.42093276977539
18|1140|19.065692901611328
18|1185|60.94125747680664
18|1189|62.058258056640625
18|1239|22.747509002685547
18|1283|91.46157836914062
18|1288|79.50202941894531
19|51|33.05722427368164
19|150|25.160490036010742
19|200|75.26081085205078
19|440|40.14725112915039
19|689|47.7302360534668
19|743|21.444427490234375
19|786|56.713775634765625
19|984|52.17283630371094
19|1009|20.660812377929688
19|1207|24.146421432495117
19|1238|35.25358200073242
20|100|68.82279205322266
20|249|38.47044372558594
20|317|32.42452621459961
20|373|80.5484390258789
20|410|93.53047943115234
20|422|34.17010498046875
20|446|44.470340728759766
20|609|60.543678283691406
20|619|36.06877136230469
20|644|39.506752014160156
20|670|80.21485900878906
20|688|35.386016845703125
20|707|68.62487030029297
20|769|61.31546401977539
20|792|43.927249908447266
20|842|32.27676773071289
20|870|44.25728225708008
20|905|53.806640625
20|916|34.17481994628906
20|966|77.15275573730469
20|1065|82.39122772216797
20|1089|42.78836441040039
20|1165|53.44290542602539
20|1194|34.21929168701172
20|1201|53.212371826171875
21|14|88.65216827392578
21|20|76.28028869628906
21|26|52.85466003417969
21|77|100.39903259277344
21|114|100.17933654785156
21|119|99.96541595458984
21|175|107.5978012084961
21|177|81.8469009399414
21|212|89.87818908691406
21|218|73.88050842285156
21|275|92.13922882080078
21|292|49.42700958251953
21|298|47.07155227661133
21|311|94.51431274414062
21|416|56.347206115722656
21|447|60.686038970947266
21|472|88.2039566040039
21|474|72.17533874511719
21|509|77.72447967529297
21|521|32.18779373168945
21|546|82.16043853759766
21|571|76.6485824584961
21|614|68.79170227050781
21|645|46.703369140625
21|713|74.462890625
21|718|31.833480834960938
21|770|55.84303665161133
21|806|72.2772216796875
21|812|65.99811553955078
21|843|42.253353118896484
21|867|58.24058532714844
21|891|31.19540023803711
21|941|61.98430633544922
21|968|51.87588119506836
21|1004|66.37804412841797
21|1040|67.38723754882812
21|1103|62.20651626586914
21|1182|36.202083587646484
21|1264|60.727569580078125
21|1281|39.441226959228516
22|21|71.8182373046875
22|54|92.2258529663086
22|70|110.0863037109375
22|94|46.42660140991211
22|125|49.348148345947266
22|152|95.31200408935547
22|169|88.46287536621094
22|193|47.60557556152344
22|220|69.25299072265625
22|251|75.2336654663086
22|268|106.74713897705078
22|319|69.75382995605469
22|348|106.84764099121094
22|367|95.45278930664062
22|397|48.419307708740234
22|418|58.783348083496094
22|449|62.53797912597656
22|466|90.24248504638672
22|490|31.98903465270996
22|496|53.858638763427734
22|515|74.53083038330078
22|565|81.54989624023438
22|615|58.05146408081055
22|646|60.43867492675781
22|664|75.4725341796875
22|687|33.525081634521484
22|694|36.49214172363281
22|745|74.24327087402344
22|763|61.599220275878906
22|813|61.18729019165039
22|817|40.78105163574219
22|844|52.14063262939453
22|861|62.952598571777344
22|911|69.45660400390625
22|960|61.86202621459961
22|984|39.505653381347656
22|1010|63.77147674560547
22|1015|41.23769760131836
22|1041|62.57787322998047
22|1060|59.75129318237305
22|1083|39.38372802734375
22|1109|79.33790588378906
22|1114|41.0003547668457
22|1139|76.26278686523438
22|1158|55.886375427246094
22|1194|33.30348587036133
22|1208|65.78302001953125
22|1213|38.456153869628906
22|1240|57.09376525878906
22|1257|53.38873291015625
23|100|60.19609832763672
23|323|64.46707916259766
23|347|75.21146392822266
23|489|27.670984268188477
23|595|40.601898193359375
23|668|36.26753234863281
23|693|40.92539596557617
23|711|33.05940628051758
23|717|27.499446868896484
23|743|51.292396545410156
23|866|31.747411727905273
23|940|23.12711524963379
23|990|31.311288833618164
23|1089|35.9876594543457
24|2|81.03719329833984
24|26|85.02444458007812
24|46|86.77970123291016
24|93|33.54767990112305
24|103|51.268497467041016
24|126|82.2253646850586
24|144|66.50670623779297
24|149|47.682586669921875
24|199|89.5931396484375
24|201|71.76315307617188
24|224|89.42335510253906
24|226|78.65505981445312
24|243|82.98600769042969
24|298|58.595027923583984
24|316|44.12599182128906
24|325|65.06449890136719
24|342|77.518798828125
24|397|48.143375396728516
24|399|31.653627395629883
24|423|60.25890350341797
24|441|56.181793212890625
24|470|38.18080139160156
24|496|63.87093734741211
24|498|62.598628997802734
24|523|50.52823257446289
24|540|73.12384796142578
24|596|54.9216423034668
24|620|57.508209228515625
24|622|51.412620544433594
24|639|57.19438552856445
24|696|34.62276840209961
24|720|68.31952667236328
24|730|20.048009872436523
24|738|64.12532043457031
24|819|46.93284606933594
24|837|52.058719635009766
24|893|48.27204895019531
24|918|41.0296745300293
24|936|52.94186782836914
24|993|32.60390853881836
24|1017|52.43254470825195
24|1035|54.06016159057617
24|1091|36.08864974975586
24|1107|39.00846862792969
24|1116|41.683433532714844
24|1133|48.05904769897461
24|1190|24.75577163696289
24|1215|48.38401412963867
24|1232|50.75400161743164
24|1287|49.474632263183594
25|29|73.8782958984375
25|125|80.2495346069336
25|273|39.30408477783203
25|372|39.68637466430664
25|384|21.35837173461914
25|390|33.84280776977539
25|396|41.7432746887207
25|409|41.756614685058594
25|440|63.90591812133789
25|458|18.94305419921875
25|521|48.778743743896484
25|656|19.219295501708984
25|719|69.94345092773438
25|792|48.38828659057617
25|885|44.54098892211914
25|892|50.890296936035156
25|917|43.208343505859375
25|1016|53.948570251464844
25|1083|42.2450065612793
25|1114|55.67840576171875
25|1163|36.1324348449707
25|1188|31.234167098999023
25|1214|52.0579719543457
26|19|48.760257720947266
26|118|46.80582809448242
26|217|54.09182357788086
26|291|63.45088195800781
26|371|35.14366149902344
26|421|51.16168975830078
26|471|57.29767990112305
26|520|51.108882904052734
26|545|40.89655303955078
26|588|64.61369323730469
26|595|44.21053695678711
26|718|65.04582977294922
26|767|39.37904739379883
26|817|50.26389694213867
26|842|35.27104568481445
26|891|48.564414978027344
26|916|48.15044021606445
26|965|33.81410217285156
26|984|54.78909683227539
26|1015|55.728763580322266
26|1039|36.04003143310547
26|1064|45.939334869384766
26|1107|39.48612594604492
26|1138|41.64765167236328
26|1194|40.13974380493164
26|1213|53.138545989990234
26|1237|30.28951644897461
27|1|59.836692810058594
27|14|71.70701599121094
27|20|55.97808837890625
27|26|49.16472625732422
27|50|58.09132385253906
27|75|67.84437561035156
27|100|59.880428314208984
27|119|49.44377899169922
27|149|55.59600830078125
27|174|84.43163299560547
27|193|61.45344543457031
27|199|53.94990158081055
27|212|63.854976654052734
27|224|50.66847229003906
27|248|60.99314880371094
27|273|53.026432037353516
27|277|33.50286102294922
27|292|82.10842895507812
27|298|51.22783660888672
27|311|52.118648529052734
27|316|50.83174514770508
27|323|52.19588851928711
27|347|67.49717712402344
27|372|56.89506912231445
27|397|51.37274169921875
27|409|44.4488639831543
27|415|58.93585968017578
27|446|53.06984329223633
27|474|34.79652786254883
27|490|58.243080139160156
27|496|47.201385498046875
27|514|56.75053787231445
27|570|63.48268127441406
27|589|81.45706939697266
27|613|52.33206558227539
27|619|37.688629150390625
27|644|52.76582717895508
27|669|52.89955520629883
27|671|43.49765396118164
27|688|77.43741607666016
27|694|45.47325134277344
27|707|45.0301628112793
27|712|42.41111373901367
27|743|46.6176643371582
27|768|59.69349670410156
27|786|61.448028564453125
27|806|50.185791015625
27|811|35.83453369140625
27|867|42.60602951049805
27|905|47.938045501708984
27|910|45.07316589355469
27|941|40.537994384765625
27|985|42.84464645385742
27|990|42.72525405883789
27|1005|26.80785369873047
27|1009|49.42125701904297
27|1040|37.72511672973633
27|1065|47.62712478637695
27|1089|38.88209915161133
27|1102|29.36884117126465
27|1108|49.25322723388672
27|1139|39.547000885009766
27|1182|71.30492401123047
27|1207|46.8425407409668
27|1262|39.16560745239258
27|1266|21.730998992919922
27|1287|42.603755950927734
28|27|29.67262840270996
28|77|58.66190719604492
28|94|49.02943801879883
28|113|27.197669982910156
28|126|39.111045837402344
28|225|36.10974884033203
28|249|47.417144775390625
28|274|67.33074951171875
28|293|60.436466217041016
28|324|39.119930267333984
28|373|60.10365295410156
28|393|23.311500549316406
28|398|34.715843200683594
28|410|38.10967254638672
28|423|34.33929443359375
28|441|39.272422790527344
28|448|27.34469223022461
28|491|53.2279052734375
28|508|62.6933479309082
28|515|41.881568908691406
28|522|20.394107818603516
28|596|21.665220260620117
28|607|26.72754669189453
28|670|53.33779525756836
28|711|27.7596435546875
28|730|24.157854080200195
28|769|55.90493392944336
28|887|41.77556228637695
28|893|21.915828704833984
28|904|42.08073043823242
28|915|25.22081756591797
28|942|35.28421401977539
28|1004|25.57000160217285
28|1016|34.72459030151367
28|1085|23.05231475830078
28|1088|24.12286376953125
28|1115|28.326236724853516
28|1140|30.052242279052734
28|1201|38.53032302856445
28|1214|22.537776947021484
28|1264|27.510499954223633
28|1282|37.01810836791992
28|1288|28.096210479736328
29|21|75.81851196289062
29|52|62.233089447021484
29|70|62.93073654174805
29|120|81.76133728027344
29|152|51.095977783203125
29|169|63.77670669555664
29|173|39.299320220947266
29|219|51.18869400024414
29|250|53.500221252441406
29|269|46.88531494140625
29|299|44.72439956665039
29|367|37.52537536621094
29|434|30.92703628540039
29|449|32.23869705200195
29|466|51.00682830810547
29|546|65.32577514648438
29|565|45.77549743652344
29|614|53.945343017578125
29|645|57.57560348510742
29|664|42.54109573364258
29|717|28.946378707885742
29|746|22.2718505859375
29|762|27.606487274169922
29|812|36.217811584472656
29|861|34.93665313720703
29|911|43.08209991455078
29|960|33.578651428222656
29|1010|52.17897415161133
29|1060|25.42778778076172
29|1109|37.79671096801758
29|1141|27.65479278564453
29|1151|28.06566047668457
29|1158|30.310882568359375
29|1209|32.455936431884766
29|1239|47.01783752441406
29|1257|33.08642578125
30|20|84.73199462890625
30|26|52.167537689208984
30|51|78.0108642578125
30|118|72.8830337524414
30|125|69.35074615478516
30|151|30.135677337646484
30|193|59.54848861694336
30|199|72.08148956298828
30|218|63.68674087524414
30|249|64.54452514648438
30|298|65.90773010253906
30|372|65.77074432373047
30|397|46.396484375
30|440|61.34712219238281
30|515|48.598609924316406
30|545|69.68201446533203
30|570|51.5491828918457
30|595|62.75554275512695
30|613|71.46796417236328
30|644|68.5391845703125
30|669|54.24739074707031
30|768|49.40360641479492
30|817|48.39080047607422
30|842|57.64483642578125
30|867|48.76394271850586
30|891|54.56581115722656
30|910|58.62681579589844
30|941|48.662113189697266
30|984|51.05195617675781
30|1009|56.08374786376953
30|1089|62.967288970947266
30|1108|56.26211166381836
30|1114|54.735172271728516
30|1238|50.95089340209961
31|3|36.155006408691406
31|19|68.69401550292969
31|50|83.46817016601562
31|75|67.3507080078125
31|94|58.74401092529297
31|100|73.10413360595703
31|124|69.84439849853516
31|149|59.973628997802734
31|174|77.75148010253906
31|192|60.15591049194336
31|201|23.853256225585938
31|217|69.11589813232422
31|223|68.97197723388672
31|248|77.35540008544922
31|273|67.20702362060547
31|291|57.43006896972656
31|297|52.080081939697266
31|316|81.77610778808594
31|322|76.3431167602539
31|347|73.61529541015625
31|390|66.68343353271484
31|409|61.962223052978516
31|415|73.73316192626953
31|421|58.0587043762207
31|446|60.9927864074707
31|471|57.816898345947266
31|514|58.17449188232422
31|520|60.32810592651367
31|588|56.50523376464844
31|594|60.9483642578125
31|619|72.40218353271484
31|687|62.89220428466797
31|693|60.366695404052734
31|712|53.3686637878418
31|718|55.373966217041016
31|743|48.02571105957031
31|767|48.420684814453125
31|786|59.27953338623047
31|795|23.402658462524414
31|811|48.198848724365234
31|866|52.8117561340332
31|885|53.1442985534668
31|940|45.1364860534668
31|990|42.5318603515625
31|1015|50.91166687011719
31|1040|52.207149505615234
31|1064|52.91838836669922
31|1083|58.87880325317383
31|1138|45.19329071044922
31|1163|55.26421356201172
31|1182|52.38498306274414
31|1194|54.53396224975586
31|1207|43.803340911865234
31|1213|50.356544494628906
31|1237|43.245548248291016
31|1262|53.092952728271484
31|1281|46.5197639465332
32|1|70.43425750732422
32|326|20.126907348632812
32|342|35.3927116394043
32|396|51.6390495300293
32|434|56.48204040527344
32|439|36.72952651977539
32|442|31.20330810546875
32|495|56.79856872558594
32|508|56.149654388427734
32|522|25.151151657104492
32|607|48.194664001464844
32|623|22.77080535888672
32|639|33.441986083984375
32|720|21.52153778076172
32|722|20.885297775268555
32|730|57.67207717895508
32|792|51.03488540649414
32|819|28.910961151123047
32|837|24.308696746826172
32|916|61.06633377075195
32|919|19.753314971923828
32|965|57.11223602294922
32|1008|41.222938537597656
32|1077|44.54144287109375
32|1133|25.722949981689453
32|1206|41.740421295166016
32|1214|30.846599578857422
32|1250|46.262367248535156
32|1287|53.35601043701172
33|26|50.36583709716797
33|28|42.45916748046875
33|45|44.128726959228516
33|145|30.817523956298828
33|243|21.22239112854004
33|325|21.311466217041016
33|489|64.4896469116211
33|520|53.669071197509766
33|523|25.37665557861328
33|540|25.04749298095703
33|718|45.449371337890625
33|721|22.09023666381836
33|817|54.45255661010742
33|820|26.798967361450195
33|885|42.447505950927734
33|1017|33.970741271972656
33|1035|24.181137084960938
33|1114|52.0695686340332
33|1215|30.12653923034668
34|15|19.240694046020508
34|78|20.346328735351562
34|113|20.667299270629883
34|199|45.87165832519531
34|312|21.237247467041016
34|372|52.6710090637207
34|409|45.76952362060547
34|421|52.09988784790039
34|427|22.647308349609375
34|440|53.15684127807617
34|669|39.250797271728516
34|706|93.87410736083984
34|743|39.488040924072266
34|768|37.866905212402344
34|842|35.8896369934082
34|984|56.39893341064453
34|1015|39.6170539855957
34|1163|41.1949577331543
34|1213|41.995826721191406
35|14|21.406789779663086
35|75|47.473899841308594
35|273|36.27676010131836
35|292|32.74628448486328
35|428|25.81361961364746
35|468|24.23710823059082
35|487|21.817569732666016
35|570|39.59518051147461
35|588|44.15283203125
35|786|44.642913818359375
35|903|70.54846954345703
36|70|20.977214813232422
36|268|19.39727210998535
36|293|33.561676025390625
36|366|21.945518493652344
36|384|119.3013916015625
36|434|125.46565246582031
36|448|26.806873321533203
36|458|106.5909652709961
36|471|30.502607345581055
36|478|19.10894012451172
36|483|116.0925521850586
36|508|111.81714630126953
36|528|25.193628311157227
36|533|106.267333984375
36|547|30.9774112701416
36|557|96.71541595458984
36|565|19.62068748474121
36|582|105.06755065917969
36|589|43.33102798461914
36|607|104.83726501464844
36|632|107.67991638183594
36|644|27.880504608154297
36|656|107.9308853149414
36|681|114.62146759033203
36|730|125.77969360351562
36|755|115.43250274658203
36|780|107.5157470703125
36|787|42.22863006591797
36|789|38.1129150390625
36|805|101.20362854003906
36|829|84.22891998291016
36|854|91.86438751220703
36|879|91.0370864868164
36|904|77.07377624511719
36|928|87.1883316040039
36|953|96.19718170166016
36|978|93.32855987548828
36|1003|90.42676544189453
36|1027|93.72620391845703
36|1043|19.22956085205078
36|1052|94.32014465332031
36|1077|90.06645202636719
36|1101|82.90670013427734
36|1108|30.326303482055664
36|1126|93.18296813964844
36|1139|22.519895553588867
36|1151|97.5867691040039
36|1176|90.36553192138672
36|1182|29.95623016357422
36|1188|90.68814086914062
36|1200|77.80120086669922
36|1225|95.04409790039062
36|1250|94.37767791748047
36|1275|88.7719955444336
37|76|31.376548767089844
37|96|45.58025360107422
37|100|31.876901626586914
37|119|19.60797882080078
37|150|39.40690231323242
37|193|26.20933723449707
37|294|38.41761779785156
37|348|32.061588287353516
37|391|44.004085540771484
37|416|25.691781997680664
37|422|24.69217872619629
37|447|27.14043426513672
37|492|19.51241111755371
37|515|20.99085807800293
37|527|30.122344970703125
37|645|27.370986938476562
37|690|24.548015594482422
37|706|92.39861297607422
37|713|19.201519012451172
37|762|23.80152130126953
37|768|22.08031463623047
37|788|38.20881271362305
37|793|36.84267044067383
37|888|22.02970314025879
37|942|28.842914581298828
37|987|22.511568069458008
37|1086|31.148691177368164
37|1090|22.01253318786621
37|1185|22.47984504699707
37|1201|69.43518829345703
37|1207|28.664230346679688
37|1287|31.34975242614746
38|490|20.1075382232666
38|620|20.8787841796875
38|823|27.45729637145996
39|224|24.371065139770508
39|471|22.62486457824707
39|545|20.49139404296875
39|619|20.042301177978516
40|199|22.061614990234375
40|273|23.235395431518555
40|347|32.823997497558594
40|422|26.61615753173828
40|439|27.206789016723633
40|495|27.18093490600586
40|520|25.49521255493164
40|608|22.58149528503418
40|613|19.3088321685791
40|669|25.437313079833984
40|682|25.915117263793945
40|781|23.342187881469727
40|806|19.166412353515625
40|820|38.40549087524414
40|940|22.94822120666504
40|1039|32.810237884521484
40|1053|25.43130874633789
40|1152|20.19578742980957
40|1163|24.61210060119629
40|1252|21.134374618530273
41|113|27.94146156311035
41|225|19.959022521972656
41|384|37.42449951171875
41|434|35.99420928955078
41|459|37.220096588134766
41|483|43.53546905517578
41|508|25.089487075805664
41|533|38.095821380615234
41|558|29.031757354736328
41|561|20.47571563720703
41|573|31.91999626159668
41|582|34.127140045166016
41|588|19.486330032348633
41|607|34.79216003417969
41|632|47.75307083129883
41|656|34.3552360534668
41|681|34.439247131347656
41|706|27.099910736083984
41|731|40.23670959472656
41|755|35.43247604370117
41|805|24.437715530395508
41|829|26.245670318603516
41|854|27.028715133666992
41|879|28.15203285217285
41|904|31.190641403198242
41|915|21.669239044189453
41|928|24.739547729492188
41|953|20.015098571777344
41|968|19.564659118652344
41|978|27.339263916015625
41|1027|26.229883193969727
41|1052|32.861549377441406
41|1077|25.353492736816406
41|1102|35.69987106323242
41|1126|28.383779525756836
41|1151|29.557781219482422
41|1188|27.799299240112305
41|1201|19.520248413085938
41|1250|36.672096252441406
41|1262|21.93448829650879
41|1275|28.7327823638916
42|26|26.540639877319336
42|50|32.269046783447266
42|75|33.73176193237305
42|94|41.0265007019043
42|100|28.709808349609375
42|174|25.137100219726562
42|199|30.873821258544922
42|248|28.886247634887695
42|297|21.106441497802734
42|372|29.7899112701416
42|397|34.173648834228516
42|415|24.55404281616211
42|421|34.700294494628906
42|458|34.50645065307617
42|463|19.684568405151367
42|489|29.65328025817871
42|496|29.890655517578125
42|532|28.99897003173828
42|570|26.72511100769043
42|594|28.873119354248047
42|619|27.49414825439453
42|737|30.80406951904297
42|767|28.223142623901367
42|780|36.32856750488281
42|792|23.593307495117188
42|804|22.809837341308594
42|817|22.724910736083984
42|867|24.153453826904297
42|903|26.893465042114258
42|941|21.561389923095703
42|977|24.963756561279297
42|1002|27.041263580322266
42|1014|48.0555305480957
42|1065|23.881725311279297
42|1076|22.68585777282715
42|1089|23.85697364807129
42|1116|22.695419311523438
42|1176|26.85757827758789
42|1181|43.17829132080078
42|1213|22.908912658691406
42|1237|22.314592361450195
42|1274|25.43191909790039
42|1287|22.475465774536133
43|19|38.2349967956543
43|93|36.756587982177734
43|124|29.25414276123047
43|149|29.836637496948242
43|192|36.17057418823242
43|217|33.418426513671875
43|273|36.64280700683594
43|291|25.692237854003906
43|316|39.125732421875
43|347|31.259841918945312
43|396|32.80925750732422
43|433|30.519248962402344
43|440|22.527441024780273
43|446|36.19974136352539
43|471|33.42523193359375
43|495|32.37358474731445
43|520|34.662269592285156
43|545|26.419496536254883
43|569|24.621919631958008
43|613|22.532222747802734
43|687|22.425273895263672
43|693|27.992366790771484
43|705|25.024599075317383
43|712|29.611133575439453
43|718|28.759031295776367
43|742|23.12250328063965
43|842|30.341604232788086
43|885|26.000280380249023
43|891|23.61285400390625
43|916|26.921566009521484
43|940|21.117534637451172
43|944|26.917991638183594
43|990|23.292919158935547
43|1009|39.8583984375
43|1114|23.378679275512695
43|1138|21.858022689819336
43|1164|21.43312644958496
43|1175|26.687997817993164
43|1194|23.260234832763672
43|1206|24.38516616821289
43|1212|24.292034149169922
43|1249|24.524620056152344
43|1281|21.992706298828125
44|1|24.432355880737305
44|248|32.40492630004883
44|322|29.926010131835938
44|403|28.487394332885742
44|434|27.195941925048828
44|508|23.183677673339844
44|558|27.042987823486328
44|644|26.67167091369629
44|681|26.684432983398438
44|731|24.90513801574707
44|762|20.061588287353516
44|811|22.587142944335938
44|879|20.420900344848633
44|953|21.132375717163086
44|978|19.276090621948242
44|1039|29.88007926940918
44|1200|26.865690231323242
44|1225|26.787588119506836
44|1250|26.736324310302734
44|1261|24.552371978759766
44|1280|21.08686065673828
45|25|30.317853927612305
45|118|35.716426849365234
45|223|33.97569274902344
45|400|20.440622329711914
45|439|27.99510955810547
45|569|24.767589569091797
45|588|36.579994201660156
45|668|25.748912811279297
45|736|47.432891845703125
45|741|25.94939422607422
45|754|21.194007873535156
45|786|38.448036193847656
45|792|25.38733673095703
45|810|19.63335609436035
45|866|21.242610931396484
45|965|22.461210250854492
45|1003|24.172605514526367
45|1138|23.126211166381836
45|1163|25.746294021606445
45|1224|22.526803970336914
45|1281|21.33984375
46|1|26.787139892578125
46|75|35.04596710205078
46|124|28.480043411254883
46|149|31.453237533569336
46|174|30.042020797729492
46|217|27.605602264404297
46|293|26.041540145874023
46|298|30.13738250732422
46|316|26.298606872558594
46|347|32.57268142700195
46|372|31.359895706176758
46|390|42.13530731201172
46|403|45.774845123291016
46|409|34.04097366333008
46|415|27.185707092285156
46|440|31.366329193115234
46|454|20.366539001464844
46|489|24.17439842224121
46|514|32.61074447631836
46|545|28.516300201416016
46|570|25.051807403564453
46|591|23.885900497436523
46|613|24.460220336914062
46|619|24.271528244018555
46|687|22.622806549072266
46|693|26.668983459472656
46|712|22.693727493286133
46|718|25.66565704345703
46|743|37.410064697265625
46|755|20.520185470581055
46|762|19.585437774658203
46|780|19.847379684448242
46|805|20.871950149536133
46|811|20.248292922973633
46|817|22.642187118530273
46|842|21.27568244934082
46|891|23.37253761291504
46|910|23.057207107543945
46|916|21.832048416137695
46|984|27.153337478637695
46|990|23.666654586791992
46|1008|21.469812393188477
46|1064|28.605592727661133
46|1083|27.740169525146484
46|1089|23.04783821105957
46|1107|20.971363067626953
46|1114|22.849946975708008
46|1182|28.218902587890625
46|1194|21.883756637573242
46|1206|21.411653518676758
47|50|30.65418815612793
47|94|28.088144302368164
47|100|32.86360549926758
47|119|28.588111877441406
47|193|20.845699310302734
47|199|24.534040451049805
47|248|26.185306549072266
47|273|30.98649024963379
47|292|25.651988983154297
47|397|21.026424407958984
47|421|21.548095703125
47|471|36.92881774902344
47|496|26.41847038269043
47|595|21.680973052978516
47|644|22.947429656982422
47|885|23.207361221313477
47|1009|24.38227081298828
47|1016|33.35334396362305
47|1213|19.735246658325195
47|1237|22.450855255126953
48|101|22.226179122924805
48|202|20.650405883789062
48|497|28.328371047973633
48|557|20.267751693725586
48|1261|27.838747024536133
49|4|25.620418548583984
49|29|20.11610221862793
49|46|21.545162200927734
49|226|19.17467498779297
49|244|20.413475036621094
49|403|23.97034454345703
49|412|50.02381896972656
49|498|24.486902236938477
49|776|31.67070770263672
50|100|20.596420288085938
50|199|20.059223175048828
50|655|23.189035415649414
50|1134|27.93587875366211
51|414|25.049240112304688
52|75|25.489011764526367
52|570|20.04763412475586
52|652|48.5704231262207
52|1153|38.62128829956055
52|1184|23.593307495117188
53|1|20.68037986755371
53|19|24.606691360473633
53|50|26.414791107177734
53|94|19.294151306152344
53|100|22.965280532836914
53|124|20.009204864501953
53|199|28.97481918334961
53|217|21.123632431030273
53|248|25.346033096313477
53|316|24.0755558013916
53|390|21.727712631225586
53|471|19.39255142211914
53|811|42.45791244506836
53|1262|23.404537200927734
54|291|22.6036434173584
55|25|23.381210327148438
55|96|22.926511764526367
55|384|24.32123374938965
55|434|28.34781837463379
55|459|23.6295108795166
55|483|24.072092056274414
55|489|19.015687942504883
55|533|23.207321166992188
55|557|21.79149055480957
55|582|24.615795135498047
55|632|24.048402786254883
55|647|22.538251876831055
55|656|21.84028434753418
55|681|22.5800724029541
55|706|32.70414733886719
55|755|23.742162704467773
55|780|26.971498489379883
55|805|24.136537551879883
55|879|21.39371681213379
55|953|19.06793785095215
55|1052|20.51744842529297
55|1102|22.1411075592041
55|1184|20.016725540161133
55|1188|18.97347068786621
55|1201|24.0693416595459
56|591|19.116668701171875
56|601|19.85310173034668
56|786|19.86294937133789
56|809|28.169937133789062
56|1216|31.464313507080078
57|590|24.31854820251465
57|646|23.91413116455078
57|802|21.595090866088867
58|54|20.294757843017578
58|152|23.493471145629883
58|251|19.92084503173828
58|350|23.508487701416016
58|415|22.32746124267578
58|449|19.008411407470703
58|801|23.154951095581055
58|1191|30.52047348022461
58|1275|24.245140075683594
59|75|25.3415584564209
59|192|24.803768157958984
59|199|20.868896484375
59|248|30.104963302612305
59|273|23.33835792541504
59|291|25.178956985473633
59|297|20.18858528137207
59|347|26.04836082458496
59|471|19.136314392089844
59|495|19.351726531982422
59|570|19.16188621520996
59|588|19.246797561645508
59|595|34.119239807128906
59|648|48.503807067871094
59|743|20.613178253173828
59|802|32.060298919677734
59|1083|21.000560760498047
59|1237|19.119224548339844
59|1276|26.920209884643555
60|1|19.819372177124023
60|19|27.832290649414062
60|50|26.33756446838379
60|94|29.830482482910156
60|100|27.003528594970703
60|103|27.006427764892578
60|118|26.15266227722168
60|124|26.126821517944336
60|149|23.639999389648438
60|174|28.201385498046875
60|217|22.379295349121094
60|223|19.36261749267578
60|298|21.208324432373047
60|301|26.567241668701172
60|316|24.846410751342773
60|322|21.781494140625
60|372|22.474477767944336
60|409|19.857009887695312
60|421|20.438919067382812
60|440|20.197534561157227
60|489|21.852487564086914
60|496|19.991090774536133
60|498|24.806522369384766
60|520|20.627962112426758
60|545|19.280529022216797
60|613|19.396800994873047
60|644|19.795347213745117
60|668|20.561927795410156
60|687|19.301740646362305
60|693|22.108726501464844
60|696|19.804079055786133
60|718|19.762237548828125
60|786|23.022705078125
60|990|19.025930404663086
60|1089|25.31212043762207
60|1114|19.523448944091797
60|1163|19.326820373535156
60|1262|23.577022552490234
61|415|21.06365394592285
61|598|37.50251007080078
61|891|28.97092056274414
61|1167|27.30805206298828
62|595|28.139638900756836
62|640|39.677459716796875
62|878|21.88705825805664
63|648|38.18490982055664
64|514|19.587289810180664
64|650|29.389175415039062
65|46|21.011356353759766
65|615|19.85655975341797
66|649|53.60662841796875
66|679|41.25782775878906
66|800|31.933767318725586
67|623|23.99497413635254
67|678|49.4493408203125
67|1083|29.051715850830078
68|114|18.923246383666992
68|177|20.4669246673584
68|312|19.435869216918945
68|375|19.473878860473633
68|488|28.50706672668457
68|497|28.651323318481445
68|860|24.185991287231445
69|199|19.642812728881836
69|459|22.772668838500977
69|504|24.83319854736328
69|546|32.468528747558594
69|626|19.683433532714844
69|677|51.177490234375
69|686|33.6460075378418
69|797|57.27716827392578
69|1149|22.269235610961914
69|1195|22.411252975463867
70|347|19.295520782470703
70|426|24.14009666442871
70|638|24.51698875427246
70|687|45.36955642700195
70|876|24.593137741088867
70|1113|19.446651458740234
70|1270|31.931005477905273
71|153|18.994102478027344
71|427|24.009037017822266
71|468|33.86211013793945
71|478|28.62202262878418
71|496|20.683324813842773
71|548|31.951906204223633
71|623|22.176513671875
71|686|45.44009780883789
71|850|24.277240753173828
71|1084|21.965227127075195
72|4|31.235912322998047
72|53|23.16342544555664
72|103|24.651077270507812
72|150|21.990367889404297
72|201|26.49150848388672
72|300|23.330646514892578
72|347|20.959714889526367
72|350|22.642961502075195
72|399|24.893962860107422
72|424|20.10607147216797
72|499|19.59769630432129
72|513|43.388248443603516
72|537|39.857460021972656
72|597|20.510759353637695
72|647|19.360122680664062
72|745|20.819446563720703
72|789|20.959318161010742
72|795|20.80386734008789
72|825|19.59375
72|853|20.105268478393555
72|943|20.450342178344727
72|1191|19.181406021118164
72|1196|20.676475524902344
73|249|23.270572662353516
73|378|22.040447235107422
73|434|28.43383026123047
73|449|29.900495529174805
73|484|20.837942123413086
73|508|24.524721145629883
73|512|53.30008316040039
73|619|23.067590713500977
73|622|25.564132690429688
73|681|21.51921844482422
73|688|21.67993927001953
73|697|19.513120651245117
73|780|23.1095027923584
73|888|26.35310173034668
73|952|23.830955505371094
73|1111|35.174678802490234
73|1150|21.966663360595703
73|1176|19.037317276000977
73|1275|19.36478042602539
74|384|21.536165237426758
74|433|28.543302536010742
74|448|27.431838989257812
74|476|28.51168441772461
74|483|30.460006713867188
74|547|59.76465606689453
74|607|20.57744598388672
74|674|19.673099517822266
74|706|28.941547393798828
74|805|20.706172943115234
74|822|28.318342208862305
74|951|23.21466827392578
74|1043|21.280757904052734
74|1149|19.78659439086914
75|458|21.814952850341797
75|511|46.2374382019043
75|526|33.878963470458984
75|624|27.02414894104004
75|707|28.381458282470703
75|853|29.081966400146484
75|858|19.222352981567383
75|952|24.637496948242188
76|59|19.985729217529297
76|507|21.781070709228516
76|510|33.03252029418945
76|547|58.58934020996094
76|553|32.83452606201172
76|788|23.253726959228516
76|824|27.222087860107422
76|852|39.80725860595703
76|1039|25.622699737548828
76|1104|30.68149757385254
76|1175|22.103757858276367
76|1243|19.420690536499023
77|439|19.867006301879883
77|483|25.746004104614258
77|574|35.813873291015625
77|619|27.818439483642578
77|707|29.443267822265625
77|762|23.481395721435547
77|821|29.483800888061523
77|825|21.80026626586914
77|1123|38.5749397277832
77|1237|25.8990478515625
77|1265|19.738739013671875
78|125|21.77996253967285
78|423|49.79627990722656
78|484|21.84048080444336
78|510|21.679304122924805
78|565|19.399906158447266
78|620|25.40397834777832
78|820|32.41690444946289
78|869|23.85787010192871
78|1051|42.41333770751953
78|1110|29.753915786743164
78|1125|20.391857147216797
79|93|20.21285057067871
79|446|22.166383743286133
79|495|26.52407455444336
79|526|29.32535171508789
79|614|25.60390853881836
79|850|23.62279510498047
79|985|47.66424560546875
79|1039|24.630237579345703
79|1123|39.172813415527344
80|424|25.00232696533203
80|482|39.576622009277344
80|507|29.72541618347168
80|535|25.66617202758789
80|613|36.981075286865234
80|663|31.381139755249023
80|851|20.776920318603516
80|906|21.342838287353516
80|1032|41.99119567871094
80|1067|27.803438186645508
80|1212|19.615070343017578
81|15|21.595354080200195
81|29|26.942827224731445
81|78|23.140296936035156
81|114|21.473400115966797
81|146|22.869413375854492
81|177|22.73603057861328
81|213|21.100698471069336
81|227|28.283836364746094
81|276|21.184764862060547
81|291|25.732685089111328
81|312|19.53952407836914
81|343|21.704547882080078
81|375|20.611364364624023
81|396|20.53730583190918
81|411|18.94849395751953
81|439|34.19817352294922
81|445|19.500015258789062
81|542|30.32382583618164
81|612|34.8198127746582
81|622|23.32245445251465
81|739|19.600759506225586
81|922|25.85639190673828
81|946|34.20036315917969
81|953|42.916290283203125
81|1110|33.774532318115234
81|1132|24.704952239990234
81|1174|19.165023803710938
81|1186|20.179798126220703
81|1215|19.31296730041504
81|1264|23.232032775878906
82|26|20.82242202758789
82|174|19.618038177490234
82|421|22.327281951904297
82|494|19.30402946472168
82|524|22.208606719970703
82|534|32.85050964355469
82|561|21.47974967956543
82|716|23.02524185180664
82|819|52.53486633300781
82|907|20.805349349975586
82|915|29.74289321899414
82|938|28.7642765045166
82|1060|27.564910888671875
82|1066|22.81908416748047
82|1078|21.27134132385254
82|1165|23.118669509887695
82|1181|25.509531021118164
83|422|26.926895141601562
83|432|41.64707946777344
83|444|21.159555435180664
83|514|26.173261642456055
83|552|32.2490119934082
83|563|46.27166748046875
83|572|19.193004608154297
83|587|26.267566680908203
83|613|26.912548065185547
83|663|34.150123596191406
83|905|23.82515525817871
83|939|27.2735595703125
83|947|36.85017776489258
83|955|38.44501876831055
83|976|24.75981903076172
83|996|23.762046813964844
83|1007|21.327495574951172
83|1042|39.273799896240234
83|1057|51.44830322265625
83|1065|24.36702537536621
84|102|19.73760223388672
84|300|20.037206649780273
84|445|24.992504119873047
84|493|28.07906150817871
84|498|20.54802894592285
84|507|58.53980255126953
84|562|60.781009674072266
84|662|32.23735427856445
84|914|26.548843383789062
84|919|19.43143081665039
84|946|26.63800048828125
84|948|24.172855377197266
84|954|43.572933197021484
84|1014|53.379371643066406
84|1023|21.636253356933594
84|1041|41.35975646972656
84|1053|22.928186416625977
84|1058|49.10535430908203
84|1074|25.143890380859375
85|185|19.899301528930664
85|291|27.63235855102539
85|464|20.942222595214844
85|522|54.77004623413086
85|898|19.910133361816406
85|1073|20.64792251586914
85|1198|24.701332092285156
85|1271|36.106597900390625
86|72|22.15949249267578
86|171|21.692373275756836
86|422|35.606101989746094
86|439|50.00817108154297
86|455|33.58140563964844
86|483|32.01142120361328
86|533|44.18459701538086
86|551|52.11330032348633
86|559|58.2617301940918
86|563|52.66051483154297
86|632|54.75383758544922
86|636|34.46712875366211
86|671|80.6622314453125
86|708|26.702245712280273
86|742|37.099937438964844
86|780|23.854246139526367
86|843|22.58835792541504
86|915|18.949995040893555
86|1015|41.191429138183594
86|1028|21.4800968170166
86|1132|19.190074920654297
86|1157|24.440664291381836
86|1172|19.176498413085938
86|1177|39.848087310791016
86|1217|18.99913787841797
87|587|25.839929580688477
87|662|36.01762008666992
87|714|36.8587646484375
87|920|32.25163269042969
87|935|22.063514709472656
87|997|22.605487823486328
87|1009|55.981292724609375
87|1022|40.69032287597656
87|1029|25.387752532958984
87|1199|43.188865661621094
87|1238|39.766727447509766
88|291|21.810943603515625
88|390|34.1304817199707
88|605|19.80603790283203
88|954|23.568830490112305
88|995|24.73632049560547
88|998|24.219146728515625
88|1016|21.348098754882812
88|1044|34.44535827636719
88|1053|31.63544273376465
88|1072|21.608253479003906
88|1142|29.65032196044922
88|1177|34.634849548339844
88|1198|51.12624740600586
88|1201|23.27210235595703
89|464|20.679832458496094
89|492|65.54756164550781
89|541|38.90837478637695
89|572|43.96183395385742
89|606|20.751651763916016
89|671|29.28219985961914
89|837|32.39252471923828
89|1015|21.46566390991211
89|1045|35.66532516479492
89|1181|34.933414459228516
89|1223|36.847633361816406
90|291|19.778099060058594
90|391|31.894453048706055
90|422|23.838552474975586
90|432|52.322898864746094
90|558|22.314416885375977
90|587|25.70440101623535
90|661|27.63356590270996
90|1019|36.30146789550781
90|1199|44.77757263183594
91|97|21.032285690307617
91|195|20.16189956665039
91|295|25.606637954711914
91|394|21.40648651123047
91|406|19.532386779785156
91|550|59.84229278564453
91|588|25.457992553710938
91|1063|54.20087814331055
91|1278|21.744857788085938
92|454|57.522926330566406
92|532|44.720726013183594
92|762|41.139102935791016
92|971|22.736154556274414
92|1004|28.138235092163086
93|391|32.07273483276367
93|405|47.14427185058594
93|501|41.492431640625
93|541|31.266244888305664
93|655|21.70045280456543
93|781|45.92802429199219
93|1142|27.927568435668945
93|1217|20.642637252807617
93|1223|48.996673583984375
94|15|21.192665100097656
94|73|32.956504821777344
94|189|20.196928024291992
94|404|45.156410217285156
94|407|24.16318702697754
94|1047|37.381622314453125
95|77|22.945270538330078
95|212|19.81730079650879
95|275|21.483976364135742
95|391|32.76744079589844
95|473|19.401121139526367
95|588|20.563405990600586
95|660|43.113983154296875
95|671|22.6220645904541
95|763|39.638328552246094
95|1041|21.047924041748047
95|1102|20.194761276245117
96|84|32.787227630615234
96|89|27.969192504882812
96|709|33.87253189086914
96|1181|33.44463348388672
97|46|20.848196029663086
97|80|40.028236389160156
97|88|21.682584762573242
97|101|20.020322799682617
97|145|21.826702117919922
97|227|32.311279296875
97|244|20.124099731445312
97|266|27.43565559387207
97|325|27.964513778686523
97|343|19.76982307434082
97|423|22.124210357666016
97|639|22.006940841674805
97|1019|19.06459617614746
97|1079|21.77457618713379
97|1144|29.142513275146484
98|79|34.437652587890625
98|89|26.493057250976562
98|137|27.238115310668945
98|411|40.80300521850586
98|532|62.38941955566406
98|697|25.470535278320312
98|756|28.43575668334961
98|776|55.070499420166016
99|90|26.5718936920166
99|224|30.712648391723633
99|362|19.390178680419922
99|435|52.9782829284668
99|571|38.787723541259766
99|757|37.38994216918945
99|856|25.732254028320312
99|1046|27.47862434387207
99|1143|26.675703048706055
100|22|19.4254207611084
100|220|19.683244705200195
100|336|19.393192291259766
100|418|21.09149742126465
100|500|28.460161209106445
100|557|23.364595413208008
100|655|59.28321838378906
100|754|22.933624267578125
100|1159|22.335556030273438
100|1201|35.625755310058594
100|1220|40.42969512939453
100|1285|22.09825325012207
101|72|22.532535552978516
101|79|27.45529556274414
101|151|25.173540115356445
101|459|26.597944259643555
101|488|24.89816665649414
101|570|42.053749084472656
101|678|19.286916732788086
101|731|41.546974182128906
101|763|31.14686393737793
101|830|26.295936584472656
101|1200|23.033273696899414
101|1217|30.254558563232422
101|1226|39.57548522949219
101|1265|23.700275421142578
102|578|19.143266677856445
102|749|49.529685974121094
102|758|34.149532318115234
102|782|44.21833038330078
102|831|21.303251266479492
102|1143|36.71347427368164
102|1286|20.821880340576172
103|152|20.069156646728516
103|414|49.27116775512695
103|754|24.98322296142578
103|757|40.7386589050293
103|877|19.334714889526367
103|1154|27.472702026367188
104|333|38.44831466674805
104|450|22.426952362060547
104|459|25.146804809570312
104|504|32.84555435180664
104|610|30.765810012817383
104|626|24.98888397216797
104|1202|46.48711395263672
104|1227|30.071552276611328
105|143|25.133651733398438
105|601|25.103322982788086
105|685|27.830219268798828
105|826|28.196889877319336
105|833|36.26505661010742
105|864|23.828447341918945
106|147|32.68073654174805
106|380|19.122549057006836
106|468|20.957393646240234
106|567|20.02463722229004
106|602|25.591745376586914
106|757|58.70916748046875
106|850|30.522859573364258
106|876|24.087337493896484
106|888|25.386272430419922
106|1195|43.2586784362793
106|1201|30.79196548461914
107|152|26.097688674926758
107|418|26.078126907348633
107|449|33.22304916381836
107|458|22.62020492553711
107|495|33.862056732177734
107|510|20.803686141967773
107|557|24.012500762939453
107|609|21.89362335205078
107|763|33.62543869018555
107|771|39.83794403076172
107|1202|33.984336853027344
107|1227|24.672569274902344
108|77|19.239778518676758
108|393|33.42972946166992
108|448|32.93687057495117
108|468|21.75958824157715
108|825|26.723419189453125
108|892|26.417373657226562
108|1184|19.122928619384766
109|96|19.244873046875
109|196|19.4659481048584
109|511|31.364225387573242
109|570|20.465866088867188
109|749|39.403316497802734
109|824|19.871353149414062
109|831|74.19277954101562
109|888|33.3553581237793
109|1112|24.10051155090332
110|458|25.305112838745117
110|592|53.197113037109375
110|599|19.188907623291016
110|602|53.39099884033203
110|771|29.68851661682129
110|1196|23.611194610595703
110|1202|24.944215774536133
110|1255|28.39679527282715
111|418|28.587087631225586
111|457|23.139089584350586
111|510|34.443939208984375
111|554|20.332048416137695
111|902|31.071008682250977
111|1192|21.567752838134766
111|1226|31.91644859313965
111|1267|21.640491485595703
112|495|36.795284271240234
112|591|47.1161994934082
112|601|55.79794692993164
112|624|37.20960998535156
112|833|31.262514114379883
112|1099|22.403533935546875
112|1105|19.9991455078125
112|1214|33.19517517089844
113|46|25.694299697875977
113|244|22.85196876525879
113|442|46.870704650878906
113|457|23.568323135375977
113|553|24.631452560424805
113|764|19.854379653930664
113|826|27.00963592529297
113|1138|22.652769088745117
113|1171|20.622495651245117
113|1182|32.390594482421875
113|1191|22.416900634765625
113|1226|31.71871566772461
114|201|26.614349365234375
114|207|31.796825408935547
114|417|23.665287017822266
114|448|19.04520606994629
114|467|43.495887756347656
114|591|48.42717361450195
114|601|52.2349739074707
114|622|22.732711791992188
114|668|33.147865295410156
114|821|21.38518714904785
114|1170|23.139108657836914
114|1202|28.98549461364746
114|1241|21.52985191345215
115|151|19.06196403503418
115|206|31.594533920288086
115|312|30.965476989746094
115|397|21.194257736206055
115|441|26.099674224853516
115|447|20.5830135345459
115|620|41.4514045715332
115|731|20.512372970581055
115|814|19.834531784057617
115|825|23.988204956054688
115|1214|24.383092880249023
116|8|20.29547882080078
116|398|24.666807174682617
116|457|25.260419845581055
116|595|25.236618041992188
116|764|38.94866180419922
116|794|21.959320068359375
116|992|18.948698043823242
117|306|34.691226959228516
117|423|21.303926467895508
117|482|43.32587432861328
117|600|41.29484939575195
117|666|25.224842071533203
117|813|30.65456199645996
117|928|22.529190063476562
117|1202|23.393924713134766
118|416|30.27943229675293
118|441|26.259414672851562
118|599|41.842220306396484
118|620|33.64372253417969
118|807|49.61098098754883
118|850|26.72762107849121
118|1171|24.893939971923828
119|299|25.281129837036133
119|433|28.845863342285156
119|446|25.17888641357422
119|812|31.346023559570312
119|1039|27.624937057495117
120|445|26.00713348388672
120|494|41.29710006713867
120|535|19.306289672851562
120|600|32.28268051147461
120|666|24.48582649230957
120|881|24.484649658203125
120|893|41.575321197509766
120|923|29.433378219604492
120|985|29.26162338256836
120|1189|33.06953048706055
120|1211|41.91107940673828
121|466|25.545209884643555
121|482|42.37491989135742
121|812|32.27698516845703
122|534|22.17817497253418
122|565|19.72258758544922
122|596|47.0302734375
122|924|26.491954803466797
122|970|27.673315048217773
122|1171|29.67979621887207
123|416|25.18678855895996
123|473|19.039913177490234
123|561|19.101930618286133
123|599|43.16918182373047
123|715|59.988346099853516
123|1060|23.188451766967773
123|1129|35.151771545410156
123|1186|27.842510223388672
124|422|19.963119506835938
124|440|23.12687873840332
124|598|36.74085998535156
124|612|26.55097198486328
124|666|20.5470027923584
124|938|20.574419021606445
124|947|39.19803237915039
124|1025|35.81783676147461
124|1092|19.845935821533203
125|493|30.00679588317871
125|905|26.340543746948242
125|982|19.425052642822266
125|1041|24.49051284790039
126|416|25.626829147338867
126|445|37.75819396972656
126|560|22.473514556884766
126|596|48.067378997802734
126|1214|22.26862144470215
127|417|20.16087532043457
127|432|26.777584075927734
127|440|21.96415901184082
127|552|26.658283233642578
127|597|46.78396987915039
127|716|34.482906341552734
127|882|29.2364501953125
127|898|21.907772064208984
127|969|24.318401336669922
127|1028|22.009151458740234
127|1171|19.646974563598633
128|463|36.60823059082031
128|493|29.86518669128418
128|515|39.476402282714844
128|522|34.67879104614258
128|715|50.204986572265625
128|1005|25.422407150268555
129|445|26.413545608520508
129|464|35.56950378417969
129|596|36.93932342529297
129|1177|22.451799392700195
130|392|22.330514907836914
130|472|24.739892959594727
130|590|23.10527992248535
130|671|19.758872985839844
130|708|20.976482391357422
130|787|19.265958786010742
130|969|22.584880828857422
130|1020|23.123180389404297
130|1172|29.150768280029297
130|1178|24.503095626831055
131|439|44.83390426635742
131|551|40.776859283447266
131|605|25.965354919433594
131|700|37.721866607666016
132|515|34.607120513916016
132|559|19.279251098632812
132|998|29.734378814697266
132|1019|22.684537887573242
133|501|30.49636459350586
133|558|23.429386138916016
133|606|23.392045974731445
133|708|21.775310516357422
134|422|21.107919692993164
135|492|20.344690322875977
135|778|26.681438446044922
135|986|21.127094268798828
135|1142|20.080699920654297
136|991|26.627859115600586
136|1214|19.79156494140625
137|558|19.907814025878906
137|1004|42.80363845825195
138|139|23.142946243286133
138|405|21.960439682006836
138|541|20.342012405395508
139|138|22.103757858276367
139|580|23.398597717285156
139|778|20.118328094482422
139|987|25.640501022338867
140|371|23.614788055419922
141|610|22.000551223754883
143|580|31.928796768188477
143|609|19.645933151245117
144|581|26.919294357299805
144|1097|23.083078384399414
145|81|19.38347625732422
145|85|21.87331771850586
145|342|20.22511863708496
145|959|23.03999900817871
145|1159|32.559120178222656
146|14|22.66445541381836
146|113|21.001625061035156
146|151|20.790756225585938
146|187|28.207622528076172
146|212|20.961946487426758
146|379|38.92701721191406
146|386|34.44357681274414
146|411|24.64914894104004
146|511|22.72187042236328
146|577|34.21299362182617
146|583|29.220821380615234
146|775|30.382627487182617
146|973|26.810441970825195
146|979|26.714027404785156
146|1097|23.549114227294922
148|571|24.23038101196289
149|532|34.05936050415039
149|581|24.364179611206055
149|959|28.681154251098633
149|992|26.95294761657715
150|502|25.685007095336914
150|570|22.619672775268555
150|609|34.35012435913086
150|991|28.31319236755371
151|667|35.70998764038086
152|532|37.305320739746094
152|1153|21.022851943969727
153|608|29.494335174560547
153|960|31.4276123046875
153|983|40.31241226196289
154|46|22.135629653930664
154|70|20.291406631469727
154|79|28.520492553710938
154|120|19.839536666870117
154|144|30.253734588623047
154|169|23.190980911254883
154|230|39.275665283203125
154|433|20.018802642822266
154|441|34.825477600097656
154|667|34.14155197143555
154|738|22.01107406616211
154|1133|20.048847198486328
154|1153|24.1973876953125
155|340|22.860490798950195
155|565|23.016897201538086
155|579|20.993370056152344
155|666|26.579105377197266
155|750|38.79441833496094
156|432|21.399015426635742
156|580|19.052248001098633
156|772|47.53239059448242
156|982|48.192806243896484
157|144|20.303974151611328
157|333|25.027433395385742
157|582|21.232011795043945
157|666|20.37088966369629
157|750|34.100799560546875
158|893|22.095510482788086
159|340|42.27900695800781
159|392|24.66452980041504
159|565|20.276885986328125
159|1189|18.951160430908203
160|143|25.994487762451172
160|339|37.25534439086914
160|494|27.388975143432617
160|580|26.02069664001465
160|910|33.46836853027344
160|1042|19.326026916503906
161|261|21.167400360107422
161|396|40.42854690551758
161|432|21.050912857055664
161|445|32.208770751953125
161|502|24.26396369934082
161|584|34.70185089111328
161|608|23.302589416503906
162|392|28.967260360717773
163|373|22.224302291870117
163|393|29.894367218017578
163|517|44.676353454589844
163|581|32.159095764160156
163|1186|48.86290740966797
163|1189|20.55866813659668
164|494|23.28219223022461
164|535|21.86517906188965
164|579|30.680490493774414
164|602|42.45074462890625
164|894|26.14101791381836
164|924|35.47364807128906
164|929|46.76945495605469
164|999|35.09492111206055
165|395|39.07162094116211
165|565|27.107257843017578
165|750|38.04608154296875
165|772|27.743640899658203
165|947|26.750385284423828
165|1060|19.212326049804688
166|564|26.7830810546875
166|607|23.14900016784668
168|127|21.641803741455078
168|582|34.990516662597656
168|814|37.38502883911133
168|929|39.48173522949219
169|987|26.75004768371582
170|129|19.09308433532715
170|262|27.642366409301758
170|579|19.092905044555664
170|602|24.721416473388672
170|814|37.71909713745117
170|894|37.24409103393555
170|1014|27.208349227905273
171|65|20.114742279052734
171|201|35.50810241699219
171|417|69.3370132446289
171|516|57.99575424194336
171|601|24.80453872680664
171|607|27.172666549682617
171|988|31.51197052001953
172|312|20.321727752685547
172|432|25.952911376953125
172|492|25.73569679260254
172|522|39.366668701171875
172|987|30.97072982788086
172|993|40.674556732177734
172|1097|28.772653579711914
173|64|24.14955711364746
173|367|20.312211990356445
173|700|46.51195526123047
173|814|55.1110725402832
173|998|40.68695831298828
173|1172|24.966535568237305
174|262|25.105985641479492
174|551|18.98920440673828
174|582|25.79817771911621
174|605|75.8398208618164
174|813|52.321834564208984
174|1015|22.43996810913086
175|580|34.3137092590332
175|988|24.34807014465332
176|306|33.10321044921875
176|516|24.12112045288086
176|772|25.076181411743164
176|786|19.70403480529785
177|62|37.6507682800293
177|416|41.03023147583008
177|583|34.34402084350586
177|606|94.29150390625
177|610|20.59536361694336
177|1181|22.023061752319336
178|195|24.9605655670166
178|492|29.92044448852539
178|584|38.962890625
178|609|18.917034149169922
179|262|19.13812828063965
179|580|29.030487060546875
179|992|29.01043701171875
179|1098|21.60614776611328
180|551|24.6964054107666
180|778|35.7468147277832
181|495|19.317935943603516
181|581|42.875572204589844
181|1063|28.14426612854004
182|454|29.1345157623291
183|789|19.961929321289062
183|1160|24.327178955078125
184|732|27.65999984741211
185|263|24.56705093383789
185|294|19.551494598388672
185|495|23.438650131225586
185|558|20.664247512817383
185|582|39.060752868652344
185|790|19.41057014465332
185|1099|26.591079711914062
186|541|21.213178634643555
186|579|42.44347381591797
187|571|22.28143310546875
187|580|42.162986755371094
187|609|22.206466674804688
188|189|18.919532775878906
188|541|21.218063354492188
188|621|19.708669662475586
188|791|20.695985794067383
189|67|44.30692672729492
189|188|19.362632751464844
190|68|51.88610076904297
190|442|34.4779052734375
190|777|40.07483673095703
191|69|41.85321044921875
191|131|40.07023620605469
191|187|31.558574676513672
191|231|19.03415870666504
191|495|21.970460891723633
191|621|23.750028610229492
191|790|43.5179443359375
192|137|23.450180053710938
192|571|18.953350067138672
192|581|24.98316764831543
192|597|30.410127639770508
193|608|20.883756637573242
193|1241|18.913921356201172
194|231|19.353023529052734
194|397|19.05297088623047
194|581|28.872093200683594
194|583|46.88075256347656
194|1214|25.067319869995117
195|126|19.95492935180664
195|621|24.584978103637695
195|778|46.463623046875
195|786|19.19891357421875
195|791|60.196495056152344
195|1189|22.883544921875
196|362|25.15869903564453
196|502|32.27960968017578
196|1045|23.85768699645996
197|132|22.845003128051758
197|226|27.08636474609375
197|361|23.572282791137695
197|580|42.37407684326172
197|1211|21.802165985107422
198|225|27.853525161743164
198|362|28.85436248779297
198|578|22.2904052734375
198|581|28.931777954101562
199|89|20.76236343383789
199|261|26.971237182617188
199|582|30.904523849487305
199|701|28.957372665405273
200|133|48.686702728271484
200|336|42.07535171508789
200|396|36.45236587524414
200|579|31.950519561767578
200|904|22.203773498535156
200|991|19.40404510498047
200|1186|28.9370174407959
200|1189|25.900657653808594
200|1211|28.47913932800293
201|363|24.602664947509766
201|445|25.569644927978516
201|581|28.194442749023438
201|786|37.29932403564453
201|992|19.30605697631836
202|502|21.942623138427734
202|570|46.34244918823242
202|584|28.981252670288086
202|701|29.769412994384766
202|787|36.44623565673828
202|1045|28.383100509643555
203|474|20.341623306274414
203|773|34.21820831298828
203|893|20.815776824951172
203|1189|30.489276885986328
204|334|19.211734771728516
204|772|39.763423919677734
204|960|32.12407302856445
205|230|24.546497344970703
205|365|21.43638801574707
205|474|20.9898681640625
205|580|27.186859130859375
205|583|26.191333770751953
205|750|47.97323226928711
205|924|40.15366744995117
205|999|30.555681228637695
205|1187|44.50678253173828
206|445|26.069360733032227
206|579|27.43235206604004
206|751|49.16876983642578
206|948|22.835657119750977
206|1025|47.88204574584961
207|371|24.094337463378906
207|473|23.0666446685791
207|584|23.835973739624023
208|185|20.372783660888672
208|333|20.449596405029297
208|582|32.88837814331055
208|905|38.65602111816406
208|1214|20.421905517578125
209|127|40.30711364746094
209|473|22.935495376586914
209|584|23.79279136657715
209|863|23.680917739868164
209|894|39.37106704711914
209|1189|33.055145263671875
210|262|26.553508758544922
211|143|27.537151336669922
211|340|24.136213302612305
211|584|29.751079559326172
211|948|22.08403968811035
211|984|21.332229614257812
212|128|25.088764190673828
212|581|20.254480361938477
212|772|24.040515899658203
212|863|38.85051727294922
213|339|25.682584762573242
213|392|26.43718719482422
213|582|27.449350357055664
213|1005|25.944040298461914
214|65|25.534229278564453
214|579|20.521230697631836
214|583|22.792688369750977
215|290|20.50281524658203
215|439|23.185714721679688
215|472|29.282649993896484
215|523|41.07448959350586
215|581|19.196374893188477
215|993|27.34060287475586
215|1098|21.057947158813477
215|1189|34.30399703979492
215|1214|30.01806640625
216|64|25.524518966674805
216|262|19.867013931274414
216|1172|21.774879455566406
217|393|37.059913635253906
217|605|37.95002365112305
217|787|19.424381256103516
218|143|19.161523818969727
218|152|25.854467391967773
218|750|33.13489532470703
219|602|19.13292694091797
219|1004|29.619108200073242
220|1189|27.450641632080078
220|1214|37.743221282958984
221|606|31.582429885864258
221|1190|25.94086265563965
222|583|23.583127975463867
222|992|29.784046173095703
224|501|25.47694206237793
224|602|20.824844360351562
225|74|30.146196365356445
225|1214|31.122509002685547
226|190|21.04151725769043
226|501|30.710886001586914
226|541|37.08578109741211
226|1004|35.42210006713867
226|1190|23.853527069091797
227|572|27.313840866088867
227|814|19.156373977661133
227|992|27.411672592163086
228|601|21.572195053100586
228|778|55.49873352050781
229|190|24.987592697143555
229|262|20.650876998901367
229|501|28.950342178344727
229|1161|41.76515579223633
230|263|22.004541397094727
230|1215|29.95500946044922
231|305|24.639915466308594
231|814|33.22515106201172
232|200|21.212825775146484
232|294|34.47768020629883
232|579|33.60076904296875
232|774|27.74863052368164
232|780|24.86678123474121
232|813|38.21039581298828
232|972|25.398700714111328
233|379|32.10718536376953
233|385|27.117292404174805
233|501|20.74788475036621
233|541|55.37755584716797
233|576|30.64098358154297
233|582|28.656280517578125
233|978|25.079185485839844
234|138|26.10161018371582
234|189|34.385528564453125
234|305|31.019485473632812
235|423|19.018157958984375
235|777|23.938993453979492
236|195|26.16957664489746
236|778|24.98876190185547
236|863|19.094148635864258
237|417|30.51885414123535
237|1214|25.558029174804688
238|187|19.730199813842773
238|777|19.73318862915039
239|1047|19.340932846069336
240|137|21.812341690063477
241|1186|19.909269332885742
241|1211|53.97451400756836
243|483|30.136903762817383
243|924|26.051225662231445
244|474|28.663734436035156
244|596|26.248310089111328
246|596|25.962718963623047
246|732|25.8483829498291
246|999|18.980188369750977
246|1187|21.46502685546875
247|947|25.893712997436523
248|473|25.667861938476562
248|1025|36.61482238769531
250|133|18.920726776123047
250|905|24.0012264251709
251|473|22.05557632446289
252|772|27.203039169311523
252|1098|24.48048210144043
253|579|25.564428329467773
253|596|25.268672943115234
253|1046|36.41969299316406
254|750|33.03327560424805
254|1098|18.97905158996582
255|596|23.336166381835938
255|772|49.40613555908203
256|597|34.753639221191406
257|772|42.412418365478516
258|472|41.25911331176758
259|757|22.507421493530273
261|579|20.459360122680664
262|863|25.517772674560547
263|1254|25.820453643798828
264|772|20.96810531616211
265|863|20.009801864624023
265|992|22.06085205078125
268|667|20.91797637939453
269|580|26.898136138916016
269|597|28.93143081665039
269|1254|21.25856590270996
270|602|23.865001678466797
272|750|20.07706642150879
273|1097|25.758991241455078
273|1160|46.499847412109375
274|602|50.8040885925293
279|294|20.591585159301758
281|580|22.923202514648438
281|602|25.22327995300293
282|189|24.032548904418945
282|701|27.40320587158203
283|580|23.040767669677734
284|863|23.415420532226562
285|813|24.327714920043945
285|1097|25.36415672302246
287|947|22.879243850708008
287|999|29.630313873291016
288|581|22.198680877685547
290|511|24.73714256286621
291|863|27.11087417602539
291|905|35.184322357177734
292|999|22.766719818115234
294|195|21.629169464111328
294|582|19.35626983642578
294|599|22.277738571166992
300|582|18.915775299072266
302|863|21.052907943725586
304|773|21.09518814086914
305|599|31.52420997619629
305|750|49.26390075683594
306|667|21.40608787536621
309|863|19.49072265625
316|582|20.126617431640625
320|396|31.30663299560547
320|405|21.91339111328125
332|904|33.0794563293457
335|593|22.11996841430664
336|583|20.364620208740234
338|797|31.779233932495117
339|700|29.1401424407959
340|714|20.344755172729492
341|515|24.963863372802734
341|797|22.16009521484375
342|418|20.744932174682617
342|516|24.27716636657715
344|714|25.205720901489258
345|797|65.60742950439453
346|64|37.92028045654297
349|336|24.245746612548828
350|133|32.02291488647461
353|515|24.763517379760742
355|1072|19.776342391967773
356|230|20.017959594726562
356|781|20.341535568237305
356|807|44.0278434753418
357|960|21.03014373779297
360|396|28.925447463989258
360|904|29.53434181213379
363|757|25.093461990356445
364|14|19.082826614379883
364|88|22.233774185180664
364|113|19.549348831176758
364|187|20.35489273071289
364|286|21.631406784057617
364|385|19.71241569519043
364|708|26.227893829345703
365|903|27.902076721191406
366|333|24.41081428527832
367|715|19.62783432006836
368|517|20.454181671142578
368|1129|42.923553466796875
370|715|39.17990493774414
372|1081|19.674240112304688
374|801|49.200347900390625
375|127|20.898319244384766
378|68|19.95575714111328
378|517|22.63842010498047
378|709|19.19829750061035
378|1177|23.66277313232422
381|801|31.417879104614258
382|68|18.928613662719727
383|800|26.811553955078125
384|715|30.70270347595215
384|781|20.24742889404297
386|45|22.861248016357422
386|70|19.601396560668945
386|144|19.779884338378906
386|168|19.129138946533203
386|243|21.32935905456543
386|342|21.58022117614746
386|464|26.484071731567383
386|516|29.16843032836914
386|638|19.24209213256836
386|824|25.719404220581055
387|517|20.246429443359375
387|825|26.249614715576172
390|810|23.18911361694336
391|709|22.71320152282715
391|809|25.30461883544922
392|781|22.725614547729492
395|225|38.12427520751953
396|62|26.501550674438477
396|207|22.773893356323242
399|763|20.84467315673828
399|1177|19.800554275512695
402|312|27.624008178710938
403|466|20.441682815551758
405|466|20.81770133972168
406|465|21.498727798461914
406|763|26.598249435424805
407|903|21.059720993041992
408|465|21.73983383178711
409|717|21.20414161682129
409|763|18.92945098876953
411|781|19.60503578186035
412|1145|19.957408905029297
418|765|27.877635955810547
425|742|22.9150333404541
433|742|25.669483184814453
437|781|20.94024085998535
439|742|21.463924407958984
454|741|31.63956642150879
460|741|19.210590362548828
465|743|19.891645431518555
468|742|26.227651596069336
469|741|26.884902954101562
470|327|23.488985061645508
477|742|21.380781173706055
484|781|21.778228759765625
485|62|19.248226165771484
487|2|19.7342586517334
488|211|24.326425552368164
494|271|20.497560501098633
497|271|19.17756462097168
516|464|19.613624572753906
536|764|20.516393661499023
547|763|20.375988006591797
565|207|19.151121139526367
587|763|21.097820281982422
592|764|18.971466064453125
597|764|19.034564971923828
600|764|20.710857391357422
627|327|24.374439239501953
665|212|23.6317081451416
665|741|19.467639923095703