Thunder
Gabry Ponte, LUM!X, Prezioso

EDM
thunder
2049x1292
3344

5|38|20.70723533630371
7|32|48.42204666137695
7|42|107.66851806640625
7|48|58.13339614868164
7|54|77.26101684570312
7|60|35.013031005859375
7|63|31.45679473876953
7|343|39.76563262939453
7|346|29.341358184814453
7|419|51.13837432861328
7|422|38.41930389404297
7|458|44.31348419189453
7|460|31.485815048217773
7|477|43.703590393066406
7|480|50.69158935546875
7|486|42.708370208740234
7|496|44.32010269165039
7|503|22.005916595458984
7|534|41.2433967590332
7|572|46.70846176147461
7|575|37.097713470458984
8|36|184.7941131591797
8|41|111.19706726074219
8|43|118.65013885498047
8|50|51.419769287109375
8|53|71.6185531616211
8|68|35.58913040161133
8|78|94.32776641845703
8|92|104.92093658447266
8|96|82.5030288696289
8|99|87.61140441894531
8|104|108.46408081054688
8|344|42.314735412597656
8|348|28.615917205810547
8|381|97.67457580566406
8|385|99.30679321289062
8|388|91.10839080810547
8|416|74.87264251708984
8|421|52.495513916015625
8|425|29.692758560180664
8|428|19.533885955810547
8|459|46.87151336669922
8|463|26.687164306640625
8|475|32.45244598388672
8|497|48.86384201049805
8|502|27.834369659423828
8|504|20.74974822998047
8|536|77.90837097167969
8|539|51.308982849121094
8|543|41.42831039428711
8|574|54.060394287109375
8|578|31.05475425720215
8|627|40.78117370605469
8|783|20.2689208984375
9|46|85.34999084472656
9|74|92.12909698486328
9|77|91.85989379882812
9|84|85.13844299316406
9|87|87.51598358154297
9|95|87.35468292236328
9|98|83.74006652832031
9|108|108.64518737792969
9|231|81.94811248779297
9|234|78.72439575195312
9|237|80.3443832397461
9|252|85.46891021728516
9|260|105.21165466308594
9|384|95.6258316040039
9|393|101.90077209472656
9|397|75.1960678100586
9|401|75.70249938964844
9|406|80.0775375366211
9|409|73.01518249511719
9|412|93.1576156616211
9|417|84.94747161865234
9|571|25.181163787841797
9|781|20.321842193603516
9|789|55.42550277709961
9|798|62.04960632324219
9|939|58.9896125793457
9|1091|110.38871002197266
9|1095|51.279205322265625
10|30|28.059057235717773
10|45|95.41085052490234
10|48|109.67198944091797
10|73|103.69391632080078
10|171|89.99604797363281
10|180|106.31149291992188
10|185|99.99559783935547
10|188|96.41519165039062
10|226|77.57357025146484
10|265|52.2806282043457
10|325|89.91751098632812
10|330|86.61811828613281
10|339|97.68726348876953
10|422|23.332178115844727
10|478|80.02397155761719
10|483|109.50643157958984
10|486|85.18467712402344
10|488|91.04952239990234
10|492|94.74115753173828
10|565|26.482084274291992
10|575|22.701364517211914
10|622|42.62968826293945
10|650|184.0866241455078
10|654|60.125789642333984
10|659|203.68125915527344
10|664|64.51050567626953
10|669|199.7255096435547
10|683|62.27105712890625
10|688|199.12387084960938
10|707|194.53411865234375
10|717|192.22105407714844
10|722|106.50476837158203
10|726|200.7913818359375
10|736|196.87612915039062
10|755|208.43316650390625
10|774|193.3653106689453
10|786|55.778629302978516
10|796|57.782047271728516
10|803|187.87484741210938
10|808|57.24405288696289
10|817|62.91872024536133
10|822|196.59523010253906
10|827|58.947288513183594
10|836|59.36737823486328
10|841|198.29412841796875
10|860|190.24722290039062
10|870|191.50369262695312
10|875|105.24597930908203
10|889|193.32997131347656
10|908|195.2650604248047
10|918|174.75750732421875
10|927|191.88235473632812
10|942|48.92277526855469
10|956|172.3934326171875
10|961|54.05073165893555
10|970|55.31835174560547
10|975|191.90390014648438
10|980|55.04867172241211
10|994|189.60031127929688
10|1004|167.02688598632812
10|1023|183.965087890625
10|1028|108.60368347167969
10|1042|184.23312377929688
10|1061|186.73922729492188
10|1071|175.344482421875
10|1080|178.14173889160156
10|1090|165.13995361328125
10|1109|176.7708282470703
10|1114|53.74131393432617
10|1128|186.9187469482422
10|1133|53.985084533691406
10|1138|168.24546813964844
10|1147|178.78536987304688
10|1157|173.83738708496094
10|1176|188.79550170898438
10|1181|102.95685577392578
10|1195|175.10617065429688
10|1205|170.47830200195312
10|1214|181.8538055419922
10|1224|168.40594482421875
10|1237|51.7263298034668
10|1262|176.9434814453125
10|1267|49.641326904296875
10|1272|154.25527954101562
10|1281|172.80795288085938
10|1286|51.60844802856445
10|1291|158.31167602539062
11|31|27.75507354736328
11|39|137.82235717773438
11|44|90.93061065673828
11|52|107.24097442626953
11|61|115.69813537597656
11|67|106.02417755126953
11|70|97.72978973388672
11|79|31.377918243408203
11|112|69.07827758789062
11|169|68.96578979492188
11|190|89.7117919921875
11|199|55.67882537841797
11|212|121.36470794677734
11|217|131.44894409179688
11|221|117.67344665527344
11|224|112.51297760009766
11|322|80.84300994873047
11|342|82.55846405029297
11|346|85.55414581298828
11|351|100.23898315429688
11|355|102.91681671142578
11|364|56.96015167236328
11|378|101.59637451171875
11|397|20.297428131103516
11|498|135.802001953125
11|505|106.16258239746094
11|510|84.45906829833984
11|519|57.44847869873047
11|530|88.25328826904297
11|532|94.95849609375
11|620|48.581581115722656
11|649|221.1145477294922
11|652|76.57835388183594
11|655|60.20417785644531
11|662|74.99369812011719
11|665|61.37902069091797
11|668|233.6169891357422
11|671|71.2413330078125
11|674|61.004539489746094
11|678|205.7019805908203
11|681|72.02397918701172
11|684|60.96641540527344
11|687|216.54747009277344
11|697|221.4020538330078
11|706|202.69589233398438
11|716|228.37127685546875
11|725|196.95071411132812
11|735|223.5548858642578
11|745|198.81838989257812
11|754|227.69895935058594
11|764|212.59947204589844
11|773|199.2298583984375
11|802|216.39608764648438
11|812|195.0753936767578
11|815|72.47367095947266
11|818|63.352657318115234
11|821|214.42800903320312
11|831|203.209716796875
11|834|69.84718322753906
11|837|62.367767333984375
11|840|203.65162658691406
11|850|220.2674102783203
11|859|184.79824829101562
11|869|215.96554565429688
11|874|101.57923126220703
11|879|197.2759246826172
11|888|209.2043914794922
11|898|203.8773651123047
11|907|204.35313415527344
11|917|208.3028564453125
11|926|182.676025390625
11|929|62.08843994140625
11|955|196.52450561523438
11|965|193.77247619628906
11|968|63.38917541503906
11|971|58.5947380065918
11|974|195.65196228027344
11|978|62.476131439208984
11|984|197.1697540283203
11|987|66.57147979736328
11|990|55.85298538208008
11|993|183.2240753173828
11|1003|199.07411193847656
11|1013|181.9536590576172
11|1022|199.87261962890625
11|1027|102.82612609863281
11|1032|196.51292419433594
11|1041|191.89419555664062
11|1051|200.9047393798828
11|1060|185.27346801757812
11|1070|204.2444305419922
11|1082|61.72049331665039
11|1089|192.16065979003906
11|1099|183.08624267578125
11|1108|187.8319854736328
11|1118|195.46517944335938
11|1121|65.09977722167969
11|1124|56.684696197509766
11|1127|181.76657104492188
11|1131|62.30129623413086
11|1137|194.10321044921875
11|1140|61.96901321411133
11|1143|54.900150299072266
11|1156|192.79994201660156
11|1166|186.11318969726562
11|1175|191.97518920898438
11|1180|93.77762603759766
11|1185|197.91177368164062
11|1194|177.42324829101562
11|1204|196.72129821777344
11|1223|193.7209930419922
11|1230|119.69901275634766
11|1261|175.05210876464844
11|1265|58.45620346069336
11|1271|184.67666625976562
11|1274|61.78352737426758
11|1277|49.26398849487305
11|1284|64.43460845947266
11|1287|50.33154296875
11|1290|188.84878540039062
12|22|20.530710220336914
12|26|44.97213363647461
12|28|44.394962310791016
12|152|90.47450256347656
12|159|85.52376556396484
12|166|93.40402221679688
12|304|92.7254867553711
12|313|91.0142822265625
12|316|93.95918273925781
12|321|96.21480560302734
12|341|48.700199127197266
12|398|29.858022689819336
12|415|26.917213439941406
12|418|79.7356185913086
12|457|91.6146240234375
12|460|84.86150360107422
12|466|95.87068176269531
12|472|93.73406219482422
12|482|21.73469352722168
12|484|32.39178466796875
12|551|25.394845962524414
12|569|28.35431480407715
12|571|32.9866828918457
12|618|50.99336624145508
12|648|185.37838745117188
12|658|195.80191040039062
12|667|179.36117553710938
12|677|197.60751342773438
12|696|197.96029663085938
12|715|186.9049835205078
12|720|103.44874572753906
12|734|172.5018768310547
12|744|193.97422790527344
12|763|192.7529296875
12|767|75.76284790039062
12|776|69.13304138183594
12|780|54.26461410522461
12|801|167.5790557861328
12|811|187.9124298095703
12|830|180.2053680419922
12|849|183.36582946777344
12|868|164.450927734375
12|873|102.66474151611328
12|878|189.7581024169922
12|897|187.87290954589844
12|916|174.4665985107422
12|920|78.64059448242188
12|923|57.142921447753906
12|930|68.24273681640625
12|933|58.4474983215332
12|951|156.77716064453125
12|964|172.81045532226562
12|983|165.2203826904297
12|1002|162.74322509765625
12|1012|180.29176330566406
12|1026|99.40234375
12|1031|181.63148498535156
12|1050|173.83387756347656
12|1069|163.46347045898438
12|1073|70.34969329833984
12|1076|57.35550308227539
12|1079|173.47569274902344
12|1083|64.88330078125
12|1098|167.4368896484375
12|1104|149.33636474609375
12|1117|167.1968231201172
12|1136|153.21664428710938
12|1146|175.17843627929688
12|1165|172.12655639648438
12|1179|94.63372039794922
12|1184|168.96347045898438
12|1203|158.619384765625
12|1213|179.13058471679688
12|1229|141.94813537597656
12|1257|25.788591384887695
12|1270|148.7583465576172
12|1280|168.46885681152344
13|23|20.827367782592773
13|29|46.72658157348633
13|35|68.82202911376953
13|46|25.8970890045166
13|123|119.68367767333984
13|138|81.68801879882812
13|142|85.43635559082031
13|148|102.68001556396484
13|273|118.72373962402344
13|284|77.0452651977539
13|287|77.40351104736328
13|291|75.26264190673828
13|301|117.29273223876953
13|380|31.130552291870117
13|399|24.046897888183594
13|414|27.1176700592041
13|422|88.18500518798828
13|425|78.8389892578125
13|429|106.02658081054688
13|434|85.02279663085938
13|439|87.3564682006836
13|445|93.40796661376953
13|448|88.42132568359375
13|455|83.6162338256836
13|476|35.046939849853516
13|494|42.01758575439453
13|513|20.009681701660156
13|567|25.43876838684082
13|570|36.885257720947266
13|577|19.678998947143555
13|617|59.21389389038086
13|657|146.45904541015625
13|686|160.65443420410156
13|705|152.4186553955078
13|719|104.51009368896484
13|724|147.95352172851562
13|729|72.73973083496094
13|731|52.737606048583984
13|738|71.62531280517578
13|741|60.90237045288086
13|748|71.47798919677734
13|753|165.40081787109375
13|757|74.26273345947266
13|760|67.08196258544922
13|769|54.518798828125
13|772|149.61788940429688
13|820|159.48243713378906
13|839|151.75669860839844
13|858|137.06396484375
13|872|102.04364013671875
13|882|68.2057876586914
13|885|52.14958190917969
13|891|67.32275390625
13|894|58.22117614746094
13|901|70.34305572509766
13|904|61.73849105834961
13|906|144.65438842773438
13|910|67.44453430175781
13|913|60.92381286621094
13|922|49.871742248535156
13|925|135.52655029296875
13|932|52.36996841430664
13|954|148.70706176757812
13|973|146.2132110595703
13|992|134.34934997558594
13|1025|101.0866470336914
13|1035|68.79776000976562
13|1038|53.15000915527344
13|1040|138.96127319335938
13|1044|59.789852142333984
13|1047|54.8764533996582
13|1054|64.8692398071289
13|1057|61.209808349609375
13|1059|131.66270446777344
13|1064|64.5635757446289
13|1066|52.130611419677734
13|1075|49.19103240966797
13|1085|50.4302978515625
13|1107|144.0697479248047
13|1126|133.81472778320312
13|1155|142.1407012939453
13|1174|135.141357421875
13|1178|93.4697265625
13|1188|66.09683990478516
13|1191|56.229034423828125
13|1193|127.25350952148438
13|1198|61.562862396240234
13|1200|50.53188705444336
13|1207|61.95167541503906
13|1210|57.01105880737305
13|1217|65.83396911621094
13|1222|138.84124755859375
13|1235|95.94995880126953
13|1245|28.1682071685791
13|1260|131.69651794433594
14|22|21.01818084716797
14|30|44.502464294433594
14|41|19.768781661987305
14|47|25.947023391723633
14|415|18.931703567504883
14|479|18.846874237060547
14|492|23.928997039794922
14|569|21.34844970703125
14|616|59.80084228515625
14|718|103.5564956665039
14|730|46.81113815307617
14|740|49.616024017333984
14|759|53.80342483520508
14|871|94.24312591552734
14|893|48.57670974731445
14|896|110.96483612060547
14|903|49.00039291381836
14|912|47.67158126831055
14|963|103.13094329833984
14|1024|90.3658676147461
14|1030|112.84943389892578
14|1037|43.45224380493164
14|1046|46.329471588134766
14|1056|47.36748123168945
14|1065|42.70010757446289
14|1177|79.10991668701172
14|1183|101.78880310058594
14|1190|44.19235610961914
14|1199|43.01515579223633
14|1209|43.67707824707031
14|1244|32.860801696777344
14|1248|24.032228469848633
15|393|19.557554244995117
15|414|26.702430725097656
15|475|26.58700942993164
15|486|30.648012161254883
15|603|19.05078125
15|615|58.24282455444336
15|643|44.23252868652344
15|717|74.08177947998047
15|870|67.10066223144531
15|944|21.401342391967773
15|1247|23.341920852661133
15|1255|21.324243545532227
16|24|20.78822135925293
16|27|33.47669219970703
16|44|27.61284637451172
16|408|25.787168502807617
16|423|23.479595184326172
16|458|19.580081939697266
16|474|19.124937057495117
16|484|21.868440628051758
16|488|21.057466506958008
16|499|26.01485824584961
16|511|22.578033447265625
16|516|19.78571128845215
16|560|19.859519958496094
16|566|35.209228515625
16|576|25.589574813842773
16|614|59.75422286987305
16|642|51.68568801879883
16|935|32.03840637207031
16|1241|48.3105583190918
16|1251|30.634096145629883
16|1256|25.36141586303711
17|28|30.97307586669922
17|34|42.776390075683594
17|81|61.03211975097656
17|88|34.59619140625
17|96|70.61988067626953
17|105|64.14400482177734
17|242|100.39097595214844
17|250|40.75431823730469
17|258|54.22312545776367
17|263|50.96799850463867
17|345|22.10637855529785
17|351|22.728168487548828
17|360|28.493064880371094
17|381|49.60051727294922
17|388|68.37342071533203
17|396|27.973003387451172
17|400|73.91810607910156
17|402|76.71454620361328
17|413|49.2702522277832
17|422|26.931907653808594
17|439|22.19684600830078
17|455|21.81771469116211
17|461|19.848920822143555
17|483|24.638853073120117
17|491|33.45458221435547
17|534|58.39463806152344
17|541|20.68305778503418
17|551|102.37350463867188
17|557|32.96902084350586
17|563|31.407798767089844
17|565|33.08408737182617
17|569|38.21190643310547
17|575|26.04152488708496
17|592|20.28797149658203
17|613|59.763118743896484
17|641|42.68273162841797
17|690|75.89635467529297
17|693|62.071353912353516
17|695|67.55555725097656
17|700|75.35899353027344
17|703|62.9584846496582
17|709|71.70655822753906
17|714|66.30453491210938
17|788|27.90648651123047
17|790|26.5922794342041
17|843|74.33934783935547
17|846|54.55808639526367
17|848|61.859703063964844
17|853|73.36642456054688
17|856|63.04042053222656
17|862|65.80209350585938
17|936|46.71783447265625
17|943|28.112319946289062
17|996|69.09583282470703
17|1001|55.892677307128906
17|1006|66.43046569824219
17|1009|62.52639389038086
17|1016|62.32660675048828
17|1019|56.046546936035156
17|1088|74.916259765625
17|1094|27.632707595825195
17|1150|63.937286376953125
17|1153|55.32684326171875
17|1159|63.37424087524414
17|1162|57.319480895996094
17|1164|62.6629638671875
17|1169|63.840660095214844
17|1172|56.27997970581055
17|1202|52.11899948120117
17|1224|30.893156051635742
17|1228|67.28490447998047
17|1235|52.1557731628418
17|1252|33.58643341064453
17|1257|30.330541610717773
18|32|49.842891693115234
18|91|26.977388381958008
18|227|51.20393371582031
18|344|22.28671646118164
18|361|34.92261505126953
18|374|21.393075942993164
18|393|21.23891830444336
18|416|38.4713134765625
18|425|21.22210693359375
18|438|32.849491119384766
18|469|19.961763381958008
18|476|44.906593322753906
18|501|20.584575653076172
18|514|32.872947692871094
18|533|53.06455993652344
18|562|25.692869186401367
18|578|23.1346378326416
18|591|31.24293327331543
18|597|19.03699493408203
18|612|57.504844665527344
18|640|30.9376163482666
18|666|63.18473434448242
18|676|66.60641479492188
18|702|52.428367614746094
18|733|61.07845687866211
18|762|64.19407653808594
18|782|45.59008026123047
18|810|59.32534408569336
18|829|61.00215148925781
18|855|50.46946716308594
18|865|53.28826904296875
18|867|60.468509674072266
18|886|47.8803825378418
18|937|40.24236297607422
18|963|59.165977478027344
18|999|48.24483871459961
18|1018|49.217952728271484
18|1030|64.13506317138672
18|1068|56.23652267456055
18|1103|51.36982727050781
18|1116|51.7940673828125
18|1145|58.76249694824219
18|1152|49.287418365478516
18|1154|53.92325210571289
18|1171|46.949012756347656
18|1222|51.93236541748047
18|1279|57.24604034423828
19|27|47.376285552978516
19|172|76.55804443359375
19|180|19.891592025756836
19|187|55.06251525878906
19|335|48.2586784362793
19|339|33.01469039916992
19|342|32.70964050292969
19|354|23.201602935791016
19|362|25.6367130279541
19|371|28.681581497192383
19|394|24.907154083251953
19|417|26.914196014404297
19|420|31.85359001159668
19|428|19.858640670776367
19|468|27.355701446533203
19|471|19.27363395690918
19|479|54.399654388427734
19|483|38.415191650390625
19|487|44.90470504760742
19|493|47.17417907714844
19|496|34.077388763427734
19|505|19.8540096282959
19|508|25.326099395751953
19|515|25.552799224853516
19|573|30.800533294677734
19|581|23.03925132751465
19|585|19.249284744262695
19|685|58.851409912109375
19|786|60.133689880371094
19|789|42.79343032836914
19|795|44.249046325683594
19|800|65.6761474609375
19|819|58.307106018066406
19|887|47.50813674926758
19|942|40.631656646728516
19|982|56.27574920654297
19|1092|60.90567398071289
19|1101|39.3811149597168
19|1135|53.176902770996094
19|1225|20.82464027404785
19|1251|33.68244171142578
19|1254|24.68094253540039
19|1257|22.143030166625977
19|1269|53.38288879394531
19|1288|49.93028259277344
20|35|71.77783966064453
20|323|33.0720100402832
20|341|30.012954711914062
20|344|26.204755783081055
20|381|27.759902954101562
20|383|30.511959075927734
20|408|20.33060073852539
20|412|30.746685028076172
20|421|31.579404830932617
20|432|20.076011657714844
20|439|20.217172622680664
20|457|33.1905403137207
20|491|34.80683517456055
20|494|52.806785583496094
20|497|38.392555236816406
20|533|37.14862823486328
20|535|26.328521728515625
20|565|25.95395278930664
20|574|29.302072525024414
20|611|53.15773010253906
20|633|28.026514053344727
20|639|25.99151611328125
20|787|43.12500762939453
20|796|41.80889129638672
20|877|64.15647888183594
20|919|23.008867263793945
20|939|41.90381622314453
20|1028|39.45429229736328
20|1059|53.554439544677734
20|1078|54.79633331298828
20|1093|44.594871520996094
20|1097|62.78415298461914
20|1181|37.0560302734375
20|1183|62.488643646240234
20|1228|68.38788604736328
20|1241|40.600521087646484
20|1244|59.75788497924805
20|1247|49.12664031982422
21|225|42.25114440917969
21|265|18.76030921936035
21|322|23.440210342407227
21|361|25.118587493896484
21|374|43.55867385864258
21|378|27.692516326904297
21|380|28.059480667114258
21|417|41.659324645996094
21|456|24.567232131958008
21|475|21.817636489868164
21|530|59.12205505371094
21|607|25.102157592773438
21|610|54.004085540771484
21|647|73.95378112792969
21|657|59.321693420410156
21|676|63.40752410888672
21|695|66.27711486816406
21|704|60.18297576904297
21|714|67.13968658447266
21|721|41.01341247558594
21|724|64.69511413574219
21|743|59.507476806640625
21|804|49.643882751464844
21|810|57.16876220703125
21|833|52.153194427490234
21|848|60.67784118652344
21|858|57.84006118774414
21|867|63.05303955078125
21|874|37.649253845214844
21|896|59.18507385253906
21|925|52.870582580566406
21|957|34.855552673339844
21|967|49.654624938964844
21|992|54.69905090332031
21|1001|57.82695770263672
21|1011|60.262786865234375
21|1020|58.413150787353516
21|1027|37.69160461425781
21|1068|57.45919418334961
21|1103|52.19700622558594
21|1126|50.819007873535156
21|1139|46.822288513183594
21|1154|59.35951614379883
21|1164|58.911155700683594
21|1173|55.79697036743164
21|1180|30.635387420654297
21|1212|52.22556686401367
21|1234|65.31486511230469
21|1240|41.25824737548828
21|1279|54.7310791015625
22|48|87.98104858398438
22|54|24.92286491394043
22|58|31.122840881347656
22|67|76.8062744140625
22|196|64.0333023071289
22|200|25.284679412841797
22|205|47.446109771728516
22|219|53.49203872680664
22|342|26.880512237548828
22|347|47.454551696777344
22|353|67.83811950683594
22|367|66.03109741210938
22|373|45.414939880371094
22|399|19.38325309753418
22|407|19.871618270874023
22|414|32.708465576171875
22|455|19.41672134399414
22|496|55.759071350097656
22|502|54.953094482421875
22|507|20.83695411682129
22|513|66.8379898071289
22|515|73.63358306884766
22|520|34.288719177246094
22|524|30.374099731445312
22|529|49.153228759765625
22|564|30.708826065063477
22|567|36.02762222290039
22|570|33.0667610168457
22|651|56.21108627319336
22|656|69.19877624511719
22|661|51.82075500488281
22|666|74.81517028808594
22|670|49.358367919921875
22|675|64.43437194824219
22|680|55.357730865478516
22|685|75.29147338867188
22|733|63.602481842041016
22|752|64.1813735961914
22|762|63.28364181518555
22|771|58.26069259643555
22|785|40.63291549682617
22|794|57.373416900634766
22|800|63.54951477050781
22|809|60.27128219604492
22|814|50.628211975097656
22|819|72.2274398803711
22|824|50.24045181274414
22|829|62.138851165771484
22|838|73.58464050292969
22|886|57.40156936645508
22|905|57.07878875732422
22|915|64.0828628540039
22|924|47.98768615722656
22|938|43.39958572387695
22|953|61.74174118041992
22|963|57.03839874267578
22|972|68.0675277709961
22|977|49.84667205810547
22|982|59.890846252441406
22|986|48.863704681396484
22|991|66.33161163330078
22|1030|64.16764831542969
22|1039|54.166839599609375
22|1049|59.23122024536133
22|1058|50.13283157348633
22|1091|33.73827362060547
22|1101|47.324214935302734
22|1106|57.15805435180664
22|1111|45.23155212402344
22|1116|60.49669647216797
22|1120|45.06674575805664
22|1125|63.5504150390625
22|1130|46.79231262207031
22|1135|60.115257263183594
22|1144|63.13130569458008
22|1183|61.17000198364258
22|1192|49.73838424682617
22|1202|58.49232864379883
22|1221|67.91085052490234
22|1257|46.07187271118164
22|1259|55.08376693725586
22|1264|43.86724853515625
22|1269|59.8416633605957
22|1273|41.965118408203125
22|1278|58.41119384765625
22|1283|47.618900299072266
22|1288|62.387298583984375
23|33|34.391910552978516
23|478|18.961772918701172
23|481|20.821372985839844
23|573|21.980968475341797
23|609|65.22660827636719
23|631|47.33559799194336
23|663|36.43768310546875
23|682|34.84891128540039
23|720|40.94744110107422
23|784|37.42205047607422
23|816|34.631446838378906
23|835|32.93580627441406
23|873|38.60841751098633
23|934|26.874008178710938
23|947|43.93967819213867
23|950|45.554325103759766
23|969|29.293521881103516
23|979|33.98526382446289
23|1026|32.48969650268555
23|1087|63.217430114746094
23|1113|29.2962646484375
23|1122|29.415302276611328
23|1132|31.595182418823242
23|1228|52.37118911743164
23|1240|41.002037048339844
23|1250|40.853187561035156
23|1254|32.87950134277344
23|1266|29.57001495361328
23|1285|28.252904891967773
24|155|27.162694931030273
24|162|67.13868713378906
24|304|55.74812316894531
24|309|27.453224182128906
24|315|40.110469818115234
24|320|52.48316192626953
24|341|30.71427345275879
24|380|19.927865982055664
24|411|25.908058166503906
24|418|28.050945281982422
24|463|58.22265625
24|472|41.3505744934082
24|485|23.211973190307617
24|495|31.330533981323242
24|533|19.153186798095703
24|568|28.428009033203125
24|571|51.87506866455078
24|608|50.97102737426758
24|746|27.24407386779785
24|766|55.28850173950195
24|769|51.624507904052734
24|771|52.473419189453125
24|776|50.31096267700195
24|779|42.51474380493164
24|919|48.58671569824219
24|922|50.66704177856445
24|924|50.02253723144531
24|929|50.68128967285156
24|991|42.4591064453125
24|1072|51.60023880004883
24|1077|48.50442886352539
24|1082|48.855674743652344
24|1097|45.316810607910156
24|1103|50.088783264160156
24|1125|41.539608001708984
24|1179|31.39531135559082
24|1227|54.03956604003906
24|1244|30.067140579223633
25|113|33.767513275146484
25|303|52.647911071777344
25|310|29.34575653076172
25|410|29.592945098876953
25|415|29.668996810913086
25|456|33.52336120605469
25|473|46.27497100830078
25|572|37.485713958740234
25|579|24.037616729736328
25|632|29.138839721679688
25|647|56.39886474609375
25|704|44.6811637878418
25|719|38.97206115722656
25|728|42.94684600830078
25|731|44.587188720703125
25|737|39.167022705078125
25|740|40.723960876464844
25|747|39.274932861328125
25|756|42.89217758178711
25|872|36.1282958984375
25|881|41.0168571472168
25|886|46.05453109741211
25|893|39.16373062133789
25|900|38.46061325073242
25|932|40.01802062988281
25|938|22.12130355834961
25|1010|38.19916534423828
25|1025|36.24837112426758
25|1034|40.79423141479492
25|1053|34.59568786621094
25|1068|46.459556579589844
25|1187|39.78419876098633
25|1190|38.37623596191406
25|1197|36.29627990722656
25|1209|40.22435760498047
25|1216|42.10689163208008
25|1243|28.568464279174805
25|1259|45.09830093383789
26|74|29.41200065612793
26|83|32.764713287353516
26|89|30.286977767944336
26|99|41.166603088378906
26|106|32.378395080566406
26|109|33.10529327392578
26|117|65.9343032836914
26|128|50.39483642578125
26|134|48.83424377441406
26|144|69.06791687011719
26|228|27.260961532592773
26|237|49.66984558105469
26|247|35.71316909790039
26|252|38.78507614135742
26|263|47.04939651489258
26|266|54.59417724609375
26|277|62.937007904052734
26|282|26.69215202331543
26|286|44.02169418334961
26|293|54.68919372558594
26|302|47.83488845825195
26|384|37.2035026550293
26|391|50.03879928588867
26|402|39.376155853271484
26|409|29.893075942993164
26|416|29.083276748657227
26|425|75.42989349365234
26|430|27.975793838500977
26|435|50.26863098144531
26|441|47.410762786865234
26|446|36.094966888427734
26|451|66.9633560180664
26|476|21.923242568969727
26|539|46.31072235107422
26|547|34.45984649658203
26|550|40.62445068359375
26|556|19.465179443359375
26|560|31.37541961669922
26|565|59.936737060546875
26|573|41.36734390258789
26|578|34.54646301269531
26|583|49.888145446777344
26|589|18.862323760986328
26|643|30.64073371887207
26|732|46.969905853271484
26|738|39.07404327392578
26|742|47.64152908325195
26|751|51.63152313232422
26|757|45.391754150390625
26|761|48.386653900146484
26|768|26.511003494262695
26|778|21.639490127563477
26|884|46.24681091308594
26|891|39.09611892700195
26|895|46.24363327026367
26|904|49.75453567504883
26|910|42.9292106628418
26|914|52.751766204833984
26|921|27.065866470336914
26|931|22.821456909179688
26|953|40.3338623046875
26|1039|45.4826774597168
26|1044|38.55826187133789
26|1048|44.21940612792969
26|1054|32.37846374511719
26|1058|48.75136947631836
26|1063|40.159202575683594
26|1066|46.5120735168457
26|1074|22.021514892578125
26|1178|33.740352630615234
26|1192|45.676177978515625
26|1201|42.520713806152344
26|1207|34.74742126464844
26|1211|48.674156188964844
26|1219|44.63209533691406
26|1221|45.13546371459961
26|1240|38.47807693481445
26|1247|34.45615768432617
26|1254|32.72671127319336
27|342|25.431137084960938
27|380|33.20944595336914
27|412|28.557775497436523
27|485|23.25355339050293
27|533|38.87139892578125
27|572|26.953861236572266
27|718|34.74456024169922
27|749|27.394556045532227
27|758|28.288911819458008
27|883|27.403587341308594
27|902|26.6007080078125
27|934|18.994606018066406
27|1036|27.125761032104492
27|1055|27.612567901611328
27|1065|29.839946746826172
27|1087|38.43437194824219
27|1106|36.69988250732422
27|1189|19.607921600341797
27|1199|24.777000427246094
27|1208|25.035680770874023
27|1218|26.666213989257812
27|1227|26.560443878173828
27|1244|34.953216552734375
27|1256|29.269519805908203
28|73|21.90131187438965
28|341|23.001028060913086
28|411|25.07468032836914
28|418|31.993671417236328
28|456|29.50779914855957
28|475|26.14356231689453
28|483|29.813608169555664
28|495|26.726285934448242
28|631|28.92215347290039
28|637|24.301403045654297
28|771|31.25410270690918
28|871|36.599605560302734
28|876|34.15757369995117
28|924|27.235374450683594
28|1024|29.375940322875977
28|1077|28.208036422729492
28|1177|33.91761016845703
28|1183|31.162694931030273
28|1243|28.683307647705078
29|179|35.69904708862305
29|182|38.347713470458984
29|327|31.439266204833984
29|331|30.14519500732422
29|480|53.80809783935547
29|489|35.32022476196289
29|491|32.051063537597656
29|675|28.219114303588867
29|723|43.08987808227539
29|752|30.402557373046875
29|785|23.908489227294922
29|788|24.327001571655273
29|794|27.322040557861328
29|797|20.344562530517578
29|828|23.23622703552246
29|905|26.445140838623047
29|938|24.689247131347656
29|1029|31.494304656982422
29|1039|26.093814849853516
29|1068|29.226978302001953
29|1094|23.930620193481445
29|1102|24.927658081054688
29|1192|22.263330459594727
29|1202|25.477863311767578
29|1221|32.06026077270508
30|73|20.615398406982422
30|170|18.944726943969727
30|187|19.986143112182617
30|226|19.839956283569336
30|340|33.5997314453125
30|494|28.101070404052734
30|717|26.089351654052734
30|742|27.50217056274414
30|796|18.94648551940918
30|886|28.50466537475586
30|895|23.233808517456055
30|1023|23.043298721313477
30|1058|26.37139892578125
30|1091|19.601200103759766
30|1097|23.726322174072266
30|1211|24.13018798828125
30|1240|24.225177764892578
30|1250|19.51449966430664
30|1256|37.32997512817383
30|1259|24.14862823486328
31|169|18.95208168029785
31|564|18.84652328491211
31|656|25.598522186279297
31|675|26.058067321777344
31|791|21.097625732421875
31|809|24.2879695892334
31|828|22.33005714416504
31|953|24.577627182006836
31|972|27.362096786499023
31|981|22.602781295776367
31|1103|21.703617095947266
31|1115|19.49250602722168
31|1144|24.545242309570312
31|1241|27.081539154052734
31|1243|20.619047164916992
31|1247|26.206693649291992
32|51|40.426353454589844
32|60|33.497501373291016
32|64|30.457420349121094
32|72|32.763038635253906
32|192|43.04085922241211
32|204|27.40293312072754
32|222|30.422164916992188
32|224|26.99905014038086
32|343|20.93635368347168
32|362|40.903926849365234
32|371|21.42563819885254
32|414|19.688297271728516
32|485|22.442604064941406
32|495|30.191219329833984
32|629|33.54742431640625
32|651|37.7524299621582
32|660|33.40071105957031
32|664|36.567787170410156
32|670|37.08816146850586
32|679|34.93474578857422
32|804|34.37827682495117
32|807|33.23097229003906
32|813|33.18656539916992
32|817|31.759395599365234
32|823|34.07375717163086
32|833|34.595577239990234
32|836|38.86375427246094
32|857|22.299095153808594
32|935|31.857864379882812
32|957|36.60383987426758
32|960|34.25129318237305
32|966|26.805938720703125
32|970|41.440521240234375
32|976|32.444801330566406
32|979|34.23137664794922
32|986|32.259098052978516
32|989|32.03013229370117
32|1110|30.565622329711914
32|1120|29.269365310668945
32|1123|35.57541275024414
32|1129|34.054649353027344
32|1133|26.00472068786621
32|1139|33.544891357421875
32|1221|27.215726852416992
32|1246|24.583200454711914
32|1252|18.940080642700195
32|1263|31.182476043701172
32|1266|28.562206268310547
32|1273|33.009254455566406
32|1282|32.37559127807617
32|1286|30.251447677612305
32|1291|20.25704574584961
33|44|37.11393737792969
33|59|36.05607223510742
33|200|29.928974151611328
33|213|22.576045989990234
33|221|32.311622619628906
33|350|22.59121322631836
33|354|35.465660095214844
33|367|19.61986541748047
33|370|23.38092613220215
33|375|36.9771728515625
33|503|20.223697662353516
33|511|27.768892288208008
33|516|32.45003128051758
33|525|35.28580093383789
33|628|32.65947341918945
33|638|29.221858978271484
33|646|28.01127815246582
33|654|36.1661262512207
33|663|35.29261016845703
33|673|30.9034423828125
33|683|36.128902435302734
33|694|28.27517318725586
33|781|19.968690872192383
33|826|32.6732292175293
33|845|31.288984298706055
33|864|26.16556167602539
33|944|23.071691513061523
33|967|28.072586059570312
33|1010|25.4292049407959
33|1113|32.166664123535156
33|1132|27.233463287353516
33|1142|34.39099884033203
33|1259|23.580183029174805
33|1276|29.119840621948242
33|1285|29.893802642822266
34|80|19.731786727905273
34|88|26.028257369995117
34|91|19.450218200683594
34|100|25.772367477416992
34|233|28.88875961303711
34|241|21.16313934326172
34|254|23.177215576171875
34|387|28.4081974029541
34|395|24.35966682434082
34|407|38.78692626953125
34|415|23.10841178894043
34|533|22.946733474731445
34|541|39.18267822265625
34|549|24.156822204589844
34|561|24.789480209350586
34|569|21.706851959228516
34|634|29.763370513916016
34|685|19.670623779296875
34|689|54.88180160522461
34|693|41.420467376708984
34|699|60.36415481567383
34|702|42.544532775878906
34|709|56.267425537109375
34|712|51.52521514892578
34|842|53.102630615234375
34|846|43.81150436401367
34|852|58.02054214477539
34|855|50.45270919799805
34|862|50.4412727355957
34|865|38.18156814575195
34|941|27.59755516052246
34|950|28.887447357177734
34|962|20.080135345458984
34|996|54.796302795410156
34|999|48.76610565185547
34|1005|48.9924201965332
34|1009|35.985321044921875
34|1015|55.24314498901367
34|1018|44.12576675415039
34|1144|19.163476943969727
34|1149|50.61771011352539
34|1152|37.01546859741211
34|1158|51.58824157714844
34|1162|39.58678436279297
34|1168|51.06843566894531
34|1171|49.85844421386719
34|1243|21.560653686523438
34|1247|27.607440948486328
34|1257|31.725679397583008
35|73|22.349031448364258
35|108|24.354637145996094
35|227|32.31686019897461
35|234|29.244075775146484
35|262|31.749204635620117
35|402|19.223464965820312
35|532|21.05984115600586
35|535|18.70742416381836
35|542|35.8175048828125
35|554|32.64356231689453
35|562|27.327539443969727
35|791|18.89104652404785
35|856|40.7006721496582
35|1103|18.99838638305664
36|158|44.73021697998047
36|165|25.622272491455078
36|168|24.865407943725586
36|307|31.362171173095703
36|319|18.89187240600586
36|457|24.15976905822754
36|460|22.77813148498535
36|469|26.82669448852539
36|471|27.484298706054688
36|628|26.307147979736328
36|641|22.0531005859375
36|847|18.816762924194336
36|854|19.698211669921875
36|922|20.315155029296875
36|934|24.856300354003906
36|1075|21.734712600708008
36|1163|19.04656410217285
36|1170|26.68451690673828
36|1225|20.795982360839844
36|1238|22.337268829345703
36|1253|26.700376510620117
37|150|24.617250442504883
37|305|30.38427734375
37|311|24.72400665283203
37|314|22.674293518066406
37|467|23.693859100341797
37|472|28.458341598510742
37|640|22.411693572998047
37|646|18.892169952392578
37|723|20.107778549194336
37|740|20.226661682128906
37|766|23.731149673461914
37|769|21.263826370239258
37|775|28.660215377807617
37|778|23.888187408447266
37|797|24.406827926635742
37|929|19.583642959594727
37|932|22.32479476928711
37|1085|21.13519859313965
37|1094|21.54531478881836
37|1240|21.954235076904297
38|113|20.57762908935547
38|149|29.190105438232422
38|181|25.837377548217773
38|292|26.479116439819336
38|439|30.02478790283203
38|474|20.903165817260742
38|584|38.99087905883789
38|593|25.79319190979004
38|595|22.17976951599121
38|741|21.16473960876465
38|759|50.40806198120117
38|788|26.637033462524414
38|893|27.74979019165039
38|941|30.35249137878418
38|1047|26.203401565551758
38|1052|32.416568756103516
38|1065|34.94343185424805
38|1084|19.976091384887695
38|1095|20.108003616333008
38|1186|32.82492446899414
38|1200|24.29900360107422
38|1234|19.079864501953125
38|1244|21.877233505249023
39|34|19.47405242919922
39|114|24.743356704711914
39|120|25.75066375732422
39|125|19.061885833740234
39|128|19.25475311279297
39|132|27.880952835083008
39|138|28.55968475341797
39|180|25.367218017578125
39|270|25.427122116088867
39|282|28.165409088134766
39|286|23.970016479492188
39|293|28.5474910736084
39|299|30.228973388671875
39|326|27.01382064819336
39|337|18.860671997070312
39|425|34.883968353271484
39|432|37.8271598815918
39|438|29.6633358001709
39|442|31.63995933532715
39|449|31.26187515258789
39|477|31.458152770996094
39|488|21.971534729003906
39|574|41.027366638183594
39|581|39.91212844848633
39|585|39.069881439208984
39|592|26.09198760986328
39|596|26.594247817993164
39|665|20.928537368774414
39|727|41.976593017578125
39|730|42.65180206298828
39|737|32.81777572631836
39|746|36.93303680419922
39|749|40.41072463989258
39|756|47.29410171508789
39|784|27.320514678955078
39|789|19.075883865356445
39|794|28.325429916381836
39|818|20.710975646972656
39|880|37.59611892700195
39|883|34.67981719970703
39|890|29.66859245300293
39|899|32.14143753051758
39|902|36.037635803222656
39|909|40.97542953491211
39|912|40.54266357421875
39|938|21.441904067993164
39|1033|31.915369033813477
39|1037|36.38187789916992
39|1043|20.631755828857422
39|1053|35.61250305175781
39|1056|40.60947036743164
39|1062|34.60848617553711
39|1091|24.184602737426758
39|1100|25.87347984313965
39|1187|37.94107437133789
39|1189|32.05271530151367
39|1196|29.334875106811523
39|1206|22.587053298950195
39|1209|33.67649459838867
39|1215|39.855098724365234
39|1218|38.775142669677734
39|1243|25.478063583374023
41|59|24.753005981445312
42|34|18.912805557250977
42|347|23.27094841003418
42|560|20.02328109741211
42|653|28.46625328063965
42|664|29.969097137451172
42|673|21.294551849365234
42|680|21.19268035888672
42|817|20.739423751831055
42|826|21.58415412902832
42|989|18.771162033081055
42|1110|34.85565185546875
43|21|33.54618453979492
43|24|33.52726745605469
43|30|30.954795837402344
43|33|24.040996551513672
43|38|55.56986618041992
43|47|24.039684295654297
43|52|30.459796905517578
43|57|44.406700134277344
43|68|19.785852432250977
43|84|19.72454261779785
43|88|20.687929153442383
43|101|18.985422134399414
43|107|22.291297912597656
43|190|65.65943908691406
43|193|34.392486572265625
43|200|26.295612335205078
43|205|19.29610252380371
43|207|19.700725555419922
43|222|23.632043838500977
43|229|24.865055084228516
43|248|22.64768409729004
43|356|45.7231330871582
43|361|48.18311309814453
43|373|25.191308975219727
43|376|43.86662292480469
43|385|36.578407287597656
43|393|33.5999641418457
43|499|22.040889739990234
43|506|21.89517593383789
43|514|37.90654373168945
43|522|20.63597297668457
43|526|29.502426147460938
43|529|51.63560104370117
43|535|20.285810470581055
43|538|30.626195907592773
43|545|25.30000877380371
43|549|24.81632423400879
43|559|21.640178680419922
43|660|21.835952758789062
43|679|22.376497268676758
43|682|28.611848831176758
43|700|22.295724868774414
43|803|39.038455963134766
43|807|26.907001495361328
43|823|56.162269592285156
43|836|20.030132293701172
43|842|20.33511734008789
43|957|54.136260986328125
43|960|31.235984802246094
43|967|27.598115921020508
43|976|53.756065368652344
43|979|38.601741790771484
43|1008|22.41059112548828
43|1113|23.786270141601562
43|1119|19.515636444091797
43|1123|23.923072814941406
43|1129|59.403255462646484
43|1133|28.437381744384766
43|1142|19.565290451049805
43|1159|20.922760009765625
43|1285|30.074811935424805
44|27|27.78606605529785
44|34|25.54550552368164
44|61|56.356483459472656
44|210|34.58842468261719
44|215|43.45744705200195
44|346|39.86215591430664
44|348|32.07978439331055
44|365|33.342628479003906
44|370|25.52933692932129
44|372|30.498777389526367
44|394|29.887046813964844
44|503|25.42816734313965
44|520|23.014389038085938
44|523|20.486888885498047
44|525|24.763996124267578
44|675|37.04948425292969
44|805|28.3527889251709
44|828|37.72468948364258
44|1112|20.85141944885254
44|1122|19.13442039489746
44|1134|32.48789978027344
45|55|23.42737579345703
45|454|33.32661437988281
45|471|24.366086959838867
46|368|19.003265380859375
47|768|23.039079666137695
47|799|27.59808921813965
47|931|21.078655242919922
48|50|24.532217025756836
48|68|19.380613327026367
48|151|54.40336227416992
48|165|29.699295043945312
48|177|18.846426010131836
48|186|27.64099884033203
48|305|37.675193786621094
48|323|19.788623809814453
48|332|29.639596939086914
48|339|42.82841110229492
48|367|32.3795051574707
48|458|28.44468879699707
48|461|22.306427001953125
48|471|31.151695251464844
48|476|19.33509063720703
48|488|21.68345832824707
48|769|23.459375381469727
48|774|32.777259826660156
48|778|60.99650955200195
48|917|30.538341522216797
48|921|41.177490234375
48|929|26.859655380249023
48|951|19.03571128845215
48|1071|35.569278717041016
48|1074|40.384254455566406
48|1082|25.731130599975586
48|1223|36.7669677734375
48|1233|41.50637435913086
49|36|37.57318878173828
49|112|23.66116714477539
49|144|22.437467575073242
49|154|48.86721420288086
49|157|37.64158630371094
49|163|37.984825134277344
49|166|29.38877296447754
49|185|23.737045288085938
49|189|18.767154693603516
49|307|42.36296463012695
49|317|30.137800216674805
49|338|38.77229690551758
49|414|19.156044006347656
49|457|27.30401039123535
49|460|28.15746307373047
49|474|19.691984176635742
49|483|22.21904754638672
49|617|21.11280632019043
49|765|50.74503707885742
49|775|40.06166076660156
49|798|36.063392639160156
49|916|19.240659713745117
49|1104|19.713979721069336
49|1208|26.349287033081055
49|1226|40.0458869934082
49|1236|36.00542068481445
49|1243|26.517372131347656
49|1245|28.055301666259766
49|1249|18.91157341003418
50|145|19.50514030456543
50|203|41.38105392456055
50|298|22.35582733154297
50|366|29.407367706298828
50|739|36.944580078125
50|816|36.07607650756836
50|919|24.20238494873047
50|931|25.64072036743164
50|1037|35.78923416137695
50|1045|34.52373504638672
50|1084|23.151784896850586
50|1122|22.243820190429688
51|41|20.05628204345703
51|50|32.15040588378906
51|56|42.469791412353516
51|63|43.84611511230469
51|81|19.352163314819336
51|87|63.262508392333984
51|114|54.35847854614258
51|122|32.40785598754883
51|135|39.87979507446289
51|140|45.82709503173828
51|209|25.46756362915039
51|234|24.876134872436523
51|240|28.513240814208984
51|267|49.7886962890625
51|272|27.15187644958496
51|278|43.679840087890625
51|287|50.714637756347656
51|290|29.02136993408203
51|293|63.2523193359375
51|297|25.125764846801758
51|343|20.90812873840332
51|399|20.0046443939209
51|401|19.231149673461914
51|417|25.091028213500977
51|424|24.437068939208984
51|430|33.42131805419922
51|443|35.471473693847656
51|449|23.167827606201172
51|492|25.027605056762695
51|535|28.855993270874023
51|540|19.836515426635742
51|578|34.662384033203125
51|591|31.038246154785156
51|604|28.384090423583984
51|638|19.965925216674805
51|663|27.093639373779297
51|675|25.37533950805664
51|692|53.2159309387207
51|711|42.80805969238281
51|726|23.62494659423828
51|728|20.28382682800293
51|731|33.74773406982422
51|752|22.915761947631836
51|758|29.432981491088867
51|822|22.859149932861328
51|846|51.99542999267578
51|853|54.1132926940918
51|855|35.637855529785156
51|880|52.092323303222656
51|883|32.0845832824707
51|890|63.41925048828125
51|900|59.877845764160156
51|903|27.461462020874023
51|905|20.515155792236328
51|909|31.394947052001953
51|912|41.283470153808594
51|975|31.466856002807617
51|999|53.581241607666016
51|1006|46.577613830566406
51|1009|25.3485164642334
51|1018|41.681026458740234
51|1032|22.695955276489258
51|1034|32.6337890625
51|1038|32.457786560058594
51|1041|29.182836532592773
51|1044|28.694915771484375
51|1046|32.39366912841797
51|1065|30.164182662963867
51|1128|32.19110107421875
51|1152|53.502777099609375
51|1159|45.888328552246094
51|1162|24.36203384399414
51|1170|32.47825622558594
51|1186|62.7138557434082
51|1189|37.738731384277344
51|1196|64.00692749023438
51|1206|64.89995574951172
51|1209|31.091861724853516
51|1215|28.01197624206543
51|1218|35.588783264160156
52|51|33.41032791137695
52|62|51.197513580322266
52|89|41.26663589477539
52|111|25.09983253479004
52|120|27.09583282470703
52|123|38.17399978637695
52|204|39.851131439208984
52|215|19.81611442565918
52|244|27.97730255126953
52|273|24.165084838867188
52|277|42.01487350463867
52|288|50.660804748535156
52|298|26.023183822631836
52|378|20.173877716064453
52|400|18.90192222595215
52|404|36.432220458984375
52|421|19.864931106567383
52|439|24.420883178710938
52|442|36.63987350463867
52|446|37.008155822753906
52|451|18.956951141357422
52|455|20.529869079589844
52|481|32.876224517822266
52|494|29.7220516204834
52|544|19.3175048828125
52|557|20.20833396911621
52|592|33.7577018737793
52|605|28.442468643188477
52|651|23.695449829101562
52|674|23.536556243896484
52|689|22.3540096282959
52|698|24.85948371887207
52|702|65.41931915283203
52|727|24.45039176940918
52|736|21.102815628051758
52|740|35.6502685546875
52|746|47.73483657836914
52|842|27.441938400268555
52|864|34.18581008911133
52|910|28.074813842773438
52|937|19.89931869506836
52|969|27.79938316345215
52|1033|28.126373291015625
52|1036|29.203872680664062
52|1039|24.4576358795166
52|1053|41.77735137939453
52|1057|22.64389419555664
52|1063|21.29714012145996
52|1134|18.941648483276367
52|1148|23.00550079345703
52|1216|23.835710525512695
52|1276|19.683897018432617
53|38|38.19694519042969
53|191|28.30649757385254
53|214|20.43211555480957
53|403|25.92281723022461
53|664|25.77204132080078
53|673|27.768150329589844
53|708|21.527706146240234
53|739|24.425445556640625
53|804|44.6101188659668
53|826|37.39058303833008
53|861|19.634090423583984
53|957|43.602020263671875
53|960|18.90240478515625
53|976|19.232763290405273
53|980|46.72888946533203
53|995|23.786069869995117
53|1014|19.956392288208008
53|1110|33.32573699951172
53|1132|33.62666702270508
53|1272|19.8475284576416
54|39|31.970767974853516
54|133|31.72726821899414
54|201|22.204303741455078
54|344|23.136110305786133
54|346|22.704265594482422
54|351|23.258588790893555
54|366|30.451112747192383
54|373|25.381807327270508
54|462|22.79505729675293
54|509|20.167343139648438
54|515|20.369354248046875
54|651|22.91248321533203
54|663|33.40114212036133
54|669|37.813106536865234
54|679|23.199739456176758
54|682|37.050209045410156
54|707|18.742191314697266
54|807|22.272279739379883
54|816|42.658103942871094
54|832|20.66707420349121
54|835|31.666587829589844
54|905|19.76366424560547
54|969|35.90822982788086
54|986|23.320608139038086
54|988|27.38557243347168
54|1004|19.119609832763672
54|1113|22.840471267700195
54|1123|40.19352722167969
54|1139|19.425052642822266
54|1142|27.148218154907227
54|1263|21.051185607910156
54|1266|23.222164154052734
54|1275|21.604944229125977
54|1282|19.812711715698242
54|1285|24.35232162475586
55|197|22.435659408569336
55|343|21.27567481994629
55|359|26.81504249572754
55|653|23.36721420288086
55|660|26.347408294677734
55|806|24.260229110717773
55|989|22.862194061279297
55|1084|21.66538429260254
55|1250|23.447010040283203
55|1276|20.583189010620117
56|48|19.892871856689453
56|201|32.14316177368164
56|661|27.480661392211914
56|813|21.744327545166016
56|966|24.53813934326172
56|978|19.382112503051758
56|1120|27.300968170166016
57|44|27.611467361450195
57|163|49.9426155090332
57|166|58.12526321411133
57|286|24.799312591552734
57|316|63.31988525390625
57|365|45.02901077270508
57|403|51.55085372924805
57|441|33.529300689697266
57|447|39.82827377319336
57|465|19.364704132080078
57|475|25.380081176757812
57|567|22.894094467163086
57|613|21.138381958007812
57|776|43.35690689086914
57|898|25.396085739135742
57|929|39.19328689575195
57|931|33.33681869506836
57|1082|47.859764099121094
58|133|18.88016700744629
58|143|29.884933471679688
58|152|85.1388931274414
58|296|40.84283447265625
58|305|70.93724822998047
58|361|33.01103973388672
58|364|41.962554931640625
58|402|51.668243408203125
58|414|36.84388732910156
58|460|50.00515365600586
58|479|38.62378692626953
58|489|24.88071632385254
58|660|21.93726921081543
58|765|80.76050567626953
58|774|28.969898223876953
58|778|48.790470123291016
58|843|20.259864807128906
58|909|27.049720764160156
58|919|77.390380859375
58|927|24.21980094909668
58|930|32.940670013427734
58|1062|22.234079360961914
58|1072|59.5095329284668
58|1085|40.65407943725586
58|1225|64.07803344726562
58|1234|54.89669418334961
58|1245|55.842559814453125
58|1273|19.23293685913086
59|64|25.801939010620117
59|167|38.87736892700195
59|200|24.750783920288086
59|231|23.35736846923828
59|320|34.61238098144531
59|380|20.44634246826172
59|413|46.21052551269531
59|418|20.973512649536133
59|474|21.17597198486328
59|659|22.984758377075195
59|758|19.16561508178711
59|770|25.550695419311523
59|813|19.934581756591797
59|844|20.15188217163086
59|923|23.77603530883789
60|44|25.961883544921875
60|78|22.065744400024414
60|286|25.01053237915039
60|375|35.48935317993164
60|379|20.355985641479492
60|461|30.531150817871094
60|473|22.134653091430664
60|475|22.86821937561035
60|554|25.877988815307617
60|596|47.20437240600586
60|780|34.42691421508789
60|921|24.96957778930664
60|933|38.192100524902344
61|45|25.72199249267578
61|401|27.133895874023438
61|410|19.403846740722656
61|457|36.66524887084961
61|463|24.326892852783203
61|518|21.396669387817383
61|532|28.279306411743164
61|729|24.961179733276367
61|779|32.623321533203125
61|882|23.634138107299805
61|1086|27.653162002563477
62|125|24.826200485229492
62|133|20.719520568847656
62|278|20.364791870117188
62|411|26.26541519165039
62|567|22.987995147705078
62|1052|21.48634147644043
63|119|35.6392822265625
63|272|36.295501708984375
63|399|20.136188507080078
63|402|20.369354248046875
63|509|20.436586380004883
63|593|22.752107620239258
63|731|44.12668228149414
63|736|39.67719650268555
63|746|26.0131893157959
63|780|26.25972557067871
63|884|36.17295837402344
63|889|38.733055114746094
63|899|23.359176635742188
63|908|21.759668350219727
63|965|19.345495223999023
63|1035|35.27191162109375
63|1062|19.33500862121582
63|1195|27.830440521240234
64|45|66.74661254882812
64|88|21.219589233398438
64|124|58.60588836669922
64|132|27.947093963623047
64|146|33.306358337402344
64|199|28.400218963623047
64|271|35.03401565551758
64|277|38.6363525390625
64|299|31.857458114624023
64|401|23.319616317749023
64|555|58.581756591796875
64|574|25.64686393737793
64|580|22.239213943481445
64|625|71.775390625
64|658|30.402305603027344
64|730|43.31819152832031
64|749|24.035934448242188
64|812|20.874021530151367
64|890|45.323402404785156
64|902|24.745738983154297
64|911|21.418241500854492
64|933|25.05624008178711
64|964|25.660085678100586
64|1037|39.789119720458984
64|1055|23.117645263671875
64|1065|27.502641677856445
64|1189|40.90241241455078
64|1196|38.20337677001953
64|1215|19.529098510742188
65|46|67.00699615478516
65|65|22.29123306274414
65|115|76.41390991210938
65|117|43.57582473754883
65|121|50.84589385986328
65|125|55.49446487426758
65|268|69.3010482788086
65|275|49.90188217163086
65|279|62.10337448120117
65|346|23.65414810180664
65|420|20.808881759643555
65|498|19.76730728149414
65|502|27.001344680786133
65|508|21.071359634399414
65|514|19.09741973876953
65|520|95.35218811035156
65|558|98.51678466796875
65|585|51.756187438964844
65|592|23.662981033325195
65|596|44.97999954223633
65|600|28.595590591430664
65|612|42.436485290527344
65|616|58.55805969238281
65|624|66.98749542236328
65|626|64.76760864257812
65|678|24.556438446044922
65|727|58.921226501464844
65|737|68.2495346069336
65|741|30.06309700012207
65|758|21.761001586914062
65|811|22.81049919128418
65|880|70.14695739746094
65|883|47.9085693359375
65|887|24.820695877075195
65|891|53.72151184082031
65|986|18.694595336914062
65|1033|55.06937789916992
65|1036|39.630714416503906
65|1039|22.730722427368164
65|1043|91.03089141845703
65|1051|19.468759536743164
65|1086|22.625696182250977
65|1186|45.024200439453125
65|1197|49.62386703491211
65|1209|23.234638214111328
66|66|21.189899444580078
66|116|53.126888275146484
66|119|27.810564041137695
66|129|21.909269332885742
66|269|48.07966232299805
66|276|36.64535140991211
66|285|32.707855224609375
66|613|31.262128829956055
66|620|27.9893741607666
66|729|38.397865295410156
66|735|41.107540130615234
66|882|47.717506408691406
66|885|25.882997512817383
66|888|27.502975463867188
66|898|18.9460506439209
66|965|22.376338958740234
66|1087|21.112960815429688
66|1188|33.009849548339844
66|1191|22.020923614501953
66|1194|23.9464054107666
67|77|70.15121459960938
67|87|19.882125854492188
67|132|36.54533767700195
67|555|38.59712219238281
67|595|24.819833755493164
67|614|35.058265686035156
67|621|34.7781982421875
67|623|31.24797821044922
67|689|64.99884796142578
67|700|27.39181900024414
67|745|19.78416633605957
67|1004|22.450551986694336
67|1017|20.69281578063965
67|1048|24.925867080688477
67|1160|26.072505950927734
68|76|81.27179718017578
68|81|54.606449127197266
68|86|20.325119018554688
68|101|24.304018020629883
68|229|78.84980010986328
68|234|56.9511604309082
68|254|33.64347457885742
68|382|19.14482307434082
68|386|20.37279510498047
68|404|20.759302139282227
68|515|21.749549865722656
68|539|31.23169708251953
68|569|32.66984939575195
68|615|22.57761573791504
68|710|39.55862808227539
68|713|25.851648330688477
68|842|65.65347290039062
68|846|47.584197998046875
68|852|28.17908477783203
68|863|43.93292236328125
68|866|27.02256202697754
68|940|19.069856643676758
68|996|39.6434440612793
68|1000|31.8109130859375
68|1016|26.001646041870117
68|1019|29.44317626953125
68|1148|53.24894714355469
68|1158|25.176137924194336
68|1169|19.911237716674805
68|1172|21.35057830810547
69|75|60.711212158203125
69|88|24.37539291381836
69|91|41.32307434082031
69|96|28.965587615966797
69|235|46.84749221801758
69|240|45.341094970703125
69|244|39.609683990478516
69|249|32.88787078857422
69|395|20.834896087646484
69|411|22.223344802856445
69|416|20.909332275390625
69|534|23.779296875
69|537|28.12771224975586
69|551|20.025562286376953
69|612|31.48543930053711
69|618|19.029003143310547
69|694|26.7376708984375
69|701|47.94340133666992
69|711|40.207794189453125
69|845|39.27778625488281
69|847|40.58958435058594
69|854|43.178653717041016
69|864|45.90444564819336
69|998|29.470998764038086
69|1007|34.50459289550781
69|1017|28.037927627563477
69|1147|31.82438850402832
69|1151|23.473979949951172
69|1161|41.82143020629883
69|1170|20.814128875732422
70|78|23.28255844116211
70|232|24.180015563964844
70|509|39.40545654296875
70|533|23.348026275634766
70|693|24.441987991333008
71|515|29.857887268066406
71|532|19.193227767944336
71|844|27.00554847717285
72|228|28.063838958740234
72|547|38.59356689453125
73|460|21.714969635009766
73|548|39.86104965209961
74|132|21.162996292114258
74|285|26.02113151550293
74|509|37.72150802612305
74|532|21.658767700195312
74|585|23.56854248046875
74|605|18.828258514404297
74|636|26.944042205810547
75|75|21.361221313476562
75|177|39.34405517578125
75|637|29.795703887939453
76|126|23.418684005737305
76|131|21.75857925415039
76|135|25.151735305786133
76|176|41.77690124511719
76|331|20.443187713623047
76|419|23.40471649169922
76|500|28.160701751708984
76|513|19.093711853027344
76|533|19.054569244384766
76|587|65.2948989868164
76|748|22.636276245117188
76|796|24.56807518005371
76|835|22.702011108398438
76|956|19.29404640197754
76|1095|28.693632125854492
76|1198|23.255611419677734
77|117|22.810312271118164
77|128|44.416107177734375
77|133|35.68614196777344
77|137|21.443565368652344
77|153|36.91347885131836
77|182|65.6981430053711
77|270|29.721675872802734
77|281|39.33030319213867
77|286|34.04762649536133
77|306|40.56666946411133
77|311|19.981903076171875
77|321|26.297767639160156
77|336|67.96258544921875
77|420|25.35515022277832
77|425|20.9278621673584
77|460|24.267423629760742
77|605|24.351572036743164
77|636|51.09700012207031
77|642|75.61347961425781
77|739|56.31787872314453
77|746|27.530580520629883
77|749|25.34896469116211
77|758|24.09051513671875
77|894|38.659019470214844
77|948|69.3654556274414
77|1036|21.24589729309082
77|1038|19.923206329345703
77|1047|44.67927169799805
77|1052|26.72872543334961
77|1064|23.694616317749023
77|1082|18.79127311706543
77|1101|69.49259185791016
77|1200|49.06907272338867
77|1205|24.063142776489258
77|1217|20.050933837890625
78|572|19.845857620239258
78|607|18.95289421081543
78|788|28.884313583374023
78|793|22.539770126342773
79|329|47.23567199707031
79|942|36.17890548706055
80|533|19.193010330200195
80|571|21.993757247924805
80|636|26.526748657226562
80|758|19.673980712890625
80|911|18.947629928588867
80|1217|20.03642463684082
81|176|27.604829788208008
81|394|32.351234436035156
81|512|20.33499526977539
81|1095|25.138580322265625
82|355|30.342430114746094
82|605|39.72106170654297
82|608|23.51934814453125
83|432|18.741899490356445
84|356|42.81812286376953
84|452|23.058364868164062
84|672|21.64101219177246
85|51|29.101716995239258
85|60|45.25747299194336
85|328|50.37222671508789
85|631|19.80370330810547
85|788|31.38728141784668
85|941|45.38480758666992
85|965|20.084941864013672
85|1265|24.96497344970703
86|37|23.346525192260742
86|53|23.32111167907715
86|56|60.58248519897461
86|62|35.16883087158203
86|80|40.13724899291992
86|86|37.525333404541016
86|173|46.0272102355957
86|175|37.86235046386719
86|190|51.978057861328125
86|195|82.61259460449219
86|201|40.03123092651367
86|203|33.9395637512207
86|207|30.772722244262695
86|222|18.7970027923584
86|225|20.932796478271484
86|233|35.05142593383789
86|239|38.98095703125
86|250|39.02737045288086
86|259|24.369632720947266
86|325|51.4483528137207
86|357|35.15919876098633
86|362|22.82754898071289
86|395|56.56845474243164
86|406|24.037343978881836
86|454|35.41035842895508
86|526|18.739580154418945
86|634|30.24363899230957
86|654|68.166259765625
86|688|23.59879493713379
86|693|23.379966735839844
86|699|36.62466049194336
86|785|47.22895431518555
86|803|36.01495361328125
86|808|77.36363220214844
86|852|24.381210327148438
86|938|51.283260345458984
86|940|38.238983154296875
86|959|64.87911987304688
86|967|53.054325103759766
86|984|19.429536819458008
86|998|25.53867530822754
86|1005|47.400848388671875
86|1091|33.97346115112305
86|1114|69.80857849121094
86|1120|31.41639518737793
86|1137|21.01043701171875
86|1151|24.343564987182617
86|1158|31.092988967895508
86|1263|57.31683349609375
86|1282|57.57326126098633
87|30|28.227163314819336
87|41|95.0377426147461
87|49|56.293251037597656
87|57|64.78084564208984
87|61|49.37657928466797
87|64|34.288761138916016
87|75|21.184242248535156
87|92|35.70978927612305
87|95|36.940147399902344
87|99|37.485591888427734
87|172|46.86518096923828
87|191|39.954795837402344
87|194|77.99891662597656
87|200|42.44435119628906
87|210|44.705047607421875
87|214|72.08604431152344
87|228|22.33170509338379
87|245|20.656545639038086
87|249|41.6544189453125
87|342|21.142576217651367
87|346|48.115562438964844
87|349|18.926607131958008
87|396|62.27951431274414
87|495|24.84746742248535
87|498|22.604097366333008
87|501|21.81924057006836
87|517|30.13555335998535
87|532|25.39919090270996
87|566|26.500965118408203
87|630|26.715755462646484
87|651|34.05416488647461
87|660|43.61102294921875
87|670|67.10590362548828
87|674|64.5568618774414
87|709|37.07596206665039
87|712|37.485321044921875
87|807|82.7049331665039
87|813|30.91090965270996
87|823|52.681636810302734
87|827|58.377952575683594
87|847|20.970735549926758
87|861|34.53694534301758
87|863|33.16616439819336
87|865|31.192182540893555
87|937|46.93318176269531
87|957|38.62254333496094
87|975|36.796024322509766
87|980|44.983375549316406
87|997|19.104244232177734
87|1000|20.48695182800293
87|1018|36.48173522949219
87|1094|22.37555503845215
87|1110|37.23691177368164
87|1113|66.66667938232422
87|1119|32.90230941772461
87|1121|27.517671585083008
87|1129|40.78499984741211
87|1133|57.31208801269531
87|1150|19.004867553710938
87|1153|21.498516082763672
87|1169|33.50865936279297
87|1171|33.32508087158203
87|1260|31.090028762817383
87|1264|61.3036003112793
87|1267|68.94834899902344
87|1279|25.21820640563965
87|1286|57.38920974731445
88|171|24.701583862304688
88|174|21.19812774658203
88|213|55.393348693847656
88|453|41.12519454956055
88|497|20.38401985168457
88|508|19.436609268188477
88|866|19.056795120239258
88|1019|23.604429244995117
88|1093|22.528461456298828
88|1172|24.023401260375977
89|37|22.326549530029297
89|39|27.955705642700195
89|432|44.879249572753906
89|452|35.852088928222656
89|454|44.838951110839844
89|571|31.276165008544922
90|40|19.906335830688477
90|53|21.599729537963867
90|171|21.514726638793945
90|471|19.88164710998535
91|34|26.0593204498291
91|356|19.64495277404785
91|653|19.31454086303711
92|62|19.513702392578125
92|394|26.49811553955078
93|43|24.022119522094727
93|432|19.783388137817383
93|452|20.284656524658203
94|34|33.81103515625
94|187|20.54725456237793
95|815|20.743051528930664
96|49|20.120738983154297
96|136|26.70294761657715
96|379|21.480058670043945
96|472|22.756956100463867
96|672|19.970630645751953
96|799|19.7523250579834
96|1105|18.76030921936035
96|1121|19.659934997558594
96|1152|20.047996520996094
97|151|19.619754791259766
97|156|35.890907287597656
97|175|36.27467346191406
97|178|30.7774715423584
97|187|22.511075973510742
97|289|18.83168601989746
97|317|36.410255432128906
97|326|27.557476043701172
97|332|39.322959899902344
97|336|23.032020568847656
97|455|32.962684631347656
97|748|26.577268600463867
97|770|34.41436004638672
97|777|26.015233993530273
97|786|33.44447326660156
97|796|23.924741744995117
97|806|19.480911254882812
97|923|32.237064361572266
97|930|32.261566162109375
97|1075|43.860107421875
97|1092|31.664670944213867
97|1102|20.57399559020996
97|1229|23.836366653442383
97|1237|32.04367446899414
97|1248|26.270952224731445
98|35|18.937719345092773
98|158|37.35490036010742
98|163|50.01394271850586
98|311|47.867156982421875
98|316|37.92054748535156
98|442|19.0233097076416
98|470|21.90281867980957
98|662|22.440298080444336
98|776|30.791133880615234
98|785|25.343246459960938
98|924|28.159889221191406
98|929|37.353580474853516
98|939|26.340423583984375
98|1077|24.062562942504883
98|1082|37.85251235961914
98|1095|20.01028060913086
98|1230|21.53418731689453
98|1236|21.640016555786133
98|1239|27.69759178161621
98|1249|21.953392028808594
99|53|26.028377532958984
99|815|19.67323875427246
100|34|23.51511001586914
100|60|21.144351959228516
100|92|21.069408416748047
100|206|30.56353187561035
100|245|24.722618103027344
100|366|26.61326026916504
100|404|29.863666534423828
100|819|21.035886764526367
100|1240|23.291217803955078
101|136|45.635311126708984
101|145|19.418394088745117
101|417|26.714405059814453
101|652|19.229074478149414
101|661|20.049264907836914
101|731|23.40235137939453
101|749|40.44921875
101|1055|35.59603500366211
101|1064|23.731351852416992
101|1132|21.66428565979004
102|49|20.730649948120117
102|63|22.114770889282227
102|69|28.474180221557617
102|210|21.46865463256836
102|212|27.700538635253906
102|216|21.458200454711914
102|282|28.02899932861328
102|290|28.55031967163086
102|403|27.03594207763672
102|435|31.04372215270996
102|462|22.633758544921875
102|571|22.801437377929688
102|746|20.86224365234375
102|758|20.015125274658203
102|819|19.772226333618164
102|825|29.6826171875
102|892|24.360109329223633
102|978|25.851741790771484
102|1198|19.38276481628418
102|1218|27.680551528930664
102|1239|34.92182922363281
102|1248|22.626371383666992
102|1254|60.55060577392578
102|1258|31.82273292541504
103|35|25.138153076171875
103|40|45.87419128417969
103|44|53.387428283691406
103|50|30.15626335144043
103|62|22.513654708862305
103|65|20.45701789855957
103|75|22.39797019958496
103|96|81.26304626464844
103|114|27.033348083496094
103|118|18.97383689880371
103|121|20.67749786376953
103|127|27.624692916870117
103|130|35.05995559692383
103|134|53.48625183105469
103|139|56.044620513916016
103|143|22.814739227294922
103|148|32.6917724609375
103|193|30.273643493652344
103|197|19.672990798950195
103|201|20.36192512512207
103|207|51.287662506103516
103|215|22.137914657592773
103|218|21.697635650634766
103|222|22.675851821899414
103|229|23.205032348632812
103|249|65.82611083984375
103|267|31.331483840942383
103|283|28.211332321166992
103|287|43.39514923095703
103|293|46.79966354370117
103|301|36.72248458862305
103|350|19.240489959716797
103|355|22.506168365478516
103|377|83.82132720947266
103|385|24.5378360748291
103|415|86.20562744140625
103|432|30.112430572509766
103|443|59.001644134521484
103|451|18.866241455078125
103|455|26.234413146972656
103|481|62.38022994995117
103|492|82.86992645263672
103|575|26.094236373901367
103|653|22.281618118286133
103|662|28.722023010253906
103|666|22.33496856689453
103|694|25.668447494506836
103|708|61.916812896728516
103|727|35.760005950927734
103|747|21.05256462097168
103|820|21.175617218017578
103|861|65.27103424072266
103|880|34.4950065612793
103|900|35.30437088012695
103|911|28.77804946899414
103|959|25.692180633544922
103|988|19.649456024169922
103|1008|19.736665725708008
103|1014|47.54954528808594
103|1033|37.551422119140625
103|1053|35.775665283203125
103|1065|28.42429542541504
103|1112|30.510704040527344
103|1126|21.385887145996094
103|1168|74.43891143798828
103|1186|25.73419761657715
103|1196|20.585084915161133
103|1208|26.24325942993164
103|1237|27.710433959960938
103|1244|22.855899810791016
104|34|33.147315979003906
104|48|20.48827362060547
104|51|33.10503005981445
104|54|42.08735275268555
104|58|20.712799072265625
104|117|19.05074119567871
104|288|41.87024688720703
104|366|36.67959213256836
104|398|40.07978057861328
104|421|18.747364044189453
104|433|25.604984283447266
104|462|26.966644287109375
104|652|22.99100685119629
104|672|28.12381362915039
104|901|45.8928108215332
104|1064|26.54967498779297
104|1131|32.22440719604492
104|1189|22.60799789428711
104|1207|30.37144660949707
104|1215|25.61064338684082
104|1276|76.2623062133789
105|50|42.41818618774414
105|59|22.72899627685547
105|138|18.939170837402344
105|212|29.90697479248047
105|403|23.72317123413086
105|755|21.377933502197266
105|978|26.33837890625
106|203|23.98862075805664
106|365|30.38644027709961
106|749|24.542110443115234
107|135|24.362781524658203
107|481|18.96060562133789
107|647|31.809907913208008
107|748|26.93651008605957
107|815|26.579133987426758
107|1058|21.147111892700195
108|139|22.936351776123047
108|653|22.784564971923828
108|816|29.08226203918457
109|403|20.364469528198242
109|815|23.929441452026367
109|825|29.03275489807129
110|32|26.916519165039062
110|34|25.628250122070312
110|398|22.995269775390625
111|35|26.239459991455078
111|376|24.031431198120117
111|799|21.849525451660156
111|814|27.54334831237793
112|34|38.20710754394531
112|48|28.775136947631836
112|202|21.517475128173828
112|375|28.570728302001953
112|413|22.54129981994629
112|661|23.248313903808594
113|165|36.881248474121094
113|318|45.640384674072266
113|360|24.79424476623535
113|374|28.04237937927246
113|930|33.568878173828125
113|1220|20.50604820251465
114|164|36.30567932128906
114|317|39.34601974487305
114|364|43.82080078125
114|398|45.50984191894531
114|435|20.832794189453125
114|660|30.419830322265625
114|914|23.427968978881836
114|929|31.59602928161621
114|1084|35.65168762207031
114|1094|20.431865692138672
115|130|22.463655471801758
115|149|24.27129554748535
115|153|28.78181266784668
115|156|77.78788757324219
115|159|80.316650390625
115|174|23.096805572509766
115|201|32.81270980834961
115|272|19.110570907592773
115|289|25.31917381286621
115|306|39.64205551147461
115|309|72.57159423828125
115|325|20.978775024414062
115|328|21.43449592590332
115|413|29.969728469848633
115|440|47.57360076904297
115|446|44.99421691894531
115|460|39.26839828491211
115|466|31.61594009399414
115|475|18.909358978271484
115|479|21.858142852783203
115|484|26.78550910949707
115|769|56.99887466430664
115|787|24.08111000061035
115|813|28.65991973876953
115|919|22.89543914794922
115|922|52.84550476074219
115|938|27.843868255615234
115|940|21.0418701171875
115|1075|54.0103759765625
115|1081|24.06153678894043
115|1093|22.88006591796875
115|1120|27.10857582092285
115|1215|19.60704803466797
115|1221|19.33344268798828
115|1225|21.373079299926758
115|1228|57.15592956542969
115|1238|53.565975189208984
115|1247|46.415828704833984
116|118|19.061260223388672
116|136|26.287967681884766
116|161|70.54350280761719
116|164|28.67073631286621
116|173|23.096792221069336
116|178|39.83383560180664
116|296|32.770912170410156
116|314|61.22670364379883
116|326|21.280288696289062
116|331|40.008934020996094
116|361|80.46259307861328
116|402|27.023923873901367
116|436|35.49545669555664
116|490|72.86595916748047
116|547|40.92756652832031
116|748|32.87355041503906
116|755|20.869735717773438
116|765|26.11799430847168
116|768|62.77233123779297
116|771|39.690879821777344
116|774|38.75611877441406
116|777|71.70671844482422
116|785|25.11345100402832
116|790|33.91773223876953
116|909|22.502031326293945
116|926|41.30699920654297
116|943|34.288352966308594
116|946|21.098896026611328
116|1054|20.0949764251709
116|1091|20.561214447021484
116|1096|35.36578369140625
116|1119|25.69212532043457
116|1216|19.390798568725586
116|1234|19.26150894165039
116|1243|20.55768585205078
116|1273|74.64778137207031
117|64|44.073062896728516
117|165|38.22732925415039
117|187|21.315200805664062
117|308|46.18403625488281
117|315|49.5184440612793
117|318|22.87161636352539
117|399|30.419939041137695
117|930|26.36627960205078
117|1080|19.422887802124023
117|1083|28.839317321777344
117|1208|19.146028518676758
117|1236|30.175214767456055
118|217|27.577587127685547
118|311|19.252166748046875
118|369|38.12652587890625
118|374|34.440914154052734
118|401|18.80034828186035
118|447|19.4256534576416
118|456|67.56300354003906
118|761|23.061952590942383
118|1077|24.292306900024414
119|436|22.746246337890625
119|943|23.08268928527832
120|111|30.596317291259766
120|264|26.41641616821289
120|318|21.555870056152344
120|446|26.979766845703125
121|930|28.677692413330078
125|65|19.3879451751709
125|111|21.26642608642578
125|363|26.889432907104492
125|758|22.58110237121582
126|303|21.34529685974121
126|439|22.593427658081055
126|478|27.15564727783203
126|672|20.912124633789062
126|1132|19.256101608276367
127|111|23.933399200439453
127|150|22.54107666015625
127|213|24.718658447265625
127|304|19.171817779541016
127|394|22.709705352783203
127|432|19.051342010498047
127|519|36.29048538208008
127|739|20.91173553466797
127|825|25.234790802001953
128|146|23.528528213500977
128|189|19.961214065551758
128|266|26.631471633911133
128|303|21.126977920532227
128|516|29.524429321289062
128|599|37.26651382446289
128|624|19.78754997253418
128|834|19.542808532714844
128|987|19.84844398498535
128|1064|20.647066116333008
128|1108|19.12775993347168
129|37|41.97287368774414
129|60|20.032752990722656
129|64|53.40778350830078
129|69|21.577621459960938
129|73|32.77033996582031
129|112|29.839279174804688
129|118|61.5114631652832
129|124|28.46638298034668
129|190|24.701156616210938
129|213|28.07038116455078
129|265|24.970731735229492
129|271|32.695377349853516
129|277|28.262435913085938
129|342|48.363380432128906
129|370|24.87428092956543
129|439|22.348651885986328
129|523|27.191146850585938
129|555|24.861255645751953
129|581|20.001218795776367
129|650|40.123958587646484
129|668|19.925357818603516
129|730|36.971221923828125
129|738|24.818822860717773
129|758|26.648983001708984
129|825|26.037328720092773
129|884|44.054443359375
129|1013|26.252525329589844
129|1033|21.513032913208008
129|1037|40.168121337890625
129|1090|24.37714195251465
129|1132|20.063838958740234
129|1166|20.03327178955078
129|1190|33.11750793457031
129|1200|29.02411460876465
129|1261|26.675809860229492
129|1271|44.03240203857422
129|1280|22.627901077270508
130|28|21.112882614135742
130|34|20.047348022460938
130|38|34.305938720703125
130|47|27.376253128051758
130|54|21.51416015625
130|68|24.17055320739746
130|93|27.345199584960938
130|114|21.904691696166992
130|120|40.757568359375
130|123|18.8834285736084
130|128|52.9908561706543
130|149|21.061885833740234
130|187|18.77308464050293
130|201|19.918859481811523
130|207|22.901521682739258
130|217|36.22246551513672
130|226|27.58839988708496
130|268|24.265817642211914
130|274|32.947139739990234
130|278|22.960176467895508
130|281|57.88401412963867
130|341|39.74898910522461
130|355|22.45524787902832
130|433|22.44362449645996
130|505|27.676626205444336
130|517|35.85501480102539
130|561|21.0837459564209
130|584|21.395061492919922
130|599|29.187759399414062
130|619|35.91655349731445
130|660|21.07224464416504
130|726|41.019134521484375
130|740|41.00438690185547
130|880|21.096925735473633
130|893|40.87360763549805
130|957|20.861852645874023
130|966|25.39577865600586
130|975|21.520160675048828
130|1012|26.89400863647461
130|1046|37.00658416748047
130|1270|43.02503204345703
130|1279|20.448970794677734
130|1286|41.986751556396484
131|129|28.382293701171875
131|218|42.30593490600586
131|272|20.683094024658203
131|279|30.087617874145508
131|516|29.677587509155273
131|618|24.903894424438477
131|729|25.111820220947266
131|732|26.817007064819336
131|831|28.229578018188477
131|892|25.007768630981445
131|1137|22.366069793701172
131|1198|25.050752639770508
131|1266|36.743717193603516
131|1289|40.07611083984375
132|225|22.28485870361328
132|619|29.351577758789062
132|730|23.2700138092041
132|733|19.51978874206543
132|742|23.79658317565918
132|979|20.7401123046875
132|984|19.25908660888672
133|92|43.474491119384766
133|245|55.25349044799805
133|556|18.760719299316406
133|624|30.127403259277344
133|673|24.037179946899414
133|1132|18.880735397338867
134|858|22.004804611206055
135|86|30.66217613220215
135|150|21.768680572509766
135|556|19.787811279296875
135|599|32.22762680053711
135|619|26.501331329345703
135|679|21.98024559020996
135|845|24.013755798339844
135|1151|19.80077362060547
136|79|22.901519775390625
136|111|19.275218963623047
136|233|28.851884841918945
136|546|18.949451446533203
136|557|18.98639488220215
136|618|25.448957443237305
136|698|31.75595474243164
136|846|23.111042022705078
136|1152|22.930496215820312
137|83|29.611318588256836
137|86|40.059486389160156
137|94|67.48257446289062
137|100|83.83103942871094
137|104|20.56261444091797
137|236|30.758886337280273
137|239|49.00154113769531
137|247|66.48226928710938
137|250|73.03193664550781
137|253|94.118408203125
137|262|19.752727508544922
137|532|28.221023559570312
137|539|37.10417938232422
137|709|60.818233489990234
137|713|56.89328384399414
137|851|46.98643112182617
137|859|44.285789489746094
137|862|57.65178680419922
137|866|63.46989440917969
137|999|40.585853576660156
137|1005|20.228378295898438
137|1015|86.36443328857422
137|1158|32.189083099365234
137|1166|30.777315139770508
137|1172|60.140220642089844
138|98|73.01393127441406
138|149|19.4180908203125
138|251|65.94632720947266
138|302|32.82012939453125
138|381|40.34703063964844
138|385|24.135833740234375
138|534|38.53855895996094
138|692|47.33059310913086
138|710|58.57658767700195
138|845|28.647907257080078
138|864|51.63883590698242
138|1016|87.9129638671875
138|1151|19.8614501953125
138|1169|53.178531646728516
139|761|24.440898895263672
139|1291|47.35279846191406
140|149|19.442611694335938
141|692|19.658430099487305
145|36|24.29397201538086
145|160|24.032249450683594
146|35|26.136491775512695
146|161|18.843774795532227
146|548|20.141237258911133
147|331|28.13260269165039
149|130|23.58355140686035
149|168|19.774688720703125
150|35|27.767181396484375
150|131|21.005720138549805
150|404|28.182193756103516
151|36|30.04486083984375
151|284|19.90873908996582
151|331|25.80590057373047
152|178|40.60502624511719
152|208|28.88846206665039
153|73|19.083553314208984
153|130|25.46142578125
153|187|23.74443817138672
153|341|21.5451717376709
153|513|20.169841766357422
153|591|44.47279739379883
153|610|39.26198959350586
153|790|21.31087875366211
153|988|41.16139602661133
154|35|56.58705139160156
154|66|28.50395393371582
154|69|41.72167205810547
154|82|18.708770751953125
154|121|24.86358642578125
154|140|21.643957138061523
154|143|18.921829223632812
154|149|25.387439727783203
154|182|40.43277359008789
154|188|26.885162353515625
154|219|26.48218536376953
154|222|42.619544982910156
154|233|19.089109420776367
154|288|18.7210636138916
154|302|20.796993255615234
154|335|45.28867721557617
154|340|28.127304077148438
154|343|19.277063369750977
154|377|46.307395935058594
154|416|34.63142013549805
154|450|25.089359283447266
154|551|41.23432159423828
154|609|39.539573669433594
154|638|39.2242431640625
154|642|36.62614822387695
154|647|32.818328857421875
154|795|34.040855407714844
154|804|19.31066131591797
154|835|51.86564636230469
154|899|21.465959548950195
154|948|31.260637283325195
154|985|19.311269760131836
154|1141|48.09502029418945
154|1254|25.225650787353516
154|1277|24.66163444519043
155|130|26.79147720336914
155|179|26.794626235961914
155|274|25.564990997314453
155|287|19.36724281311035
155|428|22.731239318847656
155|512|20.56444549560547
155|682|34.69181442260742
155|743|22.089168548583984
155|984|19.3314266204834
155|1110|21.018829345703125
155|1255|23.830284118652344
155|1276|32.4853630065918
156|187|25.011037826538086
156|283|39.569400787353516
156|332|30.448511123657227
156|792|21.8458309173584
157|54|52.330806732177734
157|627|30.643796920776367
158|207|27.323116302490234
158|321|20.178300857543945
158|550|26.965206146240234
158|973|21.022188186645508
159|589|21.571958541870117
161|551|24.299341201782227
163|761|18.88119125366211
169|412|31.161746978759766
172|169|18.948495864868164
172|216|22.183364868164062
172|323|21.541336059570312
172|371|32.6707878112793
172|373|40.55065155029297
172|409|32.22174072265625
172|466|39.85518264770508
172|488|45.0443115234375
172|629|39.89101028442383
172|940|23.056787490844727
172|1082|26.836933135986328
172|1093|21.391948699951172
172|1262|24.973445892333984
172|1281|22.0960636138916
173|156|19.389568328857422
173|160|22.317848205566406
173|172|26.292993545532227
173|218|20.29926300048828
173|313|45.659664154052734
173|318|19.762104034423828
173|326|34.572391510009766
173|344|54.88563919067383
173|348|24.161943435668945
173|379|21.68059539794922
173|411|23.598819732666016
173|447|53.397666931152344
173|465|21.931909561157227
173|485|49.54501724243164
173|496|37.18684768676758
173|501|20.045970916748047
173|507|25.994461059570312
173|632|29.996923446655273
173|678|20.672630310058594
173|939|28.279327392578125
173|1005|32.33071517944336
173|1072|30.324302673339844
173|1158|36.53527069091797
173|1263|33.61054229736328
174|65|26.74662208557129
174|73|27.042694091796875
174|159|20.97784423828125
174|170|27.3914852142334
174|226|23.414804458618164
174|312|31.861316680908203
174|361|31.546138763427734
174|370|53.766780853271484
174|372|21.99410057067871
174|437|51.657413482666016
174|477|27.012632369995117
174|506|23.61043357849121
174|928|21.390716552734375
174|936|21.275955200195312
174|1073|20.92258071899414
174|1264|32.622230529785156
174|1273|34.32825469970703
175|169|27.51942253112793
175|409|20.583820343017578
175|440|21.14141273498535
175|476|23.880828857421875
175|996|24.294023513793945
175|1080|21.91382598876953
175|1149|24.3253173828125
176|217|20.136411666870117
176|264|22.73212242126465
176|487|23.613245010375977
177|369|19.032386779785156
177|373|45.23903274536133
177|394|18.82674217224121
177|408|27.69141960144043
177|436|28.816097259521484
177|447|19.178871154785156
177|459|19.10393524169922
177|465|28.52350425720215
178|111|25.07752799987793
178|411|22.874183654785156
178|437|28.79305076599121
178|484|25.189453125
180|437|20.243202209472656
180|474|23.91951560974121
180|487|26.127437591552734
190|265|21.828832626342773
192|411|22.50320053100586
192|438|30.40513038635254
192|731|23.29918670654297
193|265|39.75239944458008
193|516|23.137128829956055
193|519|26.024452209472656
193|620|22.678205490112305
193|725|23.617576599121094
193|878|23.387451171875
193|1200|33.50130081176758
194|112|40.894779205322266
194|128|54.89190673828125
194|274|23.302030563354492
194|281|41.29924011230469
194|526|43.76178741455078
194|562|85.45173645019531
194|741|40.456260681152344
194|894|45.673057556152344
194|1047|36.84120559692383
194|1062|29.807300567626953
195|36|20.222105026245117
195|188|31.29647445678711
195|438|31.771530151367188
195|457|21.330007553100586
195|522|57.86696243286133
195|527|44.3017463684082
195|557|19.791561126708984
195|561|64.78645324707031
195|600|25.226707458496094
195|985|32.43568801879883
195|1080|19.770334243774414
196|66|20.910472869873047
196|273|22.249191284179688
196|1139|27.820398330688477
197|679|24.27798843383789
198|220|20.754444122314453
199|621|25.262041091918945
202|516|26.424331665039062
203|341|22.559673309326172
203|599|19.70384407043457
203|621|40.70387649536133
204|598|21.199630737304688
204|1258|21.277732849121094
205|80|26.843393325805664
205|233|29.88581657409668
205|692|26.0242862701416
205|845|23.79684829711914
205|866|20.462528228759766
205|1152|20.89398956298828
206|82|38.07052230834961
206|96|19.848182678222656
206|101|32.90488815307617
206|236|19.613584518432617
206|254|24.80253028869629
206|693|19.88496208190918
206|713|24.186203002929688
206|846|19.257883071899414
208|742|26.10209083557129
209|895|19.238420486450195
210|129|20.171724319458008
215|802|20.581073760986328
216|1263|31.024757385253906
216|1267|30.661579132080078
216|1282|27.61805534362793
216|1286|29.68354034423828
217|38|22.576980590820312
217|342|22.39805030822754
217|1266|24.71468734741211
219|475|20.15975570678711
222|475|23.001262664794922
225|407|19.802875518798828
226|371|34.903812408447266
227|181|18.896394729614258
227|466|23.80854606628418
228|334|23.54718780517578
228|371|37.89291763305664
228|794|23.253480911254883
229|160|47.339176177978516
229|313|39.45885467529297
229|409|45.8154296875
229|486|36.71268844604492
229|589|24.182371139526367
230|333|20.83160972595215
230|369|21.9968204498291
230|466|35.2515869140625
230|590|21.6520938873291
230|610|27.7935791015625
230|637|23.68003273010254
230|1066|36.80317687988281
231|372|23.3319091796875
231|447|22.05210304260254
231|475|21.877687454223633
231|488|23.043848037719727
231|514|36.58449935913086
231|591|19.942529678344727
231|640|31.495025634765625
231|945|19.601425170898438
232|179|30.227821350097656
232|370|21.146530151367188
232|437|45.621620178222656
232|476|32.73728942871094
232|552|39.58552169799805
232|639|45.140357971191406
232|642|33.99829864501953
233|333|41.61763000488281
233|408|26.368783950805664
233|792|29.315528869628906
233|945|23.529197692871094
233|948|22.855676651000977
233|990|25.725309371948242
234|180|21.043415069580078
234|334|33.96665573120117
234|417|19.874618530273438
234|486|25.336624145507812
234|793|37.88163757324219
234|946|32.81562805175781
236|333|21.172035217285156
236|990|26.536046981811523
236|1143|22.12186050415039
238|936|22.332853317260742
241|324|24.10431671142578
241|408|21.46297264099121
241|783|24.955318450927734
256|169|28.657337188720703
256|411|20.762943267822266
257|619|41.73639678955078
258|127|23.43642807006836
258|280|24.550500869750977
258|322|32.3421745300293
258|600|44.18309783935547
258|612|19.34834098815918
259|73|20.885459899902344
259|326|31.721696853637695
259|562|30.728567123413086
259|565|47.02853775024414
259|616|22.60529327392578
259|938|25.150989532470703
259|1091|29.136322021484375
260|169|33.835140228271484
260|322|34.4211540222168
260|327|23.878875732421875
260|523|32.11095428466797
260|526|51.86618423461914
260|630|22.41750144958496
260|784|32.32190704345703
261|172|23.909212112426758
261|629|26.379358291625977
261|679|24.28010368347168
261|832|29.789289474487305
261|935|19.77153968811035
261|937|23.967533111572266
261|1090|32.67211151123047
261|1139|22.095884323120117
262|66|23.764860153198242
262|220|27.77056884765625
262|985|21.889497756958008
264|615|23.674577713012695
272|689|21.18991470336914
273|76|26.121118545532227
274|80|42.9290657043457
274|233|21.46164894104004
274|693|23.853382110595703
275|692|22.412891387939453
275|845|23.19891357421875
276|232|24.265907287597656
276|618|27.146499633789062
287|371|22.742027282714844
287|409|37.506046295166016
288|466|44.429466247558594
289|370|19.723642349243164
289|408|23.27382469177246
289|437|29.908557891845703
290|310|22.505414962768555
290|409|22.446786880493164
290|923|19.312881469726562
290|1239|19.165945053100586
291|157|19.0319766998291
291|410|19.028650283813477
291|770|21.976377487182617
292|476|28.600563049316406
294|63|26.183582305908203
298|331|22.569656372070312
300|178|24.076189041137695
306|587|25.341825485229492
306|590|30.78489112854004
307|514|42.892417907714844
307|591|32.513641357421875
308|638|42.150062561035156
308|641|26.30504035949707
309|552|42.47349548339844
309|587|28.28742218017578
310|514|19.305612564086914
323|277|19.388519287109375
323|524|32.919795989990234
323|565|24.536828994750977
324|278|21.50615692138672
324|523|28.720001220703125
325|125|21.57765769958496
325|526|27.05508804321289
327|66|35.047607421875
327|219|27.184728622436523
327|678|20.992549896240234
327|832|23.67405128479004
327|985|25.472482681274414
327|1138|19.778038024902344
342|80|25.007177352905273
342|233|24.700183868408203
343|86|20.556825637817383
343|239|24.522703170776367
343|485|20.452075958251953
343|693|22.634788513183594
343|846|22.803403854370117
343|851|20.088478088378906
344|235|20.001628875732422
344|240|24.15789031982422
344|328|22.165319442749023
344|694|21.95004653930664
344|699|19.249292373657227
344|785|33.15644836425781
344|941|19.335786819458008
344|1092|27.05516242980957
345|82|28.735239028930664
345|226|20.494874954223633
345|325|26.38343048095703
345|786|42.90681457519531
345|938|33.71074676513672
345|1091|22.72759246826172
346|174|31.062021255493164
346|632|50.50086212158203
346|939|39.75016403198242
347|327|36.05613327026367
347|1092|22.10552978515625
348|73|19.99645233154297
348|173|26.72227668762207
348|629|20.112163543701172
350|476|21.944665908813477
352|1092|18.77682113647461
383|637|20.080265045166016
384|590|37.897483825683594
385|591|40.499114990234375
388|524|36.329864501953125
388|560|32.83265686035156
388|562|34.015419006347656
389|523|24.653499603271484
389|526|39.42552947998047
389|558|28.479877471923828
389|563|33.009437561035156
393|273|19.39006805419922
410|254|21.48293685913086
411|101|24.790882110595703
411|713|20.893653869628906
411|866|21.527969360351562
429|175|19.50587272644043
429|788|18.82839012145996
430|328|19.62066650390625
432|634|30.710987091064453
433|787|19.282455444335938
433|1093|22.176471710205078
462|610|22.03427505493164
463|361|20.698549270629883
480|708|18.993135452270508
480|712|22.543750762939453
481|711|20.6496639251709
481|862|19.860118865966797
515|96|20.77806282043457
515|249|24.574609756469727
515|708|23.67295265197754
515|861|22.309864044189453
515|1014|18.7817440032959
515|1167|23.2857723236084
518|632|30.07322883605957
519|633|21.035451889038086
541|644|23.190752029418945
549|90|29.77280044555664
549|702|28.57451629638672
549|1008|23.545726776123047
551|242|24.00912857055664
551|854|25.8116397857666
551|1161|20.53095245361328
617|243|23.575883865356445
617|856|29.016786575317383
617|1162|22.226030349731445
618|90|33.54472732543945
618|244|23.02277374267578
618|703|30.639820098876953
618|1009|23.912729263305664
620|243|18.8837890625
649|199|19.737037658691406
686|90|31.702478408813477
686|243|36.858394622802734
686|702|39.336551666259766
686|855|34.71421432495117
686|1009|25.931995391845703
686|1162|26.512834548950195
687|89|30.297779083251953
687|701|31.446989059448242
688|88|20.898372650146484
691|590|20.304729461669922
692|513|24.277944564819336
692|796|21.912776947021484
693|514|21.70766830444336
777|634|22.374048233032227