Firestone
Kygo
Conrad Sewell
EDM
firestone
1025x2584
1087

4|756|170.00050354003906
4|801|171.55386352539062
4|824|182.6339569091797
4|847|185.23275756835938
4|869|187.13558959960938
4|892|177.34446716308594
4|915|177.62867736816406
4|937|173.9428253173828
4|950|26.505619049072266
4|960|190.73489379882812
4|1005|185.32826232910156
4|1028|180.01910400390625
4|1051|180.91036987304688
4|1073|177.88458251953125
4|1096|178.1693115234375
4|1119|171.3446807861328
4|1141|184.06130981445312
4|1164|167.8041534423828
4|1209|180.92898559570312
4|1232|185.20816040039062
4|1255|170.5834503173828
4|1277|179.75840759277344
4|1300|171.97390747070312
4|1345|173.83200073242188
4|1368|180.7228546142578
4|1396|26.121685028076172
4|1400|27.578969955444336
4|1406|28.752735137939453
4|1419|20.107696533203125
4|1423|22.452573776245117
5|754|234.6636199951172
5|760|64.05387115478516
5|776|226.5536651611328
5|784|29.65115737915039
5|799|219.7628631591797
5|822|230.21058654785156
5|845|220.08511352539062
5|852|44.225425720214844
5|856|45.47806167602539
5|861|39.66716003417969
5|867|228.5440673828125
5|879|23.654415130615234
5|883|23.02525520324707
5|890|217.68531799316406
5|913|206.77041625976562
5|935|222.0782928466797
5|948|31.182870864868164
5|952|27.966135025024414
5|958|243.2844696044922
5|980|217.20872497558594
5|1003|236.47825622558594
5|1026|233.3745574951172
5|1048|226.6525421142578
5|1071|207.1627960205078
5|1078|42.15190887451172
5|1083|43.3275146484375
5|1089|39.47855758666992
5|1094|206.8683319091797
5|1101|37.9197998046875
5|1109|23.653852462768555
5|1116|226.26702880859375
5|1139|225.18109130859375
5|1147|31.53536605834961
5|1162|225.20046997070312
5|1185|228.17225646972656
5|1207|225.14443969726562
5|1214|45.130313873291016
5|1219|43.855369567871094
5|1225|35.83289337158203
5|1230|227.79098510742188
5|1240|26.381967544555664
5|1246|24.394359588623047
5|1253|202.7866668701172
5|1275|218.65562438964844
5|1298|222.0613555908203
5|1310|30.10453987121582
5|1320|237.70986938476562
5|1343|226.14764404296875
5|1366|226.95912170410156
6|761|41.679534912109375
6|765|48.816864013671875
6|769|46.29663848876953
6|775|186.92544555664062
6|788|32.22244644165039
6|798|193.18997192382812
6|843|194.53805541992188
6|866|198.46994018554688
6|911|175.6201171875
6|934|192.8646240234375
6|979|183.35072326660156
6|1002|200.76629638671875
6|1047|195.9181365966797
6|1070|178.79653930664062
6|1092|158.52664184570312
6|1115|207.4535369873047
6|1127|47.404136657714844
6|1134|42.08080291748047
6|1138|189.37281799316406
6|1151|28.935285568237305
6|1183|191.71035766601562
6|1206|197.51394653320312
6|1251|179.7581329345703
6|1274|184.7880096435547
6|1319|204.9510955810547
6|1342|192.90538024902344
7|774|136.84165954589844
7|797|145.45144653320312
7|865|148.01644897460938
7|933|150.34718322753906
7|1001|150.97486877441406
7|1069|145.39068603515625
7|1137|149.2830810546875
7|1182|132.0371856689453
7|1205|161.18814086914062
7|1273|137.03082275390625
7|1341|150.0147705078125
8|668|45.3800048828125
8|673|46.2271614074707
8|676|45.43571472167969
8|695|26.81022071838379
8|842|137.21585083007812
8|910|124.36735534667969
8|1046|134.40292358398438
8|1114|140.66552734375
8|1250|128.11866760253906
8|1363|107.26240539550781
8|1394|68.71300506591797
8|1397|62.34258270263672
8|1403|51.341712951660156
8|1407|53.0389404296875
8|1420|57.54219436645508
8|1423|56.24288558959961
8|1441|33.14915466308594
8|1445|33.75782775878906
8|2113|20.139028549194336
9|217|36.26167678833008
9|220|38.687015533447266
9|226|29.126211166381836
9|577|41.98898696899414
9|579|41.87477111816406
9|583|43.20091247558594
9|941|59.56961441040039
9|946|62.477439880371094
9|992|22.20161247253418
9|1023|123.01643371582031
9|1304|59.21697235107422
9|1308|55.473121643066406
9|1355|19.582592010498047
9|1666|38.02900314331055
9|1670|30.63829803466797
9|1694|22.672565460205078
9|2025|38.00462341308594
9|2029|38.89932632446289
9|2056|23.846567153930664
9|2385|70.08908081054688
9|2390|61.00642013549805
9|2395|52.79314422607422
9|2410|36.3677864074707
9|2417|35.3820915222168
9|2566|24.520692825317383
10|123|45.28416442871094
10|136|31.7132511138916
10|350|45.974586486816406
10|356|29.72759437561035
10|363|32.191436767578125
10|485|52.58419418334961
10|511|27.319225311279297
10|751|127.13308715820312
10|796|102.58104705810547
10|819|118.763427734375
10|849|47.29636001586914
10|854|34.38362503051758
10|864|126.31438446044922
10|873|61.55216979980469
10|877|52.825496673583984
10|887|111.56620025634766
10|910|122.64576721191406
10|978|106.98230743408203
10|1075|46.12017822265625
10|1081|34.911468505859375
10|1091|112.96019744873047
10|1101|55.130126953125
10|1136|99.35921478271484
10|1159|120.93757629394531
10|1211|54.709754943847656
10|1227|138.85801696777344
10|1236|66.86679077148438
10|1272|114.54283142089844
10|1295|125.3614501953125
10|1318|109.95426940917969
10|1363|112.43623352050781
10|1574|25.78486442565918
10|1580|26.35112953186035
10|1583|25.534072875976562
10|1585|24.94952964782715
10|1588|24.459186553955078
10|1591|23.782455444335938
10|1598|25.2779541015625
10|1601|25.04154396057129
10|1605|24.709840774536133
10|1608|23.908842086791992
10|1796|22.712425231933594
10|1800|25.520166397094727
10|1803|24.686725616455078
10|1807|24.754302978515625
10|1811|24.14960289001465
10|1819|23.20992088317871
10|1822|25.397491455078125
10|1827|25.437288284301758
10|1830|26.469696044921875
10|1838|24.23786163330078
10|1933|23.022838592529297
10|1936|25.792924880981445
10|1939|25.96923065185547
10|1943|25.64236831665039
10|1945|25.580461502075195
10|1951|23.736825942993164
10|1954|23.149192810058594
10|1960|23.035186767578125
10|1968|26.713687896728516
10|2295|85.72879028320312
10|2298|82.55886840820312
10|2316|54.019771575927734
10|2522|93.60165405273438
10|2525|87.822021484375
10|2541|53.23226547241211
11|35|19.990726470947266
11|393|20.82378387451172
11|397|20.947717666625977
11|756|41.79466247558594
11|761|55.28759765625
11|764|44.698360443115234
11|769|47.99528503417969
11|776|21.76150894165039
11|783|36.828739166259766
11|788|34.6904182434082
11|932|104.06192016601562
11|955|116.42642974853516
11|1000|105.26339721679688
11|1118|30.12077522277832
11|1124|39.712486267089844
11|1132|57.6911506652832
11|1139|25.13539695739746
11|1143|32.054962158203125
11|1145|30.99131202697754
11|1149|29.25940704345703
11|1340|96.81269073486328
11|1478|31.210243225097656
11|1486|27.45982551574707
11|1496|22.166709899902344
11|1502|21.12901496887207
11|1509|19.608530044555664
11|1567|23.298952102661133
11|1570|22.496065139770508
11|1839|26.754735946655273
11|1842|39.09886932373047
11|1845|30.69597053527832
11|1848|29.65748405456543
11|1858|21.426490783691406
11|1860|19.678415298461914
11|1863|19.865175247192383
11|1865|19.75960922241211
11|1871|22.04400062561035
11|1929|19.701669692993164
11|2203|58.47724914550781
11|2206|56.93375778198242
11|2210|48.03731918334961
11|2218|32.073524475097656
11|2226|20.885074615478516
11|2567|65.28380584716797
11|2570|60.23196792602539
11|2573|54.79844665527344
11|2580|32.93278503417969
12|1068|87.83069610595703
12|1204|101.14710235595703
12|1840|27.54639434814453
12|2565|54.25987243652344
13|1136|71.41641235351562
13|1181|73.86085510253906
14|576|23.670717239379883
14|604|28.44708824157715
14|608|24.545631408691406
14|937|19.956398010253906
14|941|20.715051651000977
14|958|20.1533260345459
14|964|28.688602447509766
14|968|28.302825927734375
14|1301|26.217554092407227
14|1303|28.000516891479492
14|1308|21.302038192749023
14|1321|23.018465042114258
14|1327|30.43136215209961
14|1331|35.366024017333984
15|484|33.212650299072266
15|498|33.76005554199219
15|517|33.93889617919922
15|534|21.85883331298828
15|796|83.54759979248047
15|842|73.66020965576172
15|848|36.3229866027832
15|864|86.33068084716797
15|882|37.021240234375
15|887|78.51779174804688
15|977|75.12609100341797
15|1068|98.92417907714844
15|1076|39.06822204589844
15|1087|39.38785934448242
15|1091|75.99290466308594
15|1106|24.989883422851562
15|1114|55.264930725097656
15|1159|83.23995208740234
15|1210|36.485191345214844
15|1212|36.818084716796875
15|1224|34.188907623291016
15|1227|89.45089721679688
15|1243|37.67247772216797
15|1250|78.80847930908203
15|1264|21.97095489501953
15|1340|81.19295501708984
15|2295|20.645715713500977
15|2522|20.235387802124023
16|531|20.71113395690918
16|894|22.372947692871094
16|897|35.617733001708984
16|901|23.672170639038086
16|904|27.53763198852539
16|1086|40.00657272338867
16|1090|65.83637237548828
16|1104|26.06873321533203
16|1207|28.22096061706543
16|1226|74.43500518798828
16|1249|84.46305084228516
16|1257|22.53399658203125
16|1260|35.26491165161133
16|1267|28.738235473632812
17|390|23.689043045043945
17|393|27.090072631835938
17|404|32.84095764160156
17|406|32.95927429199219
17|420|24.324724197387695
17|755|21.012710571289062
17|769|31.441539764404297
17|782|20.233976364135742
17|988|21.190061569213867
17|1119|31.866905212402344
17|1121|29.114585876464844
17|1132|40.791160583496094
17|1146|25.946529388427734
17|1149|25.2805233001709
17|2569|19.52075958251953
18|574|31.145700454711914
18|587|32.01097869873047
18|599|20.981225967407227
18|773|33.33057403564453
18|887|58.58653259277344
18|934|27.109832763671875
18|942|39.83901596069336
18|951|36.8095817565918
18|962|31.79071617126465
18|973|25.519882202148438
18|984|29.905752182006836
18|1114|35.909305572509766
18|1135|36.220218658447266
18|1297|23.050491333007812
18|1305|36.06833267211914
18|1313|39.1257438659668
18|1325|32.571327209472656
18|1336|24.31583023071289
18|1347|27.165205001831055
18|1661|28.051401138305664
18|1668|28.40852165222168
18|2022|30.26896095275879
18|2024|30.202791213989258
18|2031|28.767545700073242
18|2055|20.591968536376953
18|2385|39.52619552612305
18|2395|20.971755981445312
18|2414|24.201269149780273
18|2417|23.95368766784668
19|818|33.29227066040039
19|888|34.59464645385742
19|909|39.84199142456055
19|932|52.58225631713867
19|954|22.655126571655273
19|979|26.382966995239258
19|1090|24.882495880126953
19|1160|33.10675048828125
19|1181|34.60042190551758
19|1226|32.02194595336914
19|1251|33.26950454711914
19|1295|42.40625762939453
19|1362|31.899749755859375
20|484|41.426273345947266
20|819|31.02974510192871
20|843|46.88164138793945
20|845|42.88878631591797
20|848|43.74822998046875
20|859|30.8648738861084
20|863|31.755327224731445
20|894|20.976613998413086
20|900|23.172901153564453
20|1072|42.186763763427734
20|1081|23.96811866760254
20|1085|26.31366729736328
20|1113|29.56401824951172
20|1136|26.44303321838379
20|1206|45.84907150268555
20|1209|46.00129699707031
20|1222|31.955827713012695
20|1257|21.12139892578125
20|1260|23.397260665893555
20|1263|21.762985229492188
20|1294|40.04901123046875
20|1570|32.77960968017578
20|1577|24.98906135559082
20|1581|25.600757598876953
20|1617|21.435331344604492
20|1797|32.58283615112305
20|1800|32.62577438354492
20|1807|29.408456802368164
20|1932|32.8784065246582
20|1939|25.480375289916992
20|1942|27.07349395751953
20|1982|25.559162139892578
20|2293|67.50366973876953
20|2345|22.622835159301758
20|2520|64.47773742675781
21|480|40.987060546875
21|796|27.8797550201416
21|842|69.82438659667969
21|886|32.55427551269531
21|977|24.191810607910156
21|1068|57.26853561401367
21|1114|23.91637420654297
21|1158|27.086231231689453
21|1204|64.68097686767578
21|1227|26.591840744018555
21|1249|37.922889709472656
21|1272|32.416969299316406
21|1295|31.931711196899414
21|1340|26.59786033630371
21|1643|20.582622528076172
21|1646|22.13168716430664
21|2369|20.67867660522461
22|795|25.43187141418457
22|1000|30.524045944213867
22|1022|34.44679641723633
22|1045|31.527099609375
22|1090|20.739900588989258
22|1157|20.50307846069336
22|2006|29.736770629882812
23|390|36.60505676269531
23|392|38.63043975830078
23|413|20.70905113220215
23|417|19.902645111083984
23|572|40.20311737060547
23|575|38.77643966674805
23|579|34.4178581237793
23|756|50.70345687866211
23|759|48.875797271728516
23|773|35.343685150146484
23|783|29.14066505432129
23|794|34.94449234008789
23|818|28.225051879882812
23|942|50.770782470703125
23|954|36.1368522644043
23|965|22.47071647644043
23|975|28.229734420776367
23|999|30.62529754638672
23|1121|47.60773468017578
23|1132|26.182004928588867
23|1135|31.468873977661133
23|1146|30.424972534179688
23|1149|26.114612579345703
23|1156|25.583852767944336
23|1181|27.738954544067383
23|1226|22.50187873840332
23|1305|57.05411911010742
23|1317|35.40071105957031
23|1328|22.760217666625977
23|1338|23.047035217285156
23|1362|33.897464752197266
23|1445|27.570480346679688
23|1451|51.07219314575195
23|1488|24.73495864868164
23|1501|20.297819137573242
23|1520|26.29825210571289
23|1667|21.864749908447266
23|1701|21.915996551513672
23|1825|44.70452880859375
23|1851|27.037498474121094
23|1863|19.97215461730957
23|1877|19.719621658325195
23|1886|20.496952056884766
23|2008|26.041902542114258
23|2031|28.547821044921875
23|2044|19.837820053100586
23|2067|22.393171310424805
23|2205|33.5919303894043
23|2214|37.83322525024414
23|2244|30.12129783630371
23|2247|29.95511245727539
23|2387|34.42274856567383
23|2394|37.10383224487305
23|2426|27.812461853027344
23|2569|32.17597198486328
23|2577|43.14559555053711
24|751|31.003273010253906
24|932|32.09765625
24|976|22.206106185913086
24|1295|24.629552841186523
24|1827|33.31117630004883
24|2009|20.24151039123535
25|886|28.710384368896484
25|931|27.84027862548828
25|1082|20.54654312133789
25|1220|21.434814453125
25|1271|20.00585174560547
25|1294|27.314411163330078
25|2543|24.253398895263672
26|481|40.280765533447266
26|796|42.06588363647461
26|843|28.534114837646484
26|845|29.30264663696289
26|848|28.911090850830078
26|850|28.075733184814453
26|887|39.49314880371094
26|902|20.694713592529297
26|978|42.342987060546875
26|1022|19.96868324279785
26|1069|57.874534606933594
26|1076|37.664119720458984
26|1086|20.14291000366211
26|1105|21.594099044799805
26|1159|41.70120620727539
26|1206|32.84507369995117
26|1211|37.15328598022461
26|1221|23.089275360107422
26|1250|42.16206741333008
26|1265|20.45804214477539
26|1340|45.70307159423828
26|1455|22.834930419921875
26|1586|20.327392578125
26|1650|24.52060890197754
26|1731|21.974374771118164
26|1814|19.682254791259766
26|2099|20.84202003479004
26|2296|32.30234146118164
26|2302|30.257648468017578
26|2372|22.018598556518555
26|2469|34.88302230834961
26|2478|20.44622802734375
26|2522|36.47184371948242
26|2527|30.806163787841797
26|2545|23.016752243041992
26|2557|54.65324401855469
27|389|45.713863372802734
27|403|22.8491268157959
27|406|22.472158432006836
27|578|19.477785110473633
27|752|43.21929931640625
27|765|19.54215431213379
27|773|36.39094924926758
27|799|20.04549789428711
27|818|21.21954917907715
27|841|25.52178382873535
27|932|29.743703842163086
27|1115|49.18950271606445
27|1118|45.789852142333984
27|1128|20.19256019592285
27|1135|36.34919357299805
27|1164|21.351001739501953
27|1181|21.50874900817871
27|1204|26.31732177734375
27|1295|27.288082122802734
27|1304|23.07037353515625
27|1308|20.254886627197266
27|1362|20.739707946777344
27|1481|22.75383949279785
27|1483|22.86981201171875
27|1548|34.33573532104492
27|1649|31.345149993896484
27|1659|48.996158599853516
27|1729|42.38539505004883
27|1736|35.56767272949219
27|1739|36.39922332763672
27|1746|20.915334701538086
27|1750|22.878931045532227
27|1830|67.01803588867188
27|1843|50.54936981201172
27|1848|22.600072860717773
27|1911|43.32034683227539
27|2011|39.25410461425781
27|2026|37.1474723815918
27|2096|44.42449951171875
27|2107|22.25133514404297
27|2113|24.289514541625977
27|2117|30.189716339111328
27|2125|22.836387634277344
27|2197|49.484405517578125
27|2202|46.02225875854492
27|2205|67.82980346679688
27|2226|22.400774002075195
27|2228|22.10506248474121
27|2273|50.679561614990234
27|2374|49.35475540161133
27|2378|43.96363830566406
27|2384|48.84543991088867
27|2388|32.24516296386719
27|2455|37.62024688720703
27|2473|26.319059371948242
27|2477|24.096464157104492
27|2484|20.886247634887695
27|2562|50.02495574951172
27|2565|82.2739028930664
27|2571|64.4155502319336
28|388|38.195465087890625
28|751|45.053688049316406
28|769|20.339494705200195
28|1203|20.449989318847656
28|1339|22.561986923217773
28|2046|30.817237854003906
28|2091|47.171409606933594
28|2102|34.93730545043945
28|2115|26.907121658325195
28|2122|23.698232650756836
28|2201|61.2844352722168
28|2260|23.139108657836914
28|2380|43.94188690185547
28|2475|23.35334014892578
28|2566|82.3116683959961
29|750|29.591983795166016
29|1113|25.88837432861328
29|1468|27.959060668945312
29|1492|24.223163604736328
29|1908|47.99208068847656
29|1913|21.840726852416992
29|2029|30.690757751464844
30|841|25.937335968017578
30|1204|25.851131439208984
30|1469|38.34934616088867
30|1474|36.003623962402344
30|1481|36.68946075439453
30|1484|35.499473571777344
30|1489|38.84523391723633
30|1494|24.33482551574707
30|1849|21.497934341430664
30|1854|19.926368713378906
30|1856|19.737276077270508
30|1859|24.751340866088867
30|1901|45.664886474609375
30|1906|46.08259201049805
30|1952|20.418733596801758
30|2030|39.352779388427734
30|2042|61.24266815185547
30|2048|43.195098876953125
30|2075|57.25840759277344
30|2081|55.39643096923828
30|2086|58.92189407348633
30|2262|55.95796585083008
30|2403|25.750804901123047
30|2407|37.3665657043457
31|796|26.996923446655273
31|977|21.631309509277344
31|1068|27.344289779663086
31|1249|25.128061294555664
31|1340|23.230993270874023
31|1470|37.935428619384766
31|1488|40.1681022644043
31|1536|26.68170166015625
31|1559|21.469329833984375
31|1578|32.0958366394043
31|1583|28.802745819091797
31|1708|61.52637481689453
31|1714|62.44190979003906
31|1719|56.47301483154297
31|1723|62.555686950683594
31|1858|23.480497360229492
31|1903|58.51611328125
31|1946|28.872390747070312
31|2034|59.36326217651367
31|2039|64.58972930908203
31|2050|25.181528091430664
31|2072|57.24976348876953
31|2087|61.1883544921875
31|2284|24.060117721557617
31|2307|25.410552978515625
31|2309|23.301015853881836
31|2311|19.608844757080078
31|2408|30.981595993041992
31|2432|21.634092330932617
32|887|20.455646514892578
32|1159|22.61484146118164
32|1575|23.815244674682617
32|1685|53.86357116699219
32|1702|32.61315155029297
32|1940|25.999977111816406
32|1942|29.19972038269043
32|2051|27.612913131713867
32|2071|46.042388916015625
32|2300|25.565933227539062
33|932|19.512174606323242
33|1181|20.02983856201172
33|1689|40.17827606201172
33|1705|61.57080841064453
33|1939|20.516403198242188
33|2052|34.2034797668457
33|2060|42.97783660888672
33|2070|41.2239990234375
33|2302|24.351083755493164
34|1695|55.345951080322266
34|2054|47.90542984008789
34|2062|46.474605560302734
34|2068|48.94761276245117
41|850|21.391952514648438
41|1213|23.107954025268555
41|2293|21.545373916625977
41|2295|21.537128448486328
41|2300|26.35861587524414
41|2527|21.390304565429688
45|2005|26.893829345703125
46|948|20.87877082824707
46|1310|22.3142032623291
53|2376|28.303470611572266
53|2569|23.91905403137207
54|767|26.030344009399414
54|782|26.568256378173828
54|805|27.598339080810547
54|906|28.640460968017578
54|937|30.995288848876953
54|940|29.076391220092773
54|973|21.689815521240234
54|997|33.05406188964844
54|1029|24.006895065307617
54|1043|25.026229858398438
54|1058|20.238269805908203
54|1061|21.64433479309082
54|1073|20.492996215820312
54|1083|19.891658782958984
54|1108|21.18965721130371
54|1126|45.415382385253906
54|1133|42.81534194946289
54|1149|19.709978103637695
54|1151|22.30480194091797
54|1167|30.428564071655273
54|1169|30.486309051513672
54|1173|26.1104736328125
54|1180|37.389896392822266
54|1198|24.77296257019043
54|1220|20.97064971923828
54|1225|51.93159866333008
54|1242|28.5703182220459
54|1301|24.51834487915039
54|1311|21.32908821105957
54|1316|24.02802276611328
54|1360|21.84125328063965
54|1729|27.845890045166016
54|1740|31.412738800048828
54|1745|20.734582901000977
54|1754|29.258495330810547
54|2117|34.51226043701172
54|2120|35.72788619995117
54|2273|24.611738204956055
54|2374|33.08880615234375
54|2378|22.442955017089844
54|2388|33.38801193237305
54|2571|32.485435485839844
55|334|20.585622787475586
55|561|20.017518997192383
55|563|20.383502960205078
55|606|23.973873138427734
55|608|24.18055534362793
55|697|20.858118057250977
55|768|25.550931930541992
55|773|21.66615867614746
55|783|26.833831787109375
55|809|28.718040466308594
55|818|25.0714168548584
55|832|23.358192443847656
55|851|21.762598037719727
55|859|21.208595275878906
55|863|24.141132354736328
55|874|24.271299362182617
55|900|30.302427291870117
55|904|29.846372604370117
55|909|30.698837280273438
55|918|29.62565040588379
55|926|21.02016830444336
55|930|27.217010498046875
55|943|39.805660247802734
55|954|26.446550369262695
55|968|22.70770835876465
55|990|27.74742889404297
55|999|42.62393569946289
55|1014|26.227155685424805
55|1033|32.40482711791992
55|1044|30.717548370361328
55|1107|21.457990646362305
55|1134|46.56172561645508
55|1194|27.408597946166992
55|1214|33.58412551879883
55|1218|26.503328323364258
55|1221|21.49359703063965
55|1236|24.287015914916992
55|1248|24.238967895507812
55|1263|35.515403747558594
55|1271|43.291717529296875
55|1285|22.600828170776367
55|1331|31.843324661254883
55|1547|26.186439514160156
55|1738|26.067007064819336
55|1741|33.02655029296875
55|1845|60.7783088684082
55|2027|24.350961685180664
55|2105|33.016109466552734
55|2109|32.28204345703125
55|2116|40.39206314086914
55|2121|32.096275329589844
55|2205|69.43607330322266
55|2384|46.00298309326172
55|2568|39.474884033203125
55|2572|32.67350769042969
56|1661|78.52848815917969
56|1846|60.43660354614258
56|2028|20.086572647094727
56|2092|24.21847152709961
56|2103|39.08789825439453
56|2122|22.59151840209961
56|2207|57.88613510131836
56|2225|28.69518280029297
56|2381|41.04677200317383
57|1847|53.79233932495117
57|2224|33.25820541381836
58|2208|46.71895980834961
58|2223|42.77852249145508
59|1848|59.24322509765625
59|2222|52.063758850097656
59|2390|29.285995483398438
59|2573|27.84296226501465
60|1474|62.6207389831543
60|1481|39.08027267456055
60|1664|34.7640380859375
60|1849|67.91394805908203
60|1853|59.40086364746094
60|2030|20.71635627746582
60|2209|50.17708206176758
60|2263|28.820934295654297
60|2285|28.552228927612305
60|2391|32.65741729736328
60|2394|32.776241302490234
60|2397|39.15873336791992
60|2410|41.17153549194336
60|2439|33.205257415771484
60|2574|36.83857727050781
61|1101|22.75362205505371
61|1106|68.06897735595703
61|1109|55.42624282836914
61|1127|20.345083236694336
61|1472|69.26516723632812
61|1478|62.710289001464844
61|1543|51.825199127197266
61|1559|58.26298522949219
61|1850|73.39741516113281
61|1856|55.50844955444336
61|1905|29.239992141723633
61|2031|21.660537719726562
61|2035|21.975858688354492
61|2073|22.096872329711914
61|2078|26.97492027282715
61|2085|27.54145050048828
61|2211|61.97001266479492
61|2213|61.88135528564453
61|2218|66.73716735839844
61|2309|50.151695251464844
61|2392|35.0842399597168
61|2400|31.060503005981445
61|2409|32.41903305053711
61|2433|45.21607208251953
61|2437|45.39577865600586
61|2441|36.74010467529297
61|2445|35.60174560546875
61|2576|34.4094352722168
61|2579|35.78082275390625
62|1471|77.18792724609375
62|1537|73.06098175048828
62|1582|46.12934494018555
62|1665|46.26203536987305
62|1669|43.1877555847168
62|1674|35.33373260498047
62|1904|31.427770614624023
62|1946|40.68503952026367
62|2032|24.017559051513672
62|2307|51.73957824707031
62|2312|32.77854919433594
62|2432|46.888614654541016
63|1563|35.76726150512695
63|1579|49.10612869262695
63|1666|46.744930267333984
63|1924|67.56459045410156
63|1944|39.28129577636719
63|2306|57.50157928466797
63|2313|22.405010223388672
64|1536|20.040504455566406
64|1565|38.479026794433594
64|1687|25.26914405822754
64|1928|24.65049934387207
64|2305|44.46820068359375
65|1568|35.76701736450195
65|1573|55.709205627441406
65|1688|24.306644439697266
65|1938|40.48210906982422
65|2051|20.539400100708008
65|2290|22.883983612060547
65|2297|31.349138259887695
65|2304|30.937950134277344
66|1571|41.1868782043457
66|1689|25.99151039123535
66|1705|24.05948257446289
66|1929|30.1265926361084
66|2059|21.673486709594727
66|2070|23.017839431762695
66|2292|24.318445205688477
66|2303|24.702926635742188
66|2414|29.9550838470459
67|1699|26.956268310546875
67|1930|35.61049270629883
67|1937|32.45852279663086
67|2052|30.221771240234375
67|2057|40.725704193115234
67|2069|37.49810791015625
67|2296|29.163131713867188
67|2415|36.60651779174805
68|1691|27.90439224243164
68|1696|28.346784591674805
68|2054|41.55420684814453
68|2062|34.680198669433594
68|2416|39.86367416381836
69|1450|21.24591064453125
70|1449|25.219589233398438
71|1448|21.64649200439453
81|1750|37.55326843261719
81|2117|23.73017692565918
81|2571|30.319034576416016
82|1085|32.42713928222656
82|1744|41.708030700683594
82|2112|26.598430633544922
82|2116|27.8037109375
83|1661|20.78183937072754
83|1845|28.794761657714844
83|2115|29.207014083862305
83|2379|24.920608520507812
83|2383|29.716264724731445
84|1662|23.628021240234375
84|2381|32.638877868652344
84|2572|25.28742027282715
87|1663|22.1829776763916
89|2411|28.14499282836914
89|2573|35.855464935302734
90|1475|37.76628494262695
90|1849|22.311962127685547
90|2221|22.515256881713867
90|2394|20.215463638305664
90|2397|20.10384750366211
90|2574|55.76276397705078
91|1473|28.344640731811523
91|1477|30.01158905029297
91|1664|30.713727951049805
91|1852|30.427560806274414
91|1855|31.976097106933594
91|2220|22.544662475585938
91|2286|74.65536499023438
91|2392|25.768712997436523
91|2441|67.27308654785156
91|2576|72.65027618408203
91|2582|69.8580322265625
92|1472|22.026535034179688
92|1478|27.340471267700195
92|1542|32.85859680175781
92|1671|51.85320281982422
92|1674|48.485897064208984
92|1857|26.608003616333008
92|2284|48.91124725341797
92|2444|62.056549072265625
92|2580|61.726654052734375
93|1562|70.44134521484375
93|1665|43.344356536865234
93|1669|53.831336975097656
93|1927|57.259952545166016
93|2432|26.692106246948242
94|1563|61.4870719909668
94|1666|54.49795150756836
94|1668|53.596649169921875
95|1564|64.94453430175781
95|1928|37.02189636230469
96|1565|79.7101821899414
96|2288|47.628692626953125
97|1568|86.3429183959961
97|2289|70.24409484863281
97|2413|26.98885154724121
98|1569|81.62602233886719
98|1928|36.01936721801758
98|2290|80.24744415283203
99|1571|60.1850471496582
99|2292|82.10357666015625
99|2414|35.17839813232422
100|2066|24.02957534790039
100|2293|81.00660705566406
101|1933|78.31542205810547
101|2057|21.7913818359375
101|2065|19.492582321166992
102|2062|19.719160079956055
102|2417|67.27352905273438
103|2418|54.934234619140625
106|2376|31.055395126342773
108|2374|22.342937469482422
109|1130|22.798748016357422
109|2111|24.6513671875
110|2109|25.43518829345703
110|2114|20.200990676879883
110|2206|19.905324935913086
110|2387|55.89552307128906
111|2385|74.75892639160156
111|2389|24.831804275512695
115|2389|28.790998458862305
119|2390|40.04438781738281
119|2395|75.58355712890625
120|2209|20.74300765991211
120|2221|24.88568878173828
120|2394|63.107933044433594
120|2397|69.63853454589844
121|1849|20.050561904907227
121|1853|23.09294319152832
121|2220|26.538372039794922
121|2393|67.43396759033203
121|2398|54.87533950805664
121|2435|45.051639556884766
121|2438|41.04609298706055
122|1540|53.15919494628906
122|1559|32.18185806274414
122|1851|22.62104606628418
122|1905|26.90822410583496
122|2211|27.442752838134766
122|2215|35.447261810302734
122|2400|40.59159469604492
122|2433|40.91617202758789
122|2437|39.23548889160156
122|2442|37.569297790527344
122|2445|32.66391372680664
123|1538|40.564029693603516
123|1560|28.467527389526367
123|1671|38.67391586303711
123|1904|24.170961380004883
123|2212|27.317752838134766
123|2432|34.912025451660156
123|2444|38.28299331665039
124|1665|27.441640853881836
124|1669|38.364959716796875
124|1925|26.567249298095703
125|1668|39.94700241088867
126|1667|41.65501022338867
127|1564|20.39862632751465
128|1565|22.439495086669922
134|1930|21.382366180419922
136|2416|20.391918182373047
137|2418|22.31048011779785
139|1662|20.479536056518555
144|2208|21.716510772705078
149|2411|35.85736846923828
151|2286|29.02898597717285
151|2583|20.176124572753906
152|2287|21.30660629272461
152|2309|20.662307739257812
152|2412|30.603057861328125
152|2577|27.957103729248047
153|1857|19.715272903442383
154|1561|22.324787139892578
155|1536|20.20478057861328
155|1926|24.686429977416992
155|2409|20.51495361328125
157|2413|29.686113357543945
164|2106|29.446226119995117
164|2111|29.278778076171875
165|2108|27.33782958984375
166|2115|22.51172637939453
167|2103|22.58822250366211
168|2102|19.856752395629883
602|2264|22.09037971496582