Happier
Marshmello
Bastille
EDM
happier
1025x2584
3747

3|854|65.5303955078125
3|858|66.91860961914062
3|861|67.1717758178711
3|864|68.16481018066406
3|867|69.69385528564453
3|874|70.18743896484375
3|878|68.85938262939453
3|882|68.23346710205078
3|886|69.16255950927734
3|891|67.94898986816406
3|2080|70.92522430419922
3|2083|69.91136932373047
3|2086|76.37950134277344
3|2092|83.89619445800781
3|2138|38.6461067199707
3|2494|56.40371322631836
3|2497|56.587562561035156
3|2502|62.462894439697266
3|2506|62.69386291503906
4|837|36.17763137817383
4|914|76.86051177978516
4|918|80.62578582763672
4|924|82.32563018798828
4|928|83.383056640625
4|956|82.27302551269531
4|963|87.94280242919922
4|968|86.92082977294922
4|971|86.85124969482422
4|977|88.91417694091797
4|981|89.22865295410156
4|987|86.0684814453125
4|992|88.89849090576172
4|1007|59.389434814453125
4|1020|79.0050048828125
4|1865|57.064430236816406
4|1891|53.84729766845703
4|1917|52.20951843261719
4|1943|48.50198745727539
4|1975|51.326942443847656
4|1981|54.08285140991211
4|1988|59.93544387817383
4|1994|51.50774383544922
4|2001|53.03116989135742
4|2007|56.804527282714844
4|2014|59.92792892456055
4|2144|73.56236267089844
4|2157|94.12788391113281
4|2170|81.40067291259766
4|2184|89.6711654663086
4|2189|92.76470947265625
4|2196|100.4129409790039
4|2240|104.5660400390625
4|2247|76.518798828125
4|2261|99.05479431152344
4|2279|84.01419067382812
4|2382|69.97657775878906
4|2486|57.409027099609375
4|2551|77.57736206054688
4|2557|71.2479248046875
4|2562|53.384117126464844
4|2570|71.71778869628906
4|2576|76.54151153564453
4|2582|55.31824493408203
5|831|162.29791259765625
5|895|160.142822265625
5|934|155.82762145996094
5|999|166.89833068847656
5|1025|164.68475341796875
5|1029|49.84870147705078
5|1033|66.43394470214844
5|1038|162.4545440673828
5|1045|61.737003326416016
5|1060|82.13471221923828
5|1065|83.1989974975586
5|1068|84.37415313720703
5|1076|86.17166137695312
5|1079|86.79684448242188
5|1083|87.86477661132812
5|1087|88.65643310546875
5|1092|90.94803619384766
5|1102|169.57420349121094
5|1108|54.469547271728516
5|1117|73.6350326538086
5|1125|82.22756958007812
5|1130|83.41417694091797
5|1134|81.50382995605469
5|1136|81.26605987548828
5|1141|146.60443115234375
5|1146|41.949974060058594
5|1155|71.15233612060547
5|1163|80.83204650878906
5|1168|83.11541748046875
5|1172|83.30132293701172
5|1178|86.28462219238281
5|1180|86.09727478027344
5|1184|86.82838439941406
5|1188|85.16358947753906
5|1191|85.08782958984375
5|1195|86.62422943115234
5|1201|85.21725463867188
5|1206|155.92901611328125
5|1209|40.953670501708984
5|1212|56.61852264404297
5|1215|57.002525329589844
5|1864|63.53388595581055
5|1890|56.44268798828125
5|1916|59.711734771728516
5|1942|51.36637878417969
5|1974|59.01771926879883
5|1980|60.65610885620117
5|1987|63.84440994262695
5|1993|57.148681640625
5|2000|57.25943374633789
5|2006|63.517425537109375
5|2013|65.21520233154297
5|2071|127.52410888671875
5|2136|127.55433654785156
5|2162|103.8801040649414
5|2175|119.1278076171875
5|2239|131.13565063476562
5|2264|99.16402435302734
5|2273|95.66777038574219
5|2278|105.06961822509766
5|2281|64.05525207519531
5|2287|92.4385757446289
5|2290|92.73930358886719
5|2299|100.67725372314453
5|2343|97.78565216064453
5|2358|83.00606536865234
5|2362|88.32161712646484
5|2364|87.60609436035156
5|2369|73.43184661865234
5|2377|84.29940795898438
5|2381|100.29117584228516
5|2384|58.44987487792969
5|2390|77.89923858642578
5|2401|93.86779022216797
5|2446|128.2161407470703
5|2485|91.70222473144531
5|2549|114.44793701171875
5|2575|92.83747863769531
6|830|143.41921997070312
6|933|131.18617248535156
6|998|149.74209594726562
6|1024|145.13829040527344
6|1101|141.49147033691406
6|1140|128.1295166015625
6|1223|82.64405059814453
6|1226|84.601806640625
6|1230|72.27875518798828
6|1234|70.1601791381836
6|1240|82.50472259521484
6|1868|13.682167053222656
6|1889|56.29499053955078
6|1915|68.05497741699219
6|1941|54.932682037353516
6|1967|66.76773071289062
6|1973|62.42259979248047
6|1986|68.47966766357422
6|1999|64.73882293701172
6|2012|72.31686401367188
6|2070|111.13138580322266
6|2135|111.82689666748047
6|2238|105.43146514892578
6|2277|96.0482406616211
6|2380|82.04537200927734
6|2445|111.78600311279297
6|2461|89.2884292602539
6|2467|104.69874572753906
6|2474|89.05347442626953
6|2479|92.250244140625
6|2548|95.07749938964844
6|2574|84.90745544433594
7|829|110.56419372558594
7|997|111.15509033203125
7|1023|119.02692413330078
7|1139|91.96414947509766
7|1204|114.82889556884766
7|1863|64.05900573730469
7|1894|14.94701862335205
7|1966|65.90011596679688
7|1979|63.302711486816406
7|1992|60.67279052734375
7|2005|65.64034271240234
7|2011|72.3040771484375
7|2016|15.979870796203613
7|2134|91.7048110961914
7|2160|79.76101684570312
7|2173|92.10942077636719
7|2276|78.81231689453125
7|2341|83.7766342163086
7|2444|83.09052276611328
7|2483|76.51593780517578
7|2573|63.29890823364258
8|117|15.443524360656738
8|124|14.11599349975586
8|530|16.349939346313477
8|538|14.517670631408691
8|932|93.61856079101562
8|1358|13.651861190795898
8|1753|16.156858444213867
8|1755|15.291115760803223
8|1783|14.7986478805542
8|1789|19.884952545166016
8|1793|17.73311996459961
8|1821|28.056982040405273
8|1827|18.770875930786133
8|1883|14.26689338684082
8|1888|51.74397277832031
8|1972|55.06167984008789
8|1985|67.7083740234375
8|1998|63.103450775146484
8|2057|19.97042465209961
8|2146|13.814947128295898
8|2183|18.95610237121582
8|2190|15.265864372253418
8|2196|19.04863166809082
8|2200|30.749311447143555
8|2237|76.6410903930664
8|2245|18.11819076538086
8|2257|16.23895835876465
8|2262|16.507213592529297
8|2547|67.14226531982422
8|2555|15.880500793457031
8|2558|15.771986961364746
9|1862|53.72130584716797
9|1914|56.897796630859375
9|1940|53.48692321777344
9|2199|21.900739669799805
9|2379|57.34840393066406
9|2482|56.502716064453125
10|1435|14.226835250854492
10|1851|15.021839141845703
10|1859|18.111738204956055
10|1888|51.978187561035156
10|1939|51.02299499511719
10|1965|61.42174530029297
10|1978|47.00783920288086
10|1991|47.25969314575195
10|2004|51.32412338256836
10|2077|17.457008361816406
10|2091|15.793636322021484
10|2265|25.46208381652832
10|2270|22.13968276977539
10|2275|51.887264251708984
10|2300|17.03314781188965
10|2305|13.981554985046387
10|2495|14.888631820678711
10|2501|15.309412002563477
11|1460|28.25464630126953
11|1467|16.827518463134766
11|1473|23.704177856445312
11|1492|21.24188804626465
11|1496|25.446369171142578
11|1499|26.66095733642578
11|1504|18.697534561157227
11|1523|27.786157608032227
11|1551|25.0157470703125
11|1576|30.317665100097656
11|1592|13.951486587524414
11|1600|25.620698928833008
11|1602|27.182926177978516
11|1625|26.047527313232422
11|1628|23.887313842773438
11|1634|16.429582595825195
11|1657|15.95820426940918
11|1735|19.750568389892578
11|1838|15.106536865234375
11|1868|26.854328155517578
11|1873|31.05604362487793
11|1881|24.976688385009766
11|1885|29.58165740966797
11|1899|27.58772850036621
11|1910|37.11213684082031
11|1917|14.7312593460083
11|1925|31.04409408569336
11|1933|34.42667770385742
11|1950|24.41853904724121
11|1963|30.464656829833984
11|1994|17.88510513305664
11|2007|13.69611644744873
11|2018|15.527606010437012
11|2050|19.405210494995117
11|2284|17.303987503051758
11|2287|15.618620872497559
11|2292|16.989578247070312
11|2295|20.41329002380371
11|2307|16.60506248474121
11|2387|22.881118774414062
12|828|55.53474426269531
12|1346|21.909332275390625
12|1447|13.78439712524414
12|1449|15.247995376586914
12|1651|15.961939811706543
12|1654|19.796356201171875
12|1739|20.92070960998535
12|1745|24.96491813659668
12|1755|13.712685585021973
12|1761|16.284547805786133
12|1771|18.086334228515625
12|1779|15.858363151550293
12|1781|16.13409423828125
12|1788|19.482810974121094
12|1792|22.234834671020508
12|1798|18.618316650390625
12|1811|14.686923027038574
12|1821|16.353910446166992
12|1826|18.0854549407959
12|1830|17.69336700439453
12|1834|18.582868576049805
12|1846|27.90821647644043
12|1849|32.02690124511719
12|1855|21.86113166809082
12|1997|27.87095069885254
12|2010|34.114871978759766
12|2043|16.104799270629883
12|2149|34.34419631958008
12|2155|14.096240997314453
12|2172|41.051292419433594
12|2261|14.941340446472168
12|2304|41.10234832763672
12|2477|14.956547737121582
12|2556|16.338598251342773
12|2563|22.337581634521484
12|2569|13.757597923278809
12|2583|15.908280372619629
13|11|19.10976791381836
13|20|22.856718063354492
13|29|20.406768798828125
13|70|28.002952575683594
13|79|31.286775588989258
13|85|17.43392562866211
13|433|37.18233108520508
13|476|20.808652877807617
13|483|28.243877410888672
13|489|29.715503692626953
13|492|29.21541976928711
13|496|22.592884063720703
13|499|18.46928596496582
13|839|13.90807819366455
13|847|20.189878463745117
13|851|18.983320236206055
13|856|17.666872024536133
13|862|15.824349403381348
13|906|22.948278427124023
13|912|14.105679512023926
13|1480|14.905611991882324
13|1653|14.317850112915039
13|1670|14.296406745910645
13|1681|15.869816780090332
13|1685|16.630739212036133
13|1690|16.61663055419922
13|1694|17.582277297973633
13|1706|16.07754898071289
13|1717|23.182828903198242
13|1720|25.29639434814453
13|1865|22.349397659301758
13|1885|21.44377899169922
13|1887|27.012950897216797
13|1890|16.439105987548828
13|1913|27.038650512695312
13|1916|13.969500541687012
13|1939|23.912357330322266
13|1942|19.814289093017578
13|1946|17.339384078979492
13|1952|13.905088424682617
13|1960|23.637277603149414
13|1965|32.32461166381836
13|1967|21.557275772094727
13|1974|16.438228607177734
13|1980|16.5130558013916
13|1987|20.899864196777344
13|1993|19.622743606567383
13|2006|16.096580505371094
13|2013|20.609519958496094
13|2096|63.12080001831055
13|2099|19.885297775268555
13|2148|44.93566131591797
13|2199|57.49953842163086
13|2251|44.332313537597656
13|2303|58.47313690185547
13|2354|50.37289047241211
13|2406|61.46746063232422
13|2457|47.842613220214844
13|2510|58.64466857910156
13|2513|19.24077033996582
13|2560|37.182865142822266
14|2|15.022335052490234
14|5|15.958128929138184
14|10|18.376510620117188
14|12|19.187135696411133
14|15|19.96987533569336
14|17|21.377355575561523
14|19|25.376495361328125
14|22|24.141164779663086
14|26|21.88262367248535
14|28|20.857418060302734
14|30|25.55601692199707
14|38|17.198713302612305
14|63|21.330549240112305
14|71|27.376628875732422
14|73|29.447715759277344
14|77|29.40386199951172
14|82|20.308696746826172
14|84|17.623085021972656
14|87|15.268248558044434
14|210|15.188631057739258
14|299|14.003437995910645
14|377|47.87372970581055
14|425|22.398679733276367
14|432|41.453155517578125
14|437|48.12997055053711
14|442|22.15309715270996
14|446|19.91187286376953
14|452|20.088308334350586
14|482|27.05622673034668
14|484|29.058032989501953
14|490|30.989892959594727
14|497|18.654319763183594
14|507|16.097911834716797
14|711|23.5019474029541
14|713|22.42817497253418
14|726|15.531536102294922
14|758|19.774499893188477
14|761|24.787683486938477
14|815|16.224458694458008
14|842|18.998672485351562
14|846|20.572397232055664
14|850|18.883834838867188
14|852|18.807218551635742
14|855|18.918865203857422
14|859|16.905364990234375
14|864|15.058720588684082
14|898|24.659149169921875
14|901|24.00678253173828
14|904|22.459413528442383
14|931|39.699256896972656
14|1077|16.45022201538086
14|1080|24.46430778503418
14|1102|18.131248474121094
14|1104|14.68311595916748
14|1138|39.08620834350586
14|1172|24.16419219970703
14|1205|17.03474235534668
14|1292|15.2703275680542
14|1452|14.966468811035156
14|1478|15.1624174118042
14|1483|19.545257568359375
14|1486|16.76941680908203
14|1489|15.43337631225586
14|1495|14.3069486618042
14|1505|20.80938720703125
14|1508|15.760613441467285
14|1557|13.723865509033203
14|1582|16.43754768371582
14|1585|19.649982452392578
14|1590|14.78948974609375
14|1608|18.491376876831055
14|1610|21.03338623046875
14|1637|15.509716987609863
14|1664|23.47429084777832
14|1666|24.95049476623535
14|1673|25.518138885498047
14|1675|25.957744598388672
14|1678|26.464014053344727
14|1686|18.87517738342285
14|1688|20.007583618164062
14|1698|25.80224609375
14|1714|26.696992874145508
14|1723|23.64845848083496
14|1738|15.388051986694336
14|1758|13.959813117980957
14|1884|20.61370849609375
14|1888|22.695663452148438
14|1940|21.837732315063477
14|1962|24.72473907470703
14|1972|23.198740005493164
14|1978|21.11536407470703
14|1985|24.42852783203125
14|1991|25.344144821166992
14|1998|24.913114547729492
14|2004|25.267141342163086
14|2011|25.759069442749023
14|2034|13.957279205322266
14|2037|31.15568733215332
14|2056|16.470176696777344
14|2071|17.608257293701172
14|2077|23.105663299560547
14|2085|16.617395401000977
14|2091|18.127517700195312
14|2100|16.652685165405273
14|2104|13.787949562072754
14|2381|15.114810943603516
14|2450|21.22635269165039
14|2453|16.66778564453125
14|2514|21.497882843017578
15|85|14.337859153747559
15|89|14.193886756896973
15|97|17.197011947631836
15|102|15.31324577331543
15|107|24.80448341369629
15|184|16.220617294311523
15|206|36.28853988647461
15|312|23.298513412475586
15|378|58.331912994384766
15|419|60.32264709472656
15|429|42.56474304199219
15|501|28.958269119262695
15|512|18.011375427246094
15|521|76.47542572021484
15|532|48.70355224609375
15|597|16.267589569091797
15|657|40.64365768432617
15|698|23.701847076416016
15|710|30.431692123413086
15|756|26.092018127441406
15|795|36.79890060424805
15|805|15.84898567199707
15|813|19.996126174926758
15|828|50.570499420166016
15|924|17.087371826171875
15|932|43.88345718383789
15|938|23.747974395751953
15|1022|46.12238693237305
15|1035|46.71517562866211
15|1100|38.957828521728516
15|1171|31.70864486694336
15|1227|23.176488876342773
15|1502|14.785632133483887
15|1621|20.76504135131836
15|1736|19.441301345825195
15|1742|15.440773010253906
15|1749|18.056203842163086
15|1755|32.7032585144043
15|1862|25.48270034790039
15|1901|13.74128532409668
15|2033|25.98541259765625
15|2040|20.605104446411133
15|2069|37.158226013183594
15|2133|38.724365234375
15|2159|41.94736099243164
15|2170|27.530656814575195
15|2237|36.97040557861328
15|2276|30.131214141845703
15|2340|36.91355514526367
15|2379|32.086585998535156
15|2443|50.37242889404297
15|2482|34.52960968017578
15|2547|35.79047393798828
15|2573|27.08377456665039
16|18|37.65719985961914
16|30|26.571685791015625
16|58|29.96927833557129
16|71|22.740238189697266
16|103|13.931926727294922
16|106|23.581130981445312
16|109|23.539714813232422
16|127|47.81822967529297
16|131|45.6534309387207
16|136|15.725354194641113
16|140|15.87803840637207
16|144|14.896475791931152
16|148|14.370691299438477
16|152|14.835587501525879
16|201|44.016597747802734
16|205|26.86372947692871
16|208|35.95737838745117
16|296|20.61922264099121
16|302|46.11954116821289
16|311|30.458824157714844
16|317|22.339332580566406
16|350|35.453983306884766
16|352|39.839359283447266
16|355|40.43500518798828
16|357|40.837398529052734
16|365|22.847185134887695
16|381|78.17916870117188
16|387|63.39103317260742
16|393|38.300453186035156
16|395|38.7645263671875
16|402|59.62428665161133
16|415|16.849254608154297
16|422|62.75408935546875
16|426|56.45227813720703
16|459|72.90938568115234
16|471|47.160037994384766
16|476|48.504459381103516
16|478|47.643028259277344
16|481|43.65157699584961
16|494|47.4912223815918
16|506|33.47145462036133
16|509|38.145381927490234
16|548|14.516629219055176
16|552|13.743749618530273
16|557|17.320878982543945
16|561|17.369783401489258
16|565|15.95761489868164
16|568|14.084371566772461
16|596|21.188127517700195
16|617|14.646928787231445
16|632|35.4785270690918
16|638|34.098026275634766
16|647|27.982887268066406
16|655|50.382354736328125
16|659|56.87416458129883
16|666|17.512134552001953
16|675|21.141559600830078
16|678|22.070358276367188
16|683|30.04730796813965
16|701|36.54816436767578
16|703|39.842185974121094
16|706|37.188438415527344
16|715|41.29130554199219
16|718|40.31057357788086
16|738|14.915152549743652
16|742|30.54380226135254
16|748|21.010515213012695
16|754|27.01053237915039
16|792|41.44276809692383
16|797|40.523475646972656
16|812|23.494543075561523
16|818|45.119407653808594
16|827|35.78803634643555
16|830|31.463476181030273
16|833|21.25340461730957
16|837|26.12594985961914
16|839|26.123218536376953
16|870|41.57304000854492
16|877|57.99165344238281
16|888|42.797115325927734
16|897|31.2626895904541
16|909|47.077537536621094
16|915|40.557315826416016
16|921|31.850399017333984
16|1017|13.788739204406738
16|1046|28.190902709960938
16|1053|20.784013748168945
16|1062|15.779504776000977
16|1071|50.997657775878906
16|1089|47.25019073486328
16|1099|40.04452133178711
16|1120|34.85307693481445
16|1128|42.75006866455078
16|1130|42.61254119873047
16|1158|29.484922409057617
16|1166|42.13312530517578
16|1184|14.06323528289795
16|1245|18.621538162231445
16|1250|22.752666473388672
16|1272|27.403915405273438
16|1278|21.690473556518555
16|1281|20.03545570373535
16|1287|14.116623878479004
16|1297|19.101613998413086
16|1302|21.942283630371094
16|1350|31.739404678344727
16|1357|31.03387451171875
16|1376|29.797990798950195
16|1379|26.61079216003418
16|1382|25.879037857055664
16|1402|33.10334014892578
16|1407|30.703563690185547
16|1427|28.096328735351562
16|1433|29.00010108947754
16|1438|19.8850154876709
16|1443|15.121281623840332
16|1453|28.71337127685547
16|1457|18.953521728515625
16|1465|27.812685012817383
16|1468|19.363718032836914
16|1484|23.222816467285156
16|1495|23.92300033569336
16|1505|29.898460388183594
16|1516|21.754627227783203
16|1520|19.122190475463867
16|1531|19.195104598999023
16|1536|15.4835786819458
16|1543|26.00313949584961
16|1545|24.875511169433594
16|1556|20.818466186523438
16|1560|19.032516479492188
16|1568|22.43679428100586
16|1572|21.227611541748047
16|1582|43.156463623046875
16|1593|24.80730628967285
16|1597|28.992584228515625
16|1604|47.65209197998047
16|1612|72.26702117919922
16|1622|18.56825065612793
16|1638|27.568431854248047
16|1660|28.821624755859375
16|1666|27.058048248291016
16|1670|29.811391830444336
16|1674|20.911624908447266
16|1685|21.464258193969727
16|1690|16.44278907775879
16|1696|15.915962219238281
16|1710|14.948701858520508
16|1715|18.27469253540039
16|1762|59.41276168823242
16|1767|49.57388687133789
16|1789|40.48701858520508
16|1793|22.889190673828125
16|1808|31.877315521240234
16|1827|37.116275787353516
16|1832|31.65302848815918
16|1839|30.082151412963867
16|1843|34.223358154296875
16|1847|23.817951202392578
16|1855|22.451242446899414
16|1861|27.283313751220703
16|1866|15.920519828796387
16|1870|13.674619674682617
16|1878|16.160768508911133
16|1881|19.458580017089844
16|1884|25.054433822631836
16|1887|28.524106979370117
16|1892|16.32326889038086
16|1899|17.354209899902344
16|1904|22.47708511352539
16|1908|17.7683048248291
16|1913|29.29951286315918
16|1922|15.502650260925293
16|1925|17.44843864440918
16|1930|19.64757537841797
16|1933|15.792552947998047
16|1939|20.728809356689453
16|1944|16.103418350219727
16|1956|24.990781784057617
16|1959|24.117713928222656
16|1965|28.91037368774414
16|1968|26.602787017822266
16|1971|26.129669189453125
16|2013|21.256134033203125
16|2022|44.190208435058594
16|2026|47.803836822509766
16|2043|16.837661743164062
16|2080|14.846904754638672
16|2083|15.646862030029297
16|2096|19.483346939086914
16|2147|23.373146057128906
16|2171|36.0771484375
16|2177|15.892434120178223
16|2181|14.81089973449707
16|2196|18.85321617126465
16|2199|22.454753875732422
16|2207|14.229857444763184
16|2230|14.439099311828613
16|2236|28.7507266998291
16|2251|22.463457107543945
16|2275|26.468486785888672
16|2284|22.561460494995117
16|2291|16.95660972595215
16|2299|13.961905479431152
16|2302|21.076581954956055
16|2354|23.535446166992188
16|2378|29.41861915588379
16|2387|18.62799072265625
16|2391|17.323692321777344
16|2394|17.582855224609375
16|2406|26.16769790649414
16|2429|40.169368743896484
16|2436|48.29322814941406
16|2439|54.8246955871582
16|2442|54.67194747924805
16|2458|16.612483978271484
16|2461|14.548508644104004
16|2497|22.44614601135254
16|2509|33.38779067993164
16|2538|41.22320556640625
16|2560|19.317485809326172
17|19|36.379146575927734
17|28|33.637821197509766
17|43|15.116238594055176
17|59|25.097986221313477
17|68|33.20781326293945
17|104|14.97973918914795
17|111|39.12002182006836
17|193|23.644838333129883
17|204|27.373546600341797
17|213|18.660961151123047
17|295|25.261564254760742
17|349|28.159189224243164
17|361|31.519245147705078
17|391|41.92338943481445
17|405|40.95212173461914
17|475|57.60051727294922
17|498|61.32038116455078
17|510|30.93952178955078
17|555|15.053146362304688
17|595|23.809051513671875
17|616|19.665143966674805
17|631|34.191673278808594
17|649|23.007917404174805
17|674|19.682376861572266
17|700|39.83592224121094
17|705|38.691253662109375
17|719|36.0632209777832
17|820|43.60533905029297
17|826|49.69880294799805
17|922|33.685699462890625
17|931|34.51907730102539
17|1059|16.365947723388672
17|1097|33.28163528442383
17|1131|43.43154525756836
17|1152|17.619056701660156
17|1162|37.55870819091797
17|1246|18.521495819091797
17|1483|22.119068145751953
17|1573|20.892810821533203
17|1594|27.42220687866211
17|1607|48.60988998413086
17|1635|23.65113067626953
17|1709|14.48680591583252
17|1812|18.568470001220703
17|1841|21.495716094970703
17|1885|22.688840866088867
17|1912|25.33625030517578
17|1963|15.46273422241211
17|1983|21.119104385375977
17|1997|25.01904296875
17|2009|27.59055519104004
17|2056|16.686992645263672
17|2095|20.782642364501953
17|2198|21.52860450744629
17|2353|27.06927490234375
17|2398|13.643187522888184
17|2409|19.244678497314453
17|2456|17.008140563964844
17|2460|14.713191032409668
17|2481|37.11375045776367
17|2498|25.388023376464844
17|2508|25.773265838623047
17|2523|20.78554916381836
17|2539|40.132205963134766
17|2546|45.12503433227539
18|3|34.871681213378906
18|21|33.20866394042969
18|26|32.9588623046875
18|61|32.03817367553711
18|65|35.65478515625
18|98|38.232295989990234
18|112|44.429832458496094
18|114|45.44847106933594
18|188|44.69634246826172
18|191|44.15603256225586
18|210|31.437585830688477
18|283|14.874265670776367
18|291|44.750221252441406
18|313|29.97414207458496
18|328|27.395004272460938
18|330|26.19387435913086
18|336|19.11249351501465
18|340|16.61194610595703
18|342|18.25030517578125
18|348|21.147281646728516
18|406|41.52524948120117
18|410|54.44115447998047
18|511|36.15990447998047
18|610|32.515926361083984
18|623|25.941802978515625
18|626|27.790307998657227
18|724|47.85618209838867
18|729|48.78246307373047
18|732|46.2175178527832
18|734|46.09280776977539
18|804|16.659244537353516
18|807|14.832974433898926
18|824|56.855464935302734
18|827|33.9139518737793
18|924|30.815250396728516
18|1019|34.02105712890625
18|1025|24.858131408691406
18|1031|17.605066299438477
18|1039|20.666152954101562
18|1133|45.444393157958984
18|1138|68.61432647705078
18|1149|46.678077697753906
18|1217|13.995043754577637
18|1325|21.715675354003906
18|1468|42.517887115478516
18|1477|47.70200729370117
18|1570|25.649354934692383
18|1580|14.507936477661133
18|1589|22.1973934173584
18|1591|20.549884796142578
18|1640|20.197982788085938
18|1648|19.627471923828125
18|1651|15.088563919067383
18|1656|18.39113426208496
18|1738|13.574535369873047
18|1880|34.284576416015625
18|1882|32.52895736694336
18|1891|23.584850311279297
18|1893|20.51289176940918
18|1978|14.874393463134766
18|2003|21.994365692138672
18|2006|13.735518455505371
18|2146|18.03545570373535
18|2301|17.29353904724121
18|2396|17.373401641845703
18|2459|15.073975563049316
18|2463|15.193022727966309
18|2469|28.899662017822266
18|2473|19.04062271118164
18|2482|33.14424133300781
18|2502|26.048776626586914
18|2544|49.63426971435547
18|2572|24.827308654785156
18|2582|22.301761627197266
19|5|33.16477584838867
19|62|30.15501594543457
19|85|13.796085357666016
19|173|27.293209075927734
19|277|32.613059997558594
19|293|37.73637008666992
19|325|20.98659896850586
19|607|35.10316467285156
19|609|28.033857345581055
19|613|29.03647232055664
19|622|25.772457122802734
19|828|44.72519302368164
19|893|46.18142318725586
19|932|35.449188232421875
19|996|42.98564910888672
19|1009|32.6232795715332
19|1022|52.04634094238281
19|1035|36.90791702270508
19|1100|34.10811233520508
19|1134|49.958534240722656
19|1145|42.683509826660156
19|1203|34.494388580322266
19|1330|19.587675094604492
19|1379|22.98831558227539
19|1463|32.679256439208984
19|1567|23.85665512084961
19|1632|18.71739387512207
19|1652|18.145957946777344
19|1878|29.586851119995117
19|1965|13.578584671020508
19|2057|13.843034744262695
19|2069|29.961854934692383
19|2133|32.42150115966797
19|2159|32.248390197753906
19|2172|28.877761840820312
19|2236|28.291261672973633
19|2275|30.506689071655273
19|2340|30.413480758666992
19|2379|28.002016067504883
19|2443|25.0346622467041
19|2485|18.56511688232422
19|2573|25.787443161010742
19|2581|20.456174850463867
20|7|23.885866165161133
20|10|18.6241397857666
20|50|18.26606559753418
20|60|24.532230377197266
20|69|14.28994083404541
20|121|14.652264595031738
20|124|13.96359920501709
20|145|14.09677505493164
20|167|16.275754928588867
20|172|25.685415267944336
20|179|26.63768196105957
20|185|28.153724670410156
20|192|26.189130783081055
20|194|23.732751846313477
20|197|17.126449584960938
20|207|15.245813369750977
20|281|42.61812210083008
20|322|38.20571517944336
20|416|14.602261543273926
20|455|15.946639060974121
20|474|24.660158157348633
20|479|17.5671443939209
20|483|15.437978744506836
20|493|15.31486701965332
20|538|15.146467208862305
20|554|16.205551147460938
20|558|13.850375175476074
20|589|13.693737030029297
20|600|32.777000427246094
20|604|37.10955810546875
20|621|22.119359970092773
20|888|20.87071418762207
20|969|51.62531280517578
20|1000|16.2086181640625
20|1015|14.967413902282715
20|1018|22.56723976135254
20|1265|18.873607635498047
20|1285|14.749810218811035
20|1287|14.355353355407715
20|1291|15.866278648376465
20|1355|15.253085136413574
20|1376|21.37694549560547
20|1403|19.780092239379883
20|1424|14.267186164855957
20|1428|16.953113555908203
20|1448|43.823917388916016
20|1462|33.1019401550293
20|1551|18.2161808013916
20|1671|15.343988418579102
20|1673|17.96767234802246
20|1699|25.54096221923828
20|1703|20.7075252532959
20|1706|18.47230339050293
20|1712|21.275066375732422
20|1714|18.098163604736328
20|1719|18.38902473449707
20|1760|19.972700119018555
20|1763|25.159677505493164
20|1768|15.938879013061523
20|1772|17.294235229492188
20|1779|16.365123748779297
20|1786|14.836222648620605
20|1790|17.729148864746094
20|1797|16.61530876159668
20|1800|15.879634857177734
20|1838|14.621536254882812
20|1846|14.315350532531738
20|1852|37.110748291015625
20|1864|18.78269386291504
20|1869|15.330024719238281
20|1889|16.31648826599121
20|1912|39.718536376953125
20|2326|21.25028419494629
20|2486|23.64441680908203
20|2488|21.77302360534668
20|2530|22.448087692260742
20|2546|21.50489044189453
20|2572|25.267589569091797
21|8|17.061555862426758
21|51|17.677854537963867
21|79|14.721973419189453
21|177|34.134090423583984
21|204|14.327176094055176
21|214|17.571693420410156
21|217|39.6138916015625
21|220|51.34838104248047
21|224|36.31122970581055
21|227|43.1046142578125
21|230|27.090635299682617
21|270|15.054993629455566
21|280|50.14998245239258
21|283|15.005840301513672
21|321|57.835044860839844
21|324|41.562198638916016
21|454|13.639573097229004
21|565|17.885812759399414
21|627|17.754972457885742
21|709|16.789325714111328
21|982|22.046249389648438
21|1002|15.474893569946289
21|1034|26.947460174560547
21|1143|46.3763542175293
21|1264|18.482412338256836
21|1354|15.178049087524414
21|1378|23.62975311279297
21|1394|21.803926467895508
21|1401|15.046223640441895
21|1404|18.088642120361328
21|1417|14.343210220336914
21|1423|13.608701705932617
21|1430|19.084270477294922
21|1443|18.793140411376953
21|1452|24.35512351989746
21|1456|32.81584930419922
21|1459|44.398860931396484
21|1467|14.169631958007812
21|1473|16.44590950012207
21|1475|19.44272804260254
21|1480|19.14951515197754
21|1485|19.429481506347656
21|1547|20.245920181274414
21|1550|20.87637710571289
21|1554|20.149974822998047
21|1556|14.860677719116211
21|1560|19.02996063232422
21|1563|30.10093879699707
21|1566|24.652894973754883
21|1588|16.791744232177734
21|1606|17.66307830810547
21|1609|22.648277282714844
21|1634|20.7099666595459
21|1658|20.31001091003418
21|1661|15.589632034301758
21|1697|26.700288772583008
21|1724|13.684835433959961
21|1759|17.888574600219727
21|1762|27.21100616455078
21|1791|19.22132682800293
21|1851|35.60480499267578
21|1862|31.44462776184082
21|1868|23.33470344543457
21|1874|26.788406372070312
21|1918|13.73916244506836
21|1968|16.929153442382812
21|1971|20.813617706298828
21|1978|16.77245330810547
21|1984|16.982149124145508
21|1994|23.193355560302734
21|1997|26.698148727416992
21|2004|18.732486724853516
21|2010|16.930278778076172
21|2050|21.117982864379883
21|2463|14.541864395141602
22|235|21.33613395690918
22|239|20.676101684570312
22|257|15.159584045410156
22|260|19.770715713500977
22|294|18.902240753173828
22|298|20.068632125854492
22|312|14.464286804199219
22|317|19.64224624633789
22|325|31.888973236083984
22|335|23.341167449951172
22|342|22.5100154876709
22|360|15.527796745300293
22|375|14.29958724975586
22|556|18.439218521118164
22|578|14.895572662353516
22|636|27.372344970703125
22|646|22.32071876525879
22|649|21.460485458374023
22|652|21.829248428344727
22|655|18.406936645507812
22|670|15.074750900268555
22|674|17.70176887512207
22|698|13.663455963134766
22|708|18.484560012817383
22|711|16.93311309814453
22|714|14.128747940063477
22|733|23.823501586914062
22|737|27.149944305419922
22|743|24.153411865234375
22|749|22.481481552124023
22|753|21.12627410888672
22|755|21.351181030273438
22|773|14.720142364501953
22|776|14.420637130737305
22|800|13.791796684265137
22|970|46.61860656738281
22|1035|27.843000411987305
22|1043|15.058172225952148
22|1046|18.137393951416016
22|1050|22.451656341552734
22|1055|18.14042854309082
22|1059|21.1285343170166
22|1063|16.11229705810547
22|1065|16.461984634399414
22|1069|14.723530769348145
22|1099|32.905208587646484
22|1121|14.972549438476562
22|1124|14.034337997436523
22|1138|25.08489990234375
22|1146|15.490020751953125
22|1150|20.260000228881836
22|1153|21.23046112060547
22|1156|20.54498291015625
22|1164|17.92890739440918
22|1167|16.146390914916992
22|1170|18.213043212890625
22|1353|14.071956634521484
22|1435|19.297204971313477
22|1453|19.531936645507812
22|1474|17.284931182861328
22|1481|18.410594940185547
22|1486|19.517587661743164
22|1507|13.72403335571289
22|1513|25.381084442138672
22|1522|13.99313735961914
22|1524|14.274932861328125
22|1529|15.14487361907959
22|1539|30.775354385375977
22|1564|31.008548736572266
22|1581|14.968879699707031
22|1590|22.095521926879883
22|1611|22.110553741455078
22|1615|24.46697998046875
22|1792|17.65823745727539
22|1850|32.914981842041016
22|1861|38.89942169189453
22|1875|15.008564949035645
22|1892|20.091890335083008
22|1917|14.483572959899902
22|1952|14.329082489013672
22|1970|19.261857986450195
22|1995|25.93684959411621
22|2043|28.269006729125977
22|2158|26.322057723999023
22|2236|22.78053092956543
22|2287|15.32402515411377
22|2291|14.294317245483398
22|2294|14.16879940032959
22|2327|17.97264289855957
22|2364|19.41541290283203
22|2378|25.099594116210938
23|81|19.889131546020508
23|97|15.04887580871582
23|100|14.742863655090332
23|102|14.900419235229492
23|269|21.449974060058594
23|494|18.792463302612305
23|497|13.702119827270508
23|511|15.387202262878418
23|513|14.757231712341309
23|908|13.731447219848633
23|927|14.761127471923828
23|931|31.94670867919922
23|971|43.5217170715332
23|1542|16.53762435913086
23|1643|14.123456001281738
23|1720|17.86288833618164
23|1743|16.228452682495117
23|1758|22.30259132385254
23|2144|14.963634490966797
23|2151|14.969564437866211
23|2155|20.08995819091797
24|10|18.4661922454834
24|15|19.68140983581543
24|86|17.414886474609375
24|89|19.276628494262695
24|92|16.61505126953125
24|94|14.283656120300293
24|103|15.123021125793457
24|105|16.96634864807129
24|111|14.95623779296875
24|113|15.46255874633789
24|120|14.643769264221191
24|126|14.070759773254395
24|129|14.558788299560547
24|132|16.397066116333008
24|135|15.712462425231934
24|139|15.209369659423828
24|145|19.09991455078125
24|159|29.200286865234375
24|166|15.530953407287598
24|171|17.23295021057129
24|262|23.11690902709961
24|268|22.997314453125
24|423|19.955169677734375
24|426|19.375484466552734
24|429|18.545631408691406
24|500|17.30122184753418
24|502|18.0064697265625
24|505|17.177082061767578
24|508|15.539484977722168
24|516|16.50019073486328
24|519|15.409992218017578
24|524|15.057662010192871
24|527|16.400508880615234
24|532|14.874605178833008
24|542|15.486685752868652
24|545|15.187888145446777
24|548|16.513322830200195
24|551|15.295001983642578
24|560|46.90224075317383
24|571|31.77663230895996
24|576|17.526363372802734
24|585|18.015077590942383
24|811|17.226577758789062
24|813|17.17491912841797
24|839|18.73411750793457
24|893|29.987632751464844
24|913|16.917495727539062
24|916|18.81610870361328
24|919|14.585747718811035
24|921|13.969795227050781
24|924|13.753324508666992
24|932|28.985681533813477
24|956|13.923140525817871
24|962|15.007862091064453
24|973|14.69438362121582
24|977|49.19776916503906
24|979|48.55375671386719
24|984|22.963960647583008
24|1099|32.7283935546875
24|1203|29.769960403442383
24|1224|14.470613479614258
24|1232|19.778987884521484
24|1238|29.937475204467773
24|1252|14.979853630065918
24|1262|38.107295989990234
24|1273|15.330349922180176
24|1277|16.690847396850586
24|1292|34.352848052978516
24|1303|37.533241271972656
24|1316|13.900135040283203
24|1323|19.37415313720703
24|1330|25.210254669189453
24|1335|19.47151756286621
24|1337|14.837271690368652
24|1348|14.19606876373291
24|1351|18.944923400878906
24|1388|15.069551467895508
24|1398|19.182538986206055
24|1436|21.534238815307617
24|1644|14.072298049926758
24|1656|23.538002014160156
24|1663|17.347780227661133
24|1669|16.4571590423584
24|1674|31.377870559692383
24|1689|15.55972957611084
24|1694|16.071256637573242
24|1711|15.3267183303833
24|1713|14.331193923950195
24|1721|24.02692413330078
24|1727|14.585077285766602
24|1737|15.002065658569336
24|1739|17.678077697753906
24|1742|15.558075904846191
24|1759|18.88141632080078
24|1764|17.549915313720703
24|1767|14.938946723937988
24|1787|14.760763168334961
24|1800|21.832406997680664
24|1805|22.85377311706543
24|1819|18.59567642211914
24|1826|28.254276275634766
24|2068|22.155534744262695
24|2133|23.639375686645508
24|2150|15.458176612854004
24|2169|19.351181030273438
24|2275|20.661216735839844
24|2379|21.14784049987793
24|2443|21.940624237060547
24|2472|25.427000045776367
24|2478|27.06645393371582
24|2482|19.825122833251953
24|2546|20.060054779052734
24|2570|18.952552795410156
25|148|14.015742301940918
25|157|27.20842933654785
25|170|16.647388458251953
25|261|26.205984115600586
25|375|16.20875358581543
25|455|16.152381896972656
25|570|21.379362106323242
25|828|29.360424041748047
25|931|30.032297134399414
25|983|14.673590660095215
25|996|25.974178314208984
25|1022|25.70073127746582
25|1247|20.243488311767578
25|1258|42.952335357666016
25|1293|31.224803924560547
25|1350|17.841766357421875
25|1389|15.20314884185791
25|1396|30.32899284362793
25|1432|23.055110931396484
25|1535|17.441787719726562
25|1541|23.203561782836914
25|1670|17.37282943725586
25|1673|30.426130294799805
25|1680|18.15239906311035
25|1809|28.783729553222656
25|1848|33.38808059692383
25|2340|22.60226058959961
25|2363|21.149497985839844
25|2378|18.934814453125
25|2470|16.2276611328125
25|2473|26.013565063476562
26|155|14.926704406738281
26|1431|24.61492347717285
26|1534|17.198068618774414
26|1681|19.14871597290039
26|1818|15.714470863342285
26|1862|16.996837615966797
26|1914|16.30801773071289
26|1939|19.887680053710938
26|1949|30.071910858154297
26|1984|16.245492935180664
26|2056|20.1738338470459
26|2159|15.666303634643555
26|2172|20.791297912597656
26|2339|22.08159828186035
26|2572|15.218134880065918
27|218|19.144838333129883
27|256|15.348052024841309
27|295|18.987796783447266
27|297|18.834108352661133
27|323|17.676603317260742
27|376|21.626474380493164
27|432|13.827219009399414
27|631|18.68128776550293
27|709|20.229875564575195
27|711|20.339183807373047
27|736|17.779298782348633
27|1046|13.83841323852539
27|1123|17.65987205505371
27|1245|16.491357803344727
27|1254|50.75407409667969
27|1272|16.457717895507812
27|1280|17.01616668701172
27|1294|33.42292785644531
27|1303|18.647804260253906
27|1406|17.383798599243164
27|1430|24.017555236816406
27|1459|18.456802368164062
27|1462|16.649953842163086
27|1481|17.516870498657227
27|1502|56.78953552246094
27|1533|16.813867568969727
27|1537|14.814501762390137
27|1540|27.867887496948242
27|1563|16.296316146850586
27|1566|17.395496368408203
27|1585|25.162982940673828
27|1659|13.667863845825195
27|1680|16.723615646362305
27|1714|40.3669319152832
27|1716|40.10459899902344
27|1720|16.008211135864258
27|1817|15.103080749511719
27|1844|37.205020904541016
27|1869|20.71444320678711
27|1888|18.4140567779541
27|1902|16.48658561706543
27|1913|16.50724220275879
27|1942|18.474594116210938
27|1948|24.82921028137207
27|1985|16.066221237182617
27|1991|17.97756576538086
27|1997|16.929460525512695
27|2092|14.343660354614258
27|2331|16.8598690032959
27|2336|28.77483558654785
27|2359|20.282800674438477
27|2361|19.872785568237305
28|253|14.910041809082031
28|456|19.511234283447266
28|828|23.93843650817871
28|893|18.986997604370117
28|996|18.975095748901367
28|1022|18.977313995361328
28|1035|23.012468338012695
28|1081|19.473875045776367
28|1423|36.102169036865234
28|1918|18.570756912231445
28|1924|32.530452728271484
28|2236|17.764188766479492
28|2332|15.17691707611084
28|2337|31.50444221496582
28|2443|16.13094139099121
29|431|16.018138885498047
29|932|17.471391677856445
29|1100|19.0128173828125
29|1138|18.51287078857422
29|1203|18.546628952026367
29|1526|18.625736236572266
29|1836|29.386137008666992
29|1940|16.570068359375
29|2056|33.78913497924805
29|2069|17.11370849609375
29|2133|17.651826858520508
29|2159|15.94592571258545
29|2172|16.85459327697754
29|2340|21.921785354614258
29|2412|15.80573558807373
29|2428|16.621618270874023
29|2469|18.730222702026367
29|2482|13.788182258605957
30|203|21.14689826965332
30|430|23.815765380859375
30|530|17.27291488647461
30|806|27.005931854248047
30|816|18.196178436279297
30|823|17.434972763061523
30|1219|14.097570419311523
30|1224|19.404891967773438
30|1238|18.79029655456543
30|1269|21.357528686523438
30|1413|43.24920654296875
30|1518|51.94505310058594
30|1592|23.797691345214844
30|1601|25.447067260742188
30|1604|16.099550247192383
30|1744|18.37342071533203
30|1826|31.641639709472656
30|2001|14.050724983215332
30|2011|17.14781379699707
30|2013|15.027377128601074
30|2339|19.293088912963867
30|2378|17.98046112060547
30|2413|22.081281661987305
30|2427|20.45793342590332
31|190|31.781452178955078
31|192|31.928028106689453
31|197|45.20510482788086
31|204|25.990478515625
31|379|36.09933090209961
31|428|19.602994918823242
31|495|34.18260955810547
31|526|21.727853775024414
31|528|20.97993278503418
31|604|30.035907745361328
31|606|31.564760208129883
31|608|27.78524398803711
31|613|22.27950668334961
31|621|14.846467018127441
31|698|18.274404525756836
31|714|44.018367767333984
31|790|17.225051879882812
31|811|32.39250564575195
31|829|19.448034286499023
31|874|16.70224952697754
31|894|21.179588317871094
31|931|21.44328498840332
31|939|14.583771705627441
31|1017|28.426612854003906
31|1019|28.203895568847656
31|1021|33.6424560546875
31|1027|13.643453598022461
31|1099|20.23546028137207
31|1222|18.017230987548828
31|1226|19.258132934570312
31|1237|20.663888931274414
31|1243|17.354568481445312
31|1262|19.159570693969727
31|1288|13.599878311157227
31|1290|15.008358001708984
31|1385|16.81890106201172
31|1437|16.006793975830078
31|1503|24.30189323425293
31|1505|23.060028076171875
31|1514|45.2886962890625
31|1543|16.736013412475586
31|1550|13.568793296813965
31|1589|28.653663635253906
31|1591|25.72542381286621
31|1593|28.18734359741211
31|1597|42.973350524902344
31|1741|18.941518783569336
31|1824|30.253036499023438
31|1845|20.829299926757812
31|1848|27.289173126220703
31|1928|19.316360473632812
31|2003|22.40255355834961
31|2005|19.478818893432617
31|2008|21.100605010986328
31|2043|21.77642059326172
31|2133|14.67581558227539
31|2171|15.723565101623535
31|2415|25.820858001708984
31|2417|29.623050689697266
31|2420|27.533512115478516
31|2425|20.745939254760742
31|2452|18.331195831298828
31|2456|14.105224609375
31|2547|14.928498268127441
32|2|14.500682830810547
32|8|23.01155662536621
32|13|25.891834259033203
32|24|16.967130661010742
32|29|23.805927276611328
32|32|14.50899887084961
32|58|18.726442337036133
32|123|18.71146583557129
32|200|43.671085357666016
32|202|44.23207473754883
32|209|19.124195098876953
32|232|13.906357765197754
32|235|13.891915321350098
32|237|14.134839057922363
32|287|18.89994239807129
32|290|16.656274795532227
32|309|26.750885009765625
32|320|14.162967681884766
32|335|14.25656509399414
32|340|15.00977611541748
32|344|14.208025932312012
32|355|27.03538703918457
32|381|43.311038970947266
32|385|36.98838424682617
32|387|35.94829559326172
32|393|23.468807220458984
32|398|24.536697387695312
32|400|24.497318267822266
32|420|33.60869216918945
32|431|16.490400314331055
32|439|18.579023361206055
32|443|15.939229011535645
32|447|13.757996559143066
32|459|52.0789794921875
32|472|42.40962600708008
32|477|40.403438568115234
32|485|20.34076499938965
32|492|32.29795837402344
32|499|22.216716766357422
32|508|38.409976959228516
32|521|20.71124839782715
32|524|24.55278778076172
32|622|15.912375450134277
32|633|24.25969696044922
32|636|27.372989654541016
32|643|28.250816345214844
32|651|35.21854019165039
32|703|39.55662155151367
32|707|28.856618881225586
32|715|47.48131561279297
32|748|23.401641845703125
32|755|16.907045364379883
32|791|19.42879295349121
32|797|64.89720916748047
32|828|23.015499114990234
32|830|19.481382369995117
32|835|33.286766052246094
32|837|32.56691360473633
32|839|32.17136001586914
32|850|13.625571250915527
32|854|14.918075561523438
32|865|14.674535751342773
32|870|30.693918228149414
32|880|17.34849739074707
32|884|25.652891159057617
32|889|20.2466983795166
32|895|22.019670486450195
32|915|25.086301803588867
32|996|19.897308349609375
32|1022|28.006547927856445
32|1035|21.860748291015625
32|1044|24.635047912597656
32|1053|54.96187210083008
32|1062|24.34244728088379
32|1075|26.79009246826172
32|1088|33.32828140258789
32|1100|16.679914474487305
32|1124|42.79215621948242
32|1128|55.53651809692383
32|1138|19.817489624023438
32|1151|17.114580154418945
32|1159|14.562031745910645
32|1164|24.80586051940918
32|1168|20.482702255249023
32|1203|17.089658737182617
32|1249|27.692935943603516
32|1257|18.06233787536621
32|1278|18.449512481689453
32|1291|14.23167610168457
32|1297|23.56584358215332
32|1305|13.783940315246582
32|1386|14.551047325134277
32|1458|15.32010269165039
32|1471|13.858731269836426
32|1478|31.855623245239258
32|1495|15.567649841308594
32|1510|18.45110511779785
32|1535|17.428802490234375
32|1562|19.392337799072266
32|1603|25.444223403930664
32|1611|24.69609832763672
32|1616|22.14729118347168
32|1623|13.827278137207031
32|1656|28.51861572265625
32|1658|30.57050323486328
32|1679|17.317432403564453
32|1691|19.17070198059082
32|1696|15.241927146911621
32|1699|17.539491653442383
32|1703|14.610601425170898
32|1712|17.58515739440918
32|1761|15.674147605895996
32|1774|19.85243797302246
32|1799|19.54593849182129
32|1813|16.882457733154297
32|1827|14.871479988098145
32|1878|16.095706939697266
32|1884|14.152266502380371
32|1886|14.70800495147705
32|1898|19.069181442260742
32|1905|23.67682647705078
32|1935|16.204195022583008
32|1946|20.46356964111328
32|1949|18.95174217224121
32|1968|14.625426292419434
32|2000|13.737910270690918
32|2002|18.82347297668457
32|2014|31.04681396484375
32|2021|50.87440872192383
32|2026|40.23227310180664
32|2069|18.437902450561523
32|2125|15.047882080078125
32|2159|23.485530853271484
32|2172|19.367856979370117
32|2193|14.34697151184082
32|2217|18.017074584960938
32|2230|14.498546600341797
32|2275|16.096162796020508
32|2328|17.61399269104004
32|2340|22.350786209106445
32|2427|24.23938751220703
32|2431|31.170644760131836
32|2441|23.9668025970459
32|2462|14.320113182067871
32|2480|21.855087280273438
32|2482|18.055822372436523
32|2493|14.23025894165039
32|2511|16.263324737548828
32|2520|15.288911819458008
32|2537|34.559814453125
33|5|16.66016960144043
33|10|22.450864791870117
33|16|24.11411476135254
33|20|15.680713653564453
33|23|18.408939361572266
33|33|14.381216049194336
33|43|17.010692596435547
33|110|32.574771881103516
33|199|40.759498596191406
33|208|14.673741340637207
33|215|14.973616600036621
33|288|17.01919937133789
33|304|40.1515007019043
33|307|31.157949447631836
33|311|17.627796173095703
33|319|15.45621395111084
33|354|27.408496856689453
33|359|23.519752502441406
33|363|13.690045356750488
33|383|40.30805206298828
33|391|32.694923400878906
33|396|25.35436248779297
33|403|25.816682815551758
33|419|17.777328491210938
33|425|14.114718437194824
33|441|17.452669143676758
33|444|16.8736515045166
33|446|13.755630493164062
33|461|61.93836975097656
33|470|24.411102294921875
33|474|35.361610412597656
33|479|41.49625778198242
33|493|45.008182525634766
33|497|21.851383209228516
33|507|43.48747634887695
33|520|20.172664642333984
33|632|23.586721420288086
33|638|31.511348724365234
33|641|28.313295364379883
33|650|37.188148498535156
33|658|25.200979232788086
33|699|34.78044509887695
33|704|38.8349723815918
33|716|42.979164123535156
33|732|15.61182689666748
33|742|33.48353958129883
33|747|23.6141357421875
33|792|19.364545822143555
33|808|17.505163192749023
33|818|30.416513442993164
33|827|30.261110305786133
33|853|15.059869766235352
33|857|14.602412223815918
33|876|43.1519775390625
33|881|28.532712936401367
33|885|22.72158432006836
33|896|22.958940505981445
33|909|17.6016845703125
33|913|17.17563819885254
33|1041|14.426772117614746
33|1045|24.772445678710938
33|1054|61.77814865112305
33|1064|24.070371627807617
33|1074|30.065237045288086
33|1092|36.480743408203125
33|1097|35.501583099365234
33|1115|25.016481399536133
33|1119|30.310026168823242
33|1127|53.116477966308594
33|1152|17.58936309814453
33|1160|16.51347541809082
33|1163|23.28615951538086
33|1246|15.768177032470703
33|1295|15.215003967285156
33|1298|25.59943962097168
33|1452|18.92026138305664
33|1482|30.54405403137207
33|1504|20.47406005859375
33|1509|16.696168899536133
33|1530|20.338666915893555
33|1556|26.719898223876953
33|1559|19.27992057800293
33|1582|42.78171920776367
33|1599|26.571990966796875
33|1606|53.36347579956055
33|1617|18.837139129638672
33|1634|19.831968307495117
33|1657|29.372854232788086
33|1686|13.79781436920166
33|1689|18.052248001098633
33|1702|14.979348182678223
33|1711|17.861160278320312
33|1718|21.538938522338867
33|1764|17.3780517578125
33|1814|15.311333656311035
33|1876|15.720128059387207
33|2010|25.495603561401367
33|2012|28.531875610351562
33|2020|49.4487419128418
33|2024|39.89329147338867
33|2102|16.066530227661133
33|2124|13.86881160736084
33|2194|14.579469680786133
33|2197|13.679399490356445
33|2207|14.641988754272461
33|2396|15.546116828918457
33|2419|16.32359504699707
33|2423|19.816740036010742
33|2432|34.12044906616211
33|2437|24.858963012695312
33|2449|14.518731117248535
33|2497|28.04340171813965
33|2518|14.778364181518555
34|68|16.114513397216797
34|306|32.40486145019531
34|405|22.41222381591797
34|554|15.21547794342041
34|741|35.05847930908203
34|826|32.231719970703125
34|922|26.4390811920166
34|1584|33.29948806762695
34|1996|41.155670166015625
34|2009|23.214216232299805
34|2049|16.74302101135254
34|2410|35.2823600769043
34|2539|16.181045532226562
35|19|29.49732208251953
35|67|17.447917938232422
35|111|33.22238540649414
35|511|26.976680755615234
35|629|29.709423065185547
35|719|17.400177001953125
35|820|28.190086364746094
35|825|40.15517807006836
35|1514|15.283559799194336
35|1585|40.893619537353516
35|1997|34.21791076660156
35|2008|32.12323760986328
35|2043|17.64936065673828
35|2409|32.771995544433594
35|2411|43.042938232421875
35|2443|13.879289627075195
36|20|43.14442825317383
36|22|42.27107238769531
36|25|44.70922088623047
36|64|27.428569793701172
36|83|27.303546905517578
36|88|23.771259307861328
36|93|22.753368377685547
36|100|14.15756893157959
36|112|39.64350509643555
36|189|31.24672508239746
36|291|26.40298080444336
36|312|16.378253936767578
36|332|22.941097259521484
36|335|23.534896850585938
36|342|19.106908798217773
36|345|18.109663009643555
36|406|33.23974609375
36|410|30.118928909301758
36|494|18.736963272094727
36|498|22.405296325683594
36|501|24.45020866394043
36|506|25.526744842529297
36|509|24.491575241088867
36|513|47.6339111328125
36|519|14.082111358642578
36|610|32.7674674987793
36|628|42.72689437866211
36|724|35.06039810180664
36|731|35.910362243652344
36|734|35.502845764160156
36|804|20.35910415649414
36|808|23.127973556518555
36|812|24.388248443603516
36|814|24.267515182495117
36|818|25.014163970947266
36|824|39.695735931396484
36|908|19.055742263793945
36|911|20.140979766845703
36|915|22.991113662719727
36|917|19.794240951538086
36|921|25.2712345123291
36|924|74.08841705322266
36|931|19.10857391357422
36|1039|38.3624153137207
36|1132|18.683141708374023
36|1137|28.182701110839844
36|1147|25.137340545654297
36|1217|19.932228088378906
36|1220|15.951278686523438
36|1222|16.739259719848633
36|1225|21.571102142333984
36|1227|21.992494583129883
36|1238|15.914918899536133
36|1327|15.412959098815918
36|1477|15.644659042358398
36|1572|20.508255004882812
36|1586|51.508201599121094
36|1593|49.40938949584961
36|1731|16.286258697509766
36|1737|21.501861572265625
36|1999|42.3317756652832
36|2007|43.965911865234375
36|2143|18.504379272460938
36|2145|24.613435745239258
36|2149|24.02960205078125
36|2153|26.37327003479004
36|2353|18.081064224243164
36|2356|20.52081298828125
36|2412|52.414886474609375
36|2420|45.545467376708984
36|2456|14.659425735473633
36|2481|32.010101318359375
36|2501|34.46259689331055
36|2505|37.50422286987305
36|2543|31.365854263305664
36|2579|29.317737579345703
37|4|34.48656463623047
37|21|42.1925048828125
37|62|30.48464012145996
37|92|20.1601619720459
37|190|31.517749786376953
37|210|17.126256942749023
37|276|17.246519088745117
37|292|29.604618072509766
37|314|15.280856132507324
37|326|45.76877212524414
37|329|27.296794891357422
37|333|23.888042449951172
37|407|44.14728927612305
37|496|20.774879455566406
37|508|19.016918182373047
37|554|31.257823944091797
37|608|40.379512786865234
37|613|34.76118469238281
37|623|46.96908187866211
37|726|32.00011444091797
37|805|19.400550842285156
37|809|22.097055435180664
37|822|61.10834503173828
37|909|18.70584487915039
37|920|21.781221389770508
37|1020|34.43928527832031
37|1026|18.896137237548828
37|1030|21.37641716003418
37|1038|35.662105560302734
37|1134|24.805557250976562
37|1145|19.570268630981445
37|1219|16.33040428161621
37|1228|20.844627380371094
37|1237|14.574272155761719
37|1467|18.019638061523438
37|1589|49.52717590332031
37|1741|21.662967681884766
37|2002|50.95940017700195
37|2006|44.5321044921875
37|2146|22.009159088134766
37|2418|55.924007415771484
37|2541|36.86994934082031
37|2557|24.354259490966797
37|2580|30.014997482299805
38|5|31.93914794921875
38|12|17.52386474609375
38|173|20.651212692260742
38|277|16.0223388671875
38|325|53.32655715942383
38|1259|14.564245223999023
38|2043|14.94288158416748
38|2456|14.135444641113281
38|2484|14.15963077545166
38|2492|16.866994857788086
39|174|18.16948890686035
39|603|51.243064880371094
39|1258|20.592288970947266
39|1463|18.160070419311523
39|2485|17.528993606567383
40|9|62.871734619140625
40|278|16.448375701904297
40|602|43.69961929321289
40|700|19.453401565551758
40|828|15.19893741607666
40|893|15.333516120910645
40|932|15.09892749786377
40|969|17.101171493530273
40|998|18.460508346557617
40|1004|33.26340866088867
40|1009|18.096696853637695
40|1035|16.45206642150879
40|1099|15.092130661010742
40|1113|15.726598739624023
40|1241|13.638812065124512
40|1257|27.698989868164062
40|1301|22.563087463378906
40|1445|25.781404495239258
40|1462|24.779611587524414
40|1692|15.552092552185059
40|2049|16.05216407775879
40|2379|14.579898834228516
40|2493|13.841897964477539
40|2570|16.121206283569336
41|8|73.50275421142578
41|11|61.67844772338867
41|51|17.18686294555664
41|111|23.704668045043945
41|128|21.475351333618164
41|176|24.520843505859375
41|178|24.641393661499023
41|223|52.262481689453125
41|226|29.705854415893555
41|280|27.181379318237305
41|287|25.629467010498047
41|293|21.208908081054688
41|297|16.614728927612305
41|301|16.798133850097656
41|320|30.224328994750977
41|455|15.714614868164062
41|525|23.06479835510254
41|529|19.312366485595703
41|541|21.97881317138672
41|555|38.03989028930664
41|586|13.6980619430542
41|590|44.98946762084961
41|597|53.27012252807617
41|701|22.73532485961914
41|706|20.213552474975586
41|711|15.688807487487793
41|715|16.523422241210938
41|939|16.980525970458984
41|942|16.106571197509766
41|954|20.83138084411621
41|994|30.804914474487305
41|1001|43.286075592041016
41|1003|42.735191345214844
41|1010|19.544963836669922
41|1080|21.428783416748047
41|1114|19.277381896972656
41|1120|16.903732299804688
41|1124|13.954337120056152
41|1246|17.20832633972168
41|1256|29.692543029785156
41|1270|17.01285743713379
41|1281|16.447370529174805
41|1296|35.87544250488281
41|1350|37.68024826049805
41|1369|17.976947784423828
41|1375|41.22166442871094
41|1381|14.925371170043945
41|1389|15.64273738861084
41|1401|26.55874252319336
41|1426|23.3111515045166
41|1444|31.534887313842773
41|1451|27.216535568237305
41|1461|26.019617080688477
41|1544|66.28317260742188
41|1548|46.89097213745117
41|1551|43.37535095214844
41|1561|15.741229057312012
41|1633|19.055788040161133
41|1657|16.857173919677734
41|1664|16.177412033081055
41|1667|14.33095932006836
41|1671|17.890039443969727
41|1682|15.680780410766602
41|1691|17.425151824951172
41|1712|28.23584747314453
41|1715|22.962491989135742
41|1761|36.874507904052734
41|1765|40.164913177490234
41|1770|20.614009857177734
41|1788|23.08912467956543
41|1802|15.92333984375
41|1814|24.318193435668945
41|1831|14.255538940429688
41|1839|19.716520309448242
41|1853|21.45212745666504
41|1866|20.927616119384766
41|1871|18.04937171936035
41|1874|17.160924911499023
41|1943|15.35960865020752
41|1961|18.080591201782227
41|1972|16.327457427978516
41|2056|13.566433906555176
41|2244|15.655376434326172
41|2253|14.266459465026855
41|2265|19.849464416503906
41|2385|14.431218147277832
41|2487|75.99349212646484
41|2526|14.830130577087402
41|2531|15.798238754272461
41|2571|17.378358840942383
42|222|39.4196891784668
42|376|33.40585708618164
42|580|27.016963958740234
42|1242|22.22283172607422
42|1450|34.85893249511719
42|1543|49.26496505737305
42|1862|25.20857810974121
42|2043|14.520039558410645
42|2462|16.425701141357422
42|2491|24.359094619750977
43|212|17.176973342895508
43|218|24.9953556060791
43|221|38.752742767333984
43|225|31.47874641418457
43|227|31.49869155883789
43|230|31.746118545532227
43|233|28.892820358276367
43|326|31.764680862426758
43|329|32.08255386352539
43|331|32.40888977050781
43|333|32.41449737548828
43|377|38.94691848754883
43|624|19.676435470581055
43|640|30.854597091674805
43|643|30.018898010253906
43|657|15.690569877624512
43|741|30.085783004760742
43|745|32.04145050048828
43|748|32.01319885253906
43|969|16.260522842407227
43|996|13.669666290283203
43|1043|15.143482208251953
43|1047|19.65040397644043
43|1053|25.636167526245117
43|1056|25.74022102355957
43|1064|17.966520309448242
43|1067|15.368748664855957
43|1153|22.781524658203125
43|1159|26.138303756713867
43|1163|24.61553192138672
43|1167|20.11229705810547
43|1882|27.09491539001465
43|1894|18.176029205322266
43|1896|18.540918350219727
43|1899|14.2045259475708
43|1912|15.318922996520996
43|1982|14.713301658630371
43|1985|16.015840530395508
43|1988|16.55080795288086
44|556|37.98744583129883
44|1035|13.790624618530273
44|1062|15.569990158081055
44|1138|13.795351028442383
44|1154|20.7296085357666
44|1438|13.977371215820312
44|1915|22.437795639038086
44|2049|15.54964828491211
45|970|25.374698638916016
45|996|13.890464782714844
45|1156|15.691463470458984
45|1228|52.78615951538086
45|1542|33.322288513183594
45|2247|17.204641342163086
46|378|36.999202728271484
46|419|17.330402374267578
46|523|28.781288146972656
46|557|24.330053329467773
46|744|23.540836334228516
46|869|38.91963577270508
46|941|17.571134567260742
46|971|23.10471534729004
46|1229|60.248390197753906
46|1241|16.597320556640625
46|1862|14.863914489746094
46|1914|32.0499267578125
46|2248|19.52251434326172
47|428|13.84848403930664
47|576|51.4423713684082
47|681|15.45661449432373
47|791|40.81452560424805
47|810|27.03045654296875
47|870|36.535160064697266
47|991|21.652151107788086
47|1048|15.935080528259277
47|1231|40.075660705566406
47|1242|15.425675392150879
47|1645|15.173395156860352
47|1759|23.38595199584961
47|2328|31.985254287719727
48|58|15.02525520324707
48|146|25.737382888793945
48|160|59.57743835449219
48|207|14.390101432800293
48|266|35.58945846557617
48|394|32.388919830322266
48|398|26.69902992248535
48|422|39.29823684692383
48|483|52.90058898925781
48|508|22.13538932800293
48|559|14.4818696975708
48|575|50.30686950683594
48|618|14.676895141601562
48|620|14.90354061126709
48|642|18.880290985107422
48|676|16.524024963378906
48|748|28.369396209716797
48|750|31.124412536621094
48|792|42.17913818359375
48|809|28.053752899169922
48|832|39.76477813720703
48|836|34.68598175048828
48|871|24.26531410217285
48|884|65.2125015258789
48|888|50.2902946472168
48|911|53.89292907714844
48|932|15.905170440673828
48|980|24.347965240478516
48|984|74.34073638916016
48|995|14.784943580627441
48|1088|48.36249923706055
48|1117|40.34735107421875
48|1121|39.65839767456055
48|1158|50.213069915771484
48|1232|56.71846389770508
48|1246|40.39686965942383
48|1260|29.635778427124023
48|1288|42.32543182373047
48|1315|51.84977340698242
48|1324|55.986366271972656
48|1331|61.858150482177734
48|1342|74.8250961303711
48|1369|16.424861907958984
48|1373|15.338113784790039
48|1385|15.26742935180664
48|1387|16.289514541625977
48|1391|38.47889709472656
48|1398|56.27865219116211
48|1437|25.528461456298828
48|1541|21.924760818481445
48|1649|36.46995544433594
48|1675|36.95658874511719
48|1700|62.923126220703125
48|1726|50.916969299316406
48|1731|55.42995071411133
48|1739|43.062625885009766
48|1741|33.00551223754883
48|1747|51.602725982666016
48|1752|65.70003509521484
48|1756|44.58857345581055
48|1804|43.436065673828125
48|1861|14.71186637878418
49|5|13.574353218078613
49|17|21.26531410217285
49|59|13.710858345031738
49|109|20.087390899658203
49|159|59.51904296875
49|167|15.417494773864746
49|203|14.992402076721191
49|209|19.469650268554688
49|263|54.30684280395508
49|354|35.46341323852539
49|396|31.572898864746094
49|418|15.215251922607422
49|426|20.96539878845215
49|482|57.36723709106445
49|507|16.703109741210938
49|563|36.2945442199707
49|571|69.142578125
49|617|15.989518165588379
49|622|16.487241744995117
49|643|17.731216430664062
49|650|28.843151092529297
49|660|65.18396759033203
49|675|27.029691696166992
49|679|15.45266342163086
49|684|32.24293899536133
49|747|35.105655670166016
49|808|29.97616195678711
49|868|17.92186164855957
49|872|21.151342391967773
49|885|70.73466491699219
49|887|65.12271881103516
49|901|13.74386215209961
49|910|48.581321716308594
49|913|47.701446533203125
49|985|88.3545150756836
49|1045|36.91548538208008
49|1063|68.41044616699219
49|1073|44.984344482421875
49|1090|33.28436279296875
49|1115|18.700942993164062
49|1119|46.71194839477539
49|1157|54.47142791748047
49|1160|48.72988510131836
49|1234|62.19249725341797
49|1259|30.976642608642578
49|1286|32.935604095458984
49|1306|97.37043762207031
49|1313|71.57703399658203
49|1317|66.27174377441406
49|1328|66.56578826904297
49|1335|75.53480529785156
49|1340|82.67647552490234
49|1345|72.9352035522461
49|1359|19.547073364257812
49|1365|25.286611557006836
49|1371|18.94886589050293
49|1374|14.720335006713867
49|1377|19.44985580444336
49|1388|15.128249168395996
49|1390|33.37347412109375
49|1397|57.046661376953125
49|1400|44.312644958496094
49|1600|16.409313201904297
49|1608|28.687175750732422
49|1648|31.47357940673828
49|1657|79.32391357421875
49|1674|33.67466735839844
49|1676|31.46622085571289
49|1695|55.831729888916016
49|1722|85.02336883544922
49|1730|71.89556884765625
49|1735|51.02256393432617
49|1744|59.546451568603516
49|1784|14.938109397888184
49|1803|34.960365295410156
49|1810|64.06778717041016
49|1827|14.557668685913086
49|1850|26.38909339904785
49|1862|13.74035358428955
49|1954|35.74925994873047
49|2020|15.375285148620605
49|2329|21.951793670654297
49|2367|30.100765228271484
49|2433|18.65907096862793
49|2474|17.75081443786621
50|18|14.059715270996094
50|157|30.903427124023438
50|360|15.3295259475708
50|391|26.6846981048584
50|674|23.674198150634766
50|742|45.85428237915039
50|1097|15.420170783996582
50|1161|46.56013107299805
50|1244|59.13060760498047
50|1285|17.057483673095703
50|1437|33.82792282104492
50|1607|26.642107009887695
50|1729|60.81549072265625
50|1916|25.993206024169922
50|2019|15.217388153076172
51|155|39.540138244628906
51|790|21.48336410522461
51|922|35.30402374267578
51|1813|28.03923988342285
51|2498|14.019939422607422
52|82|14.177689552307129
52|1401|24.999059677124023
53|111|15.950082778930664
53|154|37.13969039916992
53|348|21.523963928222656
53|511|13.984766006469727
53|1284|17.36942481994629
53|1426|44.19660949707031
53|1687|37.68202590942383
53|1692|15.33952522277832
53|1917|42.06361770629883
53|2330|43.08010482788086
54|64|15.627538681030273
54|83|17.235368728637695
54|98|16.221694946289062
54|112|22.655275344848633
54|152|32.37153244018555
54|257|38.09568405151367
54|336|39.780086517333984
54|344|47.98876953125
54|611|18.30768585205078
54|1019|22.714683532714844
54|1029|47.985435485839844
54|1248|28.356138229370117
54|1251|43.226829528808594
54|1276|64.03130340576172
54|1404|44.070411682128906
54|1425|57.113525390625
54|1502|20.371824264526367
54|1570|15.564849853515625
54|1609|22.586448669433594
54|1666|57.286903381347656
54|1668|54.54948425292969
54|1672|14.734077453613281
54|1686|47.615577697753906
54|1691|18.638010025024414
54|1814|30.06879425048828
54|1817|37.30228042602539
54|1921|36.93427276611328
54|1945|24.94149398803711
54|2335|33.12091064453125
54|2360|18.961885452270508
54|2544|16.64527130126953
55|4|29.251371383666992
55|62|16.232372283935547
55|84|14.073138236999512
55|96|17.426664352416992
55|113|20.722869873046875
55|211|43.24918746948242
55|256|35.486572265625
55|314|53.1365966796875
55|331|55.57698440551758
55|341|46.8963623046875
55|609|17.990140914916992
55|613|22.511749267578125
55|625|38.985679626464844
55|1020|31.840126037597656
55|1028|48.96068572998047
55|1030|50.941654205322266
55|1038|15.068222999572754
55|1250|36.163818359375
55|1270|80.43949127197266
55|1279|73.46522521972656
55|1295|25.85964584350586
55|1297|21.566890716552734
55|1402|34.04570007324219
55|1424|43.477909088134766
55|1479|14.731682777404785
55|1568|14.742741584777832
55|1571|13.995377540588379
55|1663|53.87434768676758
55|1682|62.87411117553711
55|1709|16.753816604614258
55|1712|15.211577415466309
55|1714|16.190948486328125
55|1815|38.80339813232422
55|1915|13.996999740600586
55|1918|40.24173355102539
55|2328|15.03354263305664
55|2545|14.287458419799805
56|1527|55.996212005615234
56|2337|17.380573272705078
56|2432|14.76995849609375
56|2484|19.098880767822266
57|803|27.555912017822266
57|1936|17.497398376464844
57|2433|14.667778968811035
57|2435|16.850526809692383
58|6|17.4017276763916
58|1566|20.254980087280273
58|2485|16.29107093811035
59|85|16.033300399780273
59|805|42.20310592651367
59|1232|26.045700073242188
59|1348|18.474294662475586
59|1565|26.238183975219727
59|2525|15.930755615234375
60|46|21.68326759338379
60|90|45.37197494506836
60|224|29.245342254638672
60|587|27.09479331970215
60|1009|18.66641616821289
60|1233|27.5757999420166
60|1328|14.898337364196777
60|1347|26.97882652282715
60|1394|18.367998123168945
60|1426|24.421987533569336
60|1564|24.5895938873291
60|1652|17.711509704589844
60|1869|16.905611038208008
60|1876|14.004228591918945
60|1935|30.528804779052734
60|1962|19.034378051757812
60|2349|25.061124801635742
60|2376|16.845020294189453
60|2486|15.84028148651123
60|2565|13.935454368591309
61|7|16.587682723999023
61|50|55.75041198730469
61|89|40.537357330322266
61|225|37.01338195800781
61|581|45.89371109008789
61|586|40.979034423828125
61|600|21.745819091796875
61|744|56.99285888671875
61|804|41.41912841796875
61|815|14.18845272064209
61|996|24.20723533630371
61|1219|15.406057357788086
61|1284|13.807271003723145
61|1307|33.031829833984375
61|1314|28.744361877441406
61|1321|25.019216537475586
61|1326|22.563600540161133
61|1333|35.515071868896484
61|1340|32.45001220703125
61|1343|36.693511962890625
61|1345|37.10956954956055
61|1393|20.401805877685547
61|1402|18.604738235473633
61|1412|16.34849739074707
61|1425|25.616390228271484
61|1441|28.60373306274414
61|1446|18.8160457611084
61|1459|20.8701171875
61|1529|24.936460494995117
61|1545|14.672348976135254
61|1562|22.0291690826416
61|1647|15.147024154663086
61|1724|30.514604568481445
61|1727|25.69597816467285
61|1731|24.168785095214844
61|1738|17.012449264526367
61|1741|17.29802703857422
61|1748|24.191139221191406
61|1750|24.848649978637695
61|1755|31.573606491088867
61|1807|15.527300834655762
61|1813|19.47454833984375
61|1826|21.233938217163086
61|1868|17.180992126464844
61|1872|24.080623626708984
61|1960|36.03465270996094
61|1980|14.35490894317627
61|2333|17.612688064575195
61|2371|19.595226287841797
61|2375|18.15505599975586
61|2450|14.481739044189453
61|2465|14.557528495788574
61|2487|15.271580696105957
61|2530|65.28093719482422
61|2568|36.225685119628906
62|88|27.981414794921875
62|226|39.02395248413086
62|523|21.648815155029297
62|585|34.528907775878906
62|745|45.40049743652344
62|806|33.24245834350586
62|934|42.065185546875
62|1010|30.186466217041016
62|1309|29.728744506835938
62|1317|31.23515510559082
62|1324|27.226783752441406
62|1331|28.614925384521484
62|1392|15.409782409667969
62|1439|37.752288818359375
62|1451|22.914445877075195
62|1455|16.532073974609375
62|1554|77.34193420410156
62|1740|18.720014572143555
62|1864|14.176772117614746
62|1867|15.846449851989746
62|1919|17.14888572692871
62|1929|52.461788177490234
62|1956|27.87354850769043
62|2332|20.47357177734375
62|2343|38.678775787353516
62|2368|14.005784034729004
62|2392|19.782289505004883
62|2451|16.334266662597656
63|421|29.049863815307617
63|681|46.60053634643555
63|749|32.30013656616211
63|1271|28.023799896240234
63|1283|18.077234268188477
63|1463|13.620864868164062
63|1865|17.013118743896484
63|1979|17.202239990234375
63|2391|20.00053596496582
64|423|29.15927505493164
64|482|19.571866989135742
64|676|58.325714111328125
64|809|36.169395446777344
64|832|14.28142261505127
64|911|18.312862396240234
64|1158|18.640954971313477
64|1247|18.51630210876465
64|1273|16.679079055786133
64|1282|19.557598114013672
64|1386|17.069704055786133
64|1659|26.28440284729004
64|1672|19.315202713012695
64|1684|21.54262924194336
64|1864|15.388554573059082
64|1875|14.130550384521484
64|1926|14.065511703491211
64|1977|16.740068435668945
64|2087|27.901527404785156
64|2098|16.928056716918945
64|2185|37.122901916503906
64|2196|17.340307235717773
64|2314|17.01954460144043
64|2390|21.534902572631836
64|2495|18.08755111694336
64|2506|15.724733352661133
64|2518|15.46446418762207
64|2523|13.927755355834961
64|2540|14.620230674743652
64|2551|17.896419525146484
65|145|26.833011627197266
65|247|16.28359031677246
65|483|17.286474227905273
65|645|23.205968856811523
65|660|16.85608673095703
65|675|55.493831634521484
65|678|48.03974533081055
65|680|45.1698112487793
65|683|20.366064071655273
65|910|16.998207092285156
65|1012|14.351907730102539
65|1014|14.166777610778809
65|1047|20.072933197021484
65|1119|13.734006881713867
65|1157|20.568204879760742
65|1252|19.472463607788086
65|1275|19.969240188598633
65|1278|18.17483901977539
65|1299|17.039384841918945
65|1452|18.687538146972656
65|1455|19.643585205078125
65|1477|18.396188735961914
65|1504|16.602741241455078
65|1506|16.63083267211914
65|1529|14.699536323547363
65|1559|17.994821548461914
65|1606|15.10076904296875
65|1663|21.345611572265625
65|1668|19.548900604248047
65|1671|20.518171310424805
65|1679|18.802820205688477
65|1688|24.29806137084961
65|1696|22.266427993774414
65|1708|26.430320739746094
65|1712|16.16944694519043
65|1773|20.703433990478516
65|1786|19.02448272705078
65|1788|16.01688003540039
65|1791|16.6978702545166
65|1811|14.531800270080566
65|1817|16.175235748291016
65|1865|15.059773445129395
65|1882|20.884803771972656
65|1970|18.964765548706055
65|2077|16.330322265625
65|2082|15.429291725158691
65|2085|28.23914337158203
65|2088|38.389678955078125
65|2092|19.402868270874023
65|2096|21.097301483154297
65|2099|15.95622730255127
65|2105|14.339534759521484
65|2110|20.12901496887207
65|2118|16.32183837890625
65|2121|60.778831481933594
65|2128|25.211660385131836
65|2177|14.034991264343262
65|2186|39.92948532104492
65|2189|20.07700538635254
65|2193|18.555002212524414
65|2198|17.764490127563477
65|2205|21.66827964782715
65|2208|13.91269588470459
65|2211|24.13272476196289
65|2224|20.425241470336914
65|2227|21.116647720336914
65|2231|20.37421989440918
65|2238|15.821760177612305
65|2281|17.174409866333008
65|2294|21.662797927856445
65|2308|30.4648494720459
65|2313|20.016374588012695
65|2322|22.459651947021484
65|2328|30.155189514160156
65|2332|28.4836483001709
65|2342|15.3935546875
65|2385|15.782920837402344
65|2425|18.077266693115234
65|2431|21.538915634155273
65|2434|21.94931411743164
65|2438|21.854694366455078
65|2492|20.424636840820312
65|2496|19.340539932250977
65|2501|21.678226470947266
65|2515|20.27471923828125
65|2517|21.111576080322266
65|2520|18.189714431762695
65|2536|32.29522705078125
66|391|17.543895721435547
66|679|62.98176956176758
66|747|37.771949768066406
66|808|49.82732391357422
66|1670|14.102153778076172
66|1956|21.662357330322266
66|2321|16.90155601501465
66|2538|26.23061752319336
67|43|33.59180450439453
67|2523|39.52029037475586
68|81|47.622310638427734
68|2561|31.35498809814453
69|44|34.50798797607422
69|82|58.72646713256836
69|1643|58.34089660644531
69|1797|16.619997024536133
69|1955|24.234161376953125
69|2524|28.302406311035156
70|1230|14.037010192871094
70|1644|73.45661926269531
70|2368|14.127960205078125
71|804|14.004162788391113
71|1332|20.52714729309082
71|1398|45.69904708862305
71|1646|56.16023635864258
71|1743|16.853614807128906
72|42|19.807600021362305
72|83|56.240264892578125
72|146|62.78310775756836
72|248|56.25713348388672
72|1311|30.910165786743164
72|1318|31.040359497070312
72|1325|21.417463302612305
72|1331|29.235355377197266
72|1334|18.532001495361328
72|1339|24.005245208740234
72|1346|22.4210205078125
72|1386|67.6404800415039
72|1397|40.816551208496094
72|1427|17.628965377807617
72|1437|29.59648323059082
72|1643|29.36943817138672
72|1647|59.99802017211914
72|1728|29.934043884277344
72|1737|27.242698669433594
72|1742|16.943647384643555
72|1745|19.14453125
72|1756|18.65750503540039
72|1805|37.619022369384766
72|1958|19.137067794799805
72|2145|20.822494506835938
72|2350|16.238245010375977
72|2353|18.650585174560547
72|2522|31.082300186157227
72|2554|18.363800048828125
72|2559|17.560609817504883
73|84|53.45163345336914
73|158|26.563814163208008
73|211|32.482662200927734
73|263|32.55656051635742
73|314|37.53684997558594
73|572|23.135923385620117
73|987|28.35408592224121
73|1029|25.56296730041504
73|1055|14.008309364318848
73|1083|19.82172966003418
73|1106|21.31203842163086
73|1128|25.807771682739258
73|1230|15.33669662475586
73|1234|17.701967239379883
73|1246|15.264788627624512
73|1308|25.262054443359375
73|1314|29.532255172729492
73|1323|25.151803970336914
73|1330|29.69043731689453
73|1337|26.712234497070312
73|1341|20.1157283782959
73|1343|21.703710556030273
73|1348|23.628751754760742
73|1351|27.6143741607666
73|1355|17.410385131835938
73|1395|24.576385498046875
73|1398|33.552215576171875
73|1402|19.01715087890625
73|1426|17.58519744873047
73|1651|27.914653778076172
73|1656|30.597145080566406
73|1658|29.78569984436035
73|1698|25.969289779663086
73|1727|30.418954849243164
73|1730|25.633455276489258
73|1732|27.667587280273438
73|1741|17.93323516845703
73|1749|23.06134796142578
73|1803|38.20111083984375
73|1811|77.70439910888672
73|1933|24.643869400024414
73|1959|19.39319610595703
73|1969|26.184785842895508
73|2143|21.009796142578125
73|2333|13.678497314453125
73|2349|20.028108596801758
73|2354|19.440574645996094
73|2360|22.1778564453125
73|2375|13.871664047241211
73|2382|14.733898162841797
73|2563|62.628822326660156
74|45|26.25348663330078
74|157|24.236221313476562
74|261|32.902381896972656
74|805|22.072071075439453
74|988|33.42841339111328
74|1322|25.38140869140625
74|1329|22.394142150878906
74|1342|22.223283767700195
74|1391|38.3242073059082
74|1438|16.050634384155273
74|1645|39.6436653137207
74|1740|14.912841796875
74|2524|30.54107666015625
75|42|19.319074630737305
75|156|15.883798599243164
75|1243|14.44325065612793
75|1389|39.70661926269531
75|1397|29.428647994995117
75|1400|34.9306640625
75|1643|22.745332717895508
75|2522|17.5998477935791
76|250|29.870981216430664
76|937|30.345970153808594
76|2394|14.248451232910156
77|935|24.789873123168945
77|939|27.48633575439453
77|1475|13.726431846618652
77|1813|22.449115753173828
77|1980|21.68396759033203
77|2393|20.90925407409668
78|155|13.958258628845215
78|1009|14.592826843261719
78|1979|21.59933090209961
78|2525|32.564998626708984
79|85|40.901126861572266
79|394|31.397214889526367
79|677|22.861867904663086
79|681|14.342256546020508
79|1401|28.85736083984375
79|1565|30.498411178588867
79|2384|15.356735229492188
79|2522|19.585205078125
80|393|24.34248161315918
80|484|17.53089141845703
80|911|18.340425491333008
80|1117|24.294342041015625
80|1457|26.060258865356445
80|1564|40.45235061645508
80|1660|24.125694274902344
80|1864|37.392601013183594
80|1875|17.122865676879883
80|1962|15.447391510009766
80|1971|21.519794464111328
80|2392|24.636228561401367
80|2565|33.984493255615234
81|86|50.60136032104492
81|152|63.79240036010742
81|481|23.000911712646484
81|483|22.648008346557617
81|881|17.040904998779297
81|910|14.867935180664062
81|912|15.942904472351074
81|1115|16.411956787109375
81|1118|35.067569732666016
81|1282|22.5906925201416
81|1301|17.069501876831055
81|1378|14.899904251098633
81|1388|18.082420349121094
81|1454|44.338443756103516
81|1458|39.01544189453125
81|1659|21.274873733520508
81|1750|19.248498916625977
81|1789|14.972306251525879
81|1791|15.107600212097168
81|1869|60.0265007019043
81|1921|13.742233276367188
81|1958|38.04316329956055
81|1977|54.78851318359375
81|2246|13.578847885131836
81|2369|17.24872398376465
81|2390|45.10127639770508
81|2566|47.51477813720703
82|48|62.706756591796875
82|87|58.772315979003906
82|150|52.44913101196289
82|251|33.500099182128906
82|255|45.99645233154297
82|480|26.467641830444336
82|584|30.123641967773438
82|945|15.709476470947266
82|959|14.320509910583496
82|963|17.478635787963867
82|980|16.117616653442383
82|1012|56.97811508178711
82|1119|40.24411392211914
82|1125|14.502025604248047
82|1154|17.42179298400879
82|1171|17.631738662719727
82|1188|14.750911712646484
82|1191|15.549688339233398
82|1246|28.060115814208984
82|1248|23.163856506347656
82|1253|29.69402503967285
82|1270|20.503673553466797
82|1279|45.84989929199219
82|1300|15.306441307067871
82|1352|13.941786766052246
82|1387|21.624664306640625
82|1429|20.779977798461914
82|1440|28.3795223236084
82|1444|19.22538948059082
82|1451|46.278507232666016
82|1459|45.595916748046875
82|1561|74.5123291015625
82|1566|21.474943161010742
82|1658|24.458942413330078
82|1661|35.28992462158203
82|1664|49.02083969116211
82|1667|26.031824111938477
82|1671|26.55596160888672
82|1683|14.788297653198242
82|1686|27.05922508239746
82|1690|15.952722549438477
82|1715|14.574177742004395
82|1746|20.687320709228516
82|1748|22.182506561279297
82|1759|19.006961822509766
82|1761|14.379534721374512
82|1765|22.234333038330078
82|1815|36.13914108276367
82|1818|18.79996109008789
82|1842|13.905799865722656
82|1850|20.800357818603516
82|1868|48.751590728759766
82|1873|35.79911422729492
82|1953|17.762649536132812
82|1974|51.605445861816406
82|2160|24.666545867919922
82|2163|30.847763061523438
82|2180|25.897790908813477
82|2243|15.467523574829102
82|2250|15.3636474609375
82|2265|22.21786880493164
82|2270|18.76719856262207
82|2335|19.089305877685547
82|2368|23.59002685546875
82|2373|32.432456970214844
82|2383|22.758588790893555
82|2386|44.9415168762207
82|2527|66.63990020751953
82|2567|47.57813262939453
82|2576|28.783002853393555
82|2582|18.19088363647461
83|43|27.38335609436035
83|253|54.16103744506836
83|392|27.062673568725586
83|396|26.232152938842773
83|679|15.477213859558105
83|808|14.604321479797363
83|1269|14.053333282470703
83|1402|39.84290313720703
83|1439|16.73541831970215
83|1456|36.41624450683594
83|1662|37.07459259033203
83|1798|25.474462509155273
83|1866|47.58010482788086
83|2369|17.971149444580078
83|2523|18.864803314208984
83|2573|17.401233673095703
84|1455|28.743349075317383
84|1801|23.402729034423828
84|2370|14.17093276977539
85|1797|15.810368537902832
85|2245|13.68624210357666
88|805|18.882761001586914
89|1438|13.96934700012207
90|1968|28.022666931152344
91|314|17.5797061920166
91|1399|20.561969757080078
91|1650|18.908710479736328
91|1810|18.5408935546875
91|1932|28.077117919921875
91|1934|25.812835693359375
91|1969|32.85340881347656
91|2382|23.436901092529297
92|211|13.691682815551758
92|524|14.244988441467285
92|526|14.413578987121582
92|806|21.310014724731445
92|1268|15.36783504486084
92|1319|13.78724479675293
92|1371|15.269332885742188
92|1474|17.030179977416992
92|1526|14.207473754882812
92|1629|15.005843162536621
92|1643|23.387540817260742
92|1647|14.767295837402344
92|1681|15.320160865783691
92|1797|27.386138916015625
92|1805|19.220947265625
92|1811|17.294965744018555
92|1814|18.52651596069336
92|1931|26.80458641052246
92|1960|13.916875839233398
92|2346|31.044336318969727
93|1392|17.585805892944336
93|1398|26.25893211364746
93|1445|14.637649536132812
93|1578|15.873430252075195
93|1630|14.0386381149292
93|1644|27.633703231811523
93|1930|20.809894561767578
94|420|14.993221282958984
94|1437|15.731452941894531
94|1645|25.050626754760742
94|1799|27.59840202331543
95|421|19.103546142578125
95|749|17.570716857910156
95|1387|35.524208068847656
96|145|33.863548278808594
96|248|27.572118759155273
96|398|17.274465560913086
96|676|47.15895462036133
96|911|50.155941009521484
96|991|22.676294326782227
96|1385|42.51490020751953
96|1699|30.026817321777344
96|1971|13.698047637939453
96|2520|16.298866271972656
97|146|33.497947692871094
97|162|41.81809616088867
97|423|24.693317413330078
97|482|33.44026184082031
97|572|95.19667053222656
97|910|40.17063522338867
97|920|18.50019073486328
97|1063|30.708642959594727
97|1114|19.52356719970703
97|1123|13.80375862121582
97|1246|22.612071990966797
97|1287|14.404313087463379
97|1436|22.162752151489258
97|1647|38.02555465698242
97|1659|14.442007064819336
97|1674|15.11890983581543
97|1802|19.825363159179688
97|2094|13.679459571838379
97|2110|15.650843620300293
97|2188|18.801671981811523
97|2253|16.500717163085938
97|2297|15.884870529174805
97|2400|13.635902404785156
97|2525|20.08009910583496
97|2531|15.85617446899414
97|2544|13.778813362121582
98|266|27.932697296142578
98|426|19.86798858642578
98|660|24.880016326904297
98|675|42.87734603881836
98|678|30.406721115112305
98|747|22.064931869506836
98|847|17.247196197509766
98|872|26.38855743408203
98|882|20.40437126159668
98|886|23.478181838989258
98|913|21.808006286621094
98|928|13.728748321533203
98|988|70.38391876220703
98|1064|34.370296478271484
98|1073|17.432872772216797
98|1286|15.101792335510254
98|1371|16.24486541748047
98|1475|13.738059997558594
98|1648|37.46623992919922
98|1658|14.153014183044434
98|1678|19.70808982849121
98|2126|21.88130760192871
98|2496|15.014989852905273
98|2522|14.535801887512207
98|2539|22.02330780029297
99|43|16.71965217590332
99|674|36.18772506713867
99|679|33.52449417114258
99|808|36.22359848022461
99|1126|16.367006301879883
99|1245|16.848039627075195
100|147|15.250900268554688
100|1067|14.77705192565918
100|1389|32.88435363769531
100|1864|21.616962432861328
100|2526|14.745686531066895
100|2565|19.664201736450195
101|86|29.02339744567871
101|90|14.892193794250488
101|582|14.282000541687012
101|1244|20.26880645751953
101|1453|14.282207489013672
101|1563|13.696793556213379
101|1869|20.34956932067871
101|1959|33.77627182006836
101|2372|17.146066665649414
102|87|33.522666931152344
102|155|22.714237213134766
102|583|18.034101486206055
102|1551|28.469972610473633
102|1556|14.771413803100586
102|1561|18.845672607421875
102|1868|19.10419464111328
102|1871|17.007061004638672
102|1958|27.067718505859375
102|1961|41.20243835449219
102|1976|16.194610595703125
102|2371|14.079298973083496
102|2374|19.99531364440918
102|2388|16.811338424682617
102|2528|26.201091766357422
102|2566|28.117191314697266
103|48|24.09429359436035
103|88|30.962295532226562
103|584|16.33380889892578
103|805|30.963886260986328
103|1268|22.221405029296875
103|1450|23.956192016601562
103|1560|16.195913314819336
103|1863|23.836448669433594
103|1917|16.622478485107422
103|2330|14.660710334777832
103|2527|25.503765106201172
104|148|24.91865348815918
104|804|25.51308822631836
104|1269|21.907123565673828
104|1320|15.702996253967285
104|1372|20.739755630493164
104|1455|25.544740676879883
104|1475|18.579036712646484
104|1527|16.666526794433594
104|1579|17.46454620361328
104|1630|17.88515853881836
104|1682|15.868302345275879
104|1734|13.7975435256958
104|1785|15.011322021484375
104|1837|14.815225601196289
104|1866|33.52486801147461
105|82|26.382640838623047
105|1956|14.476646423339844
106|154|32.49330139160156
106|744|29.51979637145996
106|805|18.276241302490234
106|1799|28.722496032714844
106|2331|16.366186141967773
107|145|19.247291564941406
107|153|38.719886779785156
107|938|14.029733657836914
107|1248|28.26706314086914
107|1371|13.648991584777832
107|1384|15.672776222229004
107|1681|19.550296783447266
107|1800|27.5152530670166
108|83|26.605443954467773
108|149|41.45284652709961
108|152|39.48210906982422
108|804|18.945213317871094
108|1252|24.70155143737793
108|1270|18.1734561920166
108|1282|14.45654010772705
108|1665|14.998512268066406
108|1801|24.9945125579834
108|1917|22.12093734741211
108|1920|29.239274978637695
108|2334|27.750391006469727
108|2562|20.19025230407715
109|150|51.8021240234375
109|315|13.710185050964355
109|745|20.143836975097656
109|803|19.460561752319336
109|1028|13.746363639831543
109|1248|28.350154876708984
109|1281|21.614055633544922
109|1384|16.270469665527344
109|1404|37.5985107421875
109|1664|16.210323333740234
109|1922|14.805683135986328
109|1969|22.085289001464844
109|2143|17.47305679321289
109|2335|14.474800109863281
109|2382|15.808394432067871
110|145|22.25765609741211
110|247|23.04545783996582
110|254|29.656496047973633
110|378|15.22175121307373
110|623|14.544074058532715
110|1249|26.94561767578125
110|1254|29.281835556030273
110|1280|20.55104637145996
110|1531|28.247861862182617
110|1663|14.904375076293945
110|1670|21.268657684326172
110|1816|42.31143569946289
110|2144|15.699494361877441
111|81|17.187028884887695
111|253|32.36946105957031
111|677|26.08330535888672
111|749|29.26380729675293
111|883|21.926616668701172
111|1269|18.429370880126953
111|1320|18.78878402709961
111|1372|19.78465461730957
111|1424|15.053506851196289
111|1475|18.67070770263672
111|1529|22.405990600585938
111|1579|16.95322036743164
111|1630|16.607929229736328
111|1662|13.836857795715332
111|1682|13.673171043395996
111|1733|13.715106010437012
111|1785|14.852245330810547
111|1918|37.482818603515625
111|2332|45.3049430847168
111|2354|13.841015815734863
111|2561|16.54853057861328
112|676|24.313133239746094
112|810|16.714576721191406
112|1268|18.690183639526367
113|659|20.353559494018555
113|675|15.415860176086426
113|678|15.471302032470703
113|1643|21.916433334350586
113|1797|23.5365047454834
113|1924|17.877058029174805
113|2328|17.20448875427246
113|2337|14.973589897155762
114|743|15.825948715209961
114|746|14.481654167175293
114|884|19.006223678588867
115|43|45.498844146728516
115|84|16.82938003540039
115|678|17.899147033691406
115|680|18.730106353759766
115|747|18.051721572875977
115|885|25.79114532470703
115|1047|18.07347297668457
115|1438|23.0164794921875
115|1916|14.610291481018066
115|2522|37.777103424072266
116|679|29.736242294311523
116|886|23.48988151550293
116|1384|15.825505256652832
117|1268|19.652572631835938
117|1371|14.035555839538574
117|1578|14.750309944152832
117|1630|15.256726264953613
117|1798|32.02958679199219
117|2329|20.59559440612793
118|43|22.26169204711914
118|984|25.625837326049805
118|1242|26.901470184326172
118|1437|31.84073829650879
118|1475|15.760544776916504
118|1799|32.03003692626953
118|1915|15.474477767944336
119|85|23.802227020263672
119|1476|13.586380004882812
119|1800|22.69866943359375
119|2565|16.69331932067871
120|86|25.817171096801758
120|145|19.694150924682617
120|248|58.95243453979492
120|1241|17.555452346801758
120|1268|14.64729118347168
120|1385|33.79218292236328
120|1564|21.169702529907227
120|1721|14.096550941467285
120|2524|14.47679328918457
121|43|16.651628494262695
121|82|14.837611198425293
121|90|27.68321418762207
121|146|19.61016082763672
121|581|26.278913497924805
121|744|14.579866409301758
121|985|16.487384796142578
121|1014|20.728862762451172
121|1288|39.8155403137207
121|1442|21.718578338623047
121|1453|24.582792282104492
121|1651|16.248180389404297
121|1674|21.43080711364746
121|1697|22.924501419067383
121|1701|23.1870174407959
121|1870|21.479366302490234
121|1928|16.414653778076172
121|2391|16.589963912963867
121|2522|13.882975578308105
121|2526|19.62615203857422
121|2566|13.973112106323242
122|583|24.959897994995117
122|937|25.920114517211914
122|986|15.754822731018066
122|994|22.04684829711914
122|1012|29.12064552307129
122|1242|14.80048942565918
122|1454|23.798715591430664
122|1457|21.37678337097168
122|1533|22.473796844482422
122|1547|23.26193618774414
122|1555|47.72693634033203
122|1562|28.346832275390625
122|1599|15.708930969238281
122|1645|23.003803253173828
122|1650|16.858707427978516
122|1673|16.311922073364258
122|1805|14.95691967010498
122|1854|14.082717895507812
122|1932|41.1047477722168
122|1972|17.85837173461914
122|1976|27.770160675048828
122|2347|47.996734619140625
122|2372|23.830263137817383
122|2388|24.83493423461914
122|2455|26.01959800720215
122|2569|22.158361434936523
123|48|30.513521194458008
123|89|30.476409912109375
123|580|24.75281524658203
123|584|25.710609436035156
123|939|17.954500198364258
123|988|13.603922843933105
123|1011|22.673828125
123|1392|20.33621597290039
123|1404|18.770977020263672
123|1440|28.05333709716797
123|1444|36.067718505859375
123|1447|24.036405563354492
123|1450|35.04611587524414
123|1456|24.61202621459961
123|1534|22.605985641479492
123|1552|18.576515197753906
123|1558|36.68745040893555
123|1646|26.92945098876953
123|1872|20.583187103271484
123|1930|33.37451171875
123|1957|25.850603103637695
123|1961|21.927743911743164
123|1973|24.138465881347656
123|2344|22.643444061279297
123|2370|22.504371643066406
123|2387|23.852218627929688
123|2529|26.524524688720703
123|2568|24.812814712524414
124|227|15.272479057312012
124|249|14.521413803100586
124|1243|13.682482719421387
124|1271|20.317670822143555
124|1445|34.53260803222656
124|1535|16.635589599609375
124|1554|20.085620880126953
124|2530|19.200117111206055
125|250|14.025226593017578
125|1439|24.364423751831055
125|1455|19.763729095458984
126|611|14.204837799072266
126|681|18.048377990722656
127|327|18.23214340209961
127|610|13.747097969055176
127|1028|14.93479061126709
127|1451|13.860589027404785
127|1591|16.36589241027832
127|1969|26.798351287841797
127|2413|17.359573364257812
128|1589|17.9808292388916
128|2382|17.438716888427734
128|2498|13.94332504272461
129|1798|15.217903137207031
129|1897|21.898006439208984
129|2002|20.167804718017578
129|2085|23.128807067871094
129|2090|29.032760620117188
129|2108|13.69816780090332
129|2110|13.898406982421875
129|2122|32.18942642211914
129|2192|16.522403717041016
129|2211|20.7471981048584
129|2291|14.570755004882812
129|2311|21.514711380004883
129|2314|17.409875869750977
129|2330|19.53845977783203
129|2415|33.96891403198242
129|2434|23.905778884887695
129|2499|17.389570236206055
129|2504|20.369993209838867
129|2538|26.228273391723633
130|1046|29.574220657348633
130|1879|18.675973892211914
130|1984|15.41778564453125
130|2094|13.91031265258789
130|2104|31.35019302368164
130|2107|23.704530715942383
130|2123|42.65502166748047
130|2191|16.84516716003418
130|2207|21.059450149536133
130|2229|28.790088653564453
130|2317|15.471086502075195
130|2420|14.293962478637695
130|2505|21.556861877441406
130|2521|17.8824520111084
131|1867|14.501346588134766
131|2520|17.2188777923584
132|1240|15.273887634277344
134|153|14.162515640258789
134|1527|15.765421867370605
135|152|16.438718795776367
136|150|13.788387298583984
137|255|14.350866317749023
137|936|14.105141639709473
138|934|16.216812133789062
138|1527|14.651702880859375
139|252|20.35358428955078
140|581|15.389768600463867
140|1526|14.166563034057617
142|1012|26.74327850341797
142|1954|27.236339569091797
142|2367|20.76308822631836
143|583|20.59564781188965
143|996|20.316694259643555
143|1011|24.416027069091797
143|1441|14.687556266784668
143|1974|14.326329231262207
144|585|35.89784240722656
144|1232|19.53139305114746
144|1459|16.22915267944336
145|177|13.74874210357666
145|633|15.059710502624512
145|980|15.445002555847168
145|1230|14.315718650817871
145|1317|15.96994400024414
145|1722|32.950462341308594
145|1730|20.876262664794922
145|1935|18.07707405090332
145|2348|15.59648323059082
145|2555|15.838621139526367
146|3|19.4554443359375
146|1233|24.495285034179688
146|1236|30.717988967895508
146|1316|18.05840492248535
146|1723|34.55465316772461
146|1937|18.75382423400879
146|2147|15.865290641784668
147|4|17.38127899169922
147|625|21.40005874633789
147|1234|30.658281326293945
147|1348|15.896064758300781
147|2248|17.948091506958008
147|2347|15.913080215454102
147|2350|19.69359588623047
148|978|19.13829803466797
148|1021|18.182876586914062
150|1228|16.68470001220703
151|1928|23.01693344116211
152|1413|18.68961524963379
152|1932|21.898597717285156
152|1935|13.875724792480469
152|2342|14.175143241882324
153|1313|19.525482177734375
153|1412|18.275014877319336
153|1515|15.463622093200684
153|1541|15.809406280517578
153|1726|17.616655349731445
153|1732|16.86598777770996
153|1824|24.168556213378906
153|1931|25.891101837158203
153|1934|18.659963607788086
153|2347|19.594642639160156
154|1309|21.14826011657715
154|1315|21.441057205200195
154|1331|16.310361862182617
154|1338|13.95751953125
154|1344|14.906709671020508
154|1518|22.69061279296875
154|1527|15.01662826538086
154|1725|20.452993392944336
154|1733|18.08391571044922
154|1930|23.78017234802246
154|2344|20.211498260498047
155|1305|14.487462043762207
155|1323|14.163106918334961
155|1411|33.2302360534668
159|1824|23.8602352142334
162|17|14.369355201721191
162|1718|13.710887908935547
162|2544|15.433759689331055
163|7|18.520322799682617
163|651|14.127285957336426
163|1298|19.688344955444336
163|1502|20.46346092224121
163|1687|21.218608856201172
163|1713|21.909364700317383
163|2163|23.532209396362305
163|2205|14.469575881958008
164|512|26.75436019897461
164|599|28.090885162353516
164|797|13.86041259765625
164|1542|16.93549156188965
164|1688|21.350500106811523
164|1791|15.508397102355957
165|4|15.109832763671875
165|62|19.436527252197266
165|590|13.568902015686035
165|626|14.858942985534668
165|1295|19.107637405395508
165|1712|13.86473560333252
165|2432|15.35097885131836
165|2489|14.643400192260742
165|2542|27.80656623840332
166|1002|22.568950653076172
166|1542|15.870301246643066
166|1684|13.939696311950684
166|2433|17.12441062927246
167|1711|15.81617546081543
167|1747|16.442066192626953
167|1754|14.2912015914917
168|1330|13.663130760192871
168|1343|19.346965789794922
169|980|21.710378646850586
169|1324|13.759018898010254
169|1337|14.21639633178711
169|1342|15.813201904296875
169|1344|13.944576263427734
169|1732|16.44977378845215
169|1756|16.858240127563477
170|979|23.975738525390625
170|1316|14.157201766967773
170|1694|14.752311706542969
171|1750|13.567803382873535
172|1735|13.60869312286377
180|797|18.147085189819336
180|1515|16.587100982666016
181|818|24.338132858276367
181|876|13.772366523742676
182|10|30.1307430267334
182|716|17.576160430908203
182|2489|25.985179901123047
183|2488|19.094541549682617
184|8|19.411273956298828
184|1261|14.1256685256958
184|1849|13.802190780639648
184|2454|15.7691650390625
185|474|14.759521484375
186|648|13.648531913757324
186|1947|16.976938247680664
188|1426|13.704014778137207
189|719|16.266693115234375
190|472|19.136516571044922
190|718|15.198195457458496
190|1502|24.193540573120117
191|1714|15.070876121520996
191|1840|17.34625816345215
192|1839|19.36732292175293
192|1942|18.071699142456055
192|2355|14.875493049621582
193|719|16.981401443481445
193|1129|14.068161964416504
193|1838|21.606027603149414
194|1423|14.582585334777832
194|2435|21.601871490478516
195|473|14.47800064086914
195|648|13.729477882385254
195|1262|17.037084579467773
195|1346|14.792366027832031
195|1373|15.633548736572266
195|1631|14.874950408935547
195|1786|15.617491722106934
195|2125|14.899913787841797
197|1054|15.392279624938965
198|719|14.58366870880127
198|723|31.735774993896484
198|818|15.439292907714844
199|734|32.272518157958984
199|1136|33.3172721862793
199|1146|26.52965545654297
200|720|21.057828903198242
200|724|23.446956634521484
200|727|28.862430572509766
200|730|34.14008331298828
200|735|35.95196533203125
200|1135|22.620059967041016
200|1138|20.169984817504883
200|1147|25.850645065307617
200|1149|24.212417602539062
201|323|15.099347114562988
201|721|24.876182556152344
201|725|34.360164642333984
201|1139|16.95827293395996
201|1145|17.93025016784668
201|1148|24.24604606628418
202|322|14.463510513305664
202|474|16.354650497436523
203|822|14.737574577331543
203|1132|16.28070068359375
203|1145|18.21128273010254
203|1631|15.16531753540039
204|826|14.454906463623047
205|701|13.924567222595215
205|1133|25.827348709106445
206|648|16.332897186279297
206|1142|15.763566970825195
207|177|15.737923622131348
213|649|22.784847259521484
214|1845|16.338577270507812
215|1847|13.884978294372559
216|704|17.174219131469727
216|723|28.990455627441406
216|1848|14.061613082885742
217|648|19.136241912841797
217|722|22.380125045776367
217|724|27.930484771728516
217|734|25.373830795288086
217|1136|22.54792022705078
217|1146|15.887392044067383
217|1842|14.24370002746582
217|2359|15.44123363494873
218|729|36.487762451171875
218|733|25.367164611816406
218|735|29.747892379760742
218|1135|15.952033042907715
218|1147|13.699786186218262
218|1149|13.604223251342773
218|1841|15.176460266113281
219|721|28.291889190673828
219|726|40.8946418762207
219|979|21.707744598388672
219|1148|15.570398330688477
219|1318|14.112685203552246
219|1844|17.362092971801758
220|1314|13.645938873291016
221|1313|16.467159271240234
222|1321|13.785624504089355
223|1133|15.95589828491211
223|1327|14.053462028503418
224|1334|15.765145301818848
227|302|14.916718482971191
227|2122|14.81115436553955
227|2125|17.44896125793457
227|2535|15.565580368041992
228|648|18.201799392700195
228|2230|17.96873664855957
232|648|16.95247459411621
244|1503|15.542068481445312
245|1297|15.422795295715332
245|1299|15.228598594665527
245|1502|17.5158748626709
246|1278|14.546186447143555
246|1443|14.866065979003906
246|1501|14.0343599319458
246|1517|16.281339645385742
246|1715|18.060213088989258
246|1839|14.144979476928711
246|1942|13.66770076751709
247|1518|16.772438049316406
260|637|14.506782531738281
261|638|15.004741668701172
267|979|15.33197021484375
269|978|16.815567016601562
269|1255|13.679293632507324
271|1253|18.49729347229004
272|1254|25.42407989501953
272|1423|15.929657936096191
283|1630|13.631669044494629
286|976|14.277253150939941
289|977|19.588239669799805
290|980|27.52644920349121
291|1260|16.62998390197754
291|1656|19.24668312072754
292|979|28.363454818725586
292|2414|13.634922981262207
293|385|17.379423141479492
293|978|43.614830017089844
295|988|14.505217552185059
295|1312|14.549437522888184
296|1301|18.185583114624023
296|2418|14.182510375976562
297|1300|20.19379997253418
298|1273|17.18067169189453
298|1276|19.365161895751953
299|1248|14.38591480255127
299|1277|21.581045150756836
299|1297|38.87221908569336
300|1249|15.125529289245605
300|1296|34.28641128540039
300|1299|45.31306838989258
300|1713|28.376039505004883
301|1295|44.82225036621094
301|1712|23.816959381103516
301|1715|25.500160217285156
302|827|18.108623504638672
302|1248|16.820655822753906
302|1280|22.536008834838867
302|1428|17.22541618347168
303|1244|13.885117530822754
303|1249|22.798229217529297
303|1429|19.90629005432129
303|1531|17.588281631469727
303|1684|13.744148254394531
304|1449|14.35173511505127
304|1530|14.579781532287598
305|826|13.847957611083984
305|1448|15.249056816101074
305|1662|21.571630477905273
307|1549|14.105917930603027
308|1443|14.589895248413086
308|1514|13.981496810913086
309|386|18.65938377380371
309|984|20.262332916259766
310|385|18.911945343017578
311|1331|16.52781105041504
311|1514|17.312158584594727
312|1343|18.007484436035156
313|1305|18.43970489501953
313|1342|13.779314994812012
314|1324|13.662496566772461
314|1337|20.595264434814453
314|1514|16.765043258666992
315|561|35.10150909423828
315|1260|16.427927017211914
315|1309|17.940610885620117
316|145|15.790740966796875
316|392|15.027345657348633
316|986|28.86835479736328
316|1304|15.970234870910645
316|1315|14.648681640625
316|1318|17.406326293945312
317|1310|15.636699676513672
317|1345|16.51997947692871
317|1751|14.226278305053711
318|1307|17.830106735229492
318|1341|15.452489852905273
318|1346|17.259078979492188
318|1744|15.719223976135254
318|1750|22.42476463317871
319|563|26.771957397460938
319|988|23.86330223083496
319|1234|15.695328712463379
319|1311|18.66912269592285
319|1340|22.803483963012695
319|1743|21.281522750854492
320|1312|19.133764266967773
320|1328|13.709750175476074
321|1327|18.762737274169922
321|1542|14.320798873901367
322|1301|14.034255027770996
322|1541|14.626712799072266
323|1334|19.96824073791504
325|1275|16.048006057739258
326|597|16.74970245361328
326|1944|17.25289535522461
327|599|22.0363826751709
327|1298|24.410032272338867
327|1943|23.421279907226562
327|2356|23.67989730834961
328|280|14.383427619934082
328|1548|15.397744178771973
328|1715|13.856608390808105
328|1840|14.977551460266113
331|590|15.26162338256836
331|1429|14.56527328491211
331|1516|30.075246810913086
333|1517|15.575416564941406
334|1515|16.588743209838867