I Gotta Feeling
The Black Eyed Peas

EDM
i_gotta_feeling
1025x2584
2830

6|174|34.189945220947266
6|186|68.39697265625
6|192|85.6666259765625
6|196|90.16931915283203
6|208|69.572021484375
6|220|58.0331916809082
6|228|30.20163917541504
6|234|20.426733016967773
6|248|19.06637954711914
6|250|19.667871475219727
6|257|18.62751007080078
6|274|40.280052185058594
6|277|39.705596923828125
6|281|45.2769775390625
6|285|45.02702331542969
6|289|43.93473434448242
6|292|45.0740852355957
6|502|47.58466339111328
6|508|61.941139221191406
6|514|78.40003204345703
6|521|85.41102600097656
6|526|73.1976547241211
6|531|65.6033935546875
6|536|60.1865119934082
6|541|53.17449188232422
6|551|31.101299285888672
6|556|21.173254013061523
6|572|17.75132942199707
6|580|19.898815155029297
6|583|17.406892776489258
6|592|26.042428970336914
6|598|41.24631118774414
6|607|46.03379440307617
6|613|43.78643798828125
6|619|36.77243423461914
6|634|15.014555931091309
6|649|18.150802612304688
6|824|40.19842529296875
6|837|80.6810073852539
6|843|89.99430847167969
6|850|72.47735595703125
6|853|73.6303939819336
6|858|62.132511138916016
6|861|64.48773193359375
6|867|47.711692810058594
6|875|30.33319854736328
6|879|24.73892593383789
6|894|19.289081573486328
6|903|14.988883018493652
6|921|36.92512512207031
6|925|42.367584228515625
6|930|40.98783493041992
6|935|44.982181549072266
6|938|39.235084533691406
6|1148|49.35968017578125
6|1155|63.72825622558594
6|1160|84.45198059082031
6|1167|81.8667221069336
6|1172|73.17682647705078
6|1176|68.19816589355469
6|1180|66.65838623046875
6|1186|58.1234130859375
6|1189|50.696372985839844
6|1196|31.543102264404297
6|1202|21.25619888305664
6|1218|17.979690551757812
6|1243|31.27767562866211
6|1249|30.436412811279297
6|1254|34.14675521850586
6|1259|35.20448684692383
6|1264|23.59040641784668
6|1267|25.542051315307617
6|1294|18.193241119384766
7|300|36.71870040893555
7|313|97.4341049194336
7|321|99.85095977783203
7|326|94.2091293334961
7|331|94.58442687988281
7|335|90.76081085205078
7|340|37.13087844848633
7|455|34.70833206176758
7|460|37.61844253540039
7|465|38.85902404785156
7|477|93.27996063232422
7|482|86.86762237548828
7|488|86.89210510253906
7|492|89.56903839111328
7|496|81.07766723632812
7|945|39.01266860961914
7|958|94.08401489257812
7|961|98.53730773925781
7|968|86.84988403320312
7|973|90.13402557373047
7|977|96.0523910522461
7|981|98.83857727050781
7|986|46.44800567626953
7|1101|37.45936584472656
7|1106|33.1672248840332
7|1111|49.32679748535156
7|1119|90.61640167236328
7|1122|92.62287139892578
7|1129|92.52934265136719
7|1133|91.1274642944336
7|1138|91.49451446533203
7|1142|80.01571655273438
8|370|57.43623733520508
8|377|55.849185943603516
8|383|50.86713409423828
8|390|39.98295974731445
8|392|40.44774627685547
8|399|51.51963806152344
8|404|43.51383972167969
8|416|21.00191307067871
8|420|20.095806121826172
8|423|23.378894805908203
8|446|21.062606811523438
8|450|28.193099975585938
8|991|29.11467170715332
8|996|28.33810043334961
8|1000|28.32405662536621
8|1008|25.259700775146484
8|1013|31.901052474975586
8|1025|30.529891967773438
8|1030|28.782773971557617
8|1038|34.84676742553711
8|1045|48.231327056884766
8|1050|43.14028549194336
8|1060|21.28874969482422
8|1064|16.27338981628418
8|1070|20.500614166259766
8|1073|19.151531219482422
8|1079|29.975379943847656
8|1082|32.516624450683594
8|1086|29.200828552246094
8|1089|25.189077377319336
8|1093|30.346233367919922
8|1096|31.744033813476562
8|1098|30.76801872253418
9|11|29.864389419555664
9|32|114.67652130126953
9|36|117.3299331665039
9|40|110.10955047607422
9|48|98.6439208984375
9|69|24.552473068237305
9|86|76.36702728271484
9|94|54.54347610473633
9|106|39.517887115478516
9|111|40.32666015625
9|116|38.92332077026367
9|119|38.765380859375
9|136|82.7410888671875
9|140|82.6115951538086
9|155|38.42546463012695
9|161|29.660520553588867
9|164|29.0183048248291
9|171|51.886131286621094
9|194|15.275994300842285
9|657|22.146209716796875
9|678|104.5016098022461
9|683|109.55765533447266
9|688|87.98933410644531
9|695|75.12562561035156
9|699|66.49104309082031
9|728|59.09410858154297
9|731|62.1363410949707
9|754|28.555484771728516
9|758|40.304996490478516
9|764|31.799400329589844
9|784|77.00768280029297
9|793|62.81632995605469
9|802|39.62739181518555
9|807|32.69233703613281
9|815|41.763832092285156
9|818|46.84157180786133
9|823|39.71556854248047
9|827|31.824237823486328
9|833|19.666728973388672
12|181|31.247159957885742
12|186|30.030155181884766
12|194|30.887300491333008
12|198|28.56072998046875
12|201|28.734249114990234
12|211|21.004709243774414
12|230|18.28409194946289
12|245|16.571704864501953
12|251|20.69461441040039
12|257|22.19624900817871
12|262|21.048770904541016
12|282|18.097673416137695
12|286|16.605905532836914
12|508|36.29914093017578
12|513|36.24510192871094
12|520|31.391016006469727
12|526|24.815034866333008
12|534|16.646337509155273
12|545|15.719082832336426
12|551|16.25411605834961
12|574|16.69441795349121
12|580|19.17119789123535
12|587|18.52008628845215
12|605|17.594287872314453
12|637|22.171875
12|643|20.98472023010254
12|827|27.14830780029297
12|830|30.880552291870117
12|837|28.321735382080078
12|842|26.76664924621582
12|847|26.13960075378418
12|852|19.86421012878418
12|857|25.902862548828125
12|891|16.62705421447754
12|897|24.31964683532715
12|903|21.64615821838379
12|908|19.543230056762695
12|911|20.703845977783203
12|930|16.841903686523438
12|933|15.513822555541992
12|1149|26.042184829711914
12|1151|26.419775009155273
12|1155|26.596214294433594
12|1160|24.12364387512207
12|1166|22.35685157775879
12|1170|24.070022583007812
12|1174|20.12725067138672
12|1179|21.969079971313477
12|1182|15.709344863891602
12|1214|23.727798461914062
12|1220|27.299739837646484
12|1227|20.775449752807617
12|1233|18.16630744934082
12|1281|20.229488372802734
12|1285|21.001806259155273
12|1288|21.070919036865234
13|301|28.754539489746094
13|332|32.662261962890625
13|497|20.995819091796875
13|614|17.328327178955078
13|947|24.27424430847168
13|978|36.54928970336914
13|1143|23.0877685546875
13|1146|19.53929328918457
14|299|27.735998153686523
14|305|37.43644714355469
14|312|47.63478469848633
14|321|42.90949249267578
14|327|36.835025787353516
14|331|33.4607048034668
14|335|24.9881649017334
14|460|26.493324279785156
14|465|35.08159255981445
14|473|47.220115661621094
14|481|39.225399017333984
14|489|29.786285400390625
14|944|24.163564682006836
14|952|37.84452819824219
14|958|50.585086822509766
14|966|42.78541564941406
14|974|32.82290267944336
14|977|33.66911315917969
14|981|26.301298141479492
14|1106|25.147232055664062
14|1111|32.29121398925781
14|1114|35.297672271728516
14|1119|47.21771240234375
14|1129|48.34832763671875
14|1136|37.295536041259766
14|1145|18.034975051879883
14|1433|23.677597045898438
14|1592|26.789512634277344
14|1655|15.36283016204834
14|2079|27.072731018066406
14|2238|29.288137435913086
14|2301|16.237417221069336
14|2411|15.181086540222168
15|336|23.48779296875
15|338|29.571264266967773
15|343|40.78742599487305
15|348|45.960105895996094
15|354|41.3187141418457
15|356|38.61822509765625
15|361|24.927913665771484
15|370|28.356473922729492
15|373|35.14267349243164
15|379|28.43001937866211
15|392|15.904887199401855
15|403|19.450706481933594
15|407|15.858854293823242
15|433|26.297700881958008
15|442|28.079593658447266
15|445|30.10061264038086
15|452|20.857940673828125
15|984|28.322914123535156
15|987|32.0235595703125
15|989|36.60063934326172
15|992|34.7254524230957
15|1001|27.233688354492188
15|1004|28.02651596069336
15|1016|27.502595901489258
15|1019|23.407546997070312
15|1025|16.22628402709961
15|1038|23.96807289123535
15|1042|16.443105697631836
15|1046|18.75737762451172
15|1049|20.28786277770996
15|1054|14.831396102905273
15|1080|22.709285736083984
15|1090|35.089088439941406
15|1098|20.114599227905273
15|1262|18.138158798217773
15|1447|41.83856201171875
15|1515|26.816856384277344
15|1523|23.83089256286621
15|1526|16.007890701293945
15|1593|26.258554458618164
15|1609|52.668643951416016
15|1677|24.019371032714844
15|1684|25.693422317504883
15|1688|14.8521728515625
15|1768|31.08281707763672
15|1817|17.69585418701172
15|1838|24.488344192504883
15|1846|22.577482223510742
15|1929|24.340763092041016
15|2092|40.84245300292969
15|2095|37.931793212890625
15|2161|27.442419052124023
15|2169|26.712827682495117
15|2255|53.59654998779297
15|2323|24.551849365234375
15|2330|28.920896530151367
15|2333|20.572345733642578
15|2414|32.86514663696289
15|2416|29.635648727416992
15|2463|17.680959701538086
15|2484|24.082687377929688
15|2492|20.072919845581055
15|2575|24.18817901611328
16|432|22.663373947143555
16|983|21.48529624938965
16|1078|19.237268447875977
16|1450|39.30561447143555
16|1494|25.171701431274414
16|1606|51.55791091918945
16|1611|56.8382682800293
16|1656|30.164209365844727
16|1687|15.11068058013916
16|1755|33.37505340576172
16|1767|35.40636444091797
16|1771|26.252220153808594
16|1927|22.003406524658203
16|2096|40.92135238647461
16|2140|26.877878189086914
16|2253|47.319271087646484
16|2257|56.81072998046875
16|2302|29.497697830200195
16|2401|38.156463623046875
16|2413|37.02752685546875
16|2417|28.382238388061523
16|2491|17.004901885986328
16|2494|15.503457069396973
17|1451|34.79334259033203
17|1495|33.56605529785156
17|2097|35.61580276489258
17|2141|33.86417007446289
18|15|16.499467849731445
18|18|19.201452255249023
18|21|17.152259826660156
18|32|16.116395950317383
18|103|17.293018341064453
18|138|15.742326736450195
18|154|15.74458122253418
18|170|15.577554702758789
18|202|16.52484130859375
18|516|14.765681266784668
18|663|16.37892723083496
18|668|14.786890983581543
18|676|16.95037841796875
18|679|15.14820384979248
18|682|16.128353118896484
18|687|15.783164024353027
18|736|15.52401351928711
18|738|17.636669158935547
18|778|16.074066162109375
18|802|16.781375885009766
18|804|16.611337661743164
18|846|18.163982391357422
18|1282|22.667556762695312
18|1324|16.650903701782227
18|1344|17.824031829833984
18|1357|15.62308406829834
18|1365|17.9494686126709
18|1376|15.272310256958008
18|1378|15.549115180969238
18|1385|15.41884994506836
18|1398|16.93692970275879
18|1403|17.680471420288086
18|1405|18.635419845581055
18|1419|17.65691375732422
18|1425|16.528390884399414
18|1437|15.547280311584473
18|1445|22.674976348876953
18|1456|17.885831832885742
18|1459|18.435237884521484
18|1497|58.37996292114258
18|1503|59.1009635925293
18|1574|23.368202209472656
18|1658|59.602596282958984
18|1665|61.088417053222656
18|1736|34.90754318237305
18|1773|20.662994384765625
18|1822|51.76979064941406
18|1829|40.92112350463867
18|1918|31.515647888183594
18|1922|33.29947280883789
18|1950|15.163995742797852
18|1970|15.927525520324707
18|1990|17.18018913269043
18|2002|14.980134010314941
18|2004|15.099838256835938
18|2011|18.239709854125977
18|2014|17.48592185974121
18|2025|16.242555618286133
18|2031|16.526771545410156
18|2044|16.794574737548828
18|2051|17.53143310546875
18|2055|14.837713241577148
18|2065|16.441837310791016
18|2071|17.33837890625
18|2092|19.86602210998535
18|2094|16.280969619750977
18|2102|18.318803787231445
18|2105|18.188711166381836
18|2143|59.21647644042969
18|2149|63.08659362792969
18|2220|23.815927505493164
18|2304|58.57744216918945
18|2310|64.26974487304688
18|2382|32.99460983276367
18|2419|21.581140518188477
18|2465|51.18428039550781
18|2469|50.848140716552734
18|2476|40.23868942260742
18|2564|31.37139129638672
18|2568|32.757957458496094
19|1319|22.413352966308594
19|1452|48.11065673828125
19|1455|15.787471771240234
19|1573|27.261066436767578
19|1735|30.48175048828125
19|1774|19.63825798034668
19|1916|21.311107635498047
19|1964|24.56511878967285
19|2098|48.42586898803711
19|2219|24.647239685058594
19|2381|28.728605270385742
19|2420|18.20340919494629
19|2562|21.905658721923828
20|311|15.109089851379395
20|1276|14.88696002960205
20|1490|23.992265701293945
20|1570|38.220394134521484
20|1572|39.80788040161133
20|1613|56.9498291015625
20|1651|23.0822811126709
20|1734|32.47297286987305
20|1812|19.698991775512695
20|1914|26.09865951538086
20|2099|43.18279266357422
20|2136|24.27773094177246
20|2216|37.37795639038086
20|2218|36.90237808227539
20|2259|56.04256057739258
20|2297|23.14171600341797
20|2378|32.62580490112305
20|2380|31.509397506713867
20|2553|31.16454315185547
20|2556|23.896135330200195
20|2560|25.635744094848633
21|1271|25.59873390197754
21|1317|18.649179458618164
21|1453|44.58264923095703
21|1484|45.91640090942383
21|1645|42.19900894165039
21|1806|40.12114715576172
21|1907|28.13167953491211
21|1963|20.122934341430664
21|2130|43.451515197753906
21|2215|36.74917221069336
21|2280|24.409038543701172
21|2292|37.998512268066406
21|2452|43.04536056518555
21|2552|28.463354110717773
21|2557|23.68273162841797
22|1316|23.637348175048828
22|1567|30.718753814697266
22|1614|56.88573455810547
22|1635|53.37592315673828
22|1644|37.686676025390625
22|1730|27.354747772216797
22|1805|45.52155685424805
22|1897|21.840755462646484
22|1905|22.75733757019043
22|1962|24.692920684814453
22|2099|45.72142028808594
22|2214|35.402469635009766
22|2260|51.04518127441406
22|2269|17.75547981262207
22|2281|51.03325653076172
22|2451|44.29043197631836
22|2551|25.477319717407227
23|140|28.337968826293945
23|160|29.461997985839844
23|338|29.495901107788086
23|340|29.5113525390625
23|357|24.14895248413086
23|363|18.113666534423828
23|382|34.91651153564453
23|399|23.099082946777344
23|402|23.739974975585938
23|423|27.70960235595703
23|441|33.56583786010742
23|459|18.592647552490234
23|463|22.90115737915039
23|483|27.70234489440918
23|785|27.24081039428711
23|805|29.060102462768555
23|986|30.139366149902344
23|999|16.264530181884766
23|1004|21.54546546936035
23|1009|24.739614486694336
23|1025|27.607585906982422
23|1028|26.880138397216797
23|1044|20.978885650634766
23|1049|27.67430305480957
23|1064|23.08706283569336
23|1069|23.837190628051758
23|1089|28.170799255371094
23|1108|25.681549072265625
23|1127|24.64911460876465
23|1430|24.714468002319336
23|1474|65.61638641357422
23|1476|49.42859649658203
23|1479|36.2697639465332
23|1481|26.033634185791016
23|1551|75.4646987915039
23|1561|44.24808883666992
23|1566|40.9834098815918
23|1615|51.27761459350586
23|1631|18.46327018737793
23|1639|65.19983673095703
23|1651|15.19445514678955
23|1658|24.70614242553711
23|1661|25.72160530090332
23|1665|23.786684036254883
23|1670|17.247282028198242
23|1681|24.901329040527344
23|1686|23.33092498779297
23|1694|15.242289543151855
23|1698|20.322036743164062
23|1701|18.681150436401367
23|1706|24.727405548095703
23|1713|94.76632690429688
23|1723|31.117103576660156
23|1729|25.614078521728516
23|1732|19.05125617980957
23|1741|26.65324592590332
23|1746|24.635589599609375
23|1762|24.605546951293945
23|1767|26.92254066467285
23|1771|19.00833511352539
23|1782|28.90911865234375
23|1798|70.23318481445312
23|1894|74.68891143798828
23|1904|32.6127815246582
23|1949|16.325605392456055
23|1957|14.984216690063477
23|2076|24.639366149902344
23|2078|21.774032592773438
23|2096|23.06589698791504
23|2120|61.13348388671875
23|2122|45.564697265625
23|2125|35.85829544067383
23|2127|30.24045181274414
23|2196|72.62932586669922
23|2204|35.60966491699219
23|2207|38.50298309326172
23|2211|41.17107391357422
23|2213|40.605045318603516
23|2261|48.03776550292969
23|2273|55.278594970703125
23|2277|45.78575897216797
23|2285|65.05023956298828
23|2297|50.84421920776367
23|2305|29.805702209472656
23|2311|30.74791717529297
23|2317|44.45193099975586
23|2326|25.05006217956543
23|2332|27.284652709960938
23|2337|51.005367279052734
23|2344|21.724769592285156
23|2347|21.29868507385254
23|2351|25.812240600585938
23|2359|121.52373504638672
23|2368|28.082231521606445
23|2375|63.4005126953125
23|2378|54.97053527832031
23|2387|28.487062454223633
23|2392|29.428882598876953
23|2398|48.43703079223633
23|2407|26.253271102905273
23|2418|49.81220245361328
23|2427|25.942052841186523
23|2444|70.00897216796875
23|2540|74.6905288696289
23|2544|36.104278564453125
23|2550|32.14951705932617
24|100|15.523920059204102
24|180|19.62053108215332
24|199|18.4366512298584
24|259|15.192790985107422
24|322|14.847942352294922
24|524|17.06753158569336
24|544|16.476503372192383
24|564|15.501529693603516
24|585|17.438331604003906
24|604|17.549827575683594
24|625|17.694551467895508
24|635|14.854117393493652
24|746|14.914957046508789
24|847|21.65835952758789
24|886|14.828165054321289
24|927|17.783445358276367
24|1170|20.139095306396484
24|1210|15.728979110717773
24|1249|18.332149505615234
24|1269|17.279483795166016
24|1294|64.31343078613281
24|1301|35.593353271484375
24|1392|16.644084930419922
24|1412|15.31259536743164
24|1456|21.891902923583984
24|1460|24.46029281616211
24|1466|55.47942352294922
24|1470|27.83367347717285
24|1488|25.45738410949707
24|1494|39.35604476928711
24|1499|23.150156021118164
24|1509|28.339569091796875
24|1514|30.459320068359375
24|1518|22.9141845703125
24|1530|28.612895965576172
24|1535|40.98642349243164
24|1546|36.855445861816406
24|1548|31.903905868530273
24|1555|45.71198654174805
24|1558|40.103904724121094
24|1569|28.348173141479492
24|1574|35.7625617980957
24|1578|26.93655014038086
24|1591|30.527372360229492
24|1594|30.858911514282227
24|1598|26.348003387451172
24|1607|25.35441780090332
24|1612|28.307071685791016
24|1619|43.74166488647461
24|1622|42.46858215332031
24|1626|51.44801712036133
24|1789|24.684024810791016
24|1792|24.031946182250977
24|1806|15.00839614868164
24|1812|27.67399787902832
24|1816|33.82313537597656
24|1819|23.059953689575195
24|1821|23.107803344726562
24|1833|27.790382385253906
24|1836|30.691539764404297
24|1840|22.195470809936523
24|1851|26.987165451049805
24|1853|27.03071403503418
24|1857|43.476409912109375
24|1861|21.87726402282715
24|1867|25.169912338256836
24|1871|24.092477798461914
24|1880|21.82037353515625
24|1887|20.339868545532227
24|1891|85.34547424316406
24|1898|38.56662368774414
24|1901|38.747779846191406
24|1910|24.050155639648438
24|1917|35.18422317504883
24|1923|22.20494270324707
24|1934|30.688072204589844
24|1939|74.48625183105469
24|1943|45.997718811035156
24|1945|32.207313537597656
24|1948|29.623201370239258
24|2037|16.35918426513672
24|2058|16.88218879699707
24|2102|24.349803924560547
24|2106|24.344520568847656
24|2112|57.40727233886719
24|2116|27.219865798950195
24|2129|33.69830322265625
24|2133|15.669485092163086
24|2140|38.87137222290039
24|2144|24.495595932006836
24|2150|26.1328182220459
24|2160|30.174604415893555
24|2163|23.803722381591797
24|2170|22.392356872558594
24|2181|43.40031051635742
24|2190|22.794248580932617
24|2201|44.31331253051758
24|2220|29.256099700927734
24|2225|27.84810447692871
24|2231|25.072154998779297
24|2240|29.289649963378906
24|2245|28.235065460205078
24|2250|19.424118041992188
24|2252|17.05840492248535
24|2264|48.476829528808594
24|2268|44.41714096069336
24|2270|40.68381881713867
24|2432|19.125032424926758
24|2453|21.292999267578125
24|2462|32.19580841064453
24|2465|24.325847625732422
24|2467|23.61808204650879
24|2473|19.94794273376465
24|2483|30.274946212768555
24|2493|26.22172737121582
24|2503|47.91667556762695
24|2513|17.94076156616211
24|2515|19.27687644958496
24|2527|24.630168914794922
24|2533|23.381786346435547
24|2538|88.8963623046875
24|2542|43.804725646972656
24|2547|37.914031982421875
24|2553|25.18974494934082
24|2564|31.436147689819336
24|2567|26.509660720825195
24|2574|24.187854766845703
24|2583|34.064998626708984
25|1293|59.89535903930664
25|1462|21.36235809326172
25|1478|18.662445068359375
25|1567|15.650139808654785
25|1614|21.170835494995117
25|1617|28.65270233154297
25|1634|17.36337661743164
25|1656|20.21991729736328
25|1776|44.296897888183594
25|1788|26.741500854492188
25|1803|18.230295181274414
25|1877|39.15278625488281
25|1947|33.97232437133789
25|2189|19.362619400024414
25|2212|15.288537979125977
25|2260|20.99698257446289
25|2263|32.46234893798828
25|2266|25.236120223999023
25|2280|17.115610122680664
25|2302|19.330646514892578
25|2422|45.000885009765625
25|2449|18.055004119873047
25|2464|20.84954261779785
25|2514|19.384096145629883
25|2523|35.471946716308594
25|2543|27.87917137145996
26|1292|64.35808563232422
26|1534|18.318735122680664
26|1796|19.345685958862305
26|1946|21.89482879638672
26|2442|18.871055603027344
27|42|16.260520935058594
27|58|19.3967342376709
27|681|16.491390228271484
27|686|20.981529235839844
27|695|16.453481674194336
27|1307|20.073877334594727
27|1312|21.465837478637695
27|1315|17.625829696655273
27|1328|20.4172420501709
27|1333|17.111974716186523
27|1336|18.362321853637695
27|1348|22.877172470092773
27|1353|21.65411949157715
27|1356|22.607040405273438
27|1358|21.095012664794922
27|1369|24.89620590209961
27|1378|21.199132919311523
27|1389|18.54268455505371
27|1396|22.48133659362793
27|1408|23.873703002929688
27|1416|21.800840377807617
27|1429|21.960758209228516
27|1436|21.27263069152832
27|1449|21.504558563232422
27|1452|15.60989761352539
27|1457|24.208078384399414
27|1697|60.89274978637695
27|1780|32.27470397949219
27|1787|45.08525085449219
27|1860|89.28482055664062
27|1880|83.83364868164062
27|1883|77.31880950927734
27|1954|20.089275360107422
27|1974|21.621007919311523
27|1979|18.704675674438477
27|1983|16.957115173339844
27|1994|21.3767147064209
27|1999|21.745811462402344
27|2001|20.53583335876465
27|2004|20.392227172851562
27|2015|24.294641494750977
27|2019|20.202682495117188
27|2024|19.503440856933594
27|2032|18.59626007080078
27|2034|19.04999351501465
27|2044|22.14501953125
27|2053|22.37689208984375
27|2062|22.96938133239746
27|2072|19.39800262451172
27|2075|23.565834045410156
27|2082|22.111907958984375
27|2091|18.656536102294922
27|2095|21.930437088012695
27|2103|25.085147857666016
27|2343|61.90038299560547
27|2425|35.062705993652344
27|2429|35.63104248046875
27|2433|46.23170852661133
27|2506|89.29103088378906
27|2509|74.09825134277344
27|2526|81.83094024658203
27|2529|76.23457336425781
28|1306|16.816417694091797
28|1309|18.96168327331543
28|1314|17.010433197021484
28|1327|18.781063079833984
28|1355|22.77288055419922
28|1366|22.093778610229492
28|1375|22.074260711669922
28|1386|17.653593063354492
28|1395|21.606412887573242
28|1402|14.94028091430664
28|1405|22.389551162719727
28|1407|21.41253662109375
28|1426|19.46363067626953
28|1435|27.286022186279297
28|1444|20.683128356933594
28|1447|20.368854522705078
28|1456|22.869266510009766
28|1879|91.8288803100586
28|1961|23.253238677978516
28|1972|16.8060302734375
28|1980|17.82969093322754
28|2002|20.663097381591797
28|2021|19.297466278076172
28|2031|19.041549682617188
28|2041|22.406518936157227
28|2071|19.466276168823242
28|2081|27.902711868286133
28|2085|19.80930519104004
28|2090|19.128652572631836
28|2093|22.433767318725586
28|2342|62.07231521606445
28|2525|92.22252655029297
29|1433|26.060144424438477
29|2080|26.88588523864746
30|1436|19.430408477783203
30|1448|55.244110107421875
30|1526|18.371131896972656
30|1593|25.718887329101562
30|1768|41.120826721191406
30|1838|18.772239685058594
30|1849|15.968243598937988
30|2078|17.97801971435547
30|2082|18.619617462158203
30|2094|51.607444763183594
30|2172|17.50875473022461
30|2239|25.77090835571289
30|2343|15.831896781921387
30|2484|20.14742660522461
30|2495|14.935723304748535
31|1262|18.288501739501953
31|1449|50.19652557373047
31|1514|21.17034912109375
31|1525|19.383737564086914
31|1608|53.866275787353516
31|1627|18.679658889770508
31|1638|19.4818058013916
31|1641|17.735021591186523
31|1645|19.821367263793945
31|1648|18.4609375
31|1650|17.926639556884766
31|1656|18.899883270263672
31|1658|17.994199752807617
31|1660|18.283479690551758
31|1665|18.18270492553711
31|1669|15.564423561096191
31|1672|18.499187469482422
31|1676|31.54081916809082
31|1690|21.079504013061523
31|1698|15.18911361694336
31|1710|18.233247756958008
31|1717|15.609541893005371
31|1720|16.57377815246582
31|1729|15.034666061401367
31|1732|15.187239646911621
31|1736|16.46694564819336
31|1741|17.35066032409668
31|1745|16.677858352661133
31|1748|18.05457878112793
31|1752|16.683116912841797
31|1760|16.58405303955078
31|1762|15.067023277282715
31|1771|33.287452697753906
31|1782|17.61686134338379
31|1837|18.484237670898438
31|1841|17.223552703857422
31|1848|17.697324752807617
31|1929|20.691442489624023
31|2093|52.87179946899414
31|2095|48.44184494018555
31|2161|20.988962173461914
31|2168|16.663755416870117
31|2171|20.65572738647461
31|2254|58.500728607177734
31|2277|15.106122016906738
31|2284|19.75665283203125
31|2297|17.201391220092773
31|2301|16.400634765625
31|2304|15.904980659484863
31|2306|16.350780487060547
31|2317|18.119035720825195
31|2322|33.83367919921875
31|2332|34.9987678527832
31|2337|16.508024215698242
31|2344|16.344749450683594
31|2352|16.660356521606445
31|2355|15.17813777923584
31|2357|15.905434608459473
31|2365|17.67730712890625
31|2378|18.327709197998047
31|2382|17.606578826904297
31|2387|20.184280395507812
31|2396|16.680082321166992
31|2404|16.039331436157227
31|2406|17.620819091796875
31|2408|15.195429801940918
31|2413|33.75532913208008
31|2417|64.29857635498047
31|2422|16.001480102539062
31|2427|18.173824310302734
31|2483|22.634878158569336
31|2487|16.3233585357666
31|2494|19.245317459106445
31|2575|19.73694610595703
32|1267|15.109850883483887
32|1444|19.936243057250977
32|1605|32.523475646972656
32|1611|22.713642120361328
32|1755|35.806785583496094
32|1772|36.105873107910156
32|1928|17.243820190429688
32|2251|33.50225830078125
32|2257|23.27519416809082
32|2401|35.9655876159668
32|2412|33.77485275268555
32|2574|18.66103172302246
33|1445|22.795146942138672
33|1756|38.07640838623047
33|1766|32.66387176513672
33|1832|15.959468841552734
33|2091|25.9985294342041
33|2402|39.0799446105957
33|2442|16.281347274780273
34|2478|15.62090015411377
35|1772|16.243993759155273
35|1926|24.770174026489258
35|1938|15.667289733886719
35|2261|15.666906356811523
35|2418|22.0793399810791
36|19|20.095937728881836
36|52|17.691423416137695
36|77|22.181236267089844
36|116|14.892508506774902
36|121|14.79499626159668
36|141|16.920494079589844
36|156|15.116291999816895
36|220|18.13705825805664
36|258|15.674378395080566
36|281|15.574785232543945
36|339|15.004840850830078
36|341|16.796396255493164
36|398|14.943862915039062
36|422|15.615666389465332
36|480|16.408061981201172
36|578|16.695068359375
36|603|17.17669677734375
36|663|20.402080535888672
36|679|17.093908309936523
36|723|20.58954429626465
36|739|21.90572738647461
36|756|20.410476684570312
36|766|21.372865676879883
36|785|17.849720001220703
36|825|18.210046768188477
36|883|14.955845832824707
36|906|17.492908477783203
36|921|21.493206024169922
36|928|17.13870620727539
36|985|15.069920539855957
36|1005|14.864686965942383
36|1048|15.422856330871582
36|1069|19.936519622802734
36|1089|18.312864303588867
36|1110|17.748275756835938
36|1230|15.82955265045166
36|1241|15.799379348754883
36|1245|19.696617126464844
36|1271|14.836160659790039
36|1281|22.27092170715332
36|1289|22.10883140563965
36|1451|20.382129669189453
36|1463|16.227703094482422
36|1472|24.065811157226562
36|1478|15.040017127990723
36|1497|45.56934356689453
36|1504|47.63037109375
36|1514|17.313636779785156
36|1527|15.73453140258789
36|1534|17.46456527709961
36|1548|15.624002456665039
36|1554|19.1914119720459
36|1575|18.390562057495117
36|1588|16.460620880126953
36|1595|18.89510154724121
36|1608|15.042581558227539
36|1633|19.59012222290039
36|1658|41.09523391723633
36|1661|34.82123565673828
36|1665|37.012474060058594
36|1670|36.330238342285156
36|1736|61.23573303222656
36|1755|25.228883743286133
36|1796|26.148895263671875
36|1819|46.04057312011719
36|1822|42.16524124145508
36|1826|50.92372512817383
36|1837|17.6187686920166
36|1857|17.653438568115234
36|1877|18.011804580688477
36|1898|17.96921157836914
36|1908|17.15086555480957
36|1922|23.018123626708984
36|1925|30.783061981201172
36|1930|19.327133178710938
36|2097|20.37215232849121
36|2111|16.44048309326172
36|2118|19.384765625
36|2142|50.469783782958984
36|2160|17.109750747680664
36|2177|18.37316131591797
36|2180|15.6889066696167
36|2196|19.607419967651367
36|2201|15.994662284851074
36|2222|19.004819869995117
36|2224|16.69676971435547
36|2235|16.311603546142578
36|2241|19.46125030517578
36|2251|26.91309928894043
36|2253|21.01519775390625
36|2258|26.83000373840332
36|2279|22.049463272094727
36|2304|39.258914947509766
36|2310|37.50187683105469
36|2316|32.4194450378418
36|2376|15.111516952514648
36|2382|59.622127532958984
36|2401|24.386430740356445
36|2413|15.98691177368164
36|2442|28.303817749023438
36|2447|14.843265533447266
36|2459|17.9239444732666
36|2462|19.547292709350586
36|2465|47.756492614746094
36|2468|43.297550201416016
36|2480|17.8638916015625
36|2482|20.399337768554688
36|2504|16.001758575439453
36|2513|14.891667366027832
36|2518|19.944847106933594
36|2523|19.043088912963867
36|2527|16.496267318725586
36|2540|18.912960052490234
36|2543|18.62871742248535
36|2560|17.384119033813477
36|2568|23.844877243041992
36|2571|31.917264938354492
36|2580|21.473060607910156
37|56|19.87396240234375
37|115|14.891098976135254
37|133|18.060169219970703
37|157|15.357473373413086
37|197|15.232224464416504
37|214|14.964459419250488
37|218|17.424560546875
37|221|18.755905151367188
37|235|15.915145874023438
37|280|15.908454895019531
37|295|16.194164276123047
37|338|15.053837776184082
37|340|16.984134674072266
37|342|20.695049285888672
37|357|15.668842315673828
37|360|14.997968673706055
37|377|15.117937088012695
37|399|16.55783462524414
37|401|15.067434310913086
37|416|14.771187782287598
37|418|17.58950424194336
37|421|17.70077896118164
37|423|15.167228698730469
37|439|16.446687698364258
37|462|15.372808456420898
37|477|15.340885162353516
37|483|14.790565490722656
37|579|16.366714477539062
37|582|15.531881332397461
37|604|17.162830352783203
37|659|18.990259170532227
37|685|18.34755516052246
37|740|20.98729705810547
37|746|21.83087921142578
37|759|22.585241317749023
37|807|20.9293212890625
37|823|18.03382110595703
37|843|15.633963584899902
37|845|17.316635131835938
37|863|15.79866886138916
37|882|14.971931457519531
37|903|16.325016021728516
37|926|17.019691467285156
37|984|17.030851364135742
37|986|14.991585731506348
37|988|15.297842025756836
37|1003|15.752089500427246
37|1006|16.542997360229492
37|1045|18.08054542541504
37|1047|15.59460735321045
37|1062|17.019290924072266
37|1064|18.275373458862305
37|1068|21.35353660583496
37|1081|20.75786018371582
37|1084|17.31817626953125
37|1086|17.60446548461914
37|1088|21.200538635253906
37|1109|17.197511672973633
37|1129|22.134485244750977
37|1167|15.198058128356934
37|1209|15.023686408996582
37|1224|18.85205078125
37|1231|15.543718338012695
37|1244|19.415544509887695
37|1250|20.96731948852539
37|1282|23.161083221435547
37|1291|17.71733283996582
37|1302|17.707956314086914
37|1311|16.63481330871582
37|1331|16.5546932220459
37|1351|15.697981834411621
37|1371|15.181741714477539
37|1392|18.248266220092773
37|1412|20.03058624267578
37|1432|20.19628143310547
37|1452|27.89512062072754
37|1465|17.184358596801758
37|1470|16.89051055908203
37|1477|15.0490140914917
37|1485|15.112250328063965
37|1487|15.70238208770752
37|1489|17.618310928344727
37|1505|45.74272537231445
37|1507|48.526302337646484
37|1525|19.267505645751953
37|1528|16.228370666503906
37|1533|16.942890167236328
37|1546|16.403762817382812
37|1549|15.503265380859375
37|1560|15.923439025878906
37|1565|17.0880069732666
37|1570|15.28085994720459
37|1579|16.53153419494629
37|1586|19.180437088012695
37|1594|20.21748924255371
37|1604|16.414642333984375
37|1631|17.60820960998535
37|1634|18.313819885253906
37|1652|19.55602264404297
37|1669|40.157196044921875
37|1674|14.884230613708496
37|1692|14.964021682739258
37|1710|15.68975830078125
37|1735|51.24215316772461
37|1753|16.21240234375
37|1771|15.132757186889648
37|1788|18.12946891784668
37|1807|15.459487915039062
37|1809|16.124130249023438
37|1821|40.0056037902832
37|1831|39.78727340698242
37|1848|16.787931442260742
37|1852|18.20563507080078
37|1869|19.661333084106445
37|1876|17.691293716430664
37|1888|20.2490234375
37|1900|14.86495590209961
37|1902|14.873034477233887
37|1909|17.581823348999023
37|1921|22.836559295654297
37|1928|21.827905654907227
37|1931|19.39763641357422
37|1957|17.4238338470459
37|1977|18.907470703125
37|1997|17.426166534423828
37|2017|15.828731536865234
37|2030|15.40638542175293
37|2038|18.68408203125
37|2050|15.900059700012207
37|2058|16.16810417175293
37|2078|22.92534065246582
37|2088|15.155149459838867
37|2119|17.926586151123047
37|2129|17.046857833862305
37|2133|17.351909637451172
37|2136|23.0012149810791
37|2154|30.489791870117188
37|2175|17.107288360595703
37|2195|20.19584846496582
37|2204|16.19759178161621
37|2214|15.375519752502441
37|2217|17.079864501953125
37|2223|17.137245178222656
37|2233|19.38639259338379
37|2243|17.623254776000977
37|2252|21.196210861206055
37|2272|15.246053695678711
37|2276|16.204517364501953
37|2297|18.39678192138672
37|2312|37.04956817626953
37|2315|31.691486358642578
37|2337|15.754318237304688
37|2339|15.70886516571045
37|2359|16.26873207092285
37|2375|15.518461227416992
37|2377|16.819904327392578
37|2381|50.42859649658203
37|2420|19.154207229614258
37|2436|18.702346801757812
37|2445|15.356415748596191
37|2458|21.274221420288086
37|2467|41.440338134765625
37|2474|22.057207107543945
37|2478|23.857622146606445
37|2487|15.735997200012207
37|2495|16.40961456298828
37|2498|18.970190048217773
37|2516|18.806730270385742
37|2519|20.61008644104004
37|2525|16.527128219604492
37|2537|16.655757904052734
37|2539|19.335674285888672
37|2547|18.08634376525879
37|2558|17.895627975463867
37|2564|16.738725662231445
37|2567|23.150970458984375
38|1774|20.27970314025879
38|1777|15.702975273132324
38|2098|30.776113510131836
38|2418|16.700164794921875
38|2423|16.45538330078125
39|1573|17.19121742248535
39|1671|20.913270950317383
39|1735|29.893604278564453
39|1916|17.14188575744629
39|2128|15.242435455322266
39|2219|20.408031463623047
39|2562|18.164674758911133
40|1483|29.617454528808594
40|1569|56.76771545410156
40|1644|23.951175689697266
40|1732|73.22834777832031
40|2129|25.904890060424805
40|2215|56.38996505737305
40|2378|74.95695495605469
40|2561|26.361669540405273
41|1486|91.34983825683594
41|1647|94.71392059326172
41|1808|86.5584945678711
41|1911|44.3258171081543
41|2131|93.57378387451172
41|2293|94.99911499023438
41|2453|80.97956848144531
41|2557|47.439537048339844
42|1271|47.57588577270508
42|1484|66.4593505859375
42|1568|34.84170913696289
42|1646|79.05531311035156
42|1798|20.52362060546875
42|2130|79.51605987548828
42|2214|35.43390655517578
42|2444|20.834735870361328
43|1755|15.919098854064941
43|1805|30.42203712463379
43|2079|29.217512130737305
43|2451|31.43521499633789
44|1433|28.704153060913086
44|1454|50.6118049621582
44|1730|33.01108932495117
44|1960|40.51161193847656
44|2100|51.117210388183594
44|2214|31.35749626159668
45|1313|46.55304718017578
45|1437|19.098777770996094
45|1475|102.75009155273438
45|1479|61.37736892700195
45|1567|43.28365707397461
45|1593|35.85182189941406
45|1614|55.35515213012695
45|1641|66.2688217163086
45|1729|49.155067443847656
45|1959|54.79753875732422
45|2083|18.65744400024414
45|2121|104.12998962402344
45|2125|61.845298767089844
45|2213|42.97856140136719
45|2239|32.49744415283203
45|2260|50.4034538269043
45|2287|66.29328918457031
45|2375|48.71052551269531
46|136|23.110374450683594
46|155|17.27347183227539
46|157|16.776397705078125
46|338|14.888166427612305
46|359|20.7467098236084
46|380|19.287097930908203
46|398|15.76244831085205
46|417|15.112662315368652
46|439|16.74344253540039
46|458|17.472278594970703
46|481|18.63958168029785
46|781|16.082914352416992
46|786|15.726402282714844
46|803|16.09735679626465
46|988|15.355095863342285
46|1004|23.466785430908203
46|1027|18.524076461791992
46|1045|18.23451042175293
46|1065|18.780311584472656
46|1069|15.287184715270996
46|1085|19.78409194946289
46|1105|19.18366813659668
46|1108|14.93887710571289
46|1126|18.074403762817383
46|1312|51.16245651245117
46|1328|14.919662475585938
46|1368|15.286249160766602
46|1427|28.2421932220459
46|1433|22.80611228942871
46|1449|37.16310501098633
46|1474|106.37532806396484
46|1516|50.901737213134766
46|1519|47.16130447387695
46|1522|56.494075775146484
46|1556|45.72674560546875
46|1559|39.17661666870117
46|1562|41.125484466552734
46|1564|40.26573181152344
46|1615|45.232826232910156
46|1636|108.95503234863281
46|1638|89.5039291381836
46|1659|15.618648529052734
46|1678|45.03428268432617
46|1685|62.25349426269531
46|1712|16.396228790283203
46|1716|51.7266731262207
46|1720|51.9299201965332
46|1727|38.69224166870117
46|1768|15.838719367980957
46|1799|102.10401916503906
46|1837|57.61018753051758
46|1844|58.30331039428711
46|1897|45.66749572753906
46|1899|35.73178482055664
46|1903|36.926456451416016
46|1929|34.1180534362793
46|1958|65.98062896728516
46|1972|17.46752166748047
46|2055|14.88241958618164
46|2074|28.854511260986328
46|2079|24.05910301208496
46|2095|36.438865661621094
46|2103|16.599040985107422
46|2120|105.15721893310547
46|2162|53.13996505737305
46|2165|48.68459701538086
46|2167|49.59927749633789
46|2170|54.25838088989258
46|2198|14.996501922607422
46|2202|44.394325256347656
46|2204|40.78692626953125
46|2208|38.34928894042969
46|2211|41.7263069152832
46|2261|42.464439392089844
46|2268|17.670726776123047
46|2274|23.258359909057617
46|2282|110.12861633300781
46|2284|85.91275024414062
46|2295|22.375911712646484
46|2305|15.731929779052734
46|2315|23.615942001342773
46|2322|39.95206832885742
46|2324|41.81983947753906
46|2329|60.04247283935547
46|2336|22.6021671295166
46|2352|16.205032348632812
46|2356|24.078779220581055
46|2362|48.4042854309082
46|2365|49.70638656616211
46|2372|48.027992248535156
46|2395|23.322853088378906
46|2405|14.764381408691406
46|2415|26.087444305419922
46|2420|17.191967010498047
46|2445|100.09862518310547
46|2483|55.70625686645508
46|2490|57.12049865722656
46|2492|57.642906188964844
46|2543|44.46461868286133
46|2545|35.604244232177734
46|2549|35.86954879760742
46|2575|30.436601638793945
46|2583|15.470491409301758
47|1304|143.74513244628906
47|1311|68.58213806152344
47|1432|22.119016647338867
47|1546|71.3891830444336
47|1555|50.37065124511719
47|1644|15.378036499023438
47|1760|15.702710151672363
47|1797|69.99761199951172
47|1896|38.10048294067383
47|1937|14.960881233215332
47|1950|153.48207092285156
47|1956|78.59552001953125
47|2078|20.894893646240234
47|2192|68.54148864746094
47|2201|53.3040885925293
47|2413|18.850915908813477
47|2443|69.40335083007812
47|2542|37.58830261230469
48|1455|32.9134407043457
48|1458|37.19397735595703
48|1460|41.20262908935547
48|1464|49.324073791503906
48|1545|93.49272155761719
48|1561|19.13178253173828
48|1606|19.343894958496094
48|1624|73.85204315185547
48|1893|15.66429615020752
48|1930|20.731245040893555
48|1938|19.53038215637207
48|2101|32.79600524902344
48|2104|36.95528793334961
48|2106|44.27606964111328
48|2110|48.71625518798828
48|2190|89.16378021240234
48|2253|18.49456214904785
48|2265|44.47123336791992
48|2270|72.57867431640625
48|2452|16.912885665893555
48|2495|17.47550392150879
48|2536|19.885019302368164
48|2574|26.44169807434082
49|1298|22.85440444946289
49|1457|41.4272346496582
49|1461|40.5126953125
49|1465|41.42875671386719
49|1485|18.859525680541992
49|1495|14.927323341369629
49|1524|15.87996768951416
49|1537|174.72547912597656
49|1560|21.111963272094727
49|1565|19.025413513183594
49|1571|15.330625534057617
49|1585|17.310218811035156
49|1592|17.78759002685547
49|1609|16.988073348999023
49|1617|44.14815902709961
49|1620|46.5590934753418
49|1776|16.43190574645996
49|1786|16.65694236755371
49|1828|16.52104377746582
49|1837|15.756491661071777
49|1848|17.262195587158203
49|1868|16.816274642944336
49|1888|18.82937240600586
49|1908|16.317140579223633
49|1931|16.69098472595215
49|1934|15.010175704956055
49|1944|24.76333236694336
49|2103|40.60714340209961
49|2107|44.589263916015625
49|2111|42.02875518798828
49|2115|17.928688049316406
49|2125|15.516467094421387
49|2130|15.024767875671387
49|2133|17.26779556274414
49|2150|16.00977325439453
49|2153|16.762622833251953
49|2156|14.92261791229248
49|2170|18.99180030822754
49|2175|17.146724700927734
49|2183|174.19432067871094
49|2189|98.78147888183594
49|2194|25.145225524902344
49|2203|17.510868072509766
49|2206|17.711748123168945
49|2211|17.916170120239258
49|2214|19.623197555541992
49|2217|19.361135482788086
49|2226|15.148613929748535
49|2230|15.278721809387207
49|2234|18.198122024536133
49|2238|23.56364631652832
49|2244|15.241524696350098
49|2254|19.425233840942383
49|2259|14.998290061950684
49|2263|45.576087951660156
49|2266|43.802093505859375
49|2422|15.006756782531738
49|2439|18.296594619750977
49|2453|19.12407112121582
49|2456|17.304798126220703
49|2473|15.036152839660645
49|2476|15.353147506713867
49|2478|15.020898818969727
49|2492|17.050983428955078
49|2496|17.34198570251465
49|2513|16.8927059173584
49|2516|16.6097354888916
49|2519|17.06099510192871
49|2533|17.45603370666504
49|2540|20.948884963989258
49|2556|17.280315399169922
49|2560|18.022451400756836
49|2577|18.58234405517578
49|2579|17.44663429260254
50|1756|41.149532318115234
50|1896|17.222673416137695
50|2402|41.17832946777344
50|2541|17.767009735107422
52|1756|36.910579681396484
54|1371|20.36578941345215
54|1651|15.359827041625977
54|1659|17.197956085205078
54|1668|15.43626880645752
54|1671|15.336579322814941
54|1699|169.75601196289062
54|1704|114.09519958496094
54|1708|15.521214485168457
54|1716|17.025108337402344
54|1721|18.259077072143555
54|1752|16.164552688598633
54|1756|36.73502731323242
54|1772|16.56342315673828
54|1780|59.64263916015625
54|1785|57.68019485473633
54|1864|61.293357849121094
54|1884|47.69615173339844
54|1924|35.19144058227539
54|2079|18.313152313232422
54|2296|15.719240188598633
54|2304|17.03864860534668
54|2333|15.081367492675781
54|2337|17.54766082763672
54|2345|174.7158966064453
54|2350|116.22966003417969
54|2362|16.261686325073242
54|2367|16.884004592895508
54|2374|14.813666343688965
54|2402|33.51472473144531
54|2426|62.92259979248047
54|2431|59.410030364990234
54|2510|61.81850051879883
54|2529|44.642539978027344
54|2570|35.77455139160156
55|10|15.827533721923828
55|19|19.812971115112305
55|30|21.150924682617188
55|39|23.026140213012695
55|49|19.622173309326172
55|59|14.858864784240723
55|70|19.571903228759766
55|79|23.10975456237793
55|655|21.886621475219727
55|664|19.047697067260742
55|675|16.062143325805664
55|684|17.771751403808594
55|696|15.493988037109375
55|703|20.108232498168945
55|705|21.301570892333984
55|716|18.97739028930664
55|724|15.871068954467773
55|1281|23.459224700927734
55|1306|17.31057357788086
55|1309|18.5943603515625
55|1312|24.252634048461914
55|1328|20.364837646484375
55|1332|21.77506446838379
55|1349|23.005521774291992
55|1352|27.229589462280273
55|1369|24.607749938964844
55|1372|24.254684448242188
55|1393|18.377986907958984
55|1413|17.541624069213867
55|1433|22.22899627685547
55|1449|15.877593994140625
55|1452|15.405646324157715
55|1684|15.34171199798584
55|1700|180.7523651123047
55|1773|17.38570785522461
55|1865|58.83689880371094
55|1882|48.45582962036133
55|1921|39.79591751098633
55|1954|23.53582000732422
55|1958|25.555309295654297
55|1975|24.543560028076172
55|1978|23.7960147857666
55|1995|24.198511123657227
55|1998|26.871444702148438
55|2015|22.170534133911133
55|2018|25.274988174438477
55|2039|16.69176483154297
55|2059|17.120386123657227
55|2076|15.69520378112793
55|2346|184.37269592285156
55|2511|58.07857894897461
55|2528|45.625885009765625
55|2567|38.72434616088867
56|1778|45.54819869995117
57|1281|16.56321144104004
58|1280|15.407365798950195
59|1434|71.42646026611328
59|1916|16.6134090423584
59|2080|69.0821533203125
59|2562|15.921056747436523
60|1280|21.20967674255371
60|1436|53.10591125488281
60|1594|62.25537109375
60|1597|35.06818389892578
60|1915|29.781789779663086
60|2082|53.0920524597168
60|2240|64.40438079833984
61|1273|58.64975357055664
61|1279|27.062891006469727
61|1486|33.731361389160156
61|1515|37.09244918823242
61|1524|20.42308807373047
61|1560|16.490530014038086
61|1569|28.453813552856445
61|1676|32.64976501464844
61|1682|18.895160675048828
61|1807|21.36713981628418
61|1846|16.813068389892578
61|1861|15.071160316467285
61|1892|14.836041450500488
61|1901|15.53325366973877
61|1908|59.410560607910156
61|1914|34.3349609375
61|1921|15.518269538879395
61|2132|30.47982406616211
61|2161|39.08177185058594
61|2170|21.180875778198242
61|2201|15.308672904968262
61|2205|16.6315975189209
61|2215|19.800617218017578
61|2247|14.857649803161621
61|2293|21.98795509338379
61|2322|31.927570343017578
61|2328|16.435680389404297
61|2443|15.10090160369873
61|2453|18.52881622314453
61|2492|21.308603286743164
61|2495|16.188974380493164
61|2554|53.13981628417969
61|2560|41.88530349731445
61|2567|17.667394638061523
61|2578|16.065710067749023
62|1266|18.25935173034668
62|1272|75.62274932861328
62|1646|15.524062156677246
62|1683|17.12887954711914
62|1767|18.808353424072266
62|1777|15.110922813415527
62|2292|26.306854248046875
62|2405|17.649084091186523
62|2413|18.88117027282715
63|1267|16.058879852294922
63|1271|68.50617218017578
63|1757|15.377854347229004
64|1363|17.153507232666016
64|1373|15.836579322814941
64|1382|15.948433876037598
64|1393|17.257036209106445
64|1403|17.892480850219727
64|1423|16.129261016845703
64|1433|17.89621353149414
64|1444|19.103124618530273
64|2010|16.046194076538086
64|2039|15.543560028076172
64|2049|16.064104080200195
64|2059|16.42174530029297
64|2069|14.943613052368164
64|2079|16.730194091796875
64|2090|17.55971908569336
65|1453|32.61693572998047
65|1758|55.25339889526367
65|2099|27.630096435546875
65|2404|60.691925048828125
66|1757|61.56452178955078
66|1906|18.56722640991211
66|2403|68.33666229248047
68|1454|57.14897537231445
68|1476|35.99166488647461
68|1479|25.399927139282227
68|1614|46.685909271240234
68|1637|31.793701171875
68|1640|23.898035049438477
68|1727|69.3336181640625
68|1898|61.78843688964844
68|2100|55.010108947753906
68|2122|34.19506072998047
68|2125|24.641572952270508
68|2212|57.438392639160156
68|2283|34.53734588623047
68|2373|73.81900787353516
68|2448|24.849266052246094
68|2544|63.73139190673828
69|1477|39.52559280395508
69|1557|83.9896011352539
69|1560|88.98849487304688
69|1638|40.95125198364258
69|1723|85.66510772705078
69|1799|38.065860748291016
69|1900|69.9070816040039
69|1943|16.948427200317383
69|2123|36.64236068725586
69|2203|84.90414428710938
69|2206|89.08020782470703
69|2266|15.72681713104248
69|2284|39.51338577270508
69|2363|66.23797607421875
69|2369|86.99860382080078
69|2445|37.97764587402344
69|2546|71.54613494873047
70|1455|51.09996032714844
70|1615|57.98883056640625
70|2101|52.148719787597656
70|2261|64.1434326171875
72|1434|24.885751724243164
72|1615|57.0919189453125
72|2080|25.646434783935547
72|2261|58.523033142089844
73|96|19.136730194091797
73|100|15.15292739868164
73|114|17.67502784729004
73|118|15.421030044555664
73|176|17.030773162841797
73|195|16.5302734375
73|199|17.25105094909668
73|214|17.52227020263672
73|218|16.927490234375
73|236|16.572044372558594
73|239|16.820117950439453
73|256|16.430448532104492
73|259|17.313383102416992
73|276|17.446346282958984
73|279|16.622148513793945
73|296|17.610858917236328
73|299|15.537723541259766
73|316|17.713417053222656
73|498|19.18392562866211
73|518|18.665498733520508
73|541|16.97599220275879
73|558|16.871898651123047
73|561|17.403799057006836
73|579|18.340539932250977
73|600|18.44188117980957
73|619|17.490406036376953
73|623|17.73245620727539
73|640|19.143667221069336
73|643|15.73814868927002
73|731|15.29707145690918
73|738|16.67791175842285
73|741|15.68258285522461
73|762|19.458335876464844
73|766|15.808967590332031
73|802|19.036670684814453
73|820|15.608087539672852
73|824|16.82098388671875
73|841|17.32387924194336
73|844|16.82912254333496
73|863|17.02404022216797
73|881|15.332173347473145
73|884|19.477249145507812
73|902|19.349103927612305
73|924|20.689407348632812
73|928|16.767471313476562
73|942|19.436376571655273
73|964|16.562917709350586
73|1055|16.239187240600586
73|1125|18.445056915283203
73|1146|17.822410583496094
73|1163|17.37946128845215
73|1167|18.265178680419922
73|1184|17.369176864624023
73|1188|15.282588005065918
73|1205|16.93411636352539
73|1216|16.472997665405273
73|1226|18.58776092529297
73|1247|19.11669158935547
73|1251|16.933862686157227
73|1264|20.751800537109375
73|1269|17.18165397644043
73|1285|15.587197303771973
73|1387|18.896011352539062
73|1392|17.65247917175293
73|1404|21.017606735229492
73|1408|22.059904098510742
73|1435|31.383785247802734
73|1447|14.803902626037598
73|1457|65.60086059570312
73|1459|69.19349670410156
73|1462|59.197044372558594
73|1467|31.278364181518555
73|1473|22.616437911987305
73|1477|17.565414428710938
73|1486|26.618566513061523
73|1488|26.181936264038086
73|1493|25.38702964782715
73|1497|15.93365478515625
73|1507|29.029499053955078
73|1513|21.026363372802734
73|1518|15.045604705810547
73|1527|27.591915130615234
73|1529|27.527807235717773
73|1534|22.667112350463867
73|1538|33.048030853271484
73|1540|36.19157409667969
73|1544|41.059383392333984
73|1548|27.070056915283203
73|1554|27.16789436340332
73|1567|27.931657791137695
73|1574|26.47282600402832
73|1588|30.397401809692383
73|1598|16.854446411132812
73|1607|28.29170799255371
73|1610|24.93937873840332
73|1617|97.99395751953125
73|1790|27.099567413330078
73|1796|24.709625244140625
73|1810|28.240894317626953
73|1813|24.494094848632812
73|1816|23.839143753051758
73|1830|27.57816505432129
73|1836|22.51483917236328
73|1850|30.699047088623047
73|1856|26.278701782226562
73|1871|29.788707733154297
73|1877|24.688980102539062
73|1891|30.544660568237305
73|1897|26.399633407592773
73|1910|30.999479293823242
73|1913|27.171255111694336
73|1918|30.33323097229004
73|1924|18.85281753540039
73|1929|28.43267822265625
73|1933|25.008934020996094
73|2014|15.968055725097656
73|2029|17.16376495361328
73|2032|20.91571807861328
73|2038|17.907119750976562
73|2054|25.424968719482422
73|2059|16.1610164642334
73|2075|15.806540489196777
73|2081|33.81423568725586
73|2102|61.588157653808594
73|2106|66.52630615234375
73|2108|64.36801147460938
73|2119|24.178266525268555
73|2124|18.75579071044922
73|2135|25.913827896118164
73|2139|22.020492553710938
73|2143|15.6277437210083
73|2155|29.889890670776367
73|2159|21.128467559814453
73|2174|29.307828903198242
73|2180|25.350826263427734
73|2184|31.76215934753418
73|2186|34.684303283691406
73|2190|37.022037506103516
73|2195|24.42108917236328
73|2200|25.973482131958008
73|2205|14.957852363586426
73|2213|29.038331985473633
73|2216|29.4080753326416
73|2220|26.05107307434082
73|2234|31.4198055267334
73|2239|29.771638870239258
73|2243|15.86737060546875
73|2255|30.702068328857422
73|2263|95.92432403564453
73|2436|25.561965942382812
73|2442|27.634323120117188
73|2457|29.597036361694336
73|2462|25.76750946044922
73|2475|26.056142807006836
73|2478|27.759014129638672
73|2482|22.967105865478516
73|2487|15.152395248413086
73|2498|27.35816192626953
73|2503|24.138309478759766
73|2516|31.521625518798828
73|2523|23.677324295043945
73|2537|29.698522567749023
73|2543|25.33196449279785
73|2556|30.12826919555664
73|2564|24.895965576171875
73|2570|18.59897232055664
73|2577|29.45977783203125
74|1265|21.344675064086914
74|1383|20.572587966918945
74|1594|39.92701721191406
74|1919|24.340869903564453
74|2240|32.59868621826172
74|2563|20.07894515991211
74|2565|19.916189193725586
75|1595|36.288482666015625
75|2241|35.35375213623047
76|1596|25.81781005859375
76|1838|14.9461088180542
76|2242|27.2617244720459
77|1263|61.982086181640625
77|1678|14.809741020202637
77|1683|15.135932922363281
81|1618|17.1140079498291
81|1780|60.39889144897461
81|1783|35.24833297729492
81|1907|18.12996482849121
81|1938|15.266716003417969
81|1940|14.828638076782227
81|2262|17.574689865112305
81|2426|59.177955627441406
81|2429|37.46998596191406
82|1274|68.79937744140625
82|1758|16.008251190185547
82|1779|59.45735168457031
82|1781|59.61548614501953
82|1908|17.03407096862793
82|2010|17.16202163696289
82|2404|16.62425422668457
82|2425|58.32682418823242
82|2427|61.13040542602539
83|1302|16.36758041381836
83|1343|16.45720672607422
83|1352|15.952563285827637
83|1363|15.533164024353027
83|1423|15.368181228637695
83|1778|42.27116775512695
83|1969|15.039759635925293
83|2009|19.83833885192871
83|2424|39.7749137878418
85|1464|15.921823501586914
85|1486|17.313993453979492
85|1497|15.096545219421387
85|1514|17.000478744506836
85|1525|15.354808807373047
85|1535|14.986804962158203
85|1547|15.22928237915039
85|1554|18.465816497802734
85|1564|15.00728702545166
85|1585|17.36954689025879
85|1597|16.339452743530273
85|1605|15.145011901855469
85|1640|14.796735763549805
85|1650|16.90070343017578
85|1670|16.071989059448242
85|1690|15.618208885192871
85|1720|19.87434959411621
85|1731|17.323205947875977
85|1741|15.680096626281738
85|1751|16.970949172973633
85|1771|15.910440444946289
85|1781|15.769691467285156
85|1807|17.33332061767578
85|1817|15.293227195739746
85|1827|16.50510025024414
85|1837|16.267894744873047
85|1867|17.597095489501953
85|1887|17.983060836791992
85|1898|17.36655616760254
85|1909|19.03429412841797
85|1918|14.951379776000977
85|1928|15.935731887817383
85|2110|15.94388198852539
85|2120|17.08243751525879
85|2140|15.968099594116211
85|2150|17.083860397338867
85|2169|16.229223251342773
85|2180|16.11842918395996
85|2190|14.776182174682617
85|2200|17.219802856445312
85|2221|15.447746276855469
85|2224|14.96373176574707
85|2231|17.752273559570312
85|2241|17.003129959106445
85|2251|17.398347854614258
85|2286|15.690999031066895
85|2306|16.54688262939453
85|2326|15.174580574035645
85|2336|16.866573333740234
85|2366|22.842430114746094
85|2387|16.328231811523438
85|2407|15.997090339660645
85|2427|21.44306755065918
85|2463|15.511972427368164
85|2473|17.262462615966797
85|2493|15.872756958007812
85|2503|16.275257110595703
85|2534|16.841773986816406
85|2546|15.896753311157227
85|2553|16.579608917236328
85|2564|16.310514450073242
85|2574|16.993759155273438
86|2149|15.73918628692627
86|2250|14.79296588897705
86|2573|14.832094192504883
87|1260|23.2293701171875
88|1261|23.083831787109375
90|2282|15.966421127319336
91|1476|20.10746192932129
91|1559|24.335725784301758
91|1637|21.85833740234375
91|1721|23.402685165405273
91|1898|19.68848991394043
91|2121|21.088180541992188
91|2204|25.64624786376953
91|2283|19.61437225341797
91|2367|24.24815559387207
91|2444|15.898534774780273
91|2544|19.896390914916992
92|1262|72.1749267578125
92|1477|17.366365432739258
92|1557|25.126333236694336
92|1561|27.061071395874023
92|1719|21.986143112182617
92|1723|28.593135833740234
92|1800|16.754837036132812
92|1901|19.331546783447266
92|2123|15.849665641784668
92|2203|25.471797943115234
92|2207|26.454814910888672
92|2365|20.732465744018555
92|2368|27.084598541259766
92|2445|16.206228256225586
92|2546|19.32069969177246
93|1555|18.69462776184082
93|2201|21.367055892944336
94|1455|17.221460342407227
94|2101|18.721355438232422
96|2101|17.967641830444336
97|1458|31.481050491333008
97|1537|16.18912696838379
97|1540|22.272672653198242
97|1619|32.36067199707031
97|2104|32.36613082885742
97|2106|30.69618797302246
97|2183|17.259817123413086
97|2186|20.771459579467773
97|2190|16.19675064086914
97|2265|33.116920471191406
98|1456|25.831655502319336
98|1539|19.699386596679688
98|2102|29.96639060974121
98|2185|20.421478271484375
102|1275|45.75446319580078
107|1264|41.90435791015625
109|1266|18.34722137451172
109|1781|42.14474105834961
109|2427|41.32491683959961
110|1778|17.768299102783203
110|1921|19.84534454345703
110|2424|15.082850456237793
110|2566|21.6043758392334
113|1475|22.049585342407227
113|2121|23.914594650268555
113|2283|25.11911964416504
113|2287|35.48412322998047
114|1559|25.374916076660156
114|1640|57.367149353027344
114|1726|15.995028495788574
114|1898|16.54580307006836
114|1903|19.697568893432617
114|2122|30.96661949157715
114|2124|51.891727447509766
114|2205|24.804906845092773
114|2286|56.10625457763672
114|2367|24.621686935424805
114|2544|18.298547744750977
114|2549|19.13977813720703
115|1477|53.29751968383789
115|1557|20.922103881835938
115|1562|27.555818557739258
115|1639|54.78245544433594
115|1717|16.751182556152344
115|1721|22.62596893310547
115|1801|56.14817810058594
115|1902|20.999582290649414
115|2208|27.176380157470703
115|2285|54.531253814697266
115|2364|17.559324264526367
115|2368|24.886892318725586
115|2371|25.020370483398438
115|2447|54.46522521972656
115|2547|21.181194305419922
121|1458|28.83845329284668
121|1460|26.102027893066406
121|1619|46.24492645263672
121|2104|27.679096221923828
121|2106|26.358442306518555
121|2265|48.824317932128906
121|2484|27.655597686767578
122|1274|39.30397033691406
122|1276|36.51071548461914
122|1457|27.14409828186035
122|1515|45.168941497802734
122|1617|36.89139938354492
122|1648|20.007526397705078
122|1676|38.65363693237305
122|1838|32.033111572265625
122|1844|16.98694610595703
122|2103|26.49407196044922
122|2132|16.61897087097168
122|2161|44.7674674987793
122|2169|14.961261749267578
122|2263|35.87577819824219
122|2294|20.271251678466797
122|2322|41.33255386352539
122|2328|14.923722267150879
122|2486|19.18883514404297
123|1263|48.22285842895508
123|1275|39.63456726074219
123|1278|32.98517608642578
123|1488|24.26857566833496
123|1650|23.317699432373047
123|1809|15.636405944824219
123|1843|17.478530883789062
123|2134|21.148826599121094
123|2293|19.47065544128418
123|2296|21.603534698486328
123|2455|15.1923189163208
123|2490|18.028879165649414
124|1265|25.797731399536133
124|2292|16.12381935119629
125|2291|15.365964889526367
126|1645|20.137855529785156
132|1482|15.383574485778809
134|1474|22.02535057067871
134|2120|22.509716033935547
134|2282|17.317668914794922
135|1636|17.146997451782227
136|1700|29.61354637145996
136|1704|21.2585506439209
136|1779|79.4325180053711
136|1861|50.18131637573242
136|1880|33.186466217041016
136|2346|26.59502601623535
136|2425|80.02481079101562
136|2444|17.484189987182617
136|2507|48.067466735839844
136|2526|33.808509826660156
137|1481|20.2243595123291
137|1558|28.820999145507812
137|1563|17.613779067993164
137|1643|17.915422439575195
137|1701|31.61936378479004
137|1719|22.774789810180664
137|1782|57.5
137|1798|15.243512153625488
137|1879|21.07221794128418
137|1884|47.76340866088867
137|1898|16.29989242553711
137|2127|18.910701751708984
137|2204|28.031679153442383
137|2210|15.084897994995117
137|2288|17.089872360229492
137|2348|30.222414016723633
137|2365|23.02109146118164
137|2428|55.58667755126953
137|2525|20.639387130737305
137|2530|47.659568786621094
137|2543|15.070050239562988
138|1262|24.654016494750977
138|1556|19.405925750732422
138|1561|21.403961181640625
138|1718|21.369443893432617
138|1723|16.39335060119629
138|1778|62.02374267578125
138|1900|19.41448211669922
138|2202|21.41289710998535
138|2207|23.094953536987305
138|2363|20.995502471923828
138|2424|60.7453727722168
138|2547|17.26395606994629
139|1265|15.46632194519043
139|1555|18.839946746826172
139|2201|19.07404327392578
140|2101|29.81128692626953
141|1455|27.00233268737793
142|1907|27.570119857788086
142|2553|24.51839256286621
143|1275|59.91541290283203
143|1910|41.1038703918457
143|2556|42.15662384033203
144|1536|32.904762268066406
144|1615|16.27896499633789
144|2182|37.52809143066406
144|2261|17.694915771484375
145|1537|55.15106964111328
145|1541|60.941001892089844
145|1545|55.297061920166016
145|1619|24.054153442382812
145|1621|23.912572860717773
145|2183|58.412742614746094
145|2187|62.92411422729492
145|2191|57.89814758300781
145|2265|25.132551193237305
146|956|17.020519256591797
146|1224|15.1636962890625
146|1260|15.044949531555176
146|1453|15.55966567993164
146|1457|55.25756072998047
146|1461|42.3072395324707
146|1485|15.832144737243652
146|1538|76.03484344482422
146|1542|80.7716064453125
146|1616|32.07612609863281
146|1620|27.097820281982422
146|1622|24.87538719177246
146|2103|50.62963104248047
146|2105|46.157230377197266
146|2184|75.07988739013672
146|2188|83.71525573730469
146|2262|31.57657814025879
146|2266|27.560718536376953
146|2268|26.113004684448242
147|171|16.036535263061523
147|192|16.541866302490234
147|212|14.754093170166016
147|252|15.120159149169922
147|293|15.337789535522461
147|575|14.919053077697754
147|595|15.810619354248047
147|818|15.658674240112305
147|938|16.266658782958984
147|959|20.039995193481445
147|1140|19.22658920288086
147|1241|18.11692237854004
147|1261|18.683696746826172
147|1594|14.95800495147705
147|1806|16.077064514160156
147|1906|19.418861389160156
147|1920|20.719478607177734
147|2049|16.2152099609375
147|2102|44.68381118774414
147|2170|15.273042678833008
147|2209|15.27607536315918
147|2513|16.39024543762207
147|2552|18.668630599975586
147|2566|20.045909881591797
147|2574|15.658045768737793
148|1454|24.05948257446289
148|1623|16.384016036987305
148|2100|28.37411117553711
148|2240|14.80086898803711
149|1614|24.723838806152344
149|2099|20.969425201416016
150|1394|16.32115936279297
150|1403|15.189620971679688
150|1414|16.042369842529297
150|1433|15.204580307006836
150|1444|15.019243240356445
150|1456|17.169593811035156
150|1959|14.786227226257324
150|2009|15.814627647399902
150|2040|16.136682510375977
150|2049|15.52754020690918
150|2059|15.110383987426758
150|2079|17.227108001708984
150|2102|20.104215621948242
150|2281|15.70028305053711
151|2260|25.153470993041992
152|1454|23.04340362548828
153|2100|24.642000198364258
157|1454|22.454151153564453
158|2100|19.279325485229492
159|1434|23.47214698791504
159|1898|34.85856628417969
159|2080|22.425783157348633
159|2544|30.102819442749023
160|1301|15.268613815307617
160|1362|17.22527313232422
160|1373|15.203527450561523
160|1393|16.51091957092285
160|1413|15.871902465820312
160|1424|15.919167518615723
160|1433|20.666101455688477
160|1443|14.912917137145996
160|1454|28.355792999267578
160|1558|28.61427879333496
160|1564|27.95142936706543
160|1567|17.937929153442383
160|1594|18.92422866821289
160|1719|39.059688568115234
160|1726|35.23067092895508
160|1858|17.563739776611328
160|1904|30.00884437561035
160|1948|16.55172348022461
160|1958|18.170381546020508
160|1968|15.132333755493164
160|2008|18.7376766204834
160|2019|17.15353012084961
160|2039|17.129898071289062
160|2070|16.648008346557617
160|2090|16.424959182739258
160|2099|15.334661483764648
160|2203|28.86577606201172
160|2365|37.975894927978516
160|2367|33.88473892211914
160|2372|33.128334045410156
160|2550|35.72117614746094
161|1565|31.847166061401367
161|1593|25.13172721862793
161|1717|40.405052185058594
161|1724|39.44046401977539
161|1901|30.2271671295166
161|2100|19.708559036254883
161|2208|18.237422943115234
161|2211|28.22969627380371
161|2239|26.030099868774414
161|2363|40.50618362426758
161|2369|37.57326126098633
161|2546|28.974191665649414
162|1555|31.386899948120117
162|1594|24.809904098510742
162|1699|22.653400421142578
162|1756|35.17194366455078
162|1886|18.891511917114258
162|2101|18.46190643310547
162|2201|30.592920303344727
162|2240|22.741653442382812
162|2345|23.257843017578125
162|2402|37.69890594482422
163|1272|36.68318557739258
163|1700|23.18389129638672
163|1705|16.23885154724121
163|1757|38.35363006591797
163|1780|27.55705451965332
163|1858|14.771541595458984
163|1885|15.60137939453125
163|2346|23.340723037719727
163|2403|38.181190490722656
163|2426|29.639202117919922
164|1271|21.88606834411621
164|1304|19.122425079345703
164|1595|19.627185821533203
164|1701|20.381744384765625
164|1782|37.613487243652344
164|1784|43.08511734008789
164|1866|16.079631805419922
164|1952|16.323728561401367
164|2241|20.539134979248047
164|2347|20.819061279296875
164|2428|36.74736404418945
164|2430|43.651546478271484
164|2512|17.0867977142334
165|1303|29.304941177368164
165|1364|15.30504035949707
165|1702|17.752443313598633
165|2101|17.72511100769043
165|2348|16.756532669067383
166|1433|16.294601440429688
166|2082|16.291412353515625
167|1436|17.68798828125
167|1656|15.185494422912598
167|1747|15.129660606384277
167|1758|16.60873794555664
167|1767|14.760805130004883
167|1778|19.608177185058594
167|1949|24.059654235839844
167|2083|15.16415023803711
167|2271|16.67160987854004
167|2352|15.447006225585938
167|2404|17.701114654541016
168|1596|21.474241256713867
168|1948|21.41533660888672
168|2079|15.85055160522461
168|2242|22.384361267089844
170|1433|16.901840209960938
170|1462|28.548189163208008
170|1623|32.38818359375
170|1938|17.155277252197266
170|2105|20.02552032470703
170|2108|29.229894638061523
170|2269|34.625553131103516
171|1456|16.68451499938965
171|1463|32.21528244018555
171|1937|15.930466651916504
171|2079|18.676706314086914
171|2102|17.679534912109375
171|2109|27.302738189697266
172|1464|35.621482849121094
172|2110|30.186569213867188
173|2080|26.852872848510742
174|1434|27.878263473510742
175|1696|17.109376907348633
175|1707|16.600378036499023
175|1767|16.586523056030273
175|2373|15.516039848327637
175|2383|16.147613525390625
176|1626|15.19980239868164
176|1636|16.177234649658203
176|1645|14.974814414978027
176|1706|18.521018981933594
176|1717|14.973123550415039
176|1736|17.416582107543945
176|1756|22.54482650756836
176|2301|16.19913673400879
176|2312|17.021284103393555
176|2332|15.693216323852539
176|2362|17.216392517089844
176|2372|17.8446044921875
176|2402|17.244016647338867
176|2422|20.308252334594727
178|1594|20.80466651916504
178|2240|22.085264205932617
179|1595|15.834012031555176
179|2241|18.79141616821289
180|1757|15.241761207580566
182|1729|14.888799667358398
183|1273|17.790990829467773
183|1728|14.785284042358398
185|1271|21.64806365966797
185|1291|17.232067108154297
186|1292|18.291215896606445
190|1784|15.96971321105957
190|1786|18.224197387695312
190|2426|17.217899322509766
190|2430|15.792553901672363
191|1781|25.172462463378906
191|1785|25.727310180664062
191|2427|24.450056076049805
191|2431|24.018314361572266
192|1786|23.925670623779297
192|1940|18.043930053710938
192|2432|25.88323974609375
193|1294|18.411521911621094
194|1296|23.929975509643555
194|1939|24.079103469848633
195|1942|28.335744857788086
197|1465|21.802114486694336
197|1625|16.826932907104492
197|2271|18.253000259399414
217|1294|16.333251953125
217|1784|23.36525535583496
217|2430|26.681514739990234
218|1296|19.521913528442383
218|1500|15.062304496765137
218|1785|25.362146377563477
218|2431|30.18715476989746
219|1297|19.420305252075195
220|716|15.133916854858398
220|1786|21.17576789855957
220|2230|18.24091339111328
220|2432|24.929309844970703
220|2573|15.361119270324707
221|1281|16.34950065612793
221|1424|15.067991256713867
221|1444|21.683263778686523
221|1464|15.871763229370117
221|1626|19.621192932128906
221|1906|15.67138385772705
221|2090|18.941913604736328
221|2110|15.428091049194336
221|2169|15.949151992797852
221|2272|21.122488021850586
221|2392|15.41880989074707
221|2472|15.425982475280762
222|1465|19.302574157714844
222|1506|15.349864959716797
222|1607|15.636954307556152
222|1849|16.712787628173828
222|1869|16.21860122680664
222|1890|15.50586223602295
222|1927|15.070029258728027
222|1930|16.381338119506836
222|2109|16.668865203857422
222|2112|17.656667709350586
222|2131|16.36231803894043
222|2151|17.49337387084961
222|2171|21.36785125732422
222|2191|16.079853057861328
222|2209|16.698598861694336
222|2212|17.096141815185547
222|2229|16.80591583251953
222|2252|16.41567611694336
222|2433|17.785173416137695
222|2454|15.773188591003418
222|2471|15.768025398254395
222|2474|20.408605575561523
222|2494|16.15208625793457
222|2514|20.721113204956055
222|2552|15.063383102416992
222|2555|18.5882625579834
222|2572|15.183638572692871
222|2575|18.58009147644043
223|1494|17.065996170043945
223|1535|15.825654029846191
223|1576|15.045934677124023
223|1858|18.805524826049805
223|1889|15.240728378295898
223|1919|14.779860496520996
223|1929|15.330745697021484
223|2119|14.770101547241211
223|2140|15.027799606323242
223|2152|15.26194953918457
223|2180|16.36211585998535
223|2192|16.809221267700195
223|2202|14.835847854614258
223|2222|15.377799034118652
223|2232|14.81776237487793
223|2240|17.788894653320312
223|2475|16.78754997253418
223|2492|16.957670211791992
223|2495|15.881363868713379
223|2512|16.6654052734375
223|2525|17.320646286010742
223|2533|17.223630905151367
223|2535|16.13096046447754
224|1272|14.944552421569824
236|1827|16.768207550048828
237|1292|15.223703384399414
237|1666|14.952408790588379
237|2474|15.571821212768555
241|1294|16.289186477661133
242|980|14.940814971923828
242|1295|20.901676177978516
243|1296|23.49247932434082
243|1542|19.325281143188477
243|2188|16.158191680908203
244|99|18.376174926757812
244|119|18.693288803100586
244|179|18.000194549560547
244|194|16.992664337158203
244|200|18.678451538085938
244|220|18.326644897460938
244|235|15.517836570739746
244|240|19.66456413269043
244|280|18.032228469848633
244|301|19.745267868041992
244|315|15.955286026000977
244|321|18.709577560424805
244|502|17.417734146118164
244|522|17.427400588989258
244|542|18.655166625976562
244|563|18.65091323852539
244|583|18.74019432067871
244|598|18.09368324279785
244|603|19.231626510620117
244|624|19.197057723999023
244|639|18.416433334350586
244|644|19.094074249267578
244|745|16.248117446899414
244|765|18.25754737854004
244|845|18.313213348388672
244|887|15.207914352416992
244|901|16.765518188476562
244|906|17.397043228149414
244|921|17.59579849243164
244|926|18.361858367919922
244|941|15.564685821533203
244|946|21.606992721557617
244|967|19.851825714111328
244|1149|16.400524139404297
244|1184|16.893531799316406
244|1229|17.69871711730957
244|1250|17.468753814697266
244|1269|23.303333282470703
244|1290|17.153017044067383
244|1391|17.97856903076172
244|1411|19.822437286376953
244|1486|16.889583587646484
244|1491|17.626691818237305
244|1506|17.5877685546875
244|1512|18.875577926635742
244|1527|15.854586601257324
244|1532|17.409832000732422
244|1543|22.1749210357666
244|1547|18.067819595336914
244|1552|20.151199340820312
244|1573|17.32355499267578
244|1587|15.258732795715332
244|1592|18.69962501525879
244|1607|16.794189453125
244|1613|18.393932342529297
244|1699|14.873411178588867
244|1789|14.773285865783691
244|1809|16.969554901123047
244|1815|18.238773345947266
244|1834|14.834623336791992
244|1855|17.07495880126953
244|1870|15.150833129882812
244|1876|17.491413116455078
244|1890|17.570056915283203
244|1895|16.925199508666992
244|1915|16.032316207885742
244|1931|15.69895076751709
244|1936|15.560089111328125
244|2037|18.028356552124023
244|2049|16.91640281677246
244|2056|16.69367218017578
244|2137|19.05951499938965
244|2157|19.425281524658203
244|2189|18.201030731201172
244|2198|17.937957763671875
244|2212|15.431245803833008
244|2219|18.739336013793945
244|2238|17.706262588500977
244|2253|16.400222778320312
244|2258|15.11299991607666
244|2345|16.37217140197754
244|2461|20.246952056884766
244|2480|16.94011878967285
244|2522|17.8608341217041
244|2541|18.37329864501953
244|2561|17.503305435180664
244|2581|16.766374588012695
245|96|17.23384666442871
245|114|19.17017364501953
245|176|17.47223663330078
245|195|16.893505096435547
245|215|17.453655242919922
245|219|16.605867385864258
245|236|17.522705078125
245|255|18.401586532592773
245|260|17.3991756439209
245|278|17.070533752441406
245|296|20.213623046875
245|318|18.828950881958008
245|497|17.707483291625977
245|500|15.822110176086426
245|519|17.387006759643555
245|539|16.744314193725586
245|554|16.004127502441406
245|558|18.174297332763672
245|560|16.878328323364258
245|579|18.110761642456055
245|581|17.057111740112305
245|599|16.547046661376953
245|618|17.289140701293945
245|640|19.066932678222656
245|740|15.65048885345459
245|762|19.09604263305664
245|820|18.664098739624023
245|840|18.3985538482666
245|846|17.928783416748047
245|861|17.758403778076172
245|864|16.097579956054688
245|881|21.27057456970215
245|886|15.893810272216797
245|902|16.921833038330078
245|923|16.869876861572266
245|942|17.349336624145508
245|1143|19.126602172851562
245|1145|17.041540145874023
245|1162|20.972463607788086
245|1169|19.579931259155273
245|1187|18.71333122253418
245|1204|19.018199920654297
245|1209|18.637746810913086
245|1224|18.737529754638672
245|1245|17.430950164794922
245|1284|15.614968299865723
245|1387|18.160675048828125
245|1406|15.616235733032227
245|1465|21.7678165435791
245|1468|14.901407241821289
245|1503|15.593361854553223
245|1528|16.067604064941406
245|1531|16.116811752319336
245|1548|17.465572357177734
245|1567|18.75527000427246
245|1572|16.724023818969727
245|1589|16.47458839416504
245|1608|17.31393814086914
245|1794|15.866401672363281
245|1806|17.13815689086914
245|1810|17.14295768737793
245|1831|15.353714942932129
245|1852|16.410747528076172
245|1864|24.42133331298828
245|1875|16.8812198638916
245|1884|27.178573608398438
245|1891|16.78990936279297
245|1894|15.262665748596191
245|1910|18.12413215637207
245|1913|15.666464805603027
245|1927|16.11530113220215
245|1930|15.492490768432617
245|1932|15.21624755859375
245|2053|14.934289932250977
245|2057|15.4346284866333
245|2111|24.619342803955078
245|2132|15.135374069213867
245|2154|19.112865447998047
245|2173|14.911408424377441
245|2177|16.183320999145508
245|2194|17.980636596679688
245|2214|18.133651733398438
245|2218|16.743635177612305
245|2236|16.712209701538086
245|2254|18.60750961303711
245|2437|17.05379295349121
245|2440|17.599119186401367
245|2455|15.363055229187012
245|2457|16.226329803466797
245|2501|16.217334747314453
245|2510|24.16962242126465
245|2521|18.275392532348633
245|2530|27.828184127807617
245|2537|15.571293830871582
245|2556|15.274283409118652
245|2559|15.788482666015625
245|2577|16.737545013427734
245|2582|15.759465217590332
246|1785|15.671531677246094
246|1865|28.205867767333984
246|1957|15.28915023803711
246|2108|15.61758804321289
246|2271|23.110488891601562
246|2511|27.920726776123047
247|16|19.676300048828125
247|33|21.605472564697266
247|36|19.277372360229492
247|51|20.77678680419922
247|53|20.0831241607666
247|56|18.32621955871582
247|71|21.255565643310547
247|75|19.95677947998047
247|658|18.19930076599121
247|661|21.10613441467285
247|664|17.542224884033203
247|682|18.718534469604492
247|684|18.889211654663086
247|697|20.604034423828125
247|717|24.403005599975586
247|1304|17.451658248901367
247|1306|17.07528305053711
247|1311|16.543344497680664
247|1323|21.457612991333008
247|1328|16.388547897338867
247|1345|16.98647689819336
247|1368|15.874871253967285
247|1948|17.277267456054688
247|1952|17.904863357543945
247|1972|20.946025848388672
247|1977|15.075627326965332
247|1992|20.20777130126953
247|2009|20.510053634643555
247|2011|20.215087890625
248|9|23.839603424072266
248|30|22.77467918395996
248|50|25.874040603637695
248|70|22.90787124633789
248|656|22.359222412109375
248|676|23.94978141784668
248|696|21.858919143676758
248|716|24.512676239013672
248|1302|16.861486434936523
248|1322|23.717134475708008
248|1342|16.514286041259766
248|1362|22.659025192260742
248|1947|20.548601150512695
248|1968|20.05742645263672
248|1988|24.720773696899414
248|2008|23.081220626831055
254|1362|17.010286331176758
254|1413|15.721673965454102
254|2039|15.787341117858887
254|2099|15.550949096679688
255|1453|15.403695106506348
256|1058|16.224782943725586
256|1442|16.047292709350586
256|2290|16.024436950683594
257|1018|15.486710548400879
257|2310|15.003860473632812
267|1462|22.725940704345703
267|2108|25.56867790222168
274|77|14.973763465881348
274|723|15.95645809173584
274|1995|15.370609283447266
280|132|15.433758735656738
280|1081|16.766016006469727
280|1101|15.188372611999512
363|1305|15.185803413391113
363|1308|15.055323600769043